350.0,-0.12580293020165428
351.0,-0.031235003869088087
352.0,-0.06052457948162239
353.0,-0.13184898757620236
354.0,-0.1136974736171778
355.0,-0.0442872786496658
356.0,-0.008604913247176669
357.0,-0.03112078543432186
358.0,-0.02040011927314573
359.0,0.0036981762766605
360.0,0.00035963463669206957
361.0,-0.01595700192603617
362.0,-0.009959023470029141
363.0,0.0051374722586895565
364.0,-0.0011157726046853108
365.0,-0.006827474927631402
366.0,-0.011039409088551971
367.0,-0.012753743587158993
368.0,-0.010437467026673407
369.0,-0.0005650817586047416
370.0,0.005246314395297743
371.0,0.005757953781421439
372.0,0.01230278132511581
373.0,0.02486478313221982
374.0,0.024393777818983532
375.0,0.00759715641310829
376.0,0.003677094131448856
377.0,0.007535051853667839
378.0,0.00965355524243234
379.0,0.0052367999432424575
380.0,0.004940806565328523
381.0,0.01746340268789941
382.0,0.03105856640287668
383.0,0.029968883125511128
384.0,0.016075864079153564
385.0,0.02326501026473757
386.0,0.03823659307457077
387.0,0.027209636575259863
388.0,0.022503892779989237
389.0,0.0263566679416649
390.0,0.03410728876459798
391.0,0.03741607423809796
392.0,0.03356718488175953
393.0,0.031578151942317514
394.0,0.03410446054174159
395.0,0.03256199939621316
396.0,0.027190121483794624
397.0,0.02778574849055318
398.0,0.03680342236879244
399.0,0.03343190527051299
400.0,0.030338746852750145
401.0,0.029261463112345242
402.0,0.030391419325695168
403.0,0.04506701596901742
404.0,0.04255257558442214
405.0,0.030861540385210787
406.0,0.03602037547109115
407.0,0.03542703881163294
408.0,0.03588298103262798
409.0,0.038597010363794884
410.0,0.037536208281857816
411.0,0.036751336886145416
412.0,0.037734204171793836
413.0,0.04014707389991027
414.0,0.04165034277895469
415.0,0.040672987992499285
416.0,0.03896525526273202
417.0,0.038908440984356946
418.0,0.04200858312393762
419.0,0.043871710526319246
420.0,0.0449974946228249
421.0,0.04718731872497285
422.0,0.04635810241448414
423.0,0.04388378130251805
424.0,0.04126649721589886
425.0,0.03980435776985524
426.0,0.041369675574186325
427.0,0.044517322597313856
428.0,0.04630831340996617
429.0,0.04220149263838824
430.0,0.0433527565687415
431.0,0.04618695778075319
432.0,0.04601856655145615
433.0,0.04645404493085834
434.0,0.0463306553911735
435.0,0.04672574783553424
436.0,0.04886750508907514
437.0,0.049091256689094025
438.0,0.04800978805775063
439.0,0.04656048967913863
440.0,0.04564130774292725
441.0,0.046282225305630365
442.0,0.046228205718801374
443.0,0.04507063171574966
444.0,0.04669128656904467
445.0,0.04806698413324847
446.0,0.04788442627084455
447.0,0.046268626771889095
448.0,0.046379391192267236
449.0,0.04687764524234981
450.0,0.04711415055214118
451.0,0.04703665344780297
452.0,0.04749574798425222
453.0,0.04759866583206539
454.0,0.047413623880715294
455.0,0.04827973642421873
456.0,0.047272754624860955
457.0,0.04638410348543662
458.0,0.0472594065532683
459.0,0.04802819006568742
460.0,0.048728448766333386
461.0,0.0488213403134507
462.0,0.04800706251344112
463.0,0.04802889366150216
464.0,0.048209279115158016
465.0,0.04823755340206111
466.0,0.04823467683014551
467.0,0.04784310335149356
468.0,0.04791614153017205
469.0,0.04850128450383951
470.0,0.047766597712615516
471.0,0.048078790341287536
472.0,0.04849043350933431
473.0,0.047821660688591304
474.0,0.04825966933753679
475.0,0.04846073195022982
476.0,0.04832700662151069
477.0,0.048511546496730375
478.0,0.047633770096014015
479.0,0.04802381278420877
480.0,0.049489137786321254
481.0,0.04757606148002616
482.0,0.04798488579946635
483.0,0.04908393227754629
484.0,0.048688648463184346
485.0,0.04949298060132282
486.0,0.04963328718256642
487.0,0.04850399929685221
488.0,0.04669863864275703
489.0,0.047616432175810935
490.0,0.04923363707694804
491.0,0.049888460847434965
492.0,0.049169849745023225
493.0,0.04869836628619382
494.0,0.048257780544316016
495.0,0.04778953305906735
496.0,0.04922497485882287
497.0,0.049577611970161604
498.0,0.04917090680190336
499.0,0.04966868129802867
500.0,0.04958553150887118
501.0,0.049498371959848686
502.0,0.049512363821968663
503.0,0.04902454798967183
504.0,0.049559560321929
505.0,0.050065540942777396
506.0,0.049617634722775104
507.0,0.04907873178950815
508.0,0.049214714593436154
509.0,0.04980564361365205
510.0,0.050126433084652575
511.0,0.04970575458538213
512.0,0.04988945550533794
513.0,0.05066263073801745
514.0,0.050337400592573384
515.0,0.049820170466336564
516.0,0.04932984879370439
517.0,0.049116059654507514
518.0,0.04995338338805336
519.0,0.05094585717294757
520.0,0.05116393744305527
521.0,0.050074803908678835
522.0,0.049654485599967955
523.0,0.05001301437482463
524.0,0.050561301525699764
525.0,0.050148709962171474
526.0,0.050952889787775096
527.0,0.051531123065604915
528.0,0.050684165623332125
529.0,0.05040584910343252
530.0,0.050295825059709316
531.0,0.05041351263828918
532.0,0.050939864091199175
533.0,0.05124517785003042
534.0,0.05104213039584203
535.0,0.0506050253175859
536.0,0.050894556735252984
537.0,0.05095222027860762
538.0,0.05096419197124104
539.0,0.051209298621253625
540.0,0.05117713725688146
541.0,0.0516045616202166
542.0,0.05209257220550772
543.0,0.05163671903084376
544.0,0.05091175744681124
545.0,0.05068680930904649
546.0,0.051197141781696535
547.0,0.0518649619700066
548.0,0.05191094900276691
549.0,0.05187247589906424
550.0,0.05228609897906689
551.0,0.051664850419269354
552.0,0.0513356530144504
553.0,0.05149616726366207
554.0,0.05144048545514134
555.0,0.05228741438233466
556.0,0.05289888657665303
557.0,0.05258672245321134
558.0,0.05226350686142648
559.0,0.05221111597589375
560.0,0.05219914603920142
561.0,0.05192675193922213
562.0,0.05205638319129528
563.0,0.05241429194185398
564.0,0.052684659815764846
565.0,0.05249007807932441
566.0,0.05225482819325801
567.0,0.05218181981604749
568.0,0.05232752403303245
569.0,0.05254916760623818
570.0,0.05250324954399
571.0,0.05240869643960912
572.0,0.05267975009761021
573.0,0.05279503494357862
574.0,0.05278226645039623
575.0,0.052637219876735135
576.0,0.05222007829740277
577.0,0.05254310857924978
578.0,0.05309078040932619
579.0,0.053219803403230174
580.0,0.053585835070173775
581.0,0.05327562886023203
582.0,0.05256567011289144
583.0,0.05251198374742052
584.0,0.05272171834612959
585.0,0.05334101735446467
586.0,0.05407061107059755
587.0,0.0536166470038934
588.0,0.05347712706483531
589.0,0.053563538612645324
590.0,0.05340612882394459
591.0,0.053529310577261444
592.0,0.053740161049487714
593.0,0.053914435554400446
594.0,0.05402697666867917
595.0,0.053956232631203326
596.0,0.05393501749527279
597.0,0.054104214493916974
598.0,0.0541694277850089
599.0,0.0542837370086385
600.0,0.054323268563294315
601.0,0.05414612044396975
602.0,0.05455419725820835
603.0,0.0548515610121497
604.0,0.0546884347300152
605.0,0.05439140974414305
606.0,0.05441961011660151
607.0,0.05462563587794221
608.0,0.05475688248732897
609.0,0.0549189485646464
610.0,0.05517285606885878
611.0,0.0553258832143521
612.0,0.055074683960750825
613.0,0.05512207875903371
614.0,0.05531087884632877
615.0,0.05542848400100849
616.0,0.05539935633245575
617.0,0.055652293500872085
618.0,0.05597515284069219
619.0,0.055998729946591566
620.0,0.05595967902423141
621.0,0.05596103228526299
622.0,0.055944991551849614
623.0,0.05570753244160656
624.0,0.05576169205471809
625.0,0.05599097151740027
626.0,0.05619363094478247
627.0,0.056370280034611975
628.0,0.05650691903206355
629.0,0.05652182578836213
630.0,0.056359460479996445
631.0,0.05646524221018693
632.0,0.05670081717933746
633.0,0.05693401191261633
634.0,0.05717263083040365
635.0,0.056941470693153175
636.0,0.056776625548133494
637.0,0.057190755791348524
638.0,0.057183058127646985
639.0,0.0571883203151407
640.0,0.05732300630344675
641.0,0.05740285424011575
642.0,0.057394261033757464
643.0,0.05750982764173076
644.0,0.05779503512919303
645.0,0.057812651897126935
646.0,0.057771171445117064
647.0,0.0577406008921579
648.0,0.05777689788272359
649.0,0.058165196671256456
650.0,0.058492486700315816
651.0,0.058608297430005014
652.0,0.05874397138250333
653.0,0.058684281301598036
654.0,0.058672561197750404
655.0,0.0588844538391118
656.0,0.05892619933763562
657.0,0.0589080306870432
658.0,0.058981491536995494
659.0,0.05926595282455721
660.0,0.05926326373755042
661.0,0.059391903645924386
662.0,0.059792742405629346
663.0,0.059921660890919125
664.0,0.06001263887031446
665.0,0.060067894407447614
666.0,0.060056846554013235
667.0,0.06006906840697385
668.0,0.06032416776073083
669.0,0.06074386312745501
670.0,0.06097508610374346
671.0,0.0608144219702628
672.0,0.06070088252995478
673.0,0.06092542601426575
674.0,0.061118280747418235
675.0,0.061296587576269684
676.0,0.06141440887443886
677.0,0.06143915357909139
678.0,0.06152538879840343
679.0,0.06170508366256654
680.0,0.06188766070945147
681.0,0.06184809024793056
682.0,0.06199658377000317
683.0,0.062163199979090755
684.0,0.06218061717646647
685.0,0.062452134256403155
686.0,0.06246041860007142
687.0,0.06244427176921302
688.0,0.06301370648723285
689.0,0.06310491107607887
690.0,0.06308629653666696
691.0,0.0632065050773062
692.0,0.0631282715790634
693.0,0.0634940241273069
694.0,0.06391979985153
695.0,0.06388632173713739
696.0,0.06394207776136245
697.0,0.06406805267081392
698.0,0.06419258773008951
699.0,0.06423055727223577
700.0,0.0644116971671016
701.0,0.06463332839230328
702.0,0.0648033073243785
703.0,0.06501863371985124
704.0,0.06509470120691262
705.0,0.06518957557199158
706.0,0.06549584127817508
707.0,0.0653903777157862
708.0,0.06558502486048473
709.0,0.06605869648035496
710.0,0.06585491357547953
711.0,0.06609794591625477
712.0,0.06644636721429945
713.0,0.06649311939156799
714.0,0.06669293473153229
715.0,0.06680321783432577
716.0,0.0668885566659857
717.0,0.0671465067724299
718.0,0.06736483185577374
719.0,0.06758421764649512
720.0,0.0678396761407237
721.0,0.06812742802316607
722.0,0.06809396395023054
723.0,0.06801011272306183
724.0,0.06823513792169593
725.0,0.06877421453502493
726.0,0.06915621302579843
727.0,0.06917136637639172
728.0,0.06890819976420483
729.0,0.06932214675759792
730.0,0.06977964382172762
731.0,0.06983133303096828
732.0,0.0697418467792672
733.0,0.06998454873957069
734.0,0.07037249000953616
735.0,0.07058186577480184
736.0,0.07086064124605287
737.0,0.07093217910166966
738.0,0.07084761594081852
739.0,0.07093913300677272
740.0,0.07127270217614819
741.0,0.07167071649767269
742.0,0.07196920619213314
743.0,0.07211845185954162
744.0,0.07228704507107975
745.0,0.07243028903820714
746.0,0.0724827111000381
747.0,0.07268544039326313
748.0,0.07301820908274448
749.0,0.0733103546425153
750.0,0.07330893781752557
751.0,0.07353307100508491
752.0,0.07381769233445508
753.0,0.0740249849675901
754.0,0.07440146884819823
755.0,0.07458162376647784
756.0,0.07473679162324164
757.0,0.07512272948968637
758.0,0.07519424549491753
759.0,0.0755117006660531
760.0,0.07600080741592333
761.0,0.07596585588228046
762.0,0.07620213821174371
763.0,0.07655507777737718
764.0,0.07678453517905826
765.0,0.07685764305159117
766.0,0.07700552741019764
767.0,0.0772556800824443
768.0,0.0775369552434408
769.0,0.07776306609268559
770.0,0.07804023823725639
771.0,0.07838725600737234
772.0,0.07872094854466238
773.0,0.07885399046270848
774.0,0.07904455096803133
775.0,0.07942292348487132
776.0,0.07964453513726254
777.0,0.079840431269819
778.0,0.0801222722195939
779.0,0.08052213222981756
780.0,0.08067435811133788
781.0,0.08081124879385507
782.0,0.08109491739715186
783.0,0.0815643410915176
784.0,0.08188514388717374
785.0,0.08212428528061351
786.0,0.08238352539458262
787.0,0.0826857269030155
788.0,0.08293081573425384
789.0,0.08309030039059115
790.0,0.08320857539504117
791.0,0.08350344083899326
792.0,0.08384443020071145
793.0,0.08416791885091596
794.0,0.08447958636592642
795.0,0.08481349189808174
796.0,0.08516401082286947
797.0,0.08548361170158549
798.0,0.08565965822911524
799.0,0.08608962387789934
800.0,0.08652009460377899
801.0,0.08666720537810013
802.0,0.08683392639915502
803.0,0.08717632985501289
804.0,0.087543258753887
805.0,0.08766649281715712
806.0,0.08793476940770767
807.0,0.08834450203851858
808.0,0.08874850876423439
809.0,0.08889443873702896
810.0,0.08918794131919042
811.0,0.08952116274490557
812.0,0.08979026737550486
813.0,0.09024305076094148
814.0,0.09065378098202431
815.0,0.09096115730459485
816.0,0.09118295498139882
817.0,0.09132805537254668
818.0,0.09164746208898225
819.0,0.0920922137102397
820.0,0.09235972144175565
821.0,0.09266765810712457
822.0,0.09308188467904367
823.0,0.09347015865541775
824.0,0.09338031559987543
825.0,0.0936372477870883
826.0,0.09421832386960706
827.0,0.09482273011950451
828.0,0.09517542550302124
829.0,0.09563687896260754
830.0,0.0961515229731228
831.0,0.09645837872222454
832.0,0.09664738252235054
833.0,0.09693222509614881
834.0,0.0973804937497402
835.0,0.09787609114980608
836.0,0.0982913304883227
837.0,0.0985123904877129
838.0,0.09863818285058552
839.0,0.09919581895013584
840.0,0.09956181128407694
841.0,0.09986721547693755
842.0,0.10035102116850443
843.0,0.10064440524386198
844.0,0.10094326829498754
845.0,0.10134162647161372
846.0,0.10184150613749965
847.0,0.10233859385203087
848.0,0.10280074449932966
849.0,0.10316276287158702
850.0,0.10334850301318298
851.0,0.10388686155205608
852.0,0.10445448591587173
853.0,0.10475338814056456
854.0,0.10486338581712493
855.0,0.10516566801081807
856.0,0.10563470974173178
857.0,0.10610896186264296
858.0,0.1065302911160091
859.0,0.10663377141522763
860.0,0.10684441471101762
861.0,0.10772036104255356
862.0,0.10825870040184105
863.0,0.10868191091942767
864.0,0.10910133650973132
865.0,0.10945924735919622
866.0,0.11002241535898052
867.0,0.11042312805086059
868.0,0.11058095570385162
869.0,0.11098852948359506
870.0,0.11142448256931094
871.0,0.11203969463684668
872.0,0.11279877949035932
873.0,0.11295013367256244
874.0,0.11304478338527912
875.0,0.11343679858223282
876.0,0.11421199974753313
877.0,0.11467906030037595
878.0,0.11510904283347384
879.0,0.11562886349855454
880.0,0.1162361565251281
881.0,0.11686453858642212
882.0,0.11717187835571895
883.0,0.11729397587083361
884.0,0.11779299448713369
885.0,0.11819648576627542
886.0,0.11882477568087445
887.0,0.11961296136184951
888.0,0.11978273240214672
889.0,0.12012687144961015
890.0,0.12062773013207612
891.0,0.12111621913651467
892.0,0.12153984224753228
893.0,0.12189632681109797
894.0,0.1223775263992072
895.0,0.12308315654513548
896.0,0.12358359591526545
897.0,0.12397538239415584
898.0,0.12444908781522938
899.0,0.12509710349285308
900.0,0.1252038876154639
901.0,0.12585589179552462
902.0,0.1269483261996851
903.0,0.12751116000044388
904.0,0.12746627240843553
905.0,0.12768207843381327
906.0,0.12829820249196894
907.0,0.12864495175981205
908.0,0.12899008599216227
909.0,0.1297078029810144
910.0,0.13069717609426557
911.0,0.13121023505937138
912.0,0.13163487191044176
913.0,0.13210938281757348
914.0,0.13268259914822816
915.0,0.13332298276952875
916.0,0.13382818586451067
917.0,0.13433054908358188
918.0,0.13496333075843367
919.0,0.13560821209365914
920.0,0.13611622047314006
921.0,0.13648100906801594
922.0,0.13676654089623108
923.0,0.13703473319317938
924.0,0.13742592568287218
925.0,0.13808692816470436
926.0,0.13903522872451407
927.0,0.13983642672793492
928.0,0.14034023633614215
929.0,0.14053048374232868
930.0,0.14063252149646854
931.0,0.14163762917258055
932.0,0.14246618449847717
933.0,0.14293093059855552
934.0,0.14350578591294133
935.0,0.1436625483463168
936.0,0.1439710343489956
937.0,0.14465309783847924
938.0,0.1455180132885243
939.0,0.14650222904807275
940.0,0.14750267134996142
941.0,0.14829804360713028
942.0,0.14863708981993518
943.0,0.14921675678702045
944.0,0.1494817807143378
945.0,0.14950696878866396
946.0,0.1502504600119789
947.0,0.1508507274644826
948.0,0.151866546938375
949.0,0.1531217982877426
950.0,0.15323972888113913
951.0,0.15324350832169162
952.0,0.1536690603960196
953.0,0.1545091643391609
954.0,0.15509211256769204
955.0,0.15530119157071223
956.0,0.1558695246107879
957.0,0.1571283987359906
958.0,0.15839881933675512
959.0,0.15849860732180907
960.0,0.15845143966214165
961.0,0.15918721494382462
962.0,0.16038929345679395
963.0,0.1607807216162256
964.0,0.16129820274009804
965.0,0.16231870674961843
966.0,0.16210054218651962
967.0,0.16300304755992595
968.0,0.1640751329559752
969.0,0.1643614048498992
970.0,0.16459244891563923
971.0,0.1653662045595852
972.0,0.16632157973942735
973.0,0.16693548848118944
974.0,0.16694799013435935
975.0,0.1682308778552357
976.0,0.16919197241062647
977.0,0.16891045558999568
978.0,0.16941139086689974
979.0,0.17013499465436943
980.0,0.17114179578359778
981.0,0.17232111372047312
982.0,0.17307258138053536
983.0,0.1735667181140788
984.0,0.17369252874416624
985.0,0.17365224610051624
986.0,0.17420317204396796
987.0,0.17543149351772963
988.0,0.17673282814922245
989.0,0.1777081979889366
990.0,0.17853537010830214
991.0,0.1785057172335496
992.0,0.1788112070437485
993.0,0.17986344516137662
994.0,0.1805261419984836
995.0,0.18101638736897102
996.0,0.1813216706010602
997.0,0.1820146978813049
998.0,0.18404817439639518
999.0,0.18498141195942244
1000.0,0.18573487012477496
1001.0,0.19062268395924042
1002.0,0.1902919720392432
1003.0,0.18992899253097145
1004.0,0.1878905461390769
1005.0,0.18724641582014684
1006.0,0.19020106342098508
1007.0,0.1910757582037963
1008.0,0.19343324934147327
1009.0,0.197874002024862
1010.0,0.19893575796757793
1011.0,0.20082515609727794
1012.0,0.20309145193559708
1013.0,0.20312817074189546
1014.0,0.2033245441707884
1015.0,0.20212091752024336
1016.0,0.20256936223163355
1017.0,0.20326798865799417
1018.0,0.20520434693731196
1019.0,0.20548734459816714
1020.0,0.20594818266793052
1021.0,0.2067792825331343
1022.0,0.20437430720814534
1023.0,0.2039081723454821
1024.0,0.20619267318456921
1025.0,0.2048660777604553
1026.0,0.20444459447029018
1027.0,0.20871952258860527
1028.0,0.21136498127216272
1029.0,0.21326114940989746
1030.0,0.21574929839708695
1031.0,0.2192313542045273
1032.0,0.21887247224604114
1033.0,0.21744997300579164
1034.0,0.21580123136619145
1035.0,0.21490058491024225
1036.0,0.21507054029334843
1037.0,0.215305934580384
1038.0,0.21735932766914018
1039.0,0.22060182767009356
1040.0,0.22238855866941215
1041.0,0.22248800902332774
1042.0,0.22388064864246615
1043.0,0.22497947950981345
1044.0,0.2249692841923903
1045.0,0.22537175177017993
1046.0,0.22865727277397258
1047.0,0.22935339765338095
1048.0,0.2290948719653963
1049.0,0.22939025191468235
1050.0,0.22753523917329738
1051.0,0.22601055818624888
1052.0,0.2261514935136443
1053.0,0.22628995327300266
1054.0,0.2269230680820956
1055.0,0.22989952004213757
1056.0,0.23192692652984517
1057.0,0.2341156750954674
1058.0,0.2352929952769157
1059.0,0.23656021384464895
1060.0,0.23688041677808466
1061.0,0.23732045632104307
1062.0,0.23682939549828055
1063.0,0.23667044648943525
1064.0,0.23850949483516537
1065.0,0.23965325783097657
1066.0,0.24175850371973967
1067.0,0.24296277610256511
1068.0,0.24210151452586273
1069.0,0.2435429414525625
1070.0,0.24563402820320457
1071.0,0.2471173530642545
1072.0,0.24977149796942721
1073.0,0.252171580656842
1074.0,0.252509634972653
1075.0,0.2516847520675442
1076.0,0.2500766975879721
1077.0,0.248992266005702
1078.0,0.24910413517951516
1079.0,0.25100819746224057
1080.0,0.252965805437343
1081.0,0.2546222438958529
1082.0,0.2559766203609157
1083.0,0.2562498935561411
1084.0,0.25750775223406025
1085.0,0.26042570254176567
1086.0,0.26165138004569305
1087.0,0.2624229716491424
1088.0,0.2629411418862658
1089.0,0.26241346901637186
1090.0,0.26290840865867365
1091.0,0.2642502695169812
1092.0,0.26549938996833733
1093.0,0.26688993293728847
1094.0,0.26849567812509856
1095.0,0.2687227527320228
1096.0,0.26807166286311185
1097.0,0.26863355630392727
1098.0,0.26851343309976156
1099.0,0.26898259981633355
1100.0,0.27068007554643897
1101.0,0.2718659825106398
1102.0,0.2725875648033588
1103.0,0.27387527602121536
1104.0,0.27520642531098105
1105.0,0.27550652822891863
1106.0,0.27672793175437416
1107.0,0.2777358041329103
1108.0,0.2777675099432182
1109.0,0.2786373857567296
1110.0,0.27990264290048994
1111.0,0.2807843833437133
1112.0,0.281906925582487
1113.0,0.2840942801763342
1114.0,0.28537803633264275
1115.0,0.2859298588354758
1116.0,0.2868065704683552
1117.0,0.28765492015232774
1118.0,0.28861189009776334
1119.0,0.2895958214478186
1120.0,0.29046801178448656
1121.0,0.2917170470589139
1122.0,0.29287274604920627
1123.0,0.2939490091129858
1124.0,0.2951341036128177
1125.0,0.29529080743906255
1126.0,0.29589861167274606
1127.0,0.29679547751914753
1128.0,0.2976225765327024
1129.0,0.29843058085516094
1130.0,0.29991331829618756
1131.0,0.30076888403047286
1132.0,0.3007332269524476
1133.0,0.3016562051153357
1134.0,0.30310600051108394
1135.0,0.3041688325100867
1136.0,0.30560428866567785
1137.0,0.30710502691744496
1138.0,0.3080915727121064
1139.0,0.30900692653972367
1140.0,0.31023589436163745
1141.0,0.3113571801379468
1142.0,0.3121632518900937
1143.0,0.31278462157412845
1144.0,0.3136214914703246
1145.0,0.3139827476830548
1146.0,0.31492442604118326
1147.0,0.31660513587849926
1148.0,0.31761445594461085
1149.0,0.31850099624712624
1150.0,0.3193453158493623
1151.0,0.3203433539127217
1152.0,0.3208927223298391
1153.0,0.32095850529463044
1154.0,0.3213235657673575
1155.0,0.3218739369598858
1156.0,0.32264444726491737
1157.0,0.3237579912021376
1158.0,0.32591438349286894
1159.0,0.32747619552818785
1160.0,0.3289501041347
1161.0,0.3301361649827371
1162.0,0.3311134488083245
1163.0,0.33213813772164874
1164.0,0.3326728844295626
1165.0,0.3337602705496247
1166.0,0.33533614976442155
1167.0,0.33678097282119
1168.0,0.3379495453644689
1169.0,0.339465785075246
1170.0,0.3404729687730192
1171.0,0.34117074415732296
1172.0,0.3421290551720376
1173.0,0.3430927118641497
1174.0,0.34416789529159547
1175.0,0.3455568424145492
1176.0,0.34657080823683106
1177.0,0.3474515548389587
1178.0,0.34828384114183547
1179.0,0.3487349530382421
1180.0,0.3494079491983534
1181.0,0.3499828544866277
1182.0,0.3511209119859507
1183.0,0.35228956308623
1184.0,0.35360764271250855
1185.0,0.3549492801785367
1186.0,0.35626017668071763
1187.0,0.3574790446223119
1188.0,0.3584735846925179
1189.0,0.35948571520139266
1190.0,0.3606298968284493
1191.0,0.3615723400403116
1192.0,0.36229927729339495
1193.0,0.3631448920376004
1194.0,0.36400611085386786
1195.0,0.3647906209105909
1196.0,0.3654200036493483
1197.0,0.3662213919341794
1198.0,0.3673395970331609
1199.0,0.36771463975612195
1200.0,0.36870603485813286
1201.0,0.37028792468474986
1202.0,0.3717015023375821
1203.0,0.3736280324096837
1204.0,0.37504275599648274
1205.0,0.3762314103091555
1206.0,0.3775005814001993
1207.0,0.3788890985739191
1208.0,0.3797937863804277
1209.0,0.3803697570033374
1210.0,0.3812452518459155
1211.0,0.38171351097241546
1212.0,0.3824682428141501
1213.0,0.383757774458192
1214.0,0.384751892071021
1215.0,0.38541030963486433
1216.0,0.3864642013451553
1217.0,0.38759773128776737
1218.0,0.3885272852535253
1219.0,0.38935983072631364
1220.0,0.39008136116798414
1221.0,0.39090692869066607
1222.0,0.39149793697939744
1223.0,0.3925248819555697
1224.0,0.39401368640370027
1225.0,0.39516573542058653
1226.0,0.3961561962455444
1227.0,0.39745636113321364
1228.0,0.3987021677900748
1229.0,0.4001253062400933
1230.0,0.4021289994190865
1231.0,0.40367532329566025
1232.0,0.40490019307949626
1233.0,0.4064312980134737
1234.0,0.40756639136782763
1235.0,0.4084770252345366
1236.0,0.4095050506925424
1237.0,0.41038701811461026
1238.0,0.41144841961077255
1239.0,0.4125360937908681
1240.0,0.41387293384695667
1241.0,0.4155676788495488
1242.0,0.4168589524423319
1243.0,0.41819314932995794
1244.0,0.4192878530082024
1245.0,0.41990608286713077
1246.0,0.4208680072182565
1247.0,0.42190232401558564
1248.0,0.42297394917322967
1249.0,0.4242184884089591
1250.0,0.4253423527525565
1251.0,0.4263293430053193
1252.0,0.42752115940144914
1253.0,0.42862967129504354
1254.0,0.4296709582847283
1255.0,0.43088003488708465
1256.0,0.4323142888033203
1257.0,0.4333679574531048
1258.0,0.4343697568587476
1259.0,0.43527494819205065
1260.0,0.4356536678280518
1261.0,0.4366019494044773
1262.0,0.43787886591226755
1263.0,0.4390625783940391
1264.0,0.44062540048540094
1265.0,0.4418391717031457
1266.0,0.44264009572677565
1267.0,0.4437270614195044
1268.0,0.4446997896328607
1269.0,0.44590888278213986
1270.0,0.447282067859572
1271.0,0.4491597487178959
1272.0,0.4502425435432248
1273.0,0.4510443374537075
1274.0,0.4520708739724608
1275.0,0.4526599178609918
1276.0,0.45372710311097764
1277.0,0.4552384310802765
1278.0,0.45656691176982217
1279.0,0.45818522231826114
1280.0,0.4592519887949569
1281.0,0.459971160047958
1282.0,0.4608712142943709
1283.0,0.4614249037713463
1284.0,0.46214277297721607
1285.0,0.46290947673665994
1286.0,0.4639454329811549
1287.0,0.46522600523778046
1288.0,0.4663346565656731
1289.0,0.4675360117822139
1290.0,0.46909888742649214
1291.0,0.4702926775641221
1292.0,0.4711198592840673
1293.0,0.47229881420911257
1294.0,0.4736040422650244
1295.0,0.4748554810651571
1296.0,0.47636685056666855
1297.0,0.4774734351842343
1298.0,0.4782692018036809
1299.0,0.47924664861675353
1300.0,0.48002093316988614
1301.0,0.4809693853987069
1302.0,0.4819821301911958
1303.0,0.4831958760622153
1304.0,0.48473891211754216
1305.0,0.48600688075110177
1306.0,0.48723612650840475
1307.0,0.4886896494757309
1308.0,0.48960719856200124
1309.0,0.48996105426044845
1310.0,0.49091622983586414
1311.0,0.4918239935905569
1312.0,0.4930162746098686
1313.0,0.4948898495091455
1314.0,0.49593453131495197
1315.0,0.4962957918456521
1316.0,0.49754072501862123
1317.0,0.49885012855220284
1318.0,0.5002255600065527
1319.0,0.5024853579116813
1320.0,0.5041136269985139
1321.0,0.5053593827984393
1322.0,0.5064849801099033
1323.0,0.5073225021329512
1324.0,0.5083198552195448
1325.0,0.5092178807602471
1326.0,0.510066632991184
1327.0,0.5109275739774282
1328.0,0.5119460294471655
1329.0,0.5127865846215053
1330.0,0.5132734268749656
1331.0,0.5143525467169284
1332.0,0.5157123475927687
1333.0,0.5169921553482258
1334.0,0.5187002377709315
1335.0,0.5199295991959932
1336.0,0.5209014893060753
1337.0,0.5219049918612145
1338.0,0.5225848003476652
1339.0,0.5236097597378554
1340.0,0.5246733993927526
1341.0,0.5259189240642418
1342.0,0.5276858334043175
1343.0,0.5290227112237488
1344.0,0.5302206719656966
1345.0,0.5314301404043125
1346.0,0.5325703891270523
1347.0,0.5333218555944864
1348.0,0.5344388055764314
1349.0,0.5356982746186083
1350.0,0.5369426185040257
1351.0,0.538283010337023
1352.0,0.5394869804314382
1353.0,0.5408233592949058
1354.0,0.5417948078132605
1355.0,0.5424676058955087
1356.0,0.543289835943509
1357.0,0.5436343367386006
1358.0,0.5447346587412234
1359.0,0.5464752289372993
1360.0,0.5478068601453971
1361.0,0.5494095906420464
1362.0,0.5507881910526423
1363.0,0.5517239533536521
1364.0,0.5528708703961981
1365.0,0.5542102540245644
1366.0,0.555415134265106
1367.0,0.5566623695577767
1368.0,0.5577020091380057
1369.0,0.5586682020047503
1370.0,0.5594507294088837
1371.0,0.5604878268641375
1372.0,0.5614900453911407
1373.0,0.5625526572940416
1374.0,0.5639212462878292
1375.0,0.5648970257063257
1376.0,0.5654566964956292
1377.0,0.5665796937108633
1378.0,0.5678986551618087
1379.0,0.5690718534326834
1380.0,0.5705476430365579
1381.0,0.5718502558811526
1382.0,0.57287778069117
1383.0,0.5740034780835143
1384.0,0.575255990327592
1385.0,0.5764337706826227
1386.0,0.5776581943240727
1387.0,0.578624124591498
1388.0,0.5793959439762588
1389.0,0.5802251936568873
1390.0,0.5808244780738064
1391.0,0.581536047571394
1392.0,0.5823026094698123
1393.0,0.5831806177031371
1394.0,0.5840817517373098
1395.0,0.5850415320049148
1396.0,0.5859169584789146
1397.0,0.5867550469514025
1398.0,0.5877957568920211
1399.0,0.5889339218948495
1400.0,0.5898912810286442
1401.0,0.5910008570830819
1402.0,0.5919013588200066
1403.0,0.5923504716288407
1404.0,0.5932218933455439
1405.0,0.5943443264270357
1406.0,0.5953531086842606
1407.0,0.5965987875253358
1408.0,0.5975922620220276
1409.0,0.5982211579120575
1410.0,0.599140997793588
1411.0,0.6001034315336786
1412.0,0.6010689119535045
1413.0,0.6021165472869539
1414.0,0.6033849256161465
1415.0,0.6043535824180288
1416.0,0.6053943222033786
1417.0,0.6064399111106392
1418.0,0.6074989739340654
1419.0,0.6085286470772718
1420.0,0.6096220191013672
1421.0,0.6105524227546418
1422.0,0.6113140767931423
1423.0,0.6123200146774032
1424.0,0.613322363036951
1425.0,0.6143754309627344
1426.0,0.615520012023567
1427.0,0.6167712724027462
1428.0,0.6181837912611688
1429.0,0.6193687879682556
1430.0,0.6206002875578871
1431.0,0.6218060866070836
1432.0,0.6227369809626746
1433.0,0.6238658460930078
1434.0,0.6252863427224543
1435.0,0.6264535782739454
1436.0,0.6274896032597024
1437.0,0.6285102812845696
1438.0,0.6292632778457222
1439.0,0.6303371365149897
1440.0,0.631316132316521
1441.0,0.6323946297258484
1442.0,0.6337908136144381
1443.0,0.6351038664469646
1444.0,0.636433199817497
1445.0,0.637984010576757
1446.0,0.6391374190656406
1447.0,0.6401354167988316
1448.0,0.6410035205587685
1449.0,0.6414426557374564
1450.0,0.6424294140601905
1451.0,0.6435787501584191
1452.0,0.6446752485894555
1453.0,0.6461314646104258
1454.0,0.6472849532356515
1455.0,0.6481001977529038
1456.0,0.649154629508808
1457.0,0.6503721496406769
1458.0,0.6514086709847802
1459.0,0.6524454461268844
1460.0,0.6534318751562973
1461.0,0.6543026067745351
1462.0,0.6551469939947079
1463.0,0.6558297463965673
1464.0,0.6567726832655519
1465.0,0.6578015426994641
1466.0,0.6588271715636272
1467.0,0.6598700198119231
1468.0,0.6612880418541455
1469.0,0.6625374674874112
1470.0,0.663531698286405
1471.0,0.6647195523016683
1472.0,0.6659232009826141
1473.0,0.6672467561823089
1474.0,0.6686495177900456
1475.0,0.6701023032774428
1476.0,0.6717725796710432
1477.0,0.6731614395500103
1478.0,0.6744962550217518
1479.0,0.6757134123203182
1480.0,0.6767432757589011
1481.0,0.677823485262373
1482.0,0.6788605433747208
1483.0,0.6798947157736809
1484.0,0.6807914865463834
1485.0,0.6819096899116383
1486.0,0.6832508046920627
1487.0,0.6843176037427068
1488.0,0.6853989428094576
1489.0,0.6864554920310026
1490.0,0.686985361223928
1491.0,0.6881708433733155
1492.0,0.6901647745024094
1493.0,0.6913896418364294
1494.0,0.6924453077204052
1495.0,0.6936257603451033
1496.0,0.6942501034964484
1497.0,0.6951769635467726
1498.0,0.6964836466853559
1499.0,0.6977550817433336
1500.0,0.6989880676160813
1501.0,0.7002932085477387
1502.0,0.7016909701861119
1503.0,0.703200507220454
1504.0,0.7043690422557055
1505.0,0.7052640096367555
1506.0,0.7064799359169449
1507.0,0.7076981815479327
1508.0,0.7088673090059009
1509.0,0.7101463011606598
1510.0,0.7114551057510382
1511.0,0.7127309409219083
1512.0,0.7138564246198333
1513.0,0.7151078471948085
1514.0,0.7161826017336262
1515.0,0.7168508547140741
1516.0,0.7178823577360449
1517.0,0.7191204056525939
1518.0,0.7202724984251478
1519.0,0.7214722139485884
1520.0,0.7226703161936768
1521.0,0.7239345596330915
1522.0,0.7250383213539452
1523.0,0.7259930537969116
1524.0,0.727108776462156
1525.0,0.7281496883297277
1526.0,0.7293354448883069
1527.0,0.7308521258067331
1528.0,0.7321236757232893
1529.0,0.7331869687989371
1530.0,0.7344183401763312
1531.0,0.735762128763297
1532.0,0.7369268411810531
1533.0,0.738174876162023
1534.0,0.7392585566496297
1535.0,0.7400234362007282
1536.0,0.7408847701970765
1537.0,0.7416697029617972
1538.0,0.7425949954646753
1539.0,0.7436782210313476
1540.0,0.7444500227180079
1541.0,0.7456220283657544
1542.0,0.7470161333342343
1543.0,0.7482466797588336
1544.0,0.7496918956525612
1545.0,0.7507252142324992
1546.0,0.7514342504659255
1547.0,0.7523876614493127
1548.0,0.753228334420615
1549.0,0.754228374949314
1550.0,0.755507569983204
1551.0,0.7564401680867558
1552.0,0.7570423191270056
1553.0,0.758158144220425
1554.0,0.7594087883568292
1555.0,0.7605981869296058
1556.0,0.7621885487810535
1557.0,0.7634525315099654
1558.0,0.7643920016240445
1559.0,0.7654831220025093
1560.0,0.7667298627746145
1561.0,0.7677123308303029
1562.0,0.7685422572381362
1563.0,0.7693792086518263
1564.0,0.769874707223926
1565.0,0.7708157494780314
1566.0,0.772017143824105
1567.0,0.773131434113997
1568.0,0.7744806450982186
1569.0,0.7757193693559585
1570.0,0.7769343783502222
1571.0,0.7780058899194252
1572.0,0.7789019093787216
1573.0,0.780009582097193
1574.0,0.7811039952740171
1575.0,0.7821968092398023
1576.0,0.7835215810686734
1577.0,0.7847108624764673
1578.0,0.7855800917468396
1579.0,0.7867538501091877
1580.0,0.7882135294628129
1581.0,0.7895127502776669
1582.0,0.7910797543965437
1583.0,0.7922816548873807
1584.0,0.7929881868751625
1585.0,0.7939346710608052
1586.0,0.7947472028492758
1587.0,0.7956992856767242
1588.0,0.7971155884616036
1589.0,0.7981744514118745
1590.0,0.799081840110875
1591.0,0.7998311415286853
1592.0,0.8006856906663321
1593.0,0.8011932850819428
1594.0,0.8024521039055641
1595.0,0.8041690062969851
1596.0,0.8055688015563366
1597.0,0.8073199795877882
1598.0,0.8085171098361521
1599.0,0.8093373004125944
1600.0,0.8102631672215325
1601.0,0.8109323817115633
1602.0,0.8120160122084743
1603.0,0.8132231354026823
1604.0,0.8144401341397379
1605.0,0.8160440120172859
1606.0,0.8171093897530625
1607.0,0.8179210511565522
1608.0,0.8187448018625219
1609.0,0.8192106033666363
1610.0,0.8201038009776906
1611.0,0.8212197758160842
1612.0,0.8221695004007743
1613.0,0.8232891915585914
1614.0,0.8241825086260988
1615.0,0.8248428090178471
1616.0,0.8256094137562537
1617.0,0.8264147099814392
1618.0,0.827111346647525
1619.0,0.8275912314070708
1620.0,0.8284438880469326
1621.0,0.829433592411675
1622.0,0.8303740990244546
1623.0,0.8315237294668122
1624.0,0.8326591216623607
1625.0,0.8337794542089257
1626.0,0.834801031012788
1627.0,0.8359431760624827
1628.0,0.8369234944540243
1629.0,0.8377133203077177
1630.0,0.8384707006825352
1631.0,0.839405006980702
1632.0,0.8398368050361896
1633.0,0.8395079112406539
1634.0,0.839968106537923
1635.0,0.8404231265169875
1636.0,0.8412198111979895
1637.0,0.842886306514528
1638.0,0.8440134287650516
1639.0,0.8449379208415745
1640.0,0.8459060454457683
1641.0,0.8467587075585786
1642.0,0.847667693289056
1643.0,0.8486085076351675
1644.0,0.8495418763083861
1645.0,0.8504881169756893
1646.0,0.8514149984041146
1647.0,0.8521868832409611
1648.0,0.8532531217856063
1649.0,0.8547716134071012
1650.0,0.8556459390313201
1651.0,0.8562706868849747
1652.0,0.8570682926565006
1653.0,0.8574376132785207
1654.0,0.8580572326227267
1655.0,0.8591284922295045
1656.0,0.8599241350620563
1657.0,0.8605248566604434
1658.0,0.8611169539260758
1659.0,0.8615281310137961
1660.0,0.8622020938432484
1661.0,0.8629135974756693
1662.0,0.8637178248820223
1663.0,0.8648734265179251
1664.0,0.8658825507476049
1665.0,0.8668875247926268
1666.0,0.8677563684789287
1667.0,0.8686393911239929
1668.0,0.8692677394118996
1669.0,0.8692450739739769
1670.0,0.8699285027952263
1671.0,0.8708845483609083
1672.0,0.8718941545669164
1673.0,0.8733946388916021
1674.0,0.8748836503076588
1675.0,0.8763733420960119
1676.0,0.8777616755105536
1677.0,0.8794217943025324
1678.0,0.8807123015865326
1679.0,0.8814173885086621
1680.0,0.8826297241072505
1681.0,0.8841203060385766
1682.0,0.8854410322726769
1683.0,0.8870558831626997
1684.0,0.8883364718528967
1685.0,0.8891555056907003
1686.0,0.8901234206624766
1687.0,0.8910257444874936
1688.0,0.8920423268374648
1689.0,0.8932605165463027
1690.0,0.8942234733188336
1691.0,0.894878590254476
1692.0,0.8959750486638125
1693.0,0.8970559697926096
1694.0,0.8983951373088669
1695.0,0.9007042677124812
1696.0,0.9020633750969508
1697.0,0.9025704842337925
1698.0,0.9037239223965551
1699.0,0.9048230230881426
1700.0,0.9058588786796778
1701.0,0.907445478371137
1702.0,0.9088459422104566
1703.0,0.9098194229380899
1704.0,0.9108452686650672
1705.0,0.9119984053779329
1706.0,0.9129940805638241
1707.0,0.9139202732698054
1708.0,0.9146908124472845
1709.0,0.9154037300393859
1710.0,0.9162082681391785
1711.0,0.9165886088835768
1712.0,0.9173729052441199
1713.0,0.9186484259515696
1714.0,0.9195417609716482
1715.0,0.9203784348446662
1716.0,0.9213573671297207
1717.0,0.9222121278370715
1718.0,0.9231055595370373
1719.0,0.9242057766766306
1720.0,0.9251083263794092
1721.0,0.9259732843523585
1722.0,0.9267071461012931
1723.0,0.9270461842515435
1724.0,0.927774562717906
1725.0,0.9286544817477094
1726.0,0.9294262289610791
1727.0,0.9304093582846222
1728.0,0.931423968031949
1729.0,0.9320389196323337
1730.0,0.9333215750123688
1731.0,0.9356827561814743
1732.0,0.9368474912885405
1733.0,0.9378326433138616
1734.0,0.9383958407298905
1735.0,0.9374910533025851
1736.0,0.9377590110234967
1737.0,0.9385727443283229
1738.0,0.9391600685465206
1739.0,0.9402195798224511
1740.0,0.9409303749623996
1741.0,0.9414365789947063
1742.0,0.9422014712589604
1743.0,0.9428914289118435
1744.0,0.943701811769475
1745.0,0.9445769248961268
1746.0,0.9454045833532474
1747.0,0.9463853577351863
1748.0,0.9471282681883616
1749.0,0.9477384263714965
1750.0,0.9485179772729998
1751.0,0.9490660635292648
1752.0,0.9500864448432492
1753.0,0.9515925140354305
1754.0,0.9526394556827156
1755.0,0.9539767920642332
1756.0,0.9552120313667429
1757.0,0.9561140609992931
1758.0,0.9572231427033406
1759.0,0.9579278247657819
1760.0,0.9583355244093743
1761.0,0.9586592162692538
1762.0,0.9589806684116509
1763.0,0.9597258722180924
1764.0,0.9608141328426105
1765.0,0.962137851144193
1766.0,0.9630289276378805
1767.0,0.9641940302553911
1768.0,0.9655467939527936
1769.0,0.9661021980554588
1770.0,0.9666486802989268
1771.0,0.9673460446848433
1772.0,0.9681225663280059
1773.0,0.9690851277404069
1774.0,0.9701589263862325
1775.0,0.9711686276130445
1776.0,0.9721472379203622
1777.0,0.9730353047958908
1778.0,0.9734868165555345
1779.0,0.9740336849921396
1780.0,0.974217408836107
1781.0,0.97433511263531
1782.0,0.9754788625059229
1783.0,0.9767697465756918
1784.0,0.97785688078903
1785.0,0.9789232758030836
1786.0,0.980109897669073
1787.0,0.9808392491504824
1788.0,0.9812466505299774
1789.0,0.9820912745471871
1790.0,0.9824854278796635
1791.0,0.9835444465238442
1792.0,0.985672922973546
1793.0,0.9865433444345588
1794.0,0.9868115514176095
1795.0,0.9877654173689618
1796.0,0.9885702498929504
1797.0,0.9890363231524265
1798.0,0.98999899497152
1799.0,0.9905175005836708
1800.0,0.9898493519820734
1801.0,0.9907078828030641
1802.0,0.9893143851915426
1803.0,0.9889754649877998
1804.0,0.9893998565534138
1805.0,0.9891257124762005
1806.0,0.9903422563899876
1807.0,0.9941945511290254
1808.0,0.9957623711621698
1809.0,0.9967871314196591
1810.0,0.9975435794907264
1811.0,0.9978869596146356
1812.0,0.9972496308000457
1813.0,0.9974952866273679
1814.0,0.9981919180422247
1815.0,0.9988310957251938
1816.0,0.9993561148273683
1817.0,1.0012778488748624
1818.0,1.0042431548236057
1819.0,1.006170010721227
1820.0,1.0098128008312508
1821.0,1.0112140203677606
1822.0,1.0100734514114518
1823.0,1.0099143054203472
1824.0,1.0100311328267475
1825.0,1.0105469476108588
1826.0,1.0118221508293783
1827.0,1.0146352893596655
1828.0,1.0164786816789138
1829.0,1.0193850852479989
1830.0,1.020474597691621
1831.0,1.020423665255045
1832.0,1.0201343290250038
1833.0,1.0197547774568947
1834.0,1.0188421125593294
1835.0,1.0196755165339157
1836.0,1.0224787924105483
1837.0,1.0236404820010192
1838.0,1.024434366209264
1839.0,1.0258563805440626
1840.0,1.0271283119677619
1841.0,1.028735004010832
1842.0,1.028669236011759
1843.0,1.0296262707495747
1844.0,1.0302479008041003
1845.0,1.0279484547510231
1846.0,1.0276987395471204
1847.0,1.0290891903951138
1848.0,1.0291489595658903
1849.0,1.0287804482821232
1850.0,1.0290822644949305
1851.0,1.0291956169122805
1852.0,1.0297960620656923
1853.0,1.0304236282477466
1854.0,1.0313221224792486
1855.0,1.033175604555145
1856.0,1.0333027484937
1857.0,1.0336465735107747
1858.0,1.0336963250290683
1859.0,1.0337919177262063
1860.0,1.0330380871388105
1861.0,1.033930269464489
1862.0,1.0344713891944428
1863.0,1.0356764341301499
1864.0,1.036481194812005
1865.0,1.0361535804179691
1866.0,1.0375058168561746
1867.0,1.0388771360143154
1868.0,1.039799344257322
1869.0,1.0421292085538925
1870.0,1.042569998135558
1871.0,1.0419312341188014
1872.0,1.0401026665893598
1873.0,1.038137220271714
1874.0,1.0357749586219889
1875.0,1.0345550537125938
1876.0,1.0333902178022083
1877.0,1.0325723100754716
1878.0,1.0314011044512754
1879.0,1.0303186286460118
1880.0,1.0297109637684967
1881.0,1.028392276119372
1882.0,1.026425236667257
1883.0,1.0249373588707382
1884.0,1.0236597356334804
1885.0,1.0215274580626938
1886.0,1.0211426298084383
1887.0,1.0202140434384603
1888.0,1.0178617340524476
1889.0,1.0156075869440369
1890.0,1.012711238495283
1891.0,1.0088428766475677
1892.0,1.0047213735357485
1893.0,1.0013922073575894
1894.0,0.9971011822368958
1895.0,0.9928059761179248
1896.0,0.9889920964592861
1897.0,0.9835324570735525
1898.0,0.9780525079848578
1899.0,0.9733653919394116
1900.0,0.967864700391134
1901.0,0.9632724077046019
1902.0,0.9595081251703405
1903.0,0.9569242173822825
1904.0,0.9528933662392205
1905.0,0.9496000892933157
1906.0,0.9466660192502727
1907.0,0.9420660072421716
1908.0,0.9381496462989692
1909.0,0.9346797844985528
1910.0,0.9316682061014283
1911.0,0.9294853996886145
1912.0,0.9265400364114889
1913.0,0.9242006539217552
1914.0,0.9220215629305932
1915.0,0.9201654317740067
1916.0,0.9191280853519925
1917.0,0.9198155323924687
1918.0,0.9202159037470261
1919.0,0.9206311124224335
1920.0,0.9208813854545772
1921.0,0.9200023453929336
1922.0,0.9200925351633608
1923.0,0.9208295955100153
1924.0,0.921437736971789
1925.0,0.9219887264247046
1926.0,0.9240071812300288
1927.0,0.9250040851091699
1928.0,0.9250143324813458
1929.0,0.9262205769230112
1930.0,0.9263108498686013
1931.0,0.9271313972495459
1932.0,0.9286085600268441
1933.0,0.9287297621392874
1934.0,0.9303183963031055
1935.0,0.9323073715873981
1936.0,0.9335821043676523
1937.0,0.9351116903462857
1938.0,0.9377413389111176
1939.0,0.9386747559127601
1940.0,0.9379063504928101
1941.0,0.9378699488548629
1942.0,0.9381640009789761
1943.0,0.9395248687705587
1944.0,0.9419453568014616
1945.0,0.9447240654822381
1946.0,0.9467619185330403
1947.0,0.9479505214310708
1948.0,0.9494713245856107
1949.0,0.9509347737831921
1950.0,0.952098482164806
1951.0,0.953374721104383
1952.0,0.9550148937809134
1953.0,0.9562614458700004
1954.0,0.957484836617843
1955.0,0.9592378277142498
1956.0,0.9611915948446543
1957.0,0.9624358478567446
1958.0,0.9637354140492161
1959.0,0.9649166739254984
1960.0,0.9655217767681437
1961.0,0.9662300484846156
1962.0,0.9667915413245931
1963.0,0.9680232259880679
1964.0,0.9690048630733712
1965.0,0.970774812877306
1966.0,0.9726998158573396
1967.0,0.9737013256742487
1968.0,0.9764685765394988
1969.0,0.9790744306293718
1970.0,0.9799816948426026
1971.0,0.9824715785418271
1972.0,0.9841518555346211
1973.0,0.9840862019075578
1974.0,0.9850521878156416
1975.0,0.9869591956113225
1976.0,0.9881408538737649
1977.0,0.9888405610731256
1978.0,0.9898518997555676
1979.0,0.9919936823472814
1980.0,0.99443845642989
1981.0,0.9958753619941632
1982.0,0.9977079276336649
1983.0,0.9994183707559475
1984.0,1.0010623445400795
1985.0,1.003112109083644
1986.0,1.0068246496306614
1987.0,1.0088530085275935
1988.0,1.0103276078430379
1989.0,1.010960029288668
1990.0,1.0109983357921106
1991.0,1.012180697153187
1992.0,1.015204840522651
1993.0,1.017563819886907
1994.0,1.0197707056819996
1995.0,1.0222879840058736
1996.0,1.0240619481704876
1997.0,1.0238839766919434
1998.0,1.0261136345598707
1999.0,1.0300647071697795
2000.0,1.03235834332145
2001.0,1.034907750920218
2002.0,1.0371612209229315
2003.0,1.0375141984870522
2004.0,1.0379746331389539
2005.0,1.0384832332855465
2006.0,1.0392393336379533
2007.0,1.0410741141539699
2008.0,1.0421862214543753
2009.0,1.043363565015245
2010.0,1.0451404862065727
2011.0,1.0460224966425444
2012.0,1.0454029343369329
2013.0,1.0464907083583412
2014.0,1.0479043118559512
2015.0,1.050083222196819
2016.0,1.0522439619172081
2017.0,1.0557606363251613
2018.0,1.058868423750719
2019.0,1.0604195061634976
2020.0,1.061240441544635
2021.0,1.0610916294214359
2022.0,1.0615434984012493
2023.0,1.0615750736712775
2024.0,1.0620709304817957
2025.0,1.0636294098884433
2026.0,1.065192523015566
2027.0,1.0662279766992049
2028.0,1.0679381503154606
2029.0,1.0706171363609913
2030.0,1.0732442727266833
2031.0,1.075055585396804
2032.0,1.0760312653621906
2033.0,1.0777388903601475
2034.0,1.0800939863617174
2035.0,1.0823817191402072
2036.0,1.0844442290578016
2037.0,1.0857280060126806
2038.0,1.0866362722997946
2039.0,1.0862187161356824
2040.0,1.0837240669606718
2041.0,1.083637589462763
2042.0,1.0830948336934165
2043.0,1.083670168958092
2044.0,1.0862159158938478
2045.0,1.0887379740581717
2046.0,1.0900959695092733
2047.0,1.0909621624434465
2048.0,1.0918179747507877
2049.0,1.0922084362304774
2050.0,1.0927827111087247
2051.0,1.0943903481773294
2052.0,1.09599512502123
2053.0,1.098139200583951
2054.0,1.099586560720913
2055.0,1.101327385638461
2056.0,1.1024547082966452
2057.0,1.1023661213349305
2058.0,1.1031851680257903
2059.0,1.1043706661840542
2060.0,1.1052865590593917
2061.0,1.1070326529106718
2062.0,1.1080686064769096
2063.0,1.1081165968365096
2064.0,1.108230472689579
2065.0,1.1089781785204806
2066.0,1.1108196210295282
2067.0,1.1114681978483154
2068.0,1.1123957499147348
2069.0,1.113395451712463
2070.0,1.1123668115030592
2071.0,1.1132274280444274
2072.0,1.1167844694132918
2073.0,1.1182775771399955
2074.0,1.1188201937109092
2075.0,1.1206132238273867
2076.0,1.1218101292716702
2077.0,1.1207881381480325
2078.0,1.121748324305005
2079.0,1.1236249638345341
2080.0,1.1229152013849601
2081.0,1.1234265593348167
2082.0,1.12440877320344
2083.0,1.125098226871416
2084.0,1.126057725396906
2085.0,1.128308450435789
2086.0,1.1298704086553857
2087.0,1.1310332905188647
2088.0,1.1317308989404025
2089.0,1.1323860220071067
2090.0,1.133232949792684
2091.0,1.1323478465647465
2092.0,1.1316264867621806
2093.0,1.1309096055684391
2094.0,1.131586717854078
2095.0,1.1334848930716708
2096.0,1.1361351026717545
2097.0,1.1378461929155008
2098.0,1.1401365775600576
2099.0,1.1408032452125416
2100.0,1.1397214216453724
2101.0,1.1398205239133696
2102.0,1.139729997293014
2103.0,1.1403648430756952
2104.0,1.1412743300183132
2105.0,1.1426768374986545
2106.0,1.1451803490860244
2107.0,1.1469308389913015
2108.0,1.1473960588415024
2109.0,1.14809032912111
2110.0,1.1478618688822535
2111.0,1.1473914642007597
2112.0,1.1468178633026802
2113.0,1.1463106013857705
2114.0,1.1462193738631377
2115.0,1.145182308461812
2116.0,1.1456242864950632
2117.0,1.1479391901958922
2118.0,1.1489014138652003
2119.0,1.1499734232874632
2120.0,1.1508380113087142
2121.0,1.1500986649327007
2122.0,1.1511819343785803
2123.0,1.1548388590954224
2124.0,1.1558989520099574
2125.0,1.1565577003721164
2126.0,1.156816812526975
2127.0,1.154614908890342
2128.0,1.1520828492801505
2129.0,1.1523385545494556
2130.0,1.1545601957935145
2131.0,1.1581485664988582
2132.0,1.1601836749288854
2133.0,1.1615485074584129
2134.0,1.162099815805422
2135.0,1.1625251159684624
2136.0,1.1620156816399532
2137.0,1.1619750986368602
2138.0,1.1622749962878214
2139.0,1.1613777563212817
2140.0,1.15913972300159
2141.0,1.1581793481737297
2142.0,1.1575287532419054
2143.0,1.1558119003936929
2144.0,1.1551284752915583
2145.0,1.1572825439071366
2146.0,1.1588642513998737
2147.0,1.1604751411864196
2148.0,1.1635943114888763
2149.0,1.1651083039554755
2150.0,1.165225653871606
2151.0,1.1658254115877833
2152.0,1.1660387907945682
2153.0,1.1659266572651579
2154.0,1.1652666556868756
2155.0,1.1634989682665517
2156.0,1.1629838184781862
2157.0,1.1621299765992923
2158.0,1.161886410794642
2159.0,1.163616376206517
2160.0,1.1642514151701837
2161.0,1.163393022961357
2162.0,1.164047478769261
2163.0,1.1659579105316855
2164.0,1.1669952637210537
2165.0,1.166674222472342
2166.0,1.167252378403971
2167.0,1.165680929241401
2168.0,1.163796666224154
2169.0,1.1645659085655116
2170.0,1.164809430628428
2171.0,1.1654282304050751
2172.0,1.167790389217838
2173.0,1.1670470816213991
2174.0,1.1643752916077406
2175.0,1.1632162875337917
2176.0,1.1599743646150098
2177.0,1.1589763879906727
2178.0,1.1610448985934947
2179.0,1.1611298915709767
2180.0,1.1600337302520929
2181.0,1.160724424873191
2182.0,1.1617681186051965
2183.0,1.1629449325551013
2184.0,1.1657645161632126
2185.0,1.1676922080889187
2186.0,1.1693320282326105
2187.0,1.1685202823984888
2188.0,1.1684566946874106
2189.0,1.169147138486875
2190.0,1.168763419806843
2191.0,1.1708637502765742
2192.0,1.1725721620846328
2193.0,1.1724552900524805
2194.0,1.1726691692725026
2195.0,1.172388728180547
2196.0,1.1726471205462203
2197.0,1.1730959837963797
2198.0,1.173148915265273
2199.0,1.1726307758700347
2200.0,1.173320458166005
2201.0,1.174181025830338
2202.0,1.1750923145049241
2203.0,1.1786717852355502
2204.0,1.1790254650237388
2205.0,1.1772906054952854
2206.0,1.1756522668705964
2207.0,1.1728577299948044
2208.0,1.1705344969164633
2209.0,1.1673598280334938
2210.0,1.1670576039281846
2211.0,1.1664579499807077
2212.0,1.1647907071138626
2213.0,1.1672235720900155
2214.0,1.1685225981879614
2215.0,1.1699712967532938
2216.0,1.170425389958122
2217.0,1.1707413072190942
2218.0,1.1691589159981892
2219.0,1.1701840935719023
2220.0,1.172721187523212
2221.0,1.1750996583779814
2222.0,1.1796659276652872
2223.0,1.180978052479188
2224.0,1.1803199220127714
2225.0,1.180006014472076
2226.0,1.1772439341595522
2227.0,1.1772471104982278
2228.0,1.178301071903101
2229.0,1.180251741336071
2230.0,1.1848357812257153
2231.0,1.187440997635627
2232.0,1.1902136172129076
2233.0,1.192347327773972
2234.0,1.192005377957548
2235.0,1.1897705613474132
2236.0,1.1866182581250722
2237.0,1.1828807108666666
2238.0,1.1806614327881817
2239.0,1.1784084229600105
2240.0,1.1778224991624877
2241.0,1.1792042882704725
2242.0,1.180233879016908
2243.0,1.1840043971568122
2244.0,1.187558123716169
2245.0,1.1893898109924443
2246.0,1.191358444648978
2247.0,1.1936963720728209
2248.0,1.1941552092202552
2249.0,1.1931302077343895
2250.0,1.1928389588097497
2251.0,1.1924136526658635
2252.0,1.1898935455967983
2253.0,1.185112802560148
2254.0,1.1829106827651767
2255.0,1.180095461275475
2256.0,1.1787598011209435
2257.0,1.1794553925607831
2258.0,1.1810595201130938
2259.0,1.1849811553863596
2260.0,1.1860338698827666
2261.0,1.1865032905125086
2262.0,1.1876646155998616
2263.0,1.1885579380849978
2264.0,1.1877422394779125
2265.0,1.1892741999843235
2266.0,1.1933537177138902
2267.0,1.1937118203593753
2268.0,1.1907747293413404
2269.0,1.1889053922520236
2270.0,1.1885149551161727
2271.0,1.1895101792571596
2272.0,1.1914464057938932
2273.0,1.1936786680545337
2274.0,1.1943158897081547
2275.0,1.195164390286162
2276.0,1.1948347269362325
2277.0,1.191655235497039
2278.0,1.1849303109703475
2279.0,1.1831063371393897
2280.0,1.1803503561659567
2281.0,1.1796666572709242
2282.0,1.1828598216791901
2283.0,1.184379690926299
2284.0,1.1847963741490257
2285.0,1.187212581101208
2286.0,1.1935297665400615
2287.0,1.1961830749890703
2288.0,1.1957726004177434
2289.0,1.1968677132172998
2290.0,1.1977488610780773
2291.0,1.198235897007925
2292.0,1.200869973787106
2293.0,1.2019158368796372
2294.0,1.2005297332343867
2295.0,1.1995858895041158
2296.0,1.1979865140824368
2297.0,1.1961164177633319
2298.0,1.1984436889351695
2299.0,1.1995870305757188
2300.0,1.2016073699149503
2301.0,1.2011953981261694
2302.0,1.196133662694163
2303.0,1.1904734018515666
2304.0,1.1854174632342231
2305.0,1.1860790949290658
2306.0,1.1850585941516887
2307.0,1.184973772107648
2308.0,1.189792994206901
2309.0,1.189545203941234
2310.0,1.1927460557708847
2311.0,1.1957222852322351
2312.0,1.190072390737934
2313.0,1.187115386570941
2314.0,1.1860173314648008
2315.0,1.1844759734478185
2316.0,1.188987035295256
2317.0,1.193995126966496
2318.0,1.1952294286002412
2319.0,1.1999092441435681
2320.0,1.20066980745074
2321.0,1.198880722402814
2322.0,1.196246469335408
2323.0,1.1892539098155352
2324.0,1.186449076766905
2325.0,1.1842691502442364
2326.0,1.1820220110021982
2327.0,1.1830990630774258
2328.0,1.1828689515666069
2329.0,1.1827028535013064
2330.0,1.1816246759898168
2331.0,1.1776679619556412
2332.0,1.1784277574745132
2333.0,1.1812890288001845
2334.0,1.1823281687023002
2335.0,1.189030956116435
2336.0,1.1892785265322514
2337.0,1.1787515356615248
2338.0,1.1772172218647619
2339.0,1.1807921936807653
2340.0,1.18032087139414
2341.0,1.182669180006928
2342.0,1.1846056271733696
2343.0,1.1812272824572476
2344.0,1.1816388540980638
2345.0,1.1880856739050978
2346.0,1.191264481735863
2347.0,1.195534813144221
2348.0,1.1922957749960426
2349.0,1.1896175363631831
2350.0,1.188279798112873
2351.0,1.1880957814182846
2352.0,1.1891229349054147
2353.0,1.1899342643065367
2354.0,1.1891140732132086
2355.0,1.1873819404239225
2356.0,1.1892707846787618
2357.0,1.1892550741626489
2358.0,1.1856388629761125
2359.0,1.173852268717635
2360.0,1.1655657273667557
2361.0,1.1718182329775606
2362.0,1.1770098688371768
2363.0,1.1814860081642429
2364.0,1.1887171061455861
2365.0,1.1873555427165507
2366.0,1.183932337762255
2367.0,1.1849816462292144
2368.0,1.1783775967076506
2369.0,1.1700884417489519
2370.0,1.1632901232176043
2371.0,1.1605014845269264
2372.0,1.1689112260877443
2373.0,1.1723200232825448
2374.0,1.178417962021159
2375.0,1.1844106445333622
2376.0,1.1833860922818416
2377.0,1.1918455319076975
2378.0,1.1935794312424575
2379.0,1.1949744540896596
2380.0,1.198154598114596
2381.0,1.1933540544622878
2382.0,1.1898282959978004
2383.0,1.1801390732749053
2384.0,1.1684517178055092
2385.0,1.1544812219795988
2386.0,1.1384302203213557
2387.0,1.1345975280119707
2388.0,1.134603922463143
2389.0,1.141462755471968
2390.0,1.1606171962583036
2391.0,1.16840664717376
2392.0,1.1696665724838309
2393.0,1.1656371470871838
2394.0,1.1536039326113592
2395.0,1.151532999100395
2396.0,1.1553213018823842
2397.0,1.1600792397867308
2398.0,1.1625158171078191
2399.0,1.1662496957523978
2400.0,1.1628242811906189
2401.0,1.1532276412362834
2402.0,1.1514510479991917
2403.0,1.1438458387383927
2404.0,1.1414966527296448
2405.0,1.1358491235511843
2406.0,1.1306312532880085
2407.0,1.1359693006477227
2408.0,1.13442883697864
2409.0,1.1421048269893945
2410.0,1.1440009619753937
2411.0,1.1336478912244188
2412.0,1.1281324529999697
2413.0,1.1290438804432943
2414.0,1.1349712257636002
2415.0,1.1434594468642572
2416.0,1.1455416249736197
2417.0,1.13077469634509
2418.0,1.125814868755589
2419.0,1.1299645966676648
2420.0,1.1284810825155298
2421.0,1.1274090384185014
2422.0,1.1213004279814531
2423.0,1.1121844017868605
2424.0,1.1048687574409333
2425.0,1.1130251969036509
2426.0,1.125268627205582
2427.0,1.128182306633831
2428.0,1.1223722916220997
2429.0,1.1063106544726362
2430.0,1.096924912280924
2431.0,1.0978426333850937
2432.0,1.115832619933898
2433.0,1.1180713924815733
2434.0,1.1150747137137043
2435.0,1.1230723127425195
2436.0,1.1047931047463693
2437.0,1.1065595517334894
2438.0,1.105650631923955
2439.0,1.0887333445377787
2440.0,1.0865760912620355
2441.0,1.0763539414116876
2442.0,1.0753778770044853
2443.0,1.0660751368627681
2444.0,1.0485460685816412
2445.0,1.0346294655248989
2446.0,1.0176787463800059
2447.0,1.0296997012832383
2448.0,1.041560033240331
2449.0,1.0497234244032847
2450.0,1.0730283996489463
2451.0,1.0811940714406598
2452.0,1.080541441550647
2453.0,1.0814496011593042
2454.0,1.0731790361245857
2455.0,1.0574889440499566
2456.0,1.05430821666678
2457.0,1.062266993784615
2458.0,1.06973093193155
2459.0,1.0784647909264153
2460.0,1.0837567076868972
2461.0,1.0777198854779426
2462.0,1.0762986583533538
2463.0,1.077787228349037
2464.0,1.0725126237600464
2465.0,1.0714633088527632
2466.0,1.0778086888021894
2467.0,1.0828592011886389
2468.0,1.0791651298011233
2469.0,1.0840478769841304
2470.0,1.0892260763632107
2471.0,1.0960898096137237
2472.0,1.0973578421147558
2473.0,1.0808119444194164
2474.0,1.0711399341084997
2475.0,1.0603729666488597
2476.0,1.0477477924072236
2477.0,1.0398057616909127
2478.0,1.0404891739306537
2479.0,1.0531800419362394
2480.0,1.0604809081600846
2481.0,1.0657035098282124
2482.0,1.0640773041876141
2483.0,1.0451969604277973
2484.0,1.039978956397567
2485.0,1.0500282865839456
2486.0,1.0466247123434362
2487.0,1.0336631366427051
2488.0,1.0470521147860845
2489.0,1.0764958745405455
2490.0,1.082302980852317
2491.0,1.1024659948600146
2492.0,1.1010949893982498
2493.0,1.0500202299918586
2494.0,1.030583755681573
2495.0,1.0286809738240892
2496.0,1.0310239268946546
2497.0,1.0388048113489208
2498.0,1.0429991095602074
2499.0,1.075038594386295
2500.0,1.0492228812668538
