350.0,-0.07370188289568351
351.0,-0.07509470802831597
352.0,-0.13240222104003652
353.0,-0.09645856768082188
354.0,-0.05388836174204826
355.0,0.005954151889573246
356.0,0.06960803654248433
357.0,-0.029850050644846714
358.0,-0.04551551393297375
359.0,-0.015629738422429536
360.0,-0.03907416256151041
361.0,-0.02637050427450228
362.0,0.005597823351451873
363.0,0.026141424531688533
364.0,0.01141987232736302
365.0,-0.037226428826230264
366.0,-0.04201103983055697
367.0,-0.012968844466277413
368.0,-0.021719451732113183
369.0,0.015443490428286681
370.0,0.032727394761789264
371.0,0.016010328755784956
372.0,0.02412471039794463
373.0,0.005620113350530294
374.0,-0.011291842724124142
375.0,-0.00728038290456468
376.0,-0.005373290178965746
377.0,0.008086412963954353
378.0,0.01555151315060496
379.0,0.006432232451308996
380.0,0.0043362983178553745
381.0,0.002239573669390071
382.0,0.00883317786612788
383.0,0.028936186682165344
384.0,0.02947167893111634
385.0,0.03169425733488826
386.0,0.037253434747550114
387.0,0.03541099521033378
388.0,0.013344523759323232
389.0,0.01077672548001674
390.0,0.026245797238861075
391.0,0.021590774370427494
392.0,0.02674456834837494
393.0,0.02754775794996431
394.0,0.019925145411766973
395.0,0.022030247527891823
396.0,0.019234860212941775
397.0,0.017221696270222842
398.0,0.021464149197708702
399.0,0.027070526750000757
400.0,0.02817943169488576
401.0,0.025789640076515186
402.0,0.024075645657078933
403.0,0.029551094711512172
404.0,0.02889210816511877
405.0,0.02494698709289987
406.0,0.028575246873874856
407.0,0.0345349809152526
408.0,0.03599984225473076
409.0,0.03220819243930048
410.0,0.028293301031063346
411.0,0.029899599960555932
412.0,0.033828840103316056
413.0,0.036057775475163575
414.0,0.03381654142848396
415.0,0.035064821479663166
416.0,0.03502234323344882
417.0,0.030959840946070835
418.0,0.036941873730716154
419.0,0.03863914523228549
420.0,0.036378247449284445
421.0,0.036466007809534656
422.0,0.03780434161970308
423.0,0.03767821401824167
424.0,0.035630635891869746
425.0,0.03348390533386631
426.0,0.03639999305544754
427.0,0.03873449581709622
428.0,0.03705111316061936
429.0,0.033499988280150314
430.0,0.03460196203501858
431.0,0.037794592333076964
432.0,0.03940728027133023
433.0,0.04015397141787776
434.0,0.03960625616593903
435.0,0.03887879467582058
436.0,0.03907310899510212
437.0,0.036589418208156886
438.0,0.036581650813701426
439.0,0.038864914216245904
440.0,0.03834893124380308
441.0,0.03936006683659529
442.0,0.0396576264194675
443.0,0.03829257510702313
444.0,0.03840076566886628
445.0,0.0381790341603352
446.0,0.037786664594107504
447.0,0.03783575612785262
448.0,0.03849013505359821
449.0,0.03977577919169638
450.0,0.04039155876670363
451.0,0.038865700286374746
452.0,0.038303216247894796
453.0,0.03822692879450698
454.0,0.03829202091366694
455.0,0.038770217550792234
456.0,0.039836027775943084
457.0,0.040381173643478666
458.0,0.039824762121205365
459.0,0.03950881191270004
460.0,0.03926692885032352
461.0,0.039242613913209545
462.0,0.0394500922343403
463.0,0.03865379192535458
464.0,0.03895814646453614
465.0,0.040380245589675616
466.0,0.04096412166783588
467.0,0.04012028762528891
468.0,0.0386374959339238
469.0,0.03798673603956845
470.0,0.04059929608135007
471.0,0.041130164561642486
472.0,0.0404074755409458
473.0,0.04061095323442546
474.0,0.04099100639921616
475.0,0.04017095264718639
476.0,0.03938959390933622
477.0,0.04108273090700578
478.0,0.041436448946601354
479.0,0.041251206078666273
480.0,0.041008897406048066
481.0,0.03985045826611105
482.0,0.03998230906072039
483.0,0.04038562621359209
484.0,0.04002716968703564
485.0,0.04079722257932899
486.0,0.0417964388646578
487.0,0.04210191235880182
488.0,0.041171307205755556
489.0,0.04121466334404877
490.0,0.04128453620419894
491.0,0.0410586555979313
492.0,0.04139412234573766
493.0,0.04148840490602812
494.0,0.04102950037053304
495.0,0.04040391152828048
496.0,0.04176307626897018
497.0,0.042222902503181024
498.0,0.04157166351256762
499.0,0.04101767195581323
500.0,0.04132309147016536
501.0,0.04199496595604598
502.0,0.04239063080175116
503.0,0.04190813203905015
504.0,0.04202653317558413
505.0,0.042480395172234384
506.0,0.04268838278059023
507.0,0.042281960612313874
508.0,0.04207838256322622
509.0,0.04241820626720014
510.0,0.04320986805966844
511.0,0.04339813786662227
512.0,0.043096681951549566
513.0,0.04287805222353856
514.0,0.043645644012172
515.0,0.043741395166893
516.0,0.0431211798102127
517.0,0.04239398090976796
518.0,0.04289683546398084
519.0,0.043344720391755985
520.0,0.043381463117586554
521.0,0.0432329933990984
522.0,0.04368326866954655
523.0,0.04424347187667307
524.0,0.044474753196595385
525.0,0.04416104269190333
526.0,0.044587853908416734
527.0,0.044965603507977396
528.0,0.044576647521272106
529.0,0.04436491589113707
530.0,0.04446238641209223
531.0,0.04461938550048578
532.0,0.04447858918846036
533.0,0.04470983095259417
534.0,0.04500764078926951
535.0,0.0451830350862469
536.0,0.04534217225880646
537.0,0.04588329884244937
538.0,0.04613174343694404
539.0,0.04561547305310708
540.0,0.045453121093042996
541.0,0.04573424297344033
542.0,0.04614489167389117
543.0,0.046181752925962036
544.0,0.046230227945717996
545.0,0.04631464135433338
546.0,0.04644029367026564
547.0,0.046677615425953396
548.0,0.046529317376516305
549.0,0.04649188829143931
550.0,0.047017315096968264
551.0,0.04703901112580828
552.0,0.046804694577592676
553.0,0.04667281142892729
554.0,0.04699210722304436
555.0,0.04715718845916115
556.0,0.047326921038663955
557.0,0.04762211850221647
558.0,0.047825627728239645
559.0,0.04793689226932527
560.0,0.047983762081954394
561.0,0.048003334949696795
562.0,0.04793527146527183
563.0,0.04802807150873157
564.0,0.04831184144106327
565.0,0.04857792603460229
566.0,0.048855610897455465
567.0,0.049049344636104275
568.0,0.04912788909523396
569.0,0.04930175817433115
570.0,0.04924478906974729
571.0,0.049151015912484955
572.0,0.04942787829379958
573.0,0.05000561308638174
574.0,0.05004523624748467
575.0,0.04956441243083141
576.0,0.04984508356654518
577.0,0.050253162377343646
578.0,0.05062670805683654
579.0,0.05090917836688904
580.0,0.05102974686339313
581.0,0.050915696180627
582.0,0.05078988978942029
583.0,0.051028670979950355
584.0,0.05130284586211355
585.0,0.05158457265539749
586.0,0.05184110747766333
587.0,0.05193005895155454
588.0,0.05223237662187834
589.0,0.052465677298207634
590.0,0.05231654414132471
591.0,0.05250491730969666
592.0,0.05285084791685371
593.0,0.053187446977648725
594.0,0.053413074603171726
595.0,0.05369384191348489
596.0,0.05369738169035283
597.0,0.05339093855306314
598.0,0.05381977436463277
599.0,0.054114565943269265
600.0,0.05432689140829737
601.0,0.0548461430277779
602.0,0.05497272205990911
603.0,0.055015792196842085
604.0,0.05514604594961582
605.0,0.055201756551183055
606.0,0.05528638026202722
607.0,0.055457216850890556
608.0,0.0557470391184297
609.0,0.056179927830527505
610.0,0.056474981784658825
611.0,0.05660210296311232
612.0,0.056723941530648414
613.0,0.056851924209228764
614.0,0.05708845303734519
615.0,0.057424206881541165
616.0,0.05759200223884403
617.0,0.057971927689093504
618.0,0.05841127821025315
619.0,0.058606717166906984
620.0,0.05858638594314484
621.0,0.058713201352440195
622.0,0.05907276745092373
623.0,0.05942923998859974
624.0,0.05961570831492323
625.0,0.05971543414770325
626.0,0.05989608594253776
627.0,0.06043131439099309
628.0,0.060605600344354645
629.0,0.0605781082404307
630.0,0.06093050213537294
631.0,0.06123240062209231
632.0,0.061550810441641284
633.0,0.061908096072451346
634.0,0.06219083105267469
635.0,0.0620028104577497
636.0,0.061945903938713236
637.0,0.06259932030490092
638.0,0.06308333321714121
639.0,0.06344960487656576
640.0,0.06371718898257574
641.0,0.06387138167156685
642.0,0.06404279226165353
643.0,0.06427952683427139
644.0,0.0646113162495569
645.0,0.06511564512339901
646.0,0.0653603923161927
647.0,0.06552793851055588
648.0,0.06595400392387954
649.0,0.06607082701581668
650.0,0.06630789931256376
651.0,0.06674859313382335
652.0,0.06697671996856473
653.0,0.06728033216767823
654.0,0.06767432501972231
655.0,0.06807553461867112
656.0,0.06831941983763495
657.0,0.06841503808512306
658.0,0.06854019679934886
659.0,0.06893842095355059
660.0,0.06938851733523355
661.0,0.06976815480198742
662.0,0.0700388950211431
663.0,0.07027216100071403
664.0,0.07059649009261508
665.0,0.07081252664360822
666.0,0.0708091799034751
667.0,0.07142934284676593
668.0,0.07201991445360446
669.0,0.07241175614533815
670.0,0.07292680087393202
671.0,0.07331422776622736
672.0,0.07365732577814836
673.0,0.07401962128574084
674.0,0.0742406559393117
675.0,0.0745761757117396
676.0,0.074944376690941
677.0,0.07517401586795217
678.0,0.07564192581661595
679.0,0.0760363580645568
680.0,0.0762924301463822
681.0,0.07673399274870595
682.0,0.07707366580988353
683.0,0.07738987519586422
684.0,0.07777866936723522
685.0,0.07806667034489989
686.0,0.07838016293642495
687.0,0.07878067365387184
688.0,0.07925972323541457
689.0,0.07960434799153762
690.0,0.07990891883583244
691.0,0.08030080313425987
692.0,0.08090339282900877
693.0,0.08142715583810628
694.0,0.08187510518251012
695.0,0.08232669783817806
696.0,0.0827037355464231
697.0,0.08300660393664613
698.0,0.08332268995156869
699.0,0.08379771225650436
700.0,0.08426648982055185
701.0,0.08468980343837358
702.0,0.08510516845711448
703.0,0.08569413276565993
704.0,0.08612528608411683
705.0,0.08644892264062648
706.0,0.08686047763018606
707.0,0.08733562892368113
708.0,0.08784273251237419
709.0,0.08831656429514857
710.0,0.08866005008237227
711.0,0.08926256380813626
712.0,0.0898403087632882
713.0,0.09015833163712682
714.0,0.09061464359676429
715.0,0.09107940379088757
716.0,0.09153722466447113
717.0,0.09203157490603413
718.0,0.0925622475518805
719.0,0.09308747849603409
720.0,0.09358067100439145
721.0,0.09404835437529241
722.0,0.09446549538427271
723.0,0.09481980336070883
724.0,0.09518192207278826
725.0,0.09594099060686012
726.0,0.09650773299449424
727.0,0.09679464851987296
728.0,0.09710781545770127
729.0,0.09767350097860727
730.0,0.09835674411794701
731.0,0.09896337806349144
732.0,0.09928128929603497
733.0,0.09968157877051287
734.0,0.10024394284514881
735.0,0.10090149865154129
736.0,0.10144142956427427
737.0,0.10198209562092096
738.0,0.10253465278616339
739.0,0.10301530464545437
740.0,0.10343526807285976
741.0,0.10409561317469862
742.0,0.10500385973674099
743.0,0.10546733733572908
744.0,0.10586288537644492
745.0,0.10633768874184624
746.0,0.10693565992107455
747.0,0.1075675571274465
748.0,0.10821410732739752
749.0,0.10884174693747316
750.0,0.10940803643633519
751.0,0.10993728143363121
752.0,0.11050519130458827
753.0,0.1111240488727194
754.0,0.11166143719213391
755.0,0.1120721742919467
756.0,0.11254159968954498
757.0,0.11325876376663356
758.0,0.11387962950723082
759.0,0.11450516403622102
760.0,0.11519085843216569
761.0,0.11591509085290908
762.0,0.11649770797327715
763.0,0.11700555933487376
764.0,0.11754894337677543
765.0,0.1182300615139555
766.0,0.11889840319215286
767.0,0.1194879841533292
768.0,0.11998183355207499
769.0,0.12042732106587109
770.0,0.12103765689783452
771.0,0.12182234668723664
772.0,0.12258412497735859
773.0,0.12319614258310492
774.0,0.12383156371554312
775.0,0.12458396284906374
776.0,0.12524337544491054
777.0,0.12580623666131385
778.0,0.12640333576376175
779.0,0.12714398299226817
780.0,0.12769656464899712
781.0,0.12839501651380258
782.0,0.12920074930723696
783.0,0.12975079110169077
784.0,0.13051915473246353
785.0,0.13121971171896635
786.0,0.13167928216703914
787.0,0.13216163196002156
788.0,0.1330410370836632
789.0,0.1339823728435905
790.0,0.13456929153821115
791.0,0.13524792488409068
792.0,0.1359476951993446
793.0,0.1366711261173449
794.0,0.13746419312005742
795.0,0.13806208906181813
796.0,0.13877262898646414
797.0,0.139664052629376
798.0,0.14028040154543125
799.0,0.14097906241630628
800.0,0.14174480517913068
801.0,0.14245396151250983
802.0,0.14297216403183646
803.0,0.1436061319103239
804.0,0.14443494854440614
805.0,0.14534858101298773
806.0,0.14602627741204877
807.0,0.1465915883986884
808.0,0.1472062371954869
809.0,0.14800863354669336
810.0,0.14874351523505336
811.0,0.1495058269454511
812.0,0.1503536168341822
813.0,0.1510212936433667
814.0,0.15175926316307228
815.0,0.15255404614676166
816.0,0.1532863459775178
817.0,0.153932357014195
818.0,0.15472155563105985
819.0,0.15561559214609688
820.0,0.15634572773276104
821.0,0.15713649055853843
822.0,0.15806402417775275
823.0,0.15899701921560433
824.0,0.15948007218352503
825.0,0.1601015428489502
826.0,0.16087612905193757
827.0,0.16169011713162088
828.0,0.16263647542171863
829.0,0.1637847415418597
830.0,0.16476288530138963
831.0,0.1651380350383208
832.0,0.16576447865763022
833.0,0.16658659032382994
834.0,0.1675330727985699
835.0,0.16859408671052004
836.0,0.1695974908753665
837.0,0.17035271530663032
838.0,0.17090280351051046
839.0,0.17176549011112333
840.0,0.17252149603515424
841.0,0.173309488361416
842.0,0.17428925859883143
843.0,0.17495656992613362
844.0,0.1759541080177629
845.0,0.17702848349404424
846.0,0.1775240973381065
847.0,0.17817101480835473
848.0,0.17905314095129368
849.0,0.18007514740551395
850.0,0.1810279104849934
851.0,0.18199803789606703
852.0,0.18292549264916869
853.0,0.18373178996192407
854.0,0.1843340526135935
855.0,0.18511612727283341
856.0,0.18603597504487593
857.0,0.18696013332975966
858.0,0.18800427578165554
859.0,0.18897327833146796
860.0,0.18984578642178437
861.0,0.19068887089702155
862.0,0.19146047801236724
863.0,0.192229755478443
864.0,0.1931491872341726
865.0,0.19437454042533606
866.0,0.1953650761839013
867.0,0.1962304190519696
868.0,0.19708253799681213
869.0,0.1978639083387417
870.0,0.19864271270944409
871.0,0.19958027532729244
872.0,0.20073869817363868
873.0,0.2019006779009326
874.0,0.20284691665289303
875.0,0.20365042547820295
876.0,0.20446471005167782
877.0,0.20518035735402507
878.0,0.2061266589219173
879.0,0.20732323737095984
880.0,0.20855313394980043
881.0,0.20954320345676644
882.0,0.2103385520226634
883.0,0.211079586958371
884.0,0.21194340837512154
885.0,0.21283906473467937
886.0,0.21398339175406356
887.0,0.2152469584499276
888.0,0.21595419819983372
889.0,0.2167179552900244
890.0,0.21758176830652468
891.0,0.21851192905822434
892.0,0.21962502563621306
893.0,0.22059230668428445
894.0,0.2215320921136308
895.0,0.22264539240509296
896.0,0.22390036669872643
897.0,0.2247573330073656
898.0,0.2254012213640193
899.0,0.22634610075968187
900.0,0.22771349334760138
901.0,0.2290188825864574
902.0,0.23003823177836505
903.0,0.23084034310763163
904.0,0.2318233910336937
905.0,0.23287554200192986
906.0,0.23382450613029918
907.0,0.2345491270587974
908.0,0.2354721138270993
909.0,0.2366458204711645
910.0,0.23785252468993448
911.0,0.238637419760082
912.0,0.23968959459440017
913.0,0.24084048133015
914.0,0.24184598859894796
915.0,0.24267769196056577
916.0,0.24368144290803784
917.0,0.2448729029318038
918.0,0.24608769612990675
919.0,0.24700318013792766
920.0,0.2476877379954926
921.0,0.24850311421501609
922.0,0.24973153798371703
923.0,0.2510670174866566
924.0,0.2519561206700268
925.0,0.25282980772967434
926.0,0.254293809465198
927.0,0.2555254811775296
928.0,0.2566822762194788
929.0,0.25751105392064677
930.0,0.2578483713047567
931.0,0.2593396421330409
932.0,0.2608520886701361
933.0,0.26191907308599
934.0,0.26276734915108396
935.0,0.2638113073055363
936.0,0.26454593078139044
937.0,0.26528845846738863
938.0,0.2669363531020078
939.0,0.26832311940812376
940.0,0.2693994785321102
941.0,0.27043027625754623
942.0,0.2717972730685281
943.0,0.2733015956755234
944.0,0.2742749133040985
945.0,0.27493059248391544
946.0,0.2764641320446948
947.0,0.27735646582518847
948.0,0.2780300468523223
949.0,0.27901785733774426
950.0,0.2804751315464999
951.0,0.28183550866662926
952.0,0.28308500717373325
953.0,0.28417421669218534
954.0,0.28484301994729183
955.0,0.2858179499819562
956.0,0.28681944729614034
957.0,0.28776038805035387
958.0,0.28922854089761607
959.0,0.2904269797310678
960.0,0.29147008016232345
961.0,0.2926154617052496
962.0,0.2939606660805731
963.0,0.2951355496007611
964.0,0.2960948500289333
965.0,0.29697645453273985
966.0,0.29805819311916804
967.0,0.2997881042818574
968.0,0.301055710057411
969.0,0.30148064283015036
970.0,0.3028218124096602
971.0,0.3040844858913725
972.0,0.30517113542128527
973.0,0.3061723031704335
974.0,0.3070889654660011
975.0,0.30906279426143796
976.0,0.3104735440251733
977.0,0.3105847040154732
978.0,0.31161585382790213
979.0,0.3121946541480637
980.0,0.31317370325078653
981.0,0.3150551648160756
982.0,0.3167690476484654
983.0,0.3181011998434027
984.0,0.3183054429041204
985.0,0.31828052039275195
986.0,0.32142204739674773
987.0,0.3228142378055558
988.0,0.3232596167346851
989.0,0.32420479732374197
990.0,0.3258779247071558
991.0,0.3261088987839579
992.0,0.3267920572612999
993.0,0.3287017111128222
994.0,0.330034037245656
995.0,0.3314498027377219
996.0,0.3331236476906961
997.0,0.33480973650474144
998.0,0.33587660312005535
999.0,0.3361042712489748
1000.0,0.33680711384573764
1001.0,0.35525633571869664
1002.0,0.3545465791822215
1003.0,0.3556590548804372
1004.0,0.3566484235675212
1005.0,0.35750063772102847
1006.0,0.35966707357840183
1007.0,0.3598337534918681
1008.0,0.36158005824904377
1009.0,0.36157788819889874
1010.0,0.357949688186305
1011.0,0.3582670315074591
1012.0,0.3596800327012128
1013.0,0.3602891478263498
1014.0,0.3621413716111839
1015.0,0.368190868037931
1016.0,0.3703235447422928
1017.0,0.3700298869351415
1018.0,0.371504466818267
1019.0,0.37262171271621736
1020.0,0.37193914864373834
1021.0,0.37262066168541474
1022.0,0.3734595382932307
1023.0,0.374235578259419
1024.0,0.3769176874382678
1025.0,0.3778354957626421
1026.0,0.3775237315004891
1027.0,0.3794082522989251
1028.0,0.3816468112789729
1029.0,0.38270716650248243
1030.0,0.3841233046338995
1031.0,0.3858669218905733
1032.0,0.3855128906098774
1033.0,0.3851764127547245
1034.0,0.388187352613988
1035.0,0.39031979571396225
1036.0,0.3916289146270196
1037.0,0.3926571289164199
1038.0,0.39245619511086866
1039.0,0.39328383756932955
1040.0,0.3939001963419878
1041.0,0.3942079427003033
1042.0,0.395235087918479
1043.0,0.3966854372696032
1044.0,0.39812574501511033
1045.0,0.4008544506053321
1046.0,0.4027083428485311
1047.0,0.40312459531642275
1048.0,0.405491435141286
1049.0,0.40679643896244694
1050.0,0.4071588278000451
1051.0,0.4094259953133846
1052.0,0.40943578195593994
1053.0,0.40910480338092553
1054.0,0.4106890711106049
1055.0,0.41178157945743865
1056.0,0.4127654683406374
1057.0,0.41380170906627634
1058.0,0.41418196432528814
1059.0,0.41474085702063684
1060.0,0.4160885599647554
1061.0,0.4169305667297232
1062.0,0.418093419618988
1063.0,0.4203193483004225
1064.0,0.42227086569935834
1065.0,0.4245425034729736
1066.0,0.42639201713771574
1067.0,0.4257016351108281
1068.0,0.42659513420939177
1069.0,0.4287307770311809
1070.0,0.43009563005945745
1071.0,0.4318899536771355
1072.0,0.4353011976485303
1073.0,0.4368529544761598
1074.0,0.43730813394880946
1075.0,0.43907258867592375
1076.0,0.4398963931986088
1077.0,0.44040067353195533
1078.0,0.4417304272685998
1079.0,0.4438808716276441
1080.0,0.4463411170726315
1081.0,0.4491694273389383
1082.0,0.4510146826767558
1083.0,0.45008141109191985
1084.0,0.45071030397274564
1085.0,0.45136055624084875
1086.0,0.4525693900271588
1087.0,0.4542153201282441
1088.0,0.4567238114742916
1089.0,0.4576681308095054
1090.0,0.4580824272902592
1091.0,0.45912191071531605
1092.0,0.46079960539451514
1093.0,0.46351381633890537
1094.0,0.4653825463364138
1095.0,0.4666581268072273
1096.0,0.46844808460424237
1097.0,0.469141134037135
1098.0,0.46978753677671115
1099.0,0.47107884471380107
1100.0,0.47227864823629123
1101.0,0.47344750528306534
1102.0,0.4749834967621319
1103.0,0.4772314940670206
1104.0,0.477635249481337
1105.0,0.47873215081135023
1106.0,0.4808585594472665
1107.0,0.48249105058618874
1108.0,0.48442537868806196
1109.0,0.4860651288548836
1110.0,0.48716266353353493
1111.0,0.4884553400586209
1112.0,0.4900386250971372
1113.0,0.492735109311598
1114.0,0.4942449492371902
1115.0,0.4949514466903557
1116.0,0.4960836113507482
1117.0,0.49672813675187516
1118.0,0.49766964170478284
1119.0,0.49866789478739026
1120.0,0.5005848886530309
1121.0,0.5022469937499731
1122.0,0.5040305814796795
1123.0,0.5062527316518786
1124.0,0.5077436417388771
1125.0,0.5092868150996086
1126.0,0.5112591879523596
1127.0,0.5125505349204598
1128.0,0.5135989216752666
1129.0,0.5147199262626995
1130.0,0.5147731090195713
1131.0,0.5161276646981247
1132.0,0.5186461850024733
1133.0,0.5204769453359868
1134.0,0.5227515822812722
1135.0,0.5244908448319192
1136.0,0.5256179520246546
1137.0,0.526493445935964
1138.0,0.5277065770740333
1139.0,0.5296160434090446
1140.0,0.5313487859886769
1141.0,0.5326296188162583
1142.0,0.5337596521709405
1143.0,0.534414180705578
1144.0,0.5353214148662807
1145.0,0.5359760878412319
1146.0,0.5371264262552726
1147.0,0.5385655780323213
1148.0,0.5400570328771461
1149.0,0.5420361795625427
1150.0,0.5434903617862122
1151.0,0.5450513698900924
1152.0,0.5460662242245373
1153.0,0.5471658958671424
1154.0,0.549122479802887
1155.0,0.5506589434703332
1156.0,0.5522686198082348
1157.0,0.5537681033689128
1158.0,0.5550587175359096
1159.0,0.5563677689912128
1160.0,0.5575474918232883
1161.0,0.5589611267023367
1162.0,0.5602977291841892
1163.0,0.5617812871136594
1164.0,0.563939655767942
1165.0,0.5655351610300433
1166.0,0.5666832193638027
1167.0,0.5681311807063308
1168.0,0.5697405996875061
1169.0,0.5707076601039399
1170.0,0.5720370047190858
1171.0,0.5738873037254265
1172.0,0.5753684562018031
1173.0,0.5766393171280969
1174.0,0.5779658630111665
1175.0,0.5794969346059653
1176.0,0.5805913734750467
1177.0,0.5812641082015908
1178.0,0.5822734916383374
1179.0,0.5828703200205075
1180.0,0.5839953718662697
1181.0,0.5852100739838875
1182.0,0.587370604616311
1183.0,0.5893709187445062
1184.0,0.591159425141
1185.0,0.593080857119314
1186.0,0.5946377225689423
1187.0,0.5960864705718151
1188.0,0.5974066555873792
1189.0,0.5987809275155807
1190.0,0.599709231139708
1191.0,0.6012699934160773
1192.0,0.6033879749111246
1193.0,0.6049121912788858
1194.0,0.6065962455417239
1195.0,0.6079526887984875
1196.0,0.6085873949282415
1197.0,0.6097335069967921
1198.0,0.610815464619803
1199.0,0.6123494000723418
1200.0,0.614352724958564
1201.0,0.6160497340519142
1202.0,0.6176982825345114
1203.0,0.6193219970670304
1204.0,0.6210131155034142
1205.0,0.6227672669607175
1206.0,0.6239216753331868
1207.0,0.6248778323536863
1208.0,0.6259513930528686
1209.0,0.6262185209689639
1210.0,0.6272966714601759
1211.0,0.6291822526151432
1212.0,0.6306240084694585
1213.0,0.6319086708827125
1214.0,0.6334507294532778
1215.0,0.6353830528562967
1216.0,0.6368561498488193
1217.0,0.6374908369622286
1218.0,0.6385378981399347
1219.0,0.6395446007330097
1220.0,0.6397003640193166
1221.0,0.6410336814096838
1222.0,0.6432694200465591
1223.0,0.6451501892216718
1224.0,0.6474968252912976
1225.0,0.6491610661402086
1226.0,0.6506720768412663
1227.0,0.6520336657967838
1228.0,0.6527451938987242
1229.0,0.653870667816706
1230.0,0.6550173673635892
1231.0,0.6563333532565208
1232.0,0.6576220432202852
1233.0,0.6594263488588822
1234.0,0.6611173425443698
1235.0,0.6627702912309155
1236.0,0.6642221319087758
1237.0,0.6654652727283268
1238.0,0.6668341944484221
1239.0,0.668210649930859
1240.0,0.6694378131347625
1241.0,0.6705079608956427
1242.0,0.6719095182712386
1243.0,0.6732150787298515
1244.0,0.6747540085520901
1245.0,0.6770267654389396
1246.0,0.6785995459035332
1247.0,0.6795574546692686
1248.0,0.6810089172523413
1249.0,0.6823514826067101
1250.0,0.6838489275664195
1251.0,0.6855161032226286
1252.0,0.6878965731403215
1253.0,0.6894195447141664
1254.0,0.6905796141539745
1255.0,0.6919235417432573
1256.0,0.6930659071695058
1257.0,0.6942500389620699
1258.0,0.6954706885371909
1259.0,0.6967606649395099
1260.0,0.6979186422934072
1261.0,0.699224596445447
1262.0,0.7008383829711701
1263.0,0.7022364192591666
1264.0,0.7036517616193925
1265.0,0.704875415489011
1266.0,0.7057911760696707
1267.0,0.7068822532730444
1268.0,0.7076564787842015
1269.0,0.7089542482241673
1270.0,0.7103023374800238
1271.0,0.7119184673211971
1272.0,0.7134297050768806
1273.0,0.7152034308821013
1274.0,0.7165387684499568
1275.0,0.7176604342744871
1276.0,0.7188784397185449
1277.0,0.7198010979478465
1278.0,0.7210334013174434
1279.0,0.7227072739435035
1280.0,0.7238655584140772
1281.0,0.7246268092271416
1282.0,0.7258084593706132
1283.0,0.7268232210801228
1284.0,0.72808411515692
1285.0,0.7298637700759117
1286.0,0.7315199919846314
1287.0,0.7334152903202708
1288.0,0.7348600240932003
1289.0,0.7362403273129393
1290.0,0.7375759737160272
1291.0,0.7387867290636742
1292.0,0.7394970767444312
1293.0,0.7408400198246238
1294.0,0.7422639888655904
1295.0,0.7440883108827164
1296.0,0.7465274561186811
1297.0,0.7485590569251684
1298.0,0.7510968860457682
1299.0,0.7527749663152412
1300.0,0.7536567946776276
1301.0,0.7548965090875638
1302.0,0.7557516885326837
1303.0,0.756831450611819
1304.0,0.7580928904000328
1305.0,0.7594856688468605
1306.0,0.760964337521314
1307.0,0.7624404511847865
1308.0,0.7640296580776562
1309.0,0.7659567736814219
1310.0,0.7674524285433489
1311.0,0.768729847829246
1312.0,0.7701513309660696
1313.0,0.7716397856236733
1314.0,0.7727633040498533
1315.0,0.7737287603580499
1316.0,0.7747793741738355
1317.0,0.7752192829902068
1318.0,0.776432934116154
1319.0,0.778295546265013
1320.0,0.7798626945165085
1321.0,0.7816681218637797
1322.0,0.7833672600648242
1323.0,0.7848563892109911
1324.0,0.7864450360915244
1325.0,0.7882561223008583
1326.0,0.7898788490369812
1327.0,0.7914155964611712
1328.0,0.7930022926975182
1329.0,0.794117447808574
1330.0,0.7949121890019304
1331.0,0.7957507983860573
1332.0,0.7961292763502662
1333.0,0.7970314368806083
1334.0,0.7979841659304009
1335.0,0.7993242497630102
1336.0,0.8010530891777079
1337.0,0.8027364613226865
1338.0,0.8049390582222854
1339.0,0.8066024085385192
1340.0,0.8080126663769102
1341.0,0.8094524630382881
1342.0,0.8106803300873007
1343.0,0.8118723294672954
1344.0,0.8129928709349392
1345.0,0.8141793770598922
1346.0,0.8149817382405672
1347.0,0.8163109892151718
1348.0,0.817838592089522
1349.0,0.8198218622039843
1350.0,0.8212374832017251
1351.0,0.8227000258281275
1352.0,0.8241021340364647
1353.0,0.8249599677587159
1354.0,0.826450451265713
1355.0,0.8284256965063779
1356.0,0.830101655156199
1357.0,0.8320487685981957
1358.0,0.8335058071221456
1359.0,0.8346350592226192
1360.0,0.8358217597794243
1361.0,0.8365727883478201
1362.0,0.8377157541004995
1363.0,0.8390475409549449
1364.0,0.8403854638118872
1365.0,0.8420502117579516
1366.0,0.8434093880836021
1367.0,0.8447805183826104
1368.0,0.8458740108476319
1369.0,0.8467995955235663
1370.0,0.8474412743237428
1371.0,0.8482072211824023
1372.0,0.848752441801149
1373.0,0.8496427597820896
1374.0,0.8505544020354003
1375.0,0.8517498328533809
1376.0,0.8531325642260098
1377.0,0.8547484977278453
1378.0,0.8569884266382077
1379.0,0.85854162534696
1380.0,0.8601004110077859
1381.0,0.8613302728730897
1382.0,0.8619975926434233
1383.0,0.8627601470992757
1384.0,0.8632672086499937
1385.0,0.86408871177498
1386.0,0.8649034002200868
1387.0,0.8657894494461719
1388.0,0.866913007757546
1389.0,0.8680546048525043
1390.0,0.8691678824428687
1391.0,0.8704621373032548
1392.0,0.8715684536678259
1393.0,0.8728251703316227
1394.0,0.8737394878049939
1395.0,0.8743671652861097
1396.0,0.875176621688976
1397.0,0.8757999567868281
1398.0,0.8767520977340486
1399.0,0.8779654152582519
1400.0,0.8789300977439053
1401.0,0.8797758846619091
1402.0,0.880932640784343
1403.0,0.8824310124601933
1404.0,0.8833682978143885
1405.0,0.8841581821338799
1406.0,0.8851332159262751
1407.0,0.8857226419930343
1408.0,0.8864280449412361
1409.0,0.8874223624763345
1410.0,0.8884452582687374
1411.0,0.8893979811645998
1412.0,0.8902629744088305
1413.0,0.890986143226352
1414.0,0.8922151619099482
1415.0,0.8932778854091914
1416.0,0.894453506941904
1417.0,0.8955430976629631
1418.0,0.896905031067669
1419.0,0.8979918270726832
1420.0,0.898842849366377
1421.0,0.8996457976528746
1422.0,0.9002630478641742
1423.0,0.901314178722259
1424.0,0.9024140131866972
1425.0,0.9035700160948105
1426.0,0.9053268307265734
1427.0,0.9064522812829435
1428.0,0.9070676536173414
1429.0,0.9079440309626942
1430.0,0.9085853514439607
1431.0,0.909560163604631
1432.0,0.9105816709142336
1433.0,0.9120084238608996
1434.0,0.9142080162435469
1435.0,0.9157220287244803
1436.0,0.9171864060892181
1437.0,0.9185279833077722
1438.0,0.9193368154838439
1439.0,0.9202074086007054
1440.0,0.9213519750521307
1441.0,0.9226265700693633
1442.0,0.9240618657861863
1443.0,0.9250311374725865
1444.0,0.9260492779503775
1445.0,0.9269627647370894
1446.0,0.9280286324137037
1447.0,0.9289661331604808
1448.0,0.9301740416389179
1449.0,0.9316713617676852
1450.0,0.932974134691644
1451.0,0.934238848729922
1452.0,0.9355550461871641
1453.0,0.9369407218320894
1454.0,0.9381615619649564
1455.0,0.9393561053939111
1456.0,0.9405214541120258
1457.0,0.9416577546782262
1458.0,0.9425948278153871
1459.0,0.943372714010798
1460.0,0.9442291991123413
1461.0,0.9447089900936012
1462.0,0.9456511285921939
1463.0,0.9468439571115814
1464.0,0.9481951083317351
1465.0,0.9501366095598156
1466.0,0.9516206990603298
1467.0,0.9530264796764081
1468.0,0.9543117495009166
1469.0,0.9554709224881073
1470.0,0.9566130977035748
1471.0,0.9576206836570407
1472.0,0.9586084789320661
1473.0,0.9597266504881781
1474.0,0.9606331513932921
1475.0,0.9618122927515663
1476.0,0.9633038985294019
1477.0,0.9646782836593628
1478.0,0.9659655983709279
1479.0,0.9674916434102452
1480.0,0.9693486848136301
1481.0,0.9707431412966636
1482.0,0.971964315813325
1483.0,0.9733337355483489
1484.0,0.9745288099246496
1485.0,0.9758168021900521
1486.0,0.9774161047291828
1487.0,0.9786623993968686
1488.0,0.979566004146736
1489.0,0.9806500940542598
1490.0,0.9817864549559439
1491.0,0.982845948817453
1492.0,0.9836885516545189
1493.0,0.9848997746545108
1494.0,0.9863668731717163
1495.0,0.987617032403866
1496.0,0.9893314508437859
1497.0,0.9905224536209775
1498.0,0.9908543244308611
1499.0,0.9917504387638334
1500.0,0.9928518776026997
1501.0,0.9937396415313231
1502.0,0.9950751156638482
1503.0,0.9963747872536317
1504.0,0.997850245889993
1505.0,0.9994467480917648
1506.0,1.0007317574451877
1507.0,1.002181868738037
1508.0,1.003276224116782
1509.0,1.003676830639145
1510.0,1.0048803316096517
1511.0,1.006485542155096
1512.0,1.0077797458119384
1513.0,1.0093372252745205
1514.0,1.01060850305189
1515.0,1.011436646116496
1516.0,1.0126513300606685
1517.0,1.0140437709803138
1518.0,1.0153351294559276
1519.0,1.0168635337269147
1520.0,1.018012672626596
1521.0,1.0187626464097979
1522.0,1.019855850803303
1523.0,1.0209560179019037
1524.0,1.0220318905575654
1525.0,1.0234817257230828
1526.0,1.0245548899362915
1527.0,1.0251240000771649
1528.0,1.0260717798717711
1529.0,1.0269027545226035
1530.0,1.0280649330715037
1531.0,1.0296969445317188
1532.0,1.0311979328093275
1533.0,1.0330908822603007
1534.0,1.0345024993193639
1535.0,1.0355062238523038
1536.0,1.0366183609990565
1537.0,1.037395843710944
1538.0,1.0383582028399736
1539.0,1.0394743139815215
1540.0,1.0407767530462069
1541.0,1.0420136362442625
1542.0,1.0432664460347383
1543.0,1.0445806068138543
1544.0,1.0459614803445247
1545.0,1.04732681208429
1546.0,1.0487661309296632
1547.0,1.050065439860293
1548.0,1.0513805037534163
1549.0,1.0524824428198016
1550.0,1.0534547805199752
1551.0,1.054373484584436
1552.0,1.0549083171873597
1553.0,1.0560530838932503
1554.0,1.0574214338221397
1555.0,1.058771104623656
1556.0,1.0607692921250294
1557.0,1.061925505539674
1558.0,1.0626436175976255
1559.0,1.0633809183029852
1560.0,1.0634779386015945
1561.0,1.064256344684131
1562.0,1.0652531478701297
1563.0,1.0663910569803179
1564.0,1.0679952386178873
1565.0,1.069344227191604
1566.0,1.0707424350494534
1567.0,1.0720012284270604
1568.0,1.0731014244101047
1569.0,1.0742941959180663
1570.0,1.075445272729741
1571.0,1.0766198476890254
1572.0,1.0778712085274185
1573.0,1.079071944062814
1574.0,1.0803336589515413
1575.0,1.081411460271981
1576.0,1.0823181022017683
1577.0,1.0833108806170417
1578.0,1.0841038321020346
1579.0,1.08509959995785
1580.0,1.0863691362995989
1581.0,1.0874898870153518
1582.0,1.088590345159908
1583.0,1.0897156631574227
1584.0,1.0909551126033408
1585.0,1.0919243878773408
1586.0,1.0926952672512995
1587.0,1.0935410739824833
1588.0,1.094167983707325
1589.0,1.094864934977485
1590.0,1.0956224856686625
1591.0,1.096547275890269
1592.0,1.0973523291316325
1593.0,1.0980712462318745
1594.0,1.0989136357010585
1595.0,1.0998565998498895
1596.0,1.1006602622641868
1597.0,1.1014539265592103
1598.0,1.102207421156435
1599.0,1.102775177020366
1600.0,1.1036894544243518
1601.0,1.104681458997077
1602.0,1.10587396553269
1603.0,1.107410225127982
1604.0,1.1086569717612509
1605.0,1.1099126286351326
1606.0,1.1111423779271197
1607.0,1.112320015181506
1608.0,1.1133643574327616
1609.0,1.114316864029609
1610.0,1.1154047629751065
1611.0,1.1164471134522576
1612.0,1.1174186572589342
1613.0,1.1187779396726678
1614.0,1.1193282503994544
1615.0,1.1191356371259278
1616.0,1.1195190426672652
1617.0,1.1196175493236562
1618.0,1.120155516676658
1619.0,1.1213021847215294
1620.0,1.1220606589263322
1621.0,1.1225697791153932
1622.0,1.1234876420400783
1623.0,1.1246882827735032
1624.0,1.1256133971019275
1625.0,1.1267284146039838
1626.0,1.1276141145979275
1627.0,1.128131047292779
1628.0,1.1287900449271422
1629.0,1.1293588952322073
1630.0,1.130218039803728
1631.0,1.1312687711294809
1632.0,1.132167615083111
1633.0,1.133247556467647
1634.0,1.1342055645566849
1635.0,1.134989477042653
1636.0,1.135711216053845
1637.0,1.1361964174575965
1638.0,1.1372314315150587
1639.0,1.1385488357755933
1640.0,1.1396475285924106
1641.0,1.1413612404006597
1642.0,1.1423046151467897
1643.0,1.1426204262879762
1644.0,1.1429550793374128
1645.0,1.142661951048888
1646.0,1.1430405027026458
1647.0,1.143591828145846
1648.0,1.1442403694652872
1649.0,1.1454492268186507
1650.0,1.1464007950880601
1651.0,1.147117914481939
1652.0,1.1480228416470681
1653.0,1.1492610739510483
1654.0,1.1500898939137754
1655.0,1.1508960265842394
1656.0,1.151447926302833
1657.0,1.1514168785856993
1658.0,1.1516875082729423
1659.0,1.1517718281832061
1660.0,1.1522819924572407
1661.0,1.1533568601283837
1662.0,1.154044589356533
1663.0,1.1545119379593025
1664.0,1.155395729316326
1665.0,1.156530085813046
1666.0,1.1573228142269187
1667.0,1.1584399223777246
1668.0,1.1592683245696254
1669.0,1.1595554691148742
1670.0,1.159821491522813
1671.0,1.159830611720338
1672.0,1.1602291697411486
1673.0,1.1607641415790246
1674.0,1.1612062843819138
1675.0,1.1617735848091477
1676.0,1.1626068873031945
1677.0,1.16331868841601
1678.0,1.1641394616881982
1679.0,1.1657893817466598
1680.0,1.166678425908366
1681.0,1.1666697306122153
1682.0,1.1675045194950455
1683.0,1.1686441802681846
1684.0,1.1694694905561578
1685.0,1.170483915712415
1686.0,1.171637228872995
1687.0,1.1725415199259002
1688.0,1.1735913634215784
1689.0,1.1752262622607663
1690.0,1.1764506492419577
1691.0,1.1772594163654513
1692.0,1.1781851062713375
1693.0,1.1790501665884578
1694.0,1.180132877959883
1695.0,1.1813767642005142
1696.0,1.1824422212847634
1697.0,1.1834889918997877
1698.0,1.1844830039400394
1699.0,1.1854345648561453
1700.0,1.1863443385824168
1701.0,1.1872988259365986
1702.0,1.1881234157835971
1703.0,1.1886269344451916
1704.0,1.1894256673863117
1705.0,1.1902964132049128
1706.0,1.191237675607831
1707.0,1.1924988770197367
1708.0,1.1934929052155425
1709.0,1.1945043605247723
1710.0,1.1952493235692825
1711.0,1.1956627791487293
1712.0,1.1962013038467867
1713.0,1.1965121227429054
1714.0,1.1970248975233428
1715.0,1.1977267179808095
1716.0,1.1984391073673755
1717.0,1.1993475353948486
1718.0,1.2000462521142006
1719.0,1.2007989501729568
1720.0,1.201291095086323
1721.0,1.201141432329349
1722.0,1.201629863881205
1723.0,1.2023982212006559
1724.0,1.2029875429080992
1725.0,1.2038392478243185
1726.0,1.2046541782835707
1727.0,1.2052558628876315
1728.0,1.2062171973287987
1729.0,1.207603191504348
1730.0,1.2085794408178923
1731.0,1.2094926243616735
1732.0,1.2102632173128243
1733.0,1.2107808811167966
1734.0,1.2115685343978004
1735.0,1.2122513030154605
1736.0,1.2130939212117462
1737.0,1.21417961361312
1738.0,1.215132757066064
1739.0,1.2164749011746325
1740.0,1.2170889733993555
1741.0,1.216918588603015
1742.0,1.2173565446622054
1743.0,1.217888475853936
1744.0,1.2183125313774348
1745.0,1.219145611445098
1746.0,1.2195907815066982
1747.0,1.2192614592053916
1748.0,1.2195325466037523
1749.0,1.2201057403719107
1750.0,1.2205354187311168
1751.0,1.2213717369471984
1752.0,1.2219745868214569
1753.0,1.2221025727578203
1754.0,1.2233997316571212
1755.0,1.2238778231366938
1756.0,1.2248975571051761
1757.0,1.2267479192247341
1758.0,1.2277359371661205
1759.0,1.2285004072003016
1760.0,1.228902129757704
1761.0,1.2288739086683491
1762.0,1.2286467106914016
1763.0,1.2284966395522878
1764.0,1.2292658485939603
1765.0,1.2302367629338107
1766.0,1.2306612910377275
1767.0,1.2311042707550433
1768.0,1.231809543803875
1769.0,1.2324921692082782
1770.0,1.2333934934331914
1771.0,1.234760588359226
1772.0,1.2350399020045317
1773.0,1.234712395087865
1774.0,1.2354418110566516
1775.0,1.2359790963684036
1776.0,1.2364357414771596
1777.0,1.2371951909526284
1778.0,1.237492167253422
1779.0,1.2380206668937936
1780.0,1.2387533072918704
1781.0,1.2394580445751606
1782.0,1.240431085256425
1783.0,1.241401974148463
1784.0,1.2421652045620641
1785.0,1.2427691640590337
1786.0,1.2433950221253207
1787.0,1.2438138801181606
1788.0,1.2444707203646048
1789.0,1.245102915777571
1790.0,1.245515760948305
1791.0,1.2463810106745496
1792.0,1.2479605438304522
1793.0,1.248907040190182
1794.0,1.2492031727479185
1795.0,1.250142925429266
1796.0,1.2515388544575072
1797.0,1.2521282344689657
1798.0,1.2527292766635842
1799.0,1.2535424355839466
1800.0,1.2533975616186412
1801.0,1.2472730564609946
1802.0,1.248515983336149
1803.0,1.2497457192014856
1804.0,1.2505657741808698
1805.0,1.2505855281305147
1806.0,1.2518395685916597
1807.0,1.2538426275795485
1808.0,1.2548275326622127
1809.0,1.2559164092850204
1810.0,1.2569515091079506
1811.0,1.2570385210010013
1812.0,1.2583087208437467
1813.0,1.2591368607719617
1814.0,1.2581266942811653
1815.0,1.2584485324531467
1816.0,1.2582266191181144
1817.0,1.2586759803251961
1818.0,1.2603356846960478
1819.0,1.2613992876317417
1820.0,1.2625792864770782
1821.0,1.2630177298812142
1822.0,1.2628367648780634
1823.0,1.2629454954418633
1824.0,1.2632567464002706
1825.0,1.2630796066124177
1826.0,1.2635462420293104
1827.0,1.2645541076870326
1828.0,1.2660676190520268
1829.0,1.2683661557345984
1830.0,1.2699117184421371
1831.0,1.2722183424845273
1832.0,1.273405470595589
1833.0,1.2735849075558423
1834.0,1.2736622981052974
1835.0,1.2735557031751614
1836.0,1.2726403045620476
1837.0,1.2730842728854526
1838.0,1.2735681912450203
1839.0,1.2744089860556744
1840.0,1.2765673421723875
1841.0,1.2778514223658584
1842.0,1.2783352859694364
1843.0,1.2794677391633542
1844.0,1.2805508827497072
1845.0,1.2828059033380281
1846.0,1.2834978839428361
1847.0,1.2839942850289416
1848.0,1.2840993143561485
1849.0,1.2821489206602104
1850.0,1.281890986877014
1851.0,1.2823071130208372
1852.0,1.2825716942464434
1853.0,1.2855025292195867
1854.0,1.2879552182151581
1855.0,1.286932368591239
1856.0,1.287918025318622
1857.0,1.2879169341180021
1858.0,1.2850114979812834
1859.0,1.2837708111371737
1860.0,1.2838770335248535
1861.0,1.2838883748543586
1862.0,1.28190672135626
1863.0,1.2822640132244796
1864.0,1.2831185126298659
1865.0,1.2826816385079922
1866.0,1.283620089447741
1867.0,1.2848175455997102
1868.0,1.2859701435950428
1869.0,1.288472145356143
1870.0,1.2889264175025066
1871.0,1.2887407300884826
1872.0,1.2877493683716121
1873.0,1.2851197252201645
1874.0,1.2825452385084517
1875.0,1.2802796357686812
1876.0,1.277451717098906
1877.0,1.2739489522946235
1878.0,1.2707500068636823
1879.0,1.268488171386124
1880.0,1.266514204330586
1881.0,1.2646303852916236
1882.0,1.2639112641503718
1883.0,1.2630157246439444
1884.0,1.2603313984373
1885.0,1.2573189205313224
1886.0,1.2535641197326723
1887.0,1.2484663405297736
1888.0,1.24431018315788
1889.0,1.2399691474553496
1890.0,1.2348063427702458
1891.0,1.2293114342531253
1892.0,1.2241681323019906
1893.0,1.21745044955554
1894.0,1.2106408752630773
1895.0,1.2049262171884356
1896.0,1.1985677701810897
1897.0,1.1923067301532897
1898.0,1.1863536443919898
1899.0,1.1798893146299718
1900.0,1.1741016311358472
1901.0,1.1681233634606243
1902.0,1.162376966832359
1903.0,1.155761106589443
1904.0,1.1498514468163317
1905.0,1.144332415208128
1906.0,1.1392456193388263
1907.0,1.1362755115696077
1908.0,1.1343152578696225
1909.0,1.1322238398102955
1910.0,1.1308746343323415
1911.0,1.1287170112354157
1912.0,1.1255621624459218
1913.0,1.1231652598366255
1914.0,1.1208103382073624
1915.0,1.1183845676158952
1916.0,1.11698506304048
1917.0,1.116759451461141
1918.0,1.1161366579362868
1919.0,1.1153415190841178
1920.0,1.1155165347855842
1921.0,1.1164467568454213
1922.0,1.1169196968042479
1923.0,1.1175901791218799
1924.0,1.1186348060980276
1925.0,1.1199874759014832
1926.0,1.1201228520571127
1927.0,1.120693022929123
1928.0,1.1223099932963752
1929.0,1.1235638187843335
1930.0,1.1242490619994874
1931.0,1.1252617397359086
1932.0,1.1274140189008832
1933.0,1.1285712288188752
1934.0,1.130136301908907
1935.0,1.1322682797203723
1936.0,1.1326422018551716
1937.0,1.1340483056214328
1938.0,1.1356517749267203
1939.0,1.137855875713887
1940.0,1.1395761917337328
1941.0,1.1422940692386188
1942.0,1.1439049667391386
1943.0,1.1433489019270402
1944.0,1.1442749734159086
1945.0,1.1451262864833647
1946.0,1.1450467264559814
1947.0,1.1469176104911951
1948.0,1.1484871314369336
1949.0,1.1496905140283868
1950.0,1.1516782004625068
1951.0,1.1545754621021245
1952.0,1.1561696973539406
1953.0,1.158693927796298
1954.0,1.160183141445903
1955.0,1.1604397088938756
1956.0,1.1608928838274584
1957.0,1.1610005720665186
1958.0,1.1609791251053523
1959.0,1.1620072804151738
1960.0,1.1644628176139042
1961.0,1.1665678121854186
1962.0,1.1693686208539458
1963.0,1.1712928722637512
1964.0,1.1726328108049704
1965.0,1.1728932654089308
1966.0,1.1719181353833164
1967.0,1.1728443302389433
1968.0,1.1746460660991642
1969.0,1.175196158895224
1970.0,1.1768873802217628
1971.0,1.178412615726543
1972.0,1.1796142809382317
1973.0,1.179858874203709
1974.0,1.181698294231079
1975.0,1.184435501946363
1976.0,1.1864041750282268
1977.0,1.1895681283727777
1978.0,1.193119173927855
1979.0,1.1940029640579628
1980.0,1.1954973401562707
1981.0,1.1958951125854733
1982.0,1.1956816016137568
1983.0,1.1975430601607364
1984.0,1.1987962801294982
1985.0,1.2010298098147656
1986.0,1.2051593247852521
1987.0,1.207468557417149
1988.0,1.2091915812958571
1989.0,1.2115552326524672
1990.0,1.2125386133633294
1991.0,1.2136083368903348
1992.0,1.215073992414812
1993.0,1.2157177990372574
1994.0,1.2171001269153543
1995.0,1.217870580619506
1996.0,1.218694778737859
1997.0,1.2198281058998248
1998.0,1.2210154023224313
1999.0,1.222074617325139
2000.0,1.2230080774504655
2001.0,1.2236853201322824
2002.0,1.2249768561573358
2003.0,1.2266238945473258
2004.0,1.2285286451780713
2005.0,1.2320789444874876
2006.0,1.2348058766548928
2007.0,1.2375759493487326
2008.0,1.238755625256002
2009.0,1.2394607487700378
2010.0,1.238976881636305
2011.0,1.2399544195706025
2012.0,1.2404826802045088
2013.0,1.241924029632431
2014.0,1.244639567884026
2015.0,1.2467301463901777
2016.0,1.249028199948649
2017.0,1.2500529216964285
2018.0,1.2515012944096633
2019.0,1.2525813236490897
2020.0,1.2537735103687262
2021.0,1.2562717598838036
2022.0,1.257651345778673
2023.0,1.2594509479427447
2024.0,1.2613023185581296
2025.0,1.2629402513307133
2026.0,1.2638547121370278
2027.0,1.2653372665859561
2028.0,1.2661592076460229
2029.0,1.2656388943184884
2030.0,1.2650168924765262
2031.0,1.2667930513413286
2032.0,1.267146373190299
2033.0,1.2679915800762505
2034.0,1.2714865203535046
2035.0,1.2742333865027125
2036.0,1.2765794726468591
2037.0,1.2780518711676871
2038.0,1.2790440753175945
2039.0,1.2794941019877055
2040.0,1.2777863852642806
2041.0,1.2781679786329514
2042.0,1.2801372333696015
2043.0,1.2807818341996968
2044.0,1.2807655984040096
2045.0,1.282614785234442
2046.0,1.2842955182564118
2047.0,1.2844876814134565
2048.0,1.2861172997776213
2049.0,1.287231876887074
2050.0,1.286369103595503
2051.0,1.2854626909745657
2052.0,1.286223465503103
2053.0,1.2880678987349832
2054.0,1.2894706718182023
2055.0,1.2928779476763959
2056.0,1.2945503374378822
2057.0,1.294737444917958
2058.0,1.2949137704641391
2059.0,1.2950464496418899
2060.0,1.2938871112062962
2061.0,1.2923765294554947
2062.0,1.2927618850045839
2063.0,1.2922385172114303
2064.0,1.2924430310710542
2065.0,1.2937888081138404
2066.0,1.2943291316063115
2067.0,1.2953282804171655
2068.0,1.2970005221689944
2069.0,1.2983744768314924
2070.0,1.2998501651320133
2071.0,1.3010092477823554
2072.0,1.3028180670454992
2073.0,1.303475702110597
2074.0,1.3032335965922586
2075.0,1.3020854633681975
2076.0,1.3022592782607851
2077.0,1.3021677234473745
2078.0,1.302298264447142
2079.0,1.3035078388182386
2080.0,1.3047938751412786
2081.0,1.3062187307134152
2082.0,1.307163469629389
2083.0,1.3089571154240076
2084.0,1.3091127280879389
2085.0,1.3075925326863422
2086.0,1.3066976509432795
2087.0,1.3043685087765613
2088.0,1.3044440423236017
2089.0,1.3057198318583767
2090.0,1.307018143575579
2091.0,1.3115934414665533
2092.0,1.3137341397021065
2093.0,1.3132240629556864
2094.0,1.3144574800461841
2095.0,1.3124296763665815
2096.0,1.3100313661550107
2097.0,1.3097877830089075
2098.0,1.310444221972356
2099.0,1.3111462424409408
2100.0,1.313900087409805
2101.0,1.3153821815214648
2102.0,1.3163483882805957
2103.0,1.3173132326197923
2104.0,1.317593408522982
2105.0,1.3181189589119588
2106.0,1.3186720622275585
2107.0,1.3196065137703863
2108.0,1.3205050994908478
2109.0,1.321366687825741
2110.0,1.320611524768252
2111.0,1.32052966591193
2112.0,1.3217207515308096
2113.0,1.3236373535368502
2114.0,1.3241318396246078
2115.0,1.3253427265227364
2116.0,1.325280013608936
2117.0,1.322214483458746
2118.0,1.3217628106666
2119.0,1.3229353546166556
2120.0,1.323356189009151
2121.0,1.3245818782051109
2122.0,1.3248436366807352
2123.0,1.3241524862432479
2124.0,1.324160917440296
2125.0,1.3239501058641874
2126.0,1.3241449156571001
2127.0,1.325212271194767
2128.0,1.324459082826525
2129.0,1.3250709820124298
2130.0,1.3268976983364777
2131.0,1.3279006185018443
2132.0,1.3276032502022606
2133.0,1.3277947074222687
2134.0,1.3273536421514962
2135.0,1.326789785899452
2136.0,1.326644551219359
2137.0,1.3266296242530597
2138.0,1.3258394381748069
2139.0,1.3251307476989511
2140.0,1.3248306904736464
2141.0,1.3240750898630054
2142.0,1.3231212242277461
2143.0,1.321313635566504
2144.0,1.3203847649903366
2145.0,1.3209613364826152
2146.0,1.320997185615549
2147.0,1.3225971892804698
2148.0,1.3242730751717384
2149.0,1.324025624932718
2150.0,1.3237819819352026
2151.0,1.3230986186635412
2152.0,1.3231348212512384
2153.0,1.3237244378252664
2154.0,1.3236360631677617
2155.0,1.3236574022790102
2156.0,1.3236223706579924
2157.0,1.3219717265815412
2158.0,1.3218273062384667
2159.0,1.3231700945352933
2160.0,1.324167378121074
2161.0,1.3256751644655314
2162.0,1.3269766284462194
2163.0,1.329363494698876
2164.0,1.329210982550835
2165.0,1.3278307560286626
2166.0,1.3278177761800287
2167.0,1.3267006694979604
2168.0,1.3260210066707079
2169.0,1.326911496765819
2170.0,1.3258778094727208
2171.0,1.324956602874852
2172.0,1.3235852633434888
2173.0,1.322716608825564
2174.0,1.3211043002018459
2175.0,1.321097458988367
2176.0,1.3221379555919317
2177.0,1.3219226823882542
2178.0,1.3222185788592777
2179.0,1.3225939058879213
2180.0,1.3231858180539895
2181.0,1.3229557314420572
2182.0,1.3212466191384962
2183.0,1.3211902139619782
2184.0,1.322118435374655
2185.0,1.3210251796883965
2186.0,1.3213075481860561
2187.0,1.3213938093679767
2188.0,1.318695841705142
2189.0,1.3189052414916822
2190.0,1.3201224165852001
2191.0,1.3202388994524354
2192.0,1.3202181429318385
2193.0,1.3172842344472422
2194.0,1.3155138082161295
2195.0,1.312233008772549
2196.0,1.311478657624679
2197.0,1.3132249892496781
2198.0,1.3130086033654969
2199.0,1.3133434787585225
2200.0,1.312133891191324
2201.0,1.3074598586782087
2202.0,1.3063226749358074
2203.0,1.3064406453791528
2204.0,1.3071413071713787
2205.0,1.3110045040499743
2206.0,1.3125007047249124
2207.0,1.3127294891719148
2208.0,1.3102838304045838
2209.0,1.3085569220619646
2210.0,1.3097974736097857
2211.0,1.3092487727409114
2212.0,1.310321793498836
2213.0,1.3099752005832475
2214.0,1.3070774756373462
2215.0,1.3086439122221147
2216.0,1.3116216415020137
2217.0,1.3139648128016237
2218.0,1.3183124330562623
2219.0,1.3208666129527455
2220.0,1.3231380224498357
2221.0,1.3227587429389756
2222.0,1.3198784582737537
2223.0,1.3197477791169732
2224.0,1.3173670656428726
2225.0,1.318304959447154
2226.0,1.3249251862217728
2227.0,1.3265453466986095
2228.0,1.326100516676418
2229.0,1.3269064498686598
2230.0,1.3266755338285177
2231.0,1.3257079608644142
2232.0,1.3258486786587658
2233.0,1.3245257202706002
2234.0,1.3197023499018996
2235.0,1.3152280168790806
2236.0,1.311705944634932
2237.0,1.3079595934254664
2238.0,1.3068526226392727
2239.0,1.30853073445422
2240.0,1.310403481692086
2241.0,1.309741943873595
2242.0,1.3083570300267782
2243.0,1.3081723418528766
2244.0,1.304998417892891
2245.0,1.3048532707631346
2246.0,1.304096523589128
2247.0,1.302410656859323
2248.0,1.300473178294785
2249.0,1.2998440595589185
2250.0,1.2978924210254017
2251.0,1.2937858072849688
2252.0,1.2934426121577964
2253.0,1.2940480192645245
2254.0,1.2951999793161255
2255.0,1.3010406192241502
2256.0,1.3017329560970863
2257.0,1.2996709197351377
2258.0,1.298023875958979
2259.0,1.2919003399320719
2260.0,1.2901854639200445
2261.0,1.2905777726010552
2262.0,1.2920308643955838
2263.0,1.2968930891540669
2264.0,1.3015308474450575
2265.0,1.3046615316841452
2266.0,1.30800347436524
2267.0,1.3051607841490271
2268.0,1.3016475832358076
2269.0,1.297808644559652
2270.0,1.294492100365912
2271.0,1.2955760737490594
2272.0,1.296971157769191
2273.0,1.3011338348087376
2274.0,1.3022782252235425
2275.0,1.3010427295137177
2276.0,1.2988153063135734
2277.0,1.2957628600181252
2278.0,1.289657810014262
2279.0,1.286819417883115
2280.0,1.286250172268593
2281.0,1.2830802407522481
2282.0,1.2781594907980862
2283.0,1.2751949683645076
2284.0,1.27080603520855
2285.0,1.2693342070064053
2286.0,1.2719235650835126
2287.0,1.2726838906371205
2288.0,1.2742719864060026
2289.0,1.2729301991521922
2290.0,1.2680236287985591
2291.0,1.2675111179684952
2292.0,1.266798358025041
2293.0,1.268835742016784
2294.0,1.2788983248182169
2295.0,1.282174685587016
2296.0,1.2834770378055154
2297.0,1.282013438313695
2298.0,1.2775963636710468
2299.0,1.270394110974591
2300.0,1.2680320223042731
2301.0,1.2732684335006972
2302.0,1.2805753856444573
2303.0,1.2877443460306321
2304.0,1.292267367309486
2305.0,1.287928358899126
2306.0,1.283888086681606
2307.0,1.2824731248023893
2308.0,1.282462377480647
2309.0,1.2899686092540594
2310.0,1.2892042487833792
2311.0,1.2844775724521516
2312.0,1.2860511209589842
2313.0,1.2787904775894965
2314.0,1.2729531588488392
2315.0,1.2757982048662417
2316.0,1.2756729058147014
2317.0,1.275570222911822
2318.0,1.2810865914784357
2319.0,1.2871439773027047
2320.0,1.2892626187602896
2321.0,1.2879864841815158
2322.0,1.2895989479900445
2323.0,1.2894831303971428
2324.0,1.288417514921883
2325.0,1.2887007151509156
2326.0,1.2874304992296968
2327.0,1.2855213239074759
2328.0,1.2836051610674581
2329.0,1.2793447857618587
2330.0,1.2774061562132089
2331.0,1.273966897726041
2332.0,1.2738969543584724
2333.0,1.2792873114306305
2334.0,1.2827334512083504
2335.0,1.2883641334930682
2336.0,1.2903796522614877
2337.0,1.289045633660685
2338.0,1.2880693843126627
2339.0,1.2844624926643418
2340.0,1.2831810290893537
2341.0,1.283792957202451
2342.0,1.2845385568030432
2343.0,1.2859765458487185
2344.0,1.2874543306319048
2345.0,1.287617184974959
2346.0,1.2910921718220587
2347.0,1.3012039034281304
2348.0,1.3011388560297747
2349.0,1.2967800560482032
2350.0,1.2899321258565322
2351.0,1.2841798833712297
2352.0,1.2837761926896738
2353.0,1.2839714504057618
2354.0,1.288648484813665
2355.0,1.2824136606648824
2356.0,1.2748229776449518
2357.0,1.2788164147776375
2358.0,1.280408382248458
2359.0,1.2857699478969862
2360.0,1.2862770512853816
2361.0,1.2788348714476823
2362.0,1.2796395992373664
2363.0,1.2822199443134392
2364.0,1.2823738176578818
2365.0,1.285780732610454
2366.0,1.2880296308404524
2367.0,1.2837042139340609
2368.0,1.283559980137515
2369.0,1.288696025518853
2370.0,1.289087805788944
2371.0,1.2916120196160334
2372.0,1.2904670892636083
2373.0,1.2803565655192624
2374.0,1.2751736234731574
2375.0,1.2661631039719394
2376.0,1.2595615197467074
2377.0,1.2660661719779944
2378.0,1.266237992455281
2379.0,1.266190165969715
2380.0,1.2724637346439887
2381.0,1.2718502406464953
2382.0,1.2692493074175482
2383.0,1.2671486752481014
2384.0,1.2616807713612785
2385.0,1.2612389168004776
2386.0,1.2597434059879369
2387.0,1.2598292344804178
2388.0,1.264201219357996
2389.0,1.268425065663155
2390.0,1.278106425396294
2391.0,1.2837964134630626
2392.0,1.2895922781344535
2393.0,1.2844721749836252
2394.0,1.2725927038968814
2395.0,1.2662979121157034
2396.0,1.2579745627036842
2397.0,1.257994066017851
2398.0,1.2497842836099207
2399.0,1.2430065751322872
2400.0,1.2451456563222278
2401.0,1.240732373226916
2402.0,1.2481940760306565
2403.0,1.2509288583774574
2404.0,1.2442639057652007
2405.0,1.240465982395464
2406.0,1.2294107011595345
2407.0,1.2248070790733916
2408.0,1.213059343831391
2409.0,1.1968290915346673
2410.0,1.2006895430507336
2411.0,1.2031383268080336
2412.0,1.2119172465311858
2413.0,1.2285767068229594
2414.0,1.2335402873390522
2415.0,1.2366624214823914
2416.0,1.2297331282641932
2417.0,1.2186308619239417
2418.0,1.2171921802916001
2419.0,1.2116169736832878
2420.0,1.2139203074908829
2421.0,1.2302242477429342
2422.0,1.2260550424873997
2423.0,1.217834384995173
2424.0,1.2149433647636048
2425.0,1.1984274267641561
2426.0,1.1898968296461112
2427.0,1.197970770573239
2428.0,1.2003242241920553
2429.0,1.1880456611398844
2430.0,1.176914098732571
2431.0,1.162830579221513
2432.0,1.1458155272697672
2433.0,1.1469664792382968
2434.0,1.1666323335219275
2435.0,1.1666941684012697
2436.0,1.1616429339049488
2437.0,1.1687438051659804
2438.0,1.151643684798666
2439.0,1.1407577730002525
2440.0,1.149364462860969
2441.0,1.1510475297412792
2442.0,1.1464960441156797
2443.0,1.1428210813703648
2444.0,1.136352203056836
2445.0,1.1205224731096612
2446.0,1.1169588112927233
2447.0,1.1337916437391131
2448.0,1.1457867985043715
2449.0,1.1492926919647137
2450.0,1.1554209494184595
2451.0,1.1481279689272037
2452.0,1.1371869333646334
2453.0,1.1431975546327615
2454.0,1.146974050469694
2455.0,1.138479071644206
2456.0,1.1358842838250205
2457.0,1.1348146565267907
2458.0,1.1373843183012124
2459.0,1.1516636336215242
2460.0,1.1532620910644809
2461.0,1.1583598007363876
2462.0,1.1587817740338806
2463.0,1.1367100991199188
2464.0,1.1379008171403848
2465.0,1.1438578457370374
2466.0,1.1356255508470263
2467.0,1.1554147711408043
2468.0,1.1637027312274009
2469.0,1.1374823109775007
2470.0,1.1165627847446415
2471.0,1.1187831118444014
2472.0,1.1154179717695394
2473.0,1.1350773011121547
2474.0,1.1399490854653878
2475.0,1.109940878124157
2476.0,1.1027511676332002
2477.0,1.113838727554909
2478.0,1.1134437033651934
2479.0,1.1155955446395072
2480.0,1.1182078205771606
2481.0,1.123586068442005
2482.0,1.112522477447934
2483.0,1.0914105761560624
2484.0,1.0870283095753035
2485.0,1.0680885246585436
2486.0,1.0687528277957787
2487.0,1.095408826647843
2488.0,1.110224109319197
2489.0,1.1389015640573539
2490.0,1.146863267635772
2491.0,1.1443535917411958
2492.0,1.13690331102485
2493.0,1.097506356761592
2494.0,1.0882550852865995
2495.0,1.0987780935791136
2496.0,1.0919946067604884
2497.0,1.0859959618231796
2498.0,1.1012022973136408
2499.0,1.1178401315951652
2500.0,1.1369589052976055
