350.0,-0.12214153154665956
351.0,-0.039232218717602976
352.0,0.007949600948687482
353.0,-0.04237679665949383
354.0,-0.10193013410743423
355.0,-0.11261893610461081
356.0,-0.06533352491859411
357.0,-0.03050809987516468
358.0,0.03967576848318673
359.0,0.036339015015135284
360.0,-0.09122493020203717
361.0,-0.04007272141894522
362.0,-0.011131915020453196
363.0,-0.015195991192515131
364.0,0.019489197428653324
365.0,-0.015946008835488173
366.0,-0.021353468749175604
367.0,0.008047789474242692
368.0,0.001294773160038152
369.0,-0.010376363131040095
370.0,-0.016177921721069934
371.0,-0.01070044138965114
372.0,0.006546996122732888
373.0,0.024966440954400117
374.0,0.02474377760581822
375.0,0.0038058329075724823
376.0,-0.007448003003547433
377.0,-0.00020497595742057322
378.0,0.004013175273245112
379.0,-0.007030846541570133
380.0,0.0010683094514839777
381.0,0.02174596277653644
382.0,0.03739446197976493
383.0,0.03383143920238304
384.0,0.030927063193593687
385.0,0.022886138943782098
386.0,0.01552568647442726
387.0,0.020020233068487495
388.0,0.03485576189893059
389.0,0.03735868422348221
390.0,0.029469041029870982
391.0,0.034291287980056616
392.0,0.0358704739986557
393.0,0.029671690693830657
394.0,0.023348211759014432
395.0,0.03857932180261669
396.0,0.041981425218932146
397.0,0.0383878686706318
398.0,0.03627623065985852
399.0,0.031093778094363613
400.0,0.0325912142403288
401.0,0.036865927282062214
402.0,0.03812062946870795
403.0,0.043319281581195745
404.0,0.040621787074742004
405.0,0.034159394644229416
406.0,0.035699793888321826
407.0,0.03837440542891891
408.0,0.036853716975536105
409.0,0.033596422796814525
410.0,0.03725515998943311
411.0,0.036806628779208324
412.0,0.03608346805102468
413.0,0.0383878605324788
414.0,0.0423413378636526
415.0,0.04310230088902168
416.0,0.040635107866593
417.0,0.038017856963079674
418.0,0.043592856245273
419.0,0.041739268701267845
420.0,0.03814441461127728
421.0,0.04436005761407092
422.0,0.04744652578819492
423.0,0.047020924106854545
424.0,0.04402115657235935
425.0,0.0400848538833635
426.0,0.03997459528382278
427.0,0.04217944691370537
428.0,0.04375984021055003
429.0,0.04111111424265788
430.0,0.042814500506185356
431.0,0.04607238944771697
432.0,0.0466535294303601
433.0,0.044836761149158105
434.0,0.043253144907670404
435.0,0.04358110439681158
436.0,0.04591152478057222
437.0,0.04466258091453794
438.0,0.04446030551300588
439.0,0.04584343272002334
440.0,0.04529556165719584
441.0,0.04570550538457921
442.0,0.04583956269516257
443.0,0.045030167192348196
444.0,0.044719980305692256
445.0,0.04504133693292655
446.0,0.045836791906173936
447.0,0.04640756905538053
448.0,0.044449806896035615
449.0,0.04388403485817707
450.0,0.0446807069563216
451.0,0.044735624721279614
452.0,0.04629047454703789
453.0,0.04721692778592449
454.0,0.046787557038996286
455.0,0.04644408049770417
456.0,0.046664134968725686
457.0,0.04583532540072016
458.0,0.043815193028540284
459.0,0.04555315642306112
460.0,0.04613286062621662
461.0,0.04556145811556582
462.0,0.045587585024137324
463.0,0.04582565549286649
464.0,0.045695383303386246
465.0,0.04559789443252703
466.0,0.046581913333283945
467.0,0.04609503043851025
468.0,0.04565016051963056
469.0,0.04624355115933811
470.0,0.04675317399486893
471.0,0.04653489909117724
472.0,0.04599582450134797
473.0,0.045827359693986
474.0,0.04626695550871375
475.0,0.04654851492554756
476.0,0.04675039881355095
477.0,0.04736366159574597
478.0,0.046828922336117226
479.0,0.0465147200178678
480.0,0.046853144659756096
481.0,0.04639869485814702
482.0,0.04632625174966573
483.0,0.04677762265850703
484.0,0.0475456466081732
485.0,0.04844358969820759
486.0,0.0478614756638447
487.0,0.046704074851627336
488.0,0.04694525408962455
489.0,0.04678145911309826
490.0,0.04678485595206125
491.0,0.047301528147962735
492.0,0.048099735629666115
493.0,0.04767645954504804
494.0,0.046814770337292234
495.0,0.046658011747637014
496.0,0.04787151728942791
497.0,0.048195306781970315
498.0,0.047759276572667576
499.0,0.04776983792897645
500.0,0.0476427543477761
501.0,0.04815596618287019
502.0,0.04881754780568385
503.0,0.04765849156218239
504.0,0.04708649831085758
505.0,0.04719958383629675
506.0,0.04756046481868003
507.0,0.04778897304038384
508.0,0.048072208783615726
509.0,0.048146699411854225
510.0,0.04772229560393111
511.0,0.047702862251585994
512.0,0.047769417381488107
513.0,0.047866551562229735
514.0,0.04834371910275864
515.0,0.048563844669341764
516.0,0.04857109027818135
517.0,0.04849678529406383
518.0,0.04818913964645363
519.0,0.04831488762776923
520.0,0.048692704002062256
521.0,0.04875065608196051
522.0,0.04833302901962189
523.0,0.04850273156726643
524.0,0.049145900161219565
525.0,0.048659502242623706
526.0,0.04865119092735592
527.0,0.04890557828700687
528.0,0.048970192925403264
529.0,0.049031568134864055
530.0,0.04868966668427185
531.0,0.04860655903593196
532.0,0.049647907814707876
533.0,0.04954048669023427
534.0,0.049132048841272306
535.0,0.04902334935573924
536.0,0.04900059923811668
537.0,0.04954747978620396
538.0,0.04980733951919252
539.0,0.04926172282779082
540.0,0.04981052361244503
541.0,0.04993445601373043
542.0,0.04950870984497997
543.0,0.04932615047347111
544.0,0.04944497640241961
545.0,0.04955933928335687
546.0,0.04962210599543135
547.0,0.05013754690332919
548.0,0.05023777800977076
549.0,0.050003562764652676
550.0,0.04982862055056481
551.0,0.0500813076847119
552.0,0.04997635691700531
553.0,0.049763328963313064
554.0,0.05042595891442543
555.0,0.0506949180908665
556.0,0.05053272020936224
557.0,0.05028259858189692
558.0,0.05070171664106743
559.0,0.05075234296567232
560.0,0.05067098261035443
561.0,0.050960269736399416
562.0,0.05075614073130315
563.0,0.05069617047739146
564.0,0.05081141981702903
565.0,0.050456750237217754
566.0,0.05045604983389731
567.0,0.05087756270516882
568.0,0.05145018130153637
569.0,0.051478814328829524
570.0,0.05124076195206426
571.0,0.05098278427515955
572.0,0.050928779186798584
573.0,0.05114765592202861
574.0,0.05130459268385884
575.0,0.051213358558291316
576.0,0.050939284567909755
577.0,0.0511774359556474
578.0,0.05159048301154081
579.0,0.05168323950533454
580.0,0.05151276724375693
581.0,0.05152371602825053
582.0,0.05168008813346539
583.0,0.05164773441961265
584.0,0.05189336434942725
585.0,0.05220463031822095
586.0,0.05231776575283673
587.0,0.052005023686795805
588.0,0.05198958191540123
589.0,0.05216308535340807
590.0,0.0522079906735798
591.0,0.05237282626048659
592.0,0.052582790319431395
593.0,0.0527919280767859
594.0,0.05298516208738456
595.0,0.05282096085720228
596.0,0.052639740442364934
597.0,0.052733840971103924
598.0,0.05291321326421387
599.0,0.052992960914044644
600.0,0.053078793891599876
601.0,0.053356301308309255
602.0,0.05337515800955611
603.0,0.053304965646705345
604.0,0.05321051948524352
605.0,0.05291262644109075
606.0,0.0531410592450084
607.0,0.05353596691837704
608.0,0.0536411885502574
609.0,0.053899264736994947
610.0,0.053925856452295765
611.0,0.05380907064609895
612.0,0.05395399692014199
613.0,0.054023239663455944
614.0,0.05427083989738287
615.0,0.05467207070447734
616.0,0.0544047498715282
617.0,0.05474195991167003
618.0,0.055138787846857884
619.0,0.05469297412569786
620.0,0.054505979659696474
621.0,0.05472699358914395
622.0,0.05516601689413322
623.0,0.055351864060704595
624.0,0.055555062092902056
625.0,0.05553666010645994
626.0,0.05522560559724961
627.0,0.055337716090483643
628.0,0.055316592596940654
629.0,0.05529399576860203
630.0,0.055691559209290434
631.0,0.055945434466523454
632.0,0.056186860891899906
633.0,0.056397479449629626
634.0,0.05619113651677371
635.0,0.05607302291977182
636.0,0.05609533358066909
637.0,0.05620918217204629
638.0,0.05662045498348156
639.0,0.0568628105280928
640.0,0.05683436444069411
641.0,0.056763694340808024
642.0,0.056666388319566253
643.0,0.05677648247084677
644.0,0.0571479817179872
645.0,0.05737311731210145
646.0,0.057560720014150295
647.0,0.057689982740680455
648.0,0.057695413700536775
649.0,0.0574421050823578
650.0,0.057562142048933014
651.0,0.05810196132677884
652.0,0.05834804613170774
653.0,0.0586119473677884
654.0,0.05887723977349671
655.0,0.05904599819382425
656.0,0.05896247105097572
657.0,0.05893407449385706
658.0,0.05904534333114868
659.0,0.059209139453068785
660.0,0.059188769118061216
661.0,0.05933648739631493
662.0,0.05975020766577111
663.0,0.05996775115805228
664.0,0.06001084843410071
665.0,0.059955878034738286
666.0,0.059940513838348364
667.0,0.06019739490309987
668.0,0.06050141731447439
669.0,0.06073112525425456
670.0,0.060888270329772516
671.0,0.06105151746307332
672.0,0.06117740537570246
673.0,0.06125924133839668
674.0,0.061433547486371656
675.0,0.06170129343449856
676.0,0.061857054490512396
677.0,0.06173113801888941
678.0,0.0621143608406973
679.0,0.062352312618445996
680.0,0.06228717728050956
681.0,0.06254702096485201
682.0,0.06265699071097604
683.0,0.06275907900766695
684.0,0.06301445789462859
685.0,0.06309964233859608
686.0,0.06335728985944306
687.0,0.06367227844368872
688.0,0.06368037680702227
689.0,0.06378994666125763
690.0,0.06394307706621871
691.0,0.06410165138969247
692.0,0.06437554694576697
693.0,0.06470680574863454
694.0,0.06501393918305937
695.0,0.06521570089677953
696.0,0.06525218251250904
697.0,0.06541312249822216
698.0,0.0656433525854225
699.0,0.06560822161419333
700.0,0.06598625780710834
701.0,0.06636028821988839
702.0,0.06645880321352442
703.0,0.06688169616102364
704.0,0.06689872119774357
705.0,0.06675923152108884
706.0,0.06700878944351846
707.0,0.06716130121599925
708.0,0.06755777567508296
709.0,0.06805797731035156
710.0,0.06792250757793517
711.0,0.06800339960092121
712.0,0.06828810877997396
713.0,0.06858262833643754
714.0,0.06879116622418922
715.0,0.06899371428305649
716.0,0.06920080931642911
717.0,0.06938738249577976
718.0,0.06956181934250488
719.0,0.06980823658381376
720.0,0.0701133292783277
721.0,0.07030997489828889
722.0,0.0706467738437292
723.0,0.0709697752281455
724.0,0.07113397600411397
725.0,0.07150011195383285
726.0,0.07162195881216259
727.0,0.07157614690650131
728.0,0.07180056223158346
729.0,0.07223927322290027
730.0,0.07271262440467481
731.0,0.07307121535813885
732.0,0.07325229740471943
733.0,0.07335961718966727
734.0,0.07351932472930178
735.0,0.0738128140464417
736.0,0.07411601159138527
737.0,0.07433265391598903
738.0,0.07456252275720927
739.0,0.07503343312777797
740.0,0.07540088795731897
741.0,0.07570173384736349
742.0,0.07596348420077609
743.0,0.07603014019516201
744.0,0.07625265126548358
745.0,0.07659937035762304
746.0,0.07692831098598366
747.0,0.07737925084461866
748.0,0.07760454308364503
749.0,0.07765869671501255
750.0,0.07796764374707525
751.0,0.07830125127306096
752.0,0.07864442644990936
753.0,0.07901121993423944
754.0,0.07944122755130663
755.0,0.0795421039684487
756.0,0.07959695177741996
757.0,0.08001504370745491
758.0,0.08027745906941869
759.0,0.08067589187421619
760.0,0.08116117060441708
761.0,0.08134423054227706
762.0,0.0817452568279945
763.0,0.08210446615567754
764.0,0.08223543552710744
765.0,0.08245119834065805
766.0,0.08275325105479493
767.0,0.08315210698480356
768.0,0.08361825254810294
769.0,0.08400479561092583
770.0,0.0843132396395867
771.0,0.0845630691272648
772.0,0.08478575255208409
773.0,0.08502862270400227
774.0,0.08534609288407678
775.0,0.08574785383845637
776.0,0.08615435710181989
777.0,0.08658668438457294
778.0,0.08693996284160564
779.0,0.08714024822550971
780.0,0.0874981776562404
781.0,0.08777853522568899
782.0,0.0880134417189411
783.0,0.08847509523492643
784.0,0.0889852850618323
785.0,0.08945578061980669
786.0,0.08987768073378966
787.0,0.09038154528055425
788.0,0.09062062168315461
789.0,0.09081432894217323
790.0,0.09125605894996441
791.0,0.09162746114248459
792.0,0.09201281530549875
793.0,0.09248606470380312
794.0,0.09306526072882294
795.0,0.09332008196995845
796.0,0.09363756260427561
797.0,0.09414751349773859
798.0,0.09435573229110214
799.0,0.09482105830877738
800.0,0.0953236221567057
801.0,0.09559407704755472
802.0,0.09602162421216788
803.0,0.09645534390887084
804.0,0.09683443235253666
805.0,0.09717267053018218
806.0,0.09758952825823243
807.0,0.09795074989599532
808.0,0.09828605910008549
809.0,0.09885679253480976
810.0,0.09933526284423837
811.0,0.09972084910185941
812.0,0.10010681603958983
813.0,0.10064008854095721
814.0,0.10107659837674447
815.0,0.10142161340273748
816.0,0.1018001560648088
817.0,0.10234042322939992
818.0,0.10289409254366548
819.0,0.10336112857255836
820.0,0.10371823518520351
821.0,0.10410514901795588
822.0,0.10455818581608557
823.0,0.10502878521849948
824.0,0.10534781401373118
825.0,0.10584833512865903
826.0,0.10645169202159739
827.0,0.10697701800444807
828.0,0.10737946893771573
829.0,0.1076560659741926
830.0,0.10806241445250998
831.0,0.10886419246436822
832.0,0.10937571608313414
833.0,0.10978048313403178
834.0,0.11023303867077258
835.0,0.11075955798020423
836.0,0.11131543000218125
837.0,0.11173858294500907
838.0,0.11204146361151586
839.0,0.11263931442760552
840.0,0.11324422353276734
841.0,0.11382905013906298
842.0,0.11438966702444435
843.0,0.11465910757188405
844.0,0.1151138596261047
845.0,0.11570977355269609
846.0,0.11614495727538117
847.0,0.11687039334847908
848.0,0.11744222264108752
849.0,0.11778533288817275
850.0,0.11831747565831909
851.0,0.11900511558086854
852.0,0.11954248102613983
853.0,0.11983939870042983
854.0,0.12032961712371548
855.0,0.12097687036166815
856.0,0.12157233919423606
857.0,0.1219718784269641
858.0,0.12250422922965404
859.0,0.12301472434059112
860.0,0.12351879566003678
861.0,0.12410740257276003
862.0,0.12474074568690102
863.0,0.12545229307112502
864.0,0.1261469838070674
865.0,0.12663181780497434
866.0,0.12710037855712922
867.0,0.12751846893276123
868.0,0.12797232580886478
869.0,0.1287652773668798
870.0,0.1293536720383242
871.0,0.13001381977557658
872.0,0.13089111146517945
873.0,0.13121178484964582
874.0,0.13163287557007639
875.0,0.13210762231900142
876.0,0.1324963621671409
877.0,0.13341624989058476
878.0,0.13449127937925365
879.0,0.13521495845481293
880.0,0.13528730936519015
881.0,0.13611151297859705
882.0,0.1367173061166946
883.0,0.13698691664922819
884.0,0.13777141191669126
885.0,0.13849473195147796
886.0,0.13923806158672877
887.0,0.13996165122862347
888.0,0.14031949180298114
889.0,0.14067158382476974
890.0,0.14119467825229845
891.0,0.1419337648525986
892.0,0.1427624518348358
893.0,0.1434415367965695
894.0,0.14415675219969062
895.0,0.14500615516236545
896.0,0.14517194159860317
897.0,0.14590048041633177
898.0,0.14679908895525093
899.0,0.14701891410111034
900.0,0.14788610932248045
901.0,0.148722813437177
902.0,0.1492727027540909
903.0,0.14974319598556887
904.0,0.1508033386696478
905.0,0.15147106907704014
906.0,0.1517228544035794
907.0,0.15258081643997418
908.0,0.1533417512116111
909.0,0.15390649872071385
910.0,0.15438400989514564
911.0,0.1550367897637404
912.0,0.15611664886679713
913.0,0.15718985697032978
914.0,0.15795538103535384
915.0,0.15867073602364618
916.0,0.15927582565669876
917.0,0.15988752795489214
918.0,0.16054359417115813
919.0,0.16091524260727205
920.0,0.16175334400143676
921.0,0.16261969949555863
922.0,0.16305055490433587
923.0,0.16409907981746785
924.0,0.16466154900975688
925.0,0.16486828194299097
926.0,0.16544764594867079
927.0,0.1670735771892128
928.0,0.16789181761990393
929.0,0.16800103730831045
930.0,0.16857397597784107
931.0,0.16936851047587556
932.0,0.17026518266487017
933.0,0.1709160687865
934.0,0.17105154650798543
935.0,0.17198189353653096
936.0,0.17294932016810818
937.0,0.1738123232932674
938.0,0.17503479132637687
939.0,0.17579897822766793
940.0,0.17646903569776898
941.0,0.17722484369010785
942.0,0.1779484195036136
943.0,0.17934160107682284
944.0,0.18025980576986697
945.0,0.18063026127125278
946.0,0.18183810826656113
947.0,0.1820039865596587
948.0,0.1825653559783448
949.0,0.18386223879656766
950.0,0.1840840523276946
951.0,0.18527499777357873
952.0,0.18657718889678376
953.0,0.1872244517218138
954.0,0.1875162506754087
955.0,0.1879115362407671
956.0,0.18836203470545876
957.0,0.18904345259932495
958.0,0.19065757789254775
959.0,0.19145576743720716
960.0,0.19224296515357236
961.0,0.193539370857902
962.0,0.1942420844662366
963.0,0.1948965231377931
964.0,0.19573364961947262
965.0,0.19669555247170828
966.0,0.1973197221850415
967.0,0.19851197599796427
968.0,0.1997863567674726
969.0,0.20054513758302478
970.0,0.20071537225872396
971.0,0.20157554688655652
972.0,0.2022840861535555
973.0,0.2024593429972078
974.0,0.20366201984731053
975.0,0.20475190012202205
976.0,0.20556135435673356
977.0,0.20617954908631186
978.0,0.20668279576536408
979.0,0.20725887284402186
980.0,0.2080627228216554
981.0,0.20923174870448702
982.0,0.21085874218205328
983.0,0.2118238844528213
984.0,0.2124880803676406
985.0,0.21314109926839717
986.0,0.2133574087301134
987.0,0.21467453099269818
988.0,0.21573523534293798
989.0,0.21600453103303724
990.0,0.21712786761463995
991.0,0.21805152596108415
992.0,0.21924972366242507
993.0,0.22076175900095069
994.0,0.22171833119916506
995.0,0.22263404078647728
996.0,0.2239278130736399
997.0,0.2252957502677195
998.0,0.2257475162362696
999.0,0.2262883338028486
1000.0,0.22732016892944093
1001.0,0.23409290294306584
1002.0,0.2363910971038864
1003.0,0.23724976935468142
1004.0,0.23746257441616675
1005.0,0.23594120624542947
1006.0,0.2350846664812561
1007.0,0.2381382128082598
1008.0,0.2407030878103891
1009.0,0.24329185302943843
1010.0,0.2464211924984516
1011.0,0.2465254824928317
1012.0,0.24807085896645154
1013.0,0.24882423412073681
1014.0,0.2496758569941525
1015.0,0.251604651297926
1016.0,0.25339378403861695
1017.0,0.2545894018694159
1018.0,0.2555277261775157
1019.0,0.25724127835616206
1020.0,0.2544250848985589
1021.0,0.25036119247070854
1022.0,0.2500201614845019
1023.0,0.2506208185961345
1024.0,0.2521138270878139
1025.0,0.25414322958915175
1026.0,0.25568849797284277
1027.0,0.2576879526879889
1028.0,0.2588592493563251
1029.0,0.26068878358051467
1030.0,0.2635926462443986
1031.0,0.26563420125226084
1032.0,0.2656689881053323
1033.0,0.2667501466046058
1034.0,0.2663745047318009
1035.0,0.26542812901297896
1036.0,0.2679935347891353
1037.0,0.27176344229953076
1038.0,0.2730883015289142
1039.0,0.27421498851913534
1040.0,0.27521014875155236
1041.0,0.274764452762368
1042.0,0.27502044536240455
1043.0,0.2752671745460484
1044.0,0.2762198193647178
1045.0,0.27651299178530214
1046.0,0.2769017823530296
1047.0,0.27875803103257446
1048.0,0.2813935971525341
1049.0,0.2831512044061342
1050.0,0.2851807674675848
1051.0,0.2844296487355365
1052.0,0.2846815055382587
1053.0,0.28723839586839967
1054.0,0.28656511606958823
1055.0,0.2873425558982857
1056.0,0.288080924850196
1057.0,0.2889446771757184
1058.0,0.287258168919658
1059.0,0.2876219468597087
1060.0,0.28995213362521244
1061.0,0.29202909858366893
1062.0,0.2949517369881377
1063.0,0.29801484488044977
1064.0,0.299123774128977
1065.0,0.29990848725877933
1066.0,0.30011363358200016
1067.0,0.3009690644137848
1068.0,0.3030256603840617
1069.0,0.30476820659780124
1070.0,0.3063929835774637
1071.0,0.3079461012418058
1072.0,0.3096126295717288
1073.0,0.3107107479772902
1074.0,0.3107497112023943
1075.0,0.3109819949072707
1076.0,0.31089565625128435
1077.0,0.3105398280054548
1078.0,0.311953508999448
1079.0,0.3134625418356154
1080.0,0.31495325205333713
1081.0,0.3169778250428727
1082.0,0.31780065505597
1083.0,0.3184796621448853
1084.0,0.3191686607761762
1085.0,0.31913330900610803
1086.0,0.3200777818402251
1087.0,0.32143819663015216
1088.0,0.3228152817822598
1089.0,0.3245414580847447
1090.0,0.3263681823986493
1091.0,0.32687708489641426
1092.0,0.32747893857385707
1093.0,0.32851172541724205
1094.0,0.3289206456949662
1095.0,0.3300504339454425
1096.0,0.33104039425098014
1097.0,0.3313962424811091
1098.0,0.3324181141146369
1099.0,0.3335923458367022
1100.0,0.3348647105228038
1101.0,0.336446252755477
1102.0,0.338733994429424
1103.0,0.3402204561701888
1104.0,0.3414222681618101
1105.0,0.34208515957135166
1106.0,0.34291338259566195
1107.0,0.3441579688595539
1108.0,0.3448958478099028
1109.0,0.3457571706095174
1110.0,0.3468966029396018
1111.0,0.34805994530683626
1112.0,0.34915804030818465
1113.0,0.35069798576409905
1114.0,0.3522746435915893
1115.0,0.35349243442002515
1116.0,0.354776666658024
1117.0,0.35670319500933684
1118.0,0.3579264790893987
1119.0,0.3586024169131732
1120.0,0.3595468450991982
1121.0,0.3601413060436135
1122.0,0.3611749090252465
1123.0,0.36246594635643736
1124.0,0.363641524035049
1125.0,0.365181524470213
1126.0,0.36652557805262415
1127.0,0.36772283703086645
1128.0,0.3685590724829992
1129.0,0.3699646860578935
1130.0,0.3716187602617715
1131.0,0.37306918338061956
1132.0,0.3750205496624908
1133.0,0.37638228919430816
1134.0,0.3772846373835199
1135.0,0.3780305262167535
1136.0,0.3791945807308888
1137.0,0.38033781859976323
1138.0,0.38099825208211835
1139.0,0.3819391376587146
1140.0,0.3830340960581466
1141.0,0.384197386073145
1142.0,0.38536775378120924
1143.0,0.38688966467955155
1144.0,0.3883082526430581
1145.0,0.38944152487361644
1146.0,0.39088483513204697
1147.0,0.3930771569590916
1148.0,0.3945354085441306
1149.0,0.3956851203657983
1150.0,0.3966667352780895
1151.0,0.3978079680290707
1152.0,0.3986195837518797
1153.0,0.3992678259406638
1154.0,0.4000571776604228
1155.0,0.40088732554624285
1156.0,0.4017750312355312
1157.0,0.4030867952257998
1158.0,0.40526119435610064
1159.0,0.40672476802150714
1160.0,0.4080980431976505
1161.0,0.409388487818919
1162.0,0.41061221291078887
1163.0,0.4116028602492106
1164.0,0.41196775826793186
1165.0,0.41302707053524984
1166.0,0.4143548501463035
1167.0,0.4155504531657943
1168.0,0.4171096187575106
1169.0,0.41849443490265564
1170.0,0.419608233843335
1171.0,0.4204711439543307
1172.0,0.42144542448814887
1173.0,0.42251519198849247
1174.0,0.4235532185851804
1175.0,0.424384936614317
1176.0,0.42563602792895944
1177.0,0.427373568473619
1178.0,0.4285776060093331
1179.0,0.42941277707030706
1180.0,0.4305932046167674
1181.0,0.43162319009793854
1182.0,0.4328828542636882
1183.0,0.4342734150603553
1184.0,0.4361363639043194
1185.0,0.4377721848508331
1186.0,0.43868086110221094
1187.0,0.4399986558038417
1188.0,0.4415594463854011
1189.0,0.44276866711271184
1190.0,0.4436547486895172
1191.0,0.4450588651976215
1192.0,0.44671718886932155
1193.0,0.4479314098836159
1194.0,0.44932271045674943
1195.0,0.4505325059466468
1196.0,0.45118815884570673
1197.0,0.45205512547788484
1198.0,0.4531015448944238
1199.0,0.4539758285055107
1200.0,0.4550260156155306
1201.0,0.45628013034173953
1202.0,0.4577915917938961
1203.0,0.45921709929911125
1204.0,0.4606326374374224
1205.0,0.4618720890260816
1206.0,0.463521601640718
1207.0,0.4655709412947176
1208.0,0.46717999765567914
1209.0,0.46887109311206726
1210.0,0.4702226122135398
1211.0,0.47107710650980145
1212.0,0.4721707957324533
1213.0,0.4732018675845402
1214.0,0.4743474090797045
1215.0,0.47546369268899047
1216.0,0.47673589564470337
1217.0,0.47819246211019356
1218.0,0.4799009862267623
1219.0,0.4814732713892714
1220.0,0.4834336273730055
1221.0,0.4846295893209657
1222.0,0.48524694871497226
1223.0,0.48634445333797843
1224.0,0.48716758693363155
1225.0,0.4882996738054167
1226.0,0.4899605134917966
1227.0,0.4913795667183615
1228.0,0.49276578958744405
1229.0,0.4940481543836749
1230.0,0.49518163715225055
1231.0,0.4963684869734708
1232.0,0.49752254414681923
1233.0,0.4986542709574573
1234.0,0.4996039538288778
1235.0,0.5010814089112214
1236.0,0.5025604256938833
1237.0,0.5042700698744054
1238.0,0.5056292808225518
1239.0,0.5069114360814364
1240.0,0.5084326172839494
1241.0,0.5096794361532285
1242.0,0.5112514583738149
1243.0,0.5136298832386834
1244.0,0.5152536376899829
1245.0,0.5165614833613634
1246.0,0.5178230147970604
1247.0,0.5186574788732503
1248.0,0.5196347047982591
1249.0,0.520561749262686
1250.0,0.5215739417266656
1251.0,0.5225079199807235
1252.0,0.523649336795171
1253.0,0.5249248314414435
1254.0,0.526392572232051
1255.0,0.5277302180112735
1256.0,0.5293711093625203
1257.0,0.5304265971716131
1258.0,0.5309782911146957
1259.0,0.5319959295753091
1260.0,0.5326620772718843
1261.0,0.5339872253948977
1262.0,0.5361604282218383
1263.0,0.5377566342783358
1264.0,0.5394526762133527
1265.0,0.5409433017759928
1266.0,0.5418126556174084
1267.0,0.5431588299110465
1268.0,0.5450150333017989
1269.0,0.5463894115668783
1270.0,0.5477621517158051
1271.0,0.5492946296491756
1272.0,0.5504948677117697
1273.0,0.5512823688861029
1274.0,0.5523458277423328
1275.0,0.5533972965831325
1276.0,0.5545554998522583
1277.0,0.5556893242919368
1278.0,0.5570107381803108
1279.0,0.5586300931060436
1280.0,0.5600085348127338
1281.0,0.5613611698372101
1282.0,0.5627309322038534
1283.0,0.5640763029983985
1284.0,0.5653128326247518
1285.0,0.5665905369684274
1286.0,0.5677566800157761
1287.0,0.5689866354669774
1288.0,0.5695424589536643
1289.0,0.5707919101787867
1290.0,0.5721629862578076
1291.0,0.5736702734159318
1292.0,0.5757159185720127
1293.0,0.577038590798549
1294.0,0.578067093786853
1295.0,0.5792028808898424
1296.0,0.5798987279155934
1297.0,0.5810110874545373
1298.0,0.5824978175597207
1299.0,0.5837488244984604
1300.0,0.5847619923115229
1301.0,0.5861792902248534
1302.0,0.5877346110559608
1303.0,0.5893372153566411
1304.0,0.5917019523687149
1305.0,0.5933339440977833
1306.0,0.5946473397805272
1307.0,0.5955253442850174
1308.0,0.5968004548648445
1309.0,0.5976467313579169
1310.0,0.5991706714328038
1311.0,0.6013095793740658
1312.0,0.6030436709127346
1313.0,0.6049962917758551
1314.0,0.6064642508034438
1315.0,0.6075775904574693
1316.0,0.6088389532983295
1317.0,0.6098431943109814
1318.0,0.6110115998444359
1319.0,0.6123537793796173
1320.0,0.6135993342701249
1321.0,0.6147465271137087
1322.0,0.6159756066077261
1323.0,0.6173636969318845
1324.0,0.6185612199712404
1325.0,0.6194528698546621
1326.0,0.6206896756806619
1327.0,0.6220318224761942
1328.0,0.6234614192629682
1329.0,0.6246780952756639
1330.0,0.6258853067111482
1331.0,0.6274792215379218
1332.0,0.629129187922843
1333.0,0.6306178564666349
1334.0,0.6324705288109655
1335.0,0.6340788654962114
1336.0,0.6352381750314798
1337.0,0.6366340456126441
1338.0,0.6384777504804606
1339.0,0.639845731677261
1340.0,0.6406728312266181
1341.0,0.6418894514141642
1342.0,0.6431518624814198
1343.0,0.6444171620852845
1344.0,0.6458388448963108
1345.0,0.6473109072898604
1346.0,0.6488630767337908
1347.0,0.6502112684049228
1348.0,0.6516673343622371
1349.0,0.6533626453791488
1350.0,0.6546504280111453
1351.0,0.655698724423414
1352.0,0.6568264670124935
1353.0,0.6577956627435174
1354.0,0.6588495238543541
1355.0,0.6599214760942442
1356.0,0.6610140469306636
1357.0,0.6618531752054719
1358.0,0.6632583508176655
1359.0,0.6653439461076166
1360.0,0.666716954121537
1361.0,0.6679833511838431
1362.0,0.6693199374899432
1363.0,0.6699930328982519
1364.0,0.671184523765761
1365.0,0.673214924060359
1366.0,0.6746162545089185
1367.0,0.6758548709957317
1368.0,0.6768575602968153
1369.0,0.6779017691374509
1370.0,0.6785041177371308
1371.0,0.6797139582561209
1372.0,0.6812831725515943
1373.0,0.6825884576387987
1374.0,0.6840992027640782
1375.0,0.6852888516262547
1376.0,0.6859727939132788
1377.0,0.6873142006879742
1378.0,0.6889057304937449
1379.0,0.6904275150158699
1380.0,0.6925057234184921
1381.0,0.6940552110864012
1382.0,0.6953030427199157
1383.0,0.6964269524542324
1384.0,0.6971181226095344
1385.0,0.6981344955026563
1386.0,0.6991383056339122
1387.0,0.7002381708557863
1388.0,0.701638210281216
1389.0,0.7029051265812812
1390.0,0.7043773190420786
1391.0,0.7053545338981486
1392.0,0.7062466554007808
1393.0,0.7069118458323922
1394.0,0.7078534865766318
1395.0,0.7086807243754072
1396.0,0.7095654104996542
1397.0,0.7107298376062776
1398.0,0.7115909474882152
1399.0,0.7122288880368595
1400.0,0.7128786857416886
1401.0,0.7133791406972391
1402.0,0.7141560239578021
1403.0,0.7149934901826888
1404.0,0.7158068134512371
1405.0,0.7167903484704978
1406.0,0.7177009134614065
1407.0,0.7183791073044394
1408.0,0.7193702242715259
1409.0,0.7206903068022255
1410.0,0.7218335758043115
1411.0,0.7230646618644508
1412.0,0.7241608840305399
1413.0,0.7251212006944707
1414.0,0.726038127677343
1415.0,0.7268376531873356
1416.0,0.7278344424076223
1417.0,0.7288558888585315
1418.0,0.729833669135577
1419.0,0.7310371325075691
1420.0,0.7324225159749442
1421.0,0.7337778893037088
1422.0,0.7352974849085947
1423.0,0.7366868774387904
1424.0,0.7381036410492067
1425.0,0.7393953788877609
1426.0,0.7403610046970323
1427.0,0.7418057591329617
1428.0,0.7435371514864388
1429.0,0.7450178945426239
1430.0,0.7467960869529569
1431.0,0.7482482336972356
1432.0,0.7492198241205429
1433.0,0.7504767485088869
1434.0,0.7519095757767348
1435.0,0.7531750805635258
1436.0,0.7543973680211151
1437.0,0.7555873483196408
1438.0,0.7565849499242446
1439.0,0.7577140121281836
1440.0,0.7588533641584706
1441.0,0.7601872947434508
1442.0,0.7616879063284956
1443.0,0.7628368497170104
1444.0,0.7642406871810785
1445.0,0.765765535674314
1446.0,0.7672087911511661
1447.0,0.7687083669325487
1448.0,0.7701183622999331
1449.0,0.7714296647657307
1450.0,0.772816607199908
1451.0,0.7742784180759563
1452.0,0.7755094431898284
1453.0,0.7767208064212845
1454.0,0.7778060780456437
1455.0,0.7786386909352486
1456.0,0.7795975171665861
1457.0,0.7805311519703391
1458.0,0.7815100102512619
1459.0,0.7825404239405545
1460.0,0.7834993088646445
1461.0,0.7843307402069268
1462.0,0.7853855230320337
1463.0,0.7864493898815448
1464.0,0.7876409336766982
1465.0,0.7893397113491165
1466.0,0.790643566376452
1467.0,0.7917041066078851
1468.0,0.7928150264428462
1469.0,0.7940887002555563
1470.0,0.7946265324640155
1471.0,0.7956524413331553
1472.0,0.7967926834773544
1473.0,0.7979664519631131
1474.0,0.7992206469760228
1475.0,0.8004985734354048
1476.0,0.8018799367434606
1477.0,0.8031836925305339
1478.0,0.8044828552887558
1479.0,0.8057228882975754
1480.0,0.8068738249273354
1481.0,0.8081675749950519
1482.0,0.8095421220428912
1483.0,0.8108179497887048
1484.0,0.8120380674725792
1485.0,0.8134036584890537
1486.0,0.8147105102093765
1487.0,0.816161034934356
1488.0,0.8179777175449991
1489.0,0.8194987296797401
1490.0,0.8208068303836424
1491.0,0.8222761537746753
1492.0,0.8238053632012853
1493.0,0.8251694964740419
1494.0,0.8266088196365647
1495.0,0.8279613781567184
1496.0,0.829099858270737
1497.0,0.8302427811144847
1498.0,0.8313038889459017
1499.0,0.8324500415709245
1500.0,0.8335802835540935
1501.0,0.8347298092095944
1502.0,0.8358709628361243
1503.0,0.837398008321357
1504.0,0.838643936151854
1505.0,0.8398032859787026
1506.0,0.8410596917521933
1507.0,0.8423270446707042
1508.0,0.8435435676614476
1509.0,0.8448255902271058
1510.0,0.8459368816132151
1511.0,0.8469574446115774
1512.0,0.8478992351849439
1513.0,0.8484994660574846
1514.0,0.8496929739835781
1515.0,0.8511751121264564
1516.0,0.8524980095138714
1517.0,0.8541120037926061
1518.0,0.8555943893208258
1519.0,0.8566789552345596
1520.0,0.8582363233592344
1521.0,0.8604578658420301
1522.0,0.8619836643652037
1523.0,0.8633479104018774
1524.0,0.8646277181666185
1525.0,0.8651988271922214
1526.0,0.866388709252243
1527.0,0.8680612994496814
1528.0,0.869484995637917
1529.0,0.8711442593815472
1530.0,0.8725217385333949
1531.0,0.8735886717197234
1532.0,0.8747123879137123
1533.0,0.8757730836430092
1534.0,0.8767772942793081
1535.0,0.8777112135362818
1536.0,0.878663274828381
1537.0,0.8793779000985094
1538.0,0.8804340321670753
1539.0,0.8816158321263092
1540.0,0.8828203346253122
1541.0,0.8842169904928635
1542.0,0.8858625985944452
1543.0,0.8873816280000875
1544.0,0.8890555550977158
1545.0,0.8904152059904608
1546.0,0.8916004513362998
1547.0,0.8929149580799777
1548.0,0.8940764849028884
1549.0,0.8953913458111918
1550.0,0.8969354307952053
1551.0,0.8982190804072907
1552.0,0.8992943022392883
1553.0,0.9006385865804639
1554.0,0.9021406928441783
1555.0,0.9033547274171044
1556.0,0.9046918925425683
1557.0,0.9057192325060934
1558.0,0.9062081011969468
1559.0,0.9071207766241466
1560.0,0.9081565908441941
1561.0,0.9091492613635783
1562.0,0.9102079620879017
1563.0,0.9113457789034969
1564.0,0.912408774856664
1565.0,0.9136684618043234
1566.0,0.9152336544490269
1567.0,0.9166022358910337
1568.0,0.9179642726707471
1569.0,0.9193198875604991
1570.0,0.92069945979365
1571.0,0.9218922836181841
1572.0,0.9229628100521642
1573.0,0.9240845614562886
1574.0,0.9249971467704343
1575.0,0.9260859427766539
1576.0,0.9273136338482437
1577.0,0.928554321206643
1578.0,0.9297907964896324
1579.0,0.9311336717013958
1580.0,0.9326511058892692
1581.0,0.9340890277865807
1582.0,0.935702535551412
1583.0,0.9370602481709835
1584.0,0.9380840705868355
1585.0,0.9393024181688173
1586.0,0.9404476133242311
1587.0,0.9416683805430868
1588.0,0.9432780203696645
1589.0,0.9445594659248774
1590.0,0.945686055159166
1591.0,0.9466750090126071
1592.0,0.9475976773158059
1593.0,0.9481849834051586
1594.0,0.9492843847361102
1595.0,0.9505191629198947
1596.0,0.9518260783590999
1597.0,0.9535179877378049
1598.0,0.9546912798081614
1599.0,0.955692473024544
1600.0,0.9566845764607463
1601.0,0.9573062131860475
1602.0,0.9584829410624837
1603.0,0.9598935427793753
1604.0,0.9612689166838874
1605.0,0.9629176591467878
1606.0,0.9643896559391486
1607.0,0.9659740753975957
1608.0,0.9670369241079153
1609.0,0.96783900090228
1610.0,0.9687129451467001
1611.0,0.9692076231912329
1612.0,0.9698756163372579
1613.0,0.9706574149825428
1614.0,0.9714994869250202
1615.0,0.9721778061562597
1616.0,0.9731497921321566
1617.0,0.9744970750412799
1618.0,0.9756056692134665
1619.0,0.9767424115244135
1620.0,0.9777667972730475
1621.0,0.9786669858032183
1622.0,0.9796182069147215
1623.0,0.9804792671999657
1624.0,0.9814898624666111
1625.0,0.9825977178585983
1626.0,0.9836740778909505
1627.0,0.984905555413136
1628.0,0.9859013929695583
1629.0,0.986698556718232
1630.0,0.9876486585228565
1631.0,0.988634100737555
1632.0,0.9894725971723602
1633.0,0.9904614992618394
1634.0,0.9911092585815336
1635.0,0.9912891517228258
1636.0,0.9917864411745143
1637.0,0.9921716321410757
1638.0,0.9927966301302862
1639.0,0.9935425077069089
1640.0,0.9945615195720887
1641.0,0.9960360079397524
1642.0,0.9971559767510914
1643.0,0.9984101141194861
1644.0,0.999466279386173
1645.0,1.0000610816640758
1646.0,1.000938506101115
1647.0,1.0018601698415806
1648.0,1.0029683670537894
1649.0,1.004414810859495
1650.0,1.0054824389360975
1651.0,1.0065910693150923
1652.0,1.0074812786630853
1653.0,1.007985079435085
1654.0,1.008599021323525
1655.0,1.0092168825738952
1656.0,1.0098027013210849
1657.0,1.0100776012307788
1658.0,1.0107997738199985
1659.0,1.011716201982483
1660.0,1.01266864798143
1661.0,1.0139517628273043
1662.0,1.0152089116256675
1663.0,1.0167395090602167
1664.0,1.0178628567381238
1665.0,1.0189005355799485
1666.0,1.0197506789761557
1667.0,1.0201033490417466
1668.0,1.0205850166542711
1669.0,1.0210485162251655
1670.0,1.0215306521718013
1671.0,1.0217322910632542
1672.0,1.0223986396921478
1673.0,1.0233616997913455
1674.0,1.024405577649269
1675.0,1.0257041308696844
1676.0,1.0271895501698307
1677.0,1.0290283526900257
1678.0,1.0304185343529475
1679.0,1.0316921914548254
1680.0,1.0331323224920135
1681.0,1.0343651219834402
1682.0,1.0357984225217054
1683.0,1.0376388451568808
1684.0,1.0391832266650018
1685.0,1.0404942687559675
1686.0,1.0418044617958677
1687.0,1.0432732944264795
1688.0,1.0443780475098268
1689.0,1.0449375083606844
1690.0,1.0459624886660286
1691.0,1.0467899790528308
1692.0,1.0480864393551135
1693.0,1.0501969274657608
1694.0,1.0519114210403167
1695.0,1.0538962518602253
1696.0,1.0553135409827805
1697.0,1.0559467095699937
1698.0,1.057156424450371
1699.0,1.0583416367308731
1700.0,1.059574859918299
1701.0,1.0615836069836477
1702.0,1.0629131545139343
1703.0,1.0635640985912405
1704.0,1.0644428958035892
1705.0,1.0649443384557642
1706.0,1.065799513847765
1707.0,1.066963132433683
1708.0,1.0681596841322252
1709.0,1.0697484217678437
1710.0,1.070977513103338
1711.0,1.071844022523474
1712.0,1.0729954396641372
1713.0,1.0742583113366846
1714.0,1.0752762539743639
1715.0,1.0765734102435458
1716.0,1.0775336104653217
1717.0,1.0778094393011641
1718.0,1.0787034572299574
1719.0,1.079854515786136
1720.0,1.0808490548903689
1721.0,1.0822438094763607
1722.0,1.0831932303037513
1723.0,1.083524898919543
1724.0,1.0842054577976223
1725.0,1.0849450645674814
1726.0,1.0856019984482954
1727.0,1.086445357946875
1728.0,1.0872205033385824
1729.0,1.087758288987122
1730.0,1.088768516825407
1731.0,1.0901165352798379
1732.0,1.0911393741474646
1733.0,1.0923420283107719
1734.0,1.0932122608027315
1735.0,1.093661153327381
1736.0,1.0942302351075444
1737.0,1.094752714255798
1738.0,1.0953583299445628
1739.0,1.09575308949962
1740.0,1.0966252407272996
1741.0,1.0979558718447449
1742.0,1.0989053909186524
1743.0,1.100154985510054
1744.0,1.100968829425036
1745.0,1.101074344852806
1746.0,1.1019530162816527
1747.0,1.1029454737694557
1748.0,1.1040242009209662
1749.0,1.1057656678368417
1750.0,1.1068211778165744
1751.0,1.1073530011263193
1752.0,1.1084327391858624
1753.0,1.109582065631622
1754.0,1.1107520511802726
1755.0,1.1120910356484066
1756.0,1.1127546139154711
1757.0,1.1132050170437906
1758.0,1.1137339334156837
1759.0,1.1142690858327444
1760.0,1.1150486250034215
1761.0,1.1156619800461267
1762.0,1.11666896312838
1763.0,1.1178217439380322
1764.0,1.1186416848663434
1765.0,1.1199103148168283
1766.0,1.1202018547877226
1767.0,1.1203130943450057
1768.0,1.1213301994569185
1769.0,1.1220170120345263
1770.0,1.1226152369221867
1771.0,1.1234556485761158
1772.0,1.1244003367971538
1773.0,1.1251702192427577
1774.0,1.126060898874563
1775.0,1.1270426188850433
1776.0,1.1278481020793125
1777.0,1.1288307883906246
1778.0,1.1302426441405236
1779.0,1.1317254192637303
1780.0,1.132671824971425
1781.0,1.1330779552074162
1782.0,1.1336329466885564
1783.0,1.1342451626936176
1784.0,1.1345849023660386
1785.0,1.1350691237771315
1786.0,1.135515968539316
1787.0,1.1359634207217162
1788.0,1.1366350224226234
1789.0,1.1374339378102556
1790.0,1.1382177459979845
1791.0,1.1395903207825937
1792.0,1.142261167792384
1793.0,1.1435292547301903
1794.0,1.1442137598678563
1795.0,1.1449455570575438
1796.0,1.1445246233734014
1797.0,1.144993111828957
1798.0,1.146482437687584
1799.0,1.1478115726331806
1800.0,1.14808237602254
1801.0,1.1457192713802131
1802.0,1.1456695979427143
1803.0,1.1457375876632627
1804.0,1.1459706724149337
1805.0,1.1450156538337644
1806.0,1.1458084050154238
1807.0,1.1481779878166283
1808.0,1.1494803337857922
1809.0,1.1506779997772767
1810.0,1.1520489926499682
1811.0,1.1530055373750936
1812.0,1.154343484444273
1813.0,1.158297699198817
1814.0,1.1601996620145618
1815.0,1.1617183836696894
1816.0,1.1630816601298288
1817.0,1.164779224255472
1818.0,1.1655769068936903
1819.0,1.1668239690944804
1820.0,1.1699285792971874
1821.0,1.1711377346138587
1822.0,1.171081760486331
1823.0,1.169721038687015
1824.0,1.1703121654927695
1825.0,1.1705571453122139
1826.0,1.171520935789426
1827.0,1.1741936931080672
1828.0,1.1758751580005833
1829.0,1.178078638909834
1830.0,1.178688195102029
1831.0,1.1786632622154307
1832.0,1.1771870982949484
1833.0,1.176173002259713
1834.0,1.175883420682363
1835.0,1.176998790108581
1836.0,1.180801202495655
1837.0,1.1821539590966486
1838.0,1.1831855240582174
1839.0,1.1842925890568219
1840.0,1.1844618435094032
1841.0,1.18507455157574
1842.0,1.1855989742375241
1843.0,1.1857743442841266
1844.0,1.186843505208319
1845.0,1.1860458935379525
1846.0,1.186340259553218
1847.0,1.1879257010199105
1848.0,1.188710147378285
1849.0,1.1887139237771736
1850.0,1.1896287100357845
1851.0,1.1912651739364832
1852.0,1.192289410198781
1853.0,1.1927444067234816
1854.0,1.193210929229693
1855.0,1.1929601347984942
1856.0,1.1917221224354506
1857.0,1.1912419808171906
1858.0,1.1902135421452051
1859.0,1.1906979213331268
1860.0,1.19215568292813
1861.0,1.1938243818131742
1862.0,1.1951760839466876
1863.0,1.1962209804094257
1864.0,1.1962092871401215
1865.0,1.195138312379461
1866.0,1.1956536293914017
1867.0,1.1966805033541248
1868.0,1.1971136138311151
1869.0,1.1984777293927529
1870.0,1.1986227614197063
1871.0,1.1979581671221575
1872.0,1.1965573646553544
1873.0,1.1951211190548916
1874.0,1.1936731493771087
1875.0,1.19221072923447
1876.0,1.189755987656275
1877.0,1.1873369046671327
1878.0,1.1849727474642826
1879.0,1.1829918572572395
1880.0,1.181741334607158
1881.0,1.1799055159623597
1882.0,1.178451066527581
1883.0,1.1756411637062811
1884.0,1.172532415767909
1885.0,1.1695136590615298
1886.0,1.1673493107145598
1887.0,1.1653384139368848
1888.0,1.162714509417665
1889.0,1.1596376547886469
1890.0,1.1555933504374474
1891.0,1.150216334744233
1892.0,1.1450789620908286
1893.0,1.1403676054044516
1894.0,1.1351129746238502
1895.0,1.1312077877392148
1896.0,1.1274379711203044
1897.0,1.122181906686209
1898.0,1.1163676420705346
1899.0,1.1100072129420373
1900.0,1.1028730633498367
1901.0,1.0970503297754224
1902.0,1.0916715649287199
1903.0,1.0880360690485344
1904.0,1.083493016261188
1905.0,1.0787180744331173
1906.0,1.0747109866216653
1907.0,1.069659575870712
1908.0,1.0644725744080659
1909.0,1.060573581867315
1910.0,1.0567308483409141
1911.0,1.053567788589743
1912.0,1.0515833129663112
1913.0,1.0494465679352143
1914.0,1.047849656403804
1915.0,1.046128634427133
1916.0,1.0444981543999838
1917.0,1.044525587247397
1918.0,1.0455739785062936
1919.0,1.0468732090820192
1920.0,1.048288616812107
1921.0,1.0471850649664511
1922.0,1.046565050075229
1923.0,1.0464628289488787
1924.0,1.0462234151857432
1925.0,1.0454393253098684
1926.0,1.047773951420826
1927.0,1.0487285735389902
1928.0,1.048686923225539
1929.0,1.0504253499240335
1930.0,1.0502122142732484
1931.0,1.0514067905887041
1932.0,1.0543924162443339
1933.0,1.0561686551051648
1934.0,1.0579415818238413
1935.0,1.0588087039602487
1936.0,1.0585189362637093
1937.0,1.0591558235491896
1938.0,1.059934927643891
1939.0,1.0617507511251751
1940.0,1.0636328922089884
1941.0,1.0651815713763557
1942.0,1.0665684114950722
1943.0,1.0684080830077893
1944.0,1.0703892509202277
1945.0,1.0718136131483442
1946.0,1.0736069198929812
1947.0,1.0750841257358863
1948.0,1.076252586147358
1949.0,1.0767694376155996
1950.0,1.0780177819562153
1951.0,1.0790091320921882
1952.0,1.0806356009693527
1953.0,1.0824813512324993
1954.0,1.0843290722222112
1955.0,1.0872940625188874
1956.0,1.0896878727685086
1957.0,1.0920858118611267
1958.0,1.0943883219098118
1959.0,1.0958199052347566
1960.0,1.0961442466905744
1961.0,1.0970985767920363
1962.0,1.0973644184078137
1963.0,1.0985761989597265
1964.0,1.1005555468228652
1965.0,1.102507705981353
1966.0,1.104540673846336
1967.0,1.1064425944847074
1968.0,1.1092957548144236
1969.0,1.1117677980090972
1970.0,1.1134791440018588
1971.0,1.1148627741229604
1972.0,1.1165102486784821
1973.0,1.1178380928187361
1974.0,1.1192105781486632
1975.0,1.1207837195057104
1976.0,1.122614397042175
1977.0,1.1234008542722511
1978.0,1.1235713186818674
1979.0,1.125257043975204
1980.0,1.1269882520605052
1981.0,1.1287820509793451
1982.0,1.1302946030536984
1983.0,1.1319966633368819
1984.0,1.1344764466524448
1985.0,1.136395009254514
1986.0,1.1389729717620989
1987.0,1.1409298817304412
1988.0,1.1423910477126826
1989.0,1.1428273607463137
1990.0,1.1442364868339125
1991.0,1.1458720231294064
1992.0,1.1479797104877645
1993.0,1.149998051472851
1994.0,1.1517130714301171
1995.0,1.1540347929735855
1996.0,1.155908189436089
1997.0,1.15709940555043
1998.0,1.159074945711557
1999.0,1.1615324388651913
2000.0,1.163504713992189
2001.0,1.165453074108181
2002.0,1.1679438227270003
2003.0,1.1694849223930195
2004.0,1.170310925339271
2005.0,1.1715618615494496
2006.0,1.1734699374904567
2007.0,1.1760473137670737
2008.0,1.1785655509791733
2009.0,1.180436359704466
2010.0,1.1819047785977859
2011.0,1.1834509989959612
2012.0,1.1842914926658195
2013.0,1.18594843298775
2014.0,1.1877011383211638
2015.0,1.1906057273505275
2016.0,1.1934236243093728
2017.0,1.1957231258020085
2018.0,1.1989117275039105
2019.0,1.2004322023864322
2020.0,1.2006172281679885
2021.0,1.200741778187181
2022.0,1.2012530485635073
2023.0,1.2022683203004658
2024.0,1.2034431588818344
2025.0,1.2056045762280396
2026.0,1.207648512014296
2027.0,1.2096427937400096
2028.0,1.2115458814918494
2029.0,1.2135233222439457
2030.0,1.2164814603687266
2031.0,1.2181201840723026
2032.0,1.2186003430703685
2033.0,1.2210207209865056
2034.0,1.2222016118280077
2035.0,1.2232930595461644
2036.0,1.2255344983214078
2037.0,1.2266187502588266
2038.0,1.2268838876245982
2039.0,1.226688022584375
2040.0,1.2252026951512398
2041.0,1.2255264997715878
2042.0,1.2260300733457372
2043.0,1.227080147562314
2044.0,1.2300017874159248
2045.0,1.2317312678668841
2046.0,1.2325163041357114
2047.0,1.23277373798298
2048.0,1.233486660625515
2049.0,1.2346284674448003
2050.0,1.236649962151706
2051.0,1.238916305002572
2052.0,1.2411833255828149
2053.0,1.2448804262848336
2054.0,1.246104207453377
2055.0,1.2460041877009538
2056.0,1.2465355792368789
2057.0,1.244710535489711
2058.0,1.2447131895488666
2059.0,1.246264584114931
2060.0,1.2474711124622817
2061.0,1.249388723668985
2062.0,1.2509681244325226
2063.0,1.2509593262912628
2064.0,1.252019461067263
2065.0,1.2531895241351783
2066.0,1.2556979658687868
2067.0,1.2569701416929175
2068.0,1.2584736416556312
2069.0,1.259686982004923
2070.0,1.259184021768014
2071.0,1.2601689295526168
2072.0,1.263273647894195
2073.0,1.2649514664761226
2074.0,1.266246530804473
2075.0,1.2674352515265084
2076.0,1.2673813744789193
2077.0,1.2667222731999863
2078.0,1.2672207551677719
2079.0,1.2678156804381484
2080.0,1.268621713171416
2081.0,1.2704361918155558
2082.0,1.2722425652766187
2083.0,1.2743702975398903
2084.0,1.2757187693498482
2085.0,1.2773861354139016
2086.0,1.2784209503974941
2087.0,1.2788330047852008
2088.0,1.2790105571086476
2089.0,1.2790846186237688
2090.0,1.278623564571232
2091.0,1.277687270389452
2092.0,1.2762883511465413
2093.0,1.2741898048484879
2094.0,1.2749672527649982
2095.0,1.2769337030281123
2096.0,1.2779075677440939
2097.0,1.2792442894565792
2098.0,1.28201757266992
2099.0,1.2823073260594156
2100.0,1.281164713535422
2101.0,1.2807211400694694
2102.0,1.2782464665342976
2103.0,1.2792076794629217
2104.0,1.2823468012736454
2105.0,1.2845833299510245
2106.0,1.289199197064635
2107.0,1.291736881811686
2108.0,1.2914795302553737
2109.0,1.2915403227367774
2110.0,1.292101844395115
2111.0,1.2935178127809472
2112.0,1.29438826306891
2113.0,1.2947213108969007
2114.0,1.2942772416182333
2115.0,1.2908259096227406
2116.0,1.2905911868303717
2117.0,1.2919453021194862
2118.0,1.2927504648002153
2119.0,1.29521327295139
2120.0,1.2968244653807561
2121.0,1.2964193125990413
2122.0,1.298285972831403
2123.0,1.302477236458397
2124.0,1.3047450884655647
2125.0,1.3075148305557829
2126.0,1.3099820634946597
2127.0,1.3087392610999058
2128.0,1.3079207987659403
2129.0,1.3079193103045526
2130.0,1.3079205942072205
2131.0,1.3108664550904359
2132.0,1.3120084298326522
2133.0,1.3123700716979554
2134.0,1.3128699010713991
2135.0,1.3117871020508345
2136.0,1.307811424495815
2137.0,1.306190807614661
2138.0,1.3044586982227586
2139.0,1.30366409342659
2140.0,1.3043334978225531
2141.0,1.30474591412301
2142.0,1.30686474514822
2143.0,1.3057249537532403
2144.0,1.3034746600486866
2145.0,1.3031422187065547
2146.0,1.3013916489078716
2147.0,1.3000471395269368
2148.0,1.3011604093381919
2149.0,1.302366350229243
2150.0,1.3037745227261044
2151.0,1.3069650978658531
2152.0,1.3091887665356627
2153.0,1.3123701007031467
2154.0,1.3132654627103273
2155.0,1.3120238167082614
2156.0,1.312121125816237
2157.0,1.3121452025757765
2158.0,1.311526101638731
2159.0,1.3112248351555509
2160.0,1.3110850185014746
2161.0,1.3089781611296119
2162.0,1.308818976193637
2163.0,1.3112596493966093
2164.0,1.3123448792809045
2165.0,1.3106039474494073
2166.0,1.3092533354000533
2167.0,1.306715543676222
2168.0,1.3046257351987993
2169.0,1.3058061375845775
2170.0,1.3066446454819023
2171.0,1.3082666409191124
2172.0,1.3117642089740749
2173.0,1.3121528930300042
2174.0,1.311538678614449
2175.0,1.3117880584660884
2176.0,1.3100050179599232
2177.0,1.3095662162238686
2178.0,1.3115582804167656
2179.0,1.3114894699124306
2180.0,1.3089519224746335
2181.0,1.3086431548093063
2182.0,1.308959433071885
2183.0,1.3095482269635261
2184.0,1.3113650073815473
2185.0,1.314090265755458
2186.0,1.314459813984404
2187.0,1.313240865555006
2188.0,1.3110377838977982
2189.0,1.308585371882221
2190.0,1.307857127455222
2191.0,1.308527229882632
2192.0,1.3098116501283714
2193.0,1.3101752334834316
2194.0,1.3100627986331113
2195.0,1.3087498957667583
2196.0,1.3084690750812562
2197.0,1.3085487309415302
2198.0,1.3083402492730387
2199.0,1.3078034387493735
2200.0,1.3085698734806839
2201.0,1.309540223354199
2202.0,1.3100676905818518
2203.0,1.3124059538928066
2204.0,1.3131549232540545
2205.0,1.3118881916676377
2206.0,1.3125232291799724
2207.0,1.3120448737596957
2208.0,1.3105819524437372
2209.0,1.309516475253551
2210.0,1.310213994844864
2211.0,1.3110886321489912
2212.0,1.3108551500049883
2213.0,1.312086928017448
2214.0,1.3131697474185808
2215.0,1.3153340901312445
2216.0,1.3180110582914497
2217.0,1.318654559600204
2218.0,1.316865825972722
2219.0,1.3178476060021789
2220.0,1.3194588234127163
2221.0,1.3203577336279826
2222.0,1.3237204105199822
2223.0,1.32411820652356
2224.0,1.3207322345947365
2225.0,1.3199404478047532
2226.0,1.318876639913358
2227.0,1.3191406158990047
2228.0,1.3210069686608992
2229.0,1.3229632217815306
2230.0,1.3265530370219667
2231.0,1.328879124776998
2232.0,1.3308293820873696
2233.0,1.3336437393157883
2234.0,1.3330110340296148
2235.0,1.3301015459308934
2236.0,1.328714439743578
2237.0,1.3236047869137975
2238.0,1.3197984736091006
2239.0,1.3190814968385716
2240.0,1.3203121403336335
2241.0,1.3219541858769663
2242.0,1.3238690161257973
2243.0,1.3284045845979862
2244.0,1.3285615816070444
2245.0,1.3276826455475115
2246.0,1.3267930919078592
2247.0,1.3239300235427305
2248.0,1.3234661082722357
2249.0,1.3231599567904384
2250.0,1.3240042077069558
2251.0,1.3287523098866887
2252.0,1.3285220355725273
2253.0,1.3250114647737732
2254.0,1.324824565111866
2255.0,1.3241386489974691
2256.0,1.3233016756254343
2257.0,1.3250150354180166
2258.0,1.3254738947141922
2259.0,1.3234225723998114
2260.0,1.3227861022444334
2261.0,1.3233360262693599
2262.0,1.3231970169603557
2263.0,1.3252549615339704
2264.0,1.3271729809170294
2265.0,1.3252079645587915
2266.0,1.3256580564913059
2267.0,1.3238672436320387
2268.0,1.3197846822569441
2269.0,1.3213937821986794
2270.0,1.3242851803484355
2271.0,1.3260300180231714
2272.0,1.32714573706657
2273.0,1.3278051994423732
2274.0,1.326579039256626
2275.0,1.327824580616015
2276.0,1.3311375157352685
2277.0,1.32795130478646
2278.0,1.3199714676205796
2279.0,1.3177298804709068
2280.0,1.3114820982340645
2281.0,1.3100411940919219
2282.0,1.3157566812293693
2283.0,1.3171181251563353
2284.0,1.3164207403418369
2285.0,1.3191167255701943
2286.0,1.3260764132135858
2287.0,1.329143186854245
2288.0,1.331002730337952
2289.0,1.3319611521578432
2290.0,1.3287833973552734
2291.0,1.3276939397018843
2292.0,1.3287743149448006
2293.0,1.3301485073353612
2294.0,1.3315137701723534
2295.0,1.3330646279863425
2296.0,1.336591849896155
2297.0,1.3358603816998538
2298.0,1.3365748722384692
2299.0,1.3371948979819244
2300.0,1.3338256325008
2301.0,1.3305566052116742
2302.0,1.325716720393085
2303.0,1.3205176923633897
2304.0,1.3232334382624615
2305.0,1.3272288740601512
2306.0,1.3279679601179035
2307.0,1.3324215682664682
2308.0,1.331273023114689
2309.0,1.3236200060171535
2310.0,1.320658630158845
2311.0,1.3187783759375382
2312.0,1.3161889440682304
2313.0,1.3180968182058
2314.0,1.3253689952629686
2315.0,1.3303300702511178
2316.0,1.3334024334607577
2317.0,1.3363604801461317
2318.0,1.3327593219078802
2319.0,1.3298830078671406
2320.0,1.3281788710218827
2321.0,1.3280338854085452
2322.0,1.3248923786159803
2323.0,1.3199677539175299
2324.0,1.3173950884226797
2325.0,1.3118502974403883
2326.0,1.3106062349816758
2327.0,1.3138989063350641
2328.0,1.316017768776716
2329.0,1.3223623800712165
2330.0,1.3243510900867488
2331.0,1.3242224707593835
2332.0,1.3255219708391124
2333.0,1.3250750288849618
2334.0,1.3225860996360492
2335.0,1.3216715261166043
2336.0,1.3175649982047422
2337.0,1.3030437085549338
2338.0,1.2999031417649847
2339.0,1.3040027193655004
2340.0,1.3041887625799047
2341.0,1.3102731914384327
2342.0,1.3137581516927765
2343.0,1.3135154506692701
2344.0,1.3128873301442787
2345.0,1.3111070707496775
2346.0,1.310985502935836
2347.0,1.3107938047971808
2348.0,1.3086025749566628
2349.0,1.3077209039018232
2350.0,1.3117686551026173
2351.0,1.310522388991281
2352.0,1.3108992352678326
2353.0,1.3174858683034696
2354.0,1.3206118231803887
2355.0,1.3240554438523093
2356.0,1.3249057020035364
2357.0,1.322321534663903
2358.0,1.320744936865278
2359.0,1.3169025181313332
2360.0,1.3188713085059318
2361.0,1.3212713975101718
2362.0,1.3189665718794816
2363.0,1.3146910756807049
2364.0,1.3085594916934888
2365.0,1.3046072880939905
2366.0,1.3026884354628754
2367.0,1.2997774178113957
2368.0,1.295297456775444
2369.0,1.2946467083631803
2370.0,1.292095758483646
2371.0,1.2948424088288688
2372.0,1.2992368791510374
2373.0,1.2946581691038432
2374.0,1.2970950212129289
2375.0,1.2937328668771513
2376.0,1.294343593979443
2377.0,1.304816718599488
2378.0,1.2986843761909654
2379.0,1.3061867153363629
2380.0,1.3154496985973512
2381.0,1.3089031390151817
2382.0,1.3120112326369224
2383.0,1.3008751407176071
2384.0,1.284293017731087
2385.0,1.274128654255718
2386.0,1.2628037680319293
2387.0,1.2663632538245115
2388.0,1.2759863890950145
2389.0,1.2914449303652786
2390.0,1.3083734099926556
2391.0,1.30119910755635
2392.0,1.291705173415293
2393.0,1.2826720643784744
2394.0,1.271819688651726
2395.0,1.28692638059995
2396.0,1.299319214893883
2397.0,1.2999215648876128
2398.0,1.2987747296402232
2399.0,1.2846126824649897
2400.0,1.2698782407942777
2401.0,1.2615805060076994
2402.0,1.260066603265716
2403.0,1.2627739065996986
2404.0,1.2683814809268634
2405.0,1.2655842904313732
2406.0,1.2600093926397846
2407.0,1.2539250992757116
2408.0,1.2470339982807088
2409.0,1.2502451713120832
2410.0,1.2437676059772118
2411.0,1.2434590613407452
2412.0,1.2452919327229879
2413.0,1.2420266727179479
2414.0,1.2579189424774315
2415.0,1.2657348086094466
2416.0,1.2600531417516185
2417.0,1.2597709129332741
2418.0,1.2509871899928187
2419.0,1.24447214983816
2420.0,1.249107990945835
2421.0,1.2283908496397198
2422.0,1.2111794710544854
2423.0,1.211281154612679
2424.0,1.199582838603891
2425.0,1.2139768221196556
2426.0,1.2351296113127632
2427.0,1.237984045247831
2428.0,1.2389479854596808
2429.0,1.2327584660281543
2430.0,1.2249095808019703
2431.0,1.217895579734923
2432.0,1.227217023890858
2433.0,1.2321576629531767
2434.0,1.2413690583339303
2435.0,1.2469346823022696
2436.0,1.2276855188421176
2437.0,1.22147780788666
2438.0,1.2024112057103622
2439.0,1.1884416242148423
2440.0,1.1820635499600773
2441.0,1.1579246220773451
2442.0,1.1577485415291005
2443.0,1.161405679052787
2444.0,1.1538557439010153
2445.0,1.159420628196797
2446.0,1.1497199164359455
2447.0,1.144727640734236
2448.0,1.1562200328068457
2449.0,1.1666786806161558
2450.0,1.1925297470183298
2451.0,1.2073359274517668
2452.0,1.2108004474070528
2453.0,1.2046565196279824
2454.0,1.1781546776577525
2455.0,1.144411655686166
2456.0,1.1278888703977819
2457.0,1.1327332726667427
2458.0,1.1434108363021882
2459.0,1.1728505784612793
2460.0,1.1956816483087882
2461.0,1.202905962022821
2462.0,1.2082580972692867
2463.0,1.1961069868788585
2464.0,1.181729595194832
2465.0,1.1660704764412901
2466.0,1.1508527042391736
2467.0,1.156525810432094
2468.0,1.15373733083395
2469.0,1.142012507253201
2470.0,1.158571420922772
2471.0,1.1868678008667572
2472.0,1.2013823759310223
2473.0,1.2262320159949762
2474.0,1.2232300054868448
2475.0,1.1769759774322845
2476.0,1.1638377630674737
2477.0,1.1655509456863304
2478.0,1.1694608036016247
2479.0,1.2055276652426559
2480.0,1.2032212725744285
2481.0,1.1662348137126592
2482.0,1.141344508496502
2483.0,1.101000662214956
2484.0,1.0832921359543062
2485.0,1.0839976235424709
2486.0,1.0725594561871747
2487.0,1.0483486589261737
2488.0,1.0613635431710526
2489.0,1.0977064796469762
2490.0,1.126427089222989
2491.0,1.1898383750241834
2492.0,1.2107262014353435
2493.0,1.1991254838283185
2494.0,1.1935497871165384
2495.0,1.1842615113577626
2496.0,1.1835904100151893
2497.0,1.1637358086247054
2498.0,1.1585036756183371
2499.0,1.1837007035799656
2500.0,1.1295906233663298
