350.0,-0.1934977326869306
351.0,-0.10420098224377428
352.0,-0.10332512957790142
353.0,-0.0937250686513706
354.0,-0.030762677832009006
355.0,0.0019027626864878597
356.0,-0.04186850193894944
357.0,-0.08454761155029229
358.0,-0.058865570480890486
359.0,-0.017406500252846985
360.0,-0.016589557055654278
361.0,0.014152236620427732
362.0,0.007927439851278471
363.0,-0.020557098638675452
364.0,-0.025704171609377453
365.0,-0.03206621176129055
366.0,-0.015042025032180164
367.0,0.006752110861121597
368.0,-0.010297849622784115
369.0,0.005941339611247912
370.0,0.015301807375520558
371.0,0.010977809031476857
372.0,0.034258216793499933
373.0,0.022975063146363463
374.0,0.008777889692505966
375.0,0.01154709898146962
376.0,-0.00023435475847141896
377.0,0.0013485828466317494
378.0,0.011379625945045345
379.0,0.01685742295494154
380.0,0.006487910086402776
381.0,0.0021930518502637202
382.0,0.010912036481535107
383.0,0.027697803579004813
384.0,0.02571418978632761
385.0,0.02469298029517152
386.0,0.026177261702363494
387.0,0.022072201446856406
388.0,0.019801515760255895
389.0,0.019286471936394538
390.0,0.020960379362158735
391.0,0.02568161097910333
392.0,0.02464361331412421
393.0,0.02326457058509464
394.0,0.024554876403372734
395.0,0.02519616330375389
396.0,0.02189553797410178
397.0,0.02088887134121906
398.0,0.02507630824078189
399.0,0.024571173806248646
400.0,0.02210818070790967
401.0,0.022333308302430556
402.0,0.028153608044637485
403.0,0.034713198999850446
404.0,0.03141822879796118
405.0,0.024896016213932323
406.0,0.028687282621106206
407.0,0.028720179346605656
408.0,0.028780236005442446
409.0,0.030035632897665716
410.0,0.029900753266455332
411.0,0.03037064938847504
412.0,0.03394896174597806
413.0,0.038325139680733096
414.0,0.033046724340908176
415.0,0.032167917340308536
416.0,0.033213516532529415
417.0,0.03249717125683074
418.0,0.037114961468067614
419.0,0.036011379200849895
420.0,0.03464324560146057
421.0,0.04157369543324601
422.0,0.03859488828425134
423.0,0.036495005115206626
424.0,0.037502904809872735
425.0,0.035746662493763535
426.0,0.03585078541695668
427.0,0.03893529312333959
428.0,0.041819648045581595
429.0,0.03566683113918544
430.0,0.03583179558919047
431.0,0.039231570173717006
432.0,0.04002967759301455
433.0,0.03871963598140063
434.0,0.03874835907713214
435.0,0.03974156391946857
436.0,0.03966405185290402
437.0,0.038183545317047506
438.0,0.03827824633250252
439.0,0.03941706937690582
440.0,0.03814188061945192
441.0,0.03953897886380911
442.0,0.04108028197761907
443.0,0.04050300527970409
444.0,0.037942067618896576
445.0,0.038203894438035
446.0,0.03947759457349443
447.0,0.03899100984152593
448.0,0.03810476658081238
449.0,0.039793056892366584
450.0,0.04162551541994882
451.0,0.03913701837987784
452.0,0.038342764263417185
453.0,0.03910258041331147
454.0,0.039990333571081026
455.0,0.03897947542508197
456.0,0.03964869209745938
457.0,0.04054763920755139
458.0,0.04017252088769914
459.0,0.03955053455956104
460.0,0.03996030701539686
461.0,0.040388823820148086
462.0,0.039429750337751576
463.0,0.039056775582514594
464.0,0.038896067032411
465.0,0.03914058715147899
466.0,0.040386083600131066
467.0,0.040351522134002164
468.0,0.03983165569284214
469.0,0.039793797476432455
470.0,0.04063397394781113
471.0,0.040348376768417356
472.0,0.0401071035611142
473.0,0.041160202691997244
474.0,0.041016112399136447
475.0,0.03978102069501921
476.0,0.03898087162466185
477.0,0.040524989601752076
478.0,0.040992661622054165
479.0,0.041469922475177855
480.0,0.04195368315435208
481.0,0.040033676938484475
482.0,0.040000687521128286
483.0,0.0407634144183962
484.0,0.04063068846545979
485.0,0.04094832463793735
486.0,0.04139415521578713
487.0,0.0415228281179787
488.0,0.040987615062115484
489.0,0.04056710478411874
490.0,0.0410435647036696
491.0,0.04213099483692435
492.0,0.04228588483577449
493.0,0.040972008885179205
494.0,0.039960102133418975
495.0,0.04076619821932925
496.0,0.0428514774066107
497.0,0.0434225157688429
498.0,0.04247222348090685
499.0,0.04158088297300842
500.0,0.04221055120925396
501.0,0.042548640352824275
502.0,0.04196336835627986
503.0,0.04154417586807717
504.0,0.042480355952128214
505.0,0.04316435823742297
506.0,0.04252926090940472
507.0,0.04270650596269115
508.0,0.042728754949135556
509.0,0.042771660971289906
510.0,0.04332071401179364
511.0,0.043320014413170106
512.0,0.04323077849485046
513.0,0.04325550884568467
514.0,0.043158913157967764
515.0,0.043393627298016865
516.0,0.04371333901903777
517.0,0.04381911243370081
518.0,0.04365124000764538
519.0,0.043841829768745975
520.0,0.0440392260432078
521.0,0.043644458485195534
522.0,0.04395041768056331
523.0,0.044387415317550014
524.0,0.0445160097581886
525.0,0.044270218719528444
526.0,0.04474588857555361
527.0,0.04512061824629545
528.0,0.04475409376841101
529.0,0.044969517028565525
530.0,0.044676126621002114
531.0,0.044499398257883245
532.0,0.045615766623179795
533.0,0.0458560063725637
534.0,0.045616944687109195
535.0,0.04545386042939903
536.0,0.04574217829704035
537.0,0.04606763566119268
538.0,0.04629054117018491
539.0,0.046295344010815184
540.0,0.045631982195748585
541.0,0.045861966774411046
542.0,0.04668657417976408
543.0,0.046704754193651
544.0,0.04654013260276969
545.0,0.04666464609843901
546.0,0.047046017046876866
547.0,0.04680789282204603
548.0,0.04737507282833091
549.0,0.04795093655270843
550.0,0.04755690508568438
551.0,0.04748419864557963
552.0,0.04740770218142278
553.0,0.047336218451312535
554.0,0.04756295878571264
555.0,0.04804050068345653
556.0,0.0483112976300675
557.0,0.0482702703314723
558.0,0.04874441997160983
559.0,0.04857944572924188
560.0,0.048232451816495645
561.0,0.04852875912360011
562.0,0.04873492821223122
563.0,0.04895896731965821
564.0,0.04924167935380995
565.0,0.04949973262265077
566.0,0.049424246027791156
567.0,0.04941539293086793
568.0,0.04975158477136522
569.0,0.049983956639705555
570.0,0.05021061420845169
571.0,0.05040012999634161
572.0,0.050514845720075426
573.0,0.050973998765890975
574.0,0.05093965580480706
575.0,0.0503299566607086
576.0,0.05024830804311519
577.0,0.05082276142492786
578.0,0.05140492717970277
579.0,0.05147013175524616
580.0,0.05189198310399205
581.0,0.05200748157322233
582.0,0.051761344119030654
583.0,0.05158857377678277
584.0,0.05214123694120689
585.0,0.0527497841848562
586.0,0.05298456304341264
587.0,0.05322516621981034
588.0,0.05328672938989753
589.0,0.053234646363673525
590.0,0.05322244802526891
591.0,0.053373645565199045
592.0,0.05373800775002316
593.0,0.05414661176616641
594.0,0.054246524194332166
595.0,0.054358795031985124
596.0,0.05447339044122872
597.0,0.054556190611311735
598.0,0.05466468017754043
599.0,0.05496497808970149
600.0,0.05537858825914767
601.0,0.05570695384630884
602.0,0.05594312793609241
603.0,0.05614876059534792
604.0,0.05623891419779882
605.0,0.055901677222092036
606.0,0.05624211883218762
607.0,0.05679136695648941
608.0,0.05693796625834697
609.0,0.05733946000780698
610.0,0.0575121936082337
611.0,0.057571497149196675
612.0,0.058010082641853596
613.0,0.058090739014124204
614.0,0.05833193047731532
615.0,0.058950933867343236
616.0,0.059207484124410126
617.0,0.05919933079407719
618.0,0.0591952280211076
619.0,0.05946160069358012
620.0,0.05971324872081349
621.0,0.05995758202525597
622.0,0.06031444674115763
623.0,0.06097474180779481
624.0,0.060985292141604336
625.0,0.06092873159646073
626.0,0.06133912859953791
627.0,0.06158972581497978
628.0,0.06175238756675883
629.0,0.062034004281653156
630.0,0.06264990488531542
631.0,0.06314026334625934
632.0,0.06334060933716372
633.0,0.06328483378517623
634.0,0.063237813127416
635.0,0.06330539650031759
636.0,0.06369585353518853
637.0,0.06441858793360035
638.0,0.06461610813110046
639.0,0.06499128043537332
640.0,0.06546707068576701
641.0,0.06533963253952489
642.0,0.06531525365773803
643.0,0.06571100255179638
644.0,0.06646571664738235
645.0,0.06684714760820844
646.0,0.06712332317738656
647.0,0.06737869285183193
648.0,0.06760463291494617
649.0,0.06752608786465349
650.0,0.06771070760874545
651.0,0.06831385259639974
652.0,0.06892124547454867
653.0,0.06951754237127841
654.0,0.0698112211133705
655.0,0.06971403861259362
656.0,0.06993115011222394
657.0,0.0701557679888161
658.0,0.070418339317225
659.0,0.07090131750000181
660.0,0.07106185456114357
661.0,0.07148013970743174
662.0,0.07226528127709239
663.0,0.07245578712600767
664.0,0.07263561297381138
665.0,0.07285554043950351
666.0,0.07307065531236594
667.0,0.0735776990774142
668.0,0.07408154152403103
669.0,0.07455066975526392
670.0,0.07518608311682295
671.0,0.07530481229340626
672.0,0.07545426115554892
673.0,0.07604000832673058
674.0,0.07656369941936324
675.0,0.0769747457847977
676.0,0.07727605094904602
677.0,0.07754902320386255
678.0,0.0780641153234002
679.0,0.07858524286665881
680.0,0.07894197308503068
681.0,0.07911199577191416
682.0,0.07959291773685477
683.0,0.08009244537399367
684.0,0.08032266972902095
685.0,0.08075771725820576
686.0,0.0811247122403141
687.0,0.08146167880629274
688.0,0.08199076855904097
689.0,0.08262458794765092
690.0,0.08299126879857222
691.0,0.08306722789292571
692.0,0.08349604768564188
693.0,0.08403338112888928
694.0,0.0844934225925865
695.0,0.08480835406964825
696.0,0.08542473746481981
697.0,0.08598347135744128
698.0,0.08631805584604864
699.0,0.08649325761814583
700.0,0.08694443897961504
701.0,0.08755467037457522
702.0,0.08813128999136362
703.0,0.08855524672001855
704.0,0.08905670395010008
705.0,0.08960749696741382
706.0,0.09006049488792756
707.0,0.09027502967000775
708.0,0.09071609171642672
709.0,0.09141954631641133
710.0,0.0918792509393681
711.0,0.09249928978178493
712.0,0.0929493333892197
713.0,0.09306317327803279
714.0,0.09367803502576057
715.0,0.09411496333774552
716.0,0.09449118756191027
717.0,0.09528448624144716
718.0,0.09602094227294312
719.0,0.0965458697027893
720.0,0.09688933276458263
721.0,0.09728900057577439
722.0,0.09784144164526358
723.0,0.09838732831730868
724.0,0.0988146180989762
725.0,0.09953017838418574
726.0,0.10010307527955635
727.0,0.10044528229754252
728.0,0.10075698009206666
729.0,0.10138010850970756
730.0,0.10203223135117741
731.0,0.10254228321483919
732.0,0.1030931316529595
733.0,0.10378655753490271
734.0,0.10440514139649501
735.0,0.10475215590286413
736.0,0.10524846514314128
737.0,0.10574872952728036
738.0,0.10628517656264605
739.0,0.10701793781737567
740.0,0.10751245553770562
741.0,0.10806878244027396
742.0,0.10878215469464753
743.0,0.10902681186631547
744.0,0.10953834419130952
745.0,0.1102815041563418
746.0,0.1109815314715368
747.0,0.11172614521990129
748.0,0.11243162847828471
749.0,0.11302280987397283
750.0,0.11346376345391815
751.0,0.11407586678514851
752.0,0.1147424568256681
753.0,0.11534489521039834
754.0,0.11596389889094634
755.0,0.11657999319640601
756.0,0.11718363133505609
757.0,0.11777387178852673
758.0,0.11837324418405053
759.0,0.11896925490963178
760.0,0.1196083003405329
761.0,0.12037976998975207
762.0,0.12098878399964812
763.0,0.1215897283886776
764.0,0.12227867536353419
765.0,0.12279280414291067
766.0,0.12342651558720179
767.0,0.12409723432465994
768.0,0.12464581851804278
769.0,0.12538950138112726
770.0,0.12623542052045625
771.0,0.12695427433694872
772.0,0.12726307264930825
773.0,0.12780194602329087
774.0,0.12845826676078675
775.0,0.12910388312610344
776.0,0.1299293277936488
777.0,0.130711765517521
778.0,0.13144524082671918
779.0,0.13216948751888
780.0,0.13266634529460836
781.0,0.13340206240232994
782.0,0.13433776278419823
783.0,0.13498486608465587
784.0,0.1356714219373049
785.0,0.13643265087982934
786.0,0.13721605807780346
787.0,0.13787696025612411
788.0,0.1385678389885236
789.0,0.13921794000993504
790.0,0.1397734925677255
791.0,0.14059941577392446
792.0,0.1413625660792567
793.0,0.14204199625384686
794.0,0.14284909199796625
795.0,0.14352443632671674
796.0,0.14418608816286493
797.0,0.14492259632473736
798.0,0.14568383712116906
799.0,0.14660022355713417
800.0,0.14744065623953823
801.0,0.14803853136273937
802.0,0.14882189886134706
803.0,0.14969158117657347
804.0,0.1505656639820338
805.0,0.15137308420598056
806.0,0.1520108701878822
807.0,0.15274338315989094
808.0,0.15363129917037366
809.0,0.15444071300831255
810.0,0.15509679725701794
811.0,0.15582321688942985
812.0,0.15673134612049064
813.0,0.15742864335212597
814.0,0.15824800042153955
815.0,0.15921519205385537
816.0,0.16017550126157665
817.0,0.16079744079241054
818.0,0.16150272347468003
819.0,0.16242111767066467
820.0,0.1633605251600482
821.0,0.16413534232641352
822.0,0.16501117975520443
823.0,0.16602520810854784
824.0,0.16667573221456985
825.0,0.1673833674838419
826.0,0.16828534214315244
827.0,0.16932040135090048
828.0,0.17005684061760992
829.0,0.17095160097260242
830.0,0.1720304722261711
831.0,0.17302482118689022
832.0,0.1734931297572511
833.0,0.1741616982914996
834.0,0.1752170635268721
835.0,0.1761430566644214
836.0,0.17706836155750938
837.0,0.17800425852680482
838.0,0.17887957718962474
839.0,0.17946444373304715
840.0,0.18029263509530535
841.0,0.18124063138329902
842.0,0.18205491076786437
843.0,0.18290893644300482
844.0,0.1838900361693066
845.0,0.1849026274432498
846.0,0.18576961752493298
847.0,0.18658502018092382
848.0,0.18742729348755777
849.0,0.18825343044831783
850.0,0.18891409024387756
851.0,0.18973026437757004
852.0,0.1907375341688877
853.0,0.19180487291146808
854.0,0.19259855328695916
855.0,0.19344206095575286
856.0,0.19430982546909795
857.0,0.1951311783250282
858.0,0.19609535631850383
859.0,0.1969846008679496
860.0,0.1980077950772931
861.0,0.19939621146867195
862.0,0.2000652120062893
863.0,0.20093385591712765
864.0,0.20212010239888506
865.0,0.2029179878156371
866.0,0.203841341669483
867.0,0.2048559023413928
868.0,0.2058699216184854
869.0,0.20682775166318304
870.0,0.207683553175135
871.0,0.20871314522482376
872.0,0.2099783528087324
873.0,0.21075922159601757
874.0,0.21156166226498602
875.0,0.21249449166068934
876.0,0.2135100867625423
877.0,0.21454490656075167
878.0,0.21570169243486242
879.0,0.21678522021492422
880.0,0.21754689077326184
881.0,0.21868596216187808
882.0,0.2195860838728761
883.0,0.22032836852473675
884.0,0.22167769647240032
885.0,0.2227141042225987
886.0,0.22361326388495023
887.0,0.2245397813335294
888.0,0.22537547699003094
889.0,0.22614833328147427
890.0,0.22702204373209248
891.0,0.22808915991165746
892.0,0.22919993431126875
893.0,0.2303692766062167
894.0,0.23155290452747018
895.0,0.23267118615709137
896.0,0.23358897202267537
897.0,0.23446086418362394
898.0,0.23535500500150636
899.0,0.23633147918746905
900.0,0.23766225260122062
901.0,0.23890225332530454
902.0,0.2399033396315239
903.0,0.2408217883578944
904.0,0.24206329829348402
905.0,0.243349846916441
906.0,0.2443455266830918
907.0,0.24485129175542483
908.0,0.2458830398056276
909.0,0.24710224241857848
910.0,0.2481431769494968
911.0,0.2489589556174423
912.0,0.2503055944944446
913.0,0.2518324305912603
914.0,0.2531338123586597
915.0,0.25419446234888876
916.0,0.25517755825459726
917.0,0.25619688899108617
918.0,0.25728397173635936
919.0,0.25831470792361433
920.0,0.2593655476330626
921.0,0.26051702415004546
922.0,0.26177740934003196
923.0,0.26298450848009314
924.0,0.2636110172960634
925.0,0.26411778120336643
926.0,0.2652358099513528
927.0,0.26666858338860033
928.0,0.26817069904288415
929.0,0.2693513875117666
930.0,0.27002006608902657
931.0,0.27139289716669884
932.0,0.2724965008020045
933.0,0.27313167552679357
934.0,0.2738500857420405
935.0,0.2754604059827069
936.0,0.2769230111270199
937.0,0.2781080096265266
938.0,0.2796978917490028
939.0,0.280564818907326
940.0,0.2814728624351962
941.0,0.2827433887866846
942.0,0.2839988387614884
943.0,0.285538036418054
944.0,0.2863179337902251
945.0,0.28666751909599053
946.0,0.28853390084857855
947.0,0.28951593004233706
948.0,0.290300717455739
949.0,0.2915081862860099
950.0,0.2928907996263182
951.0,0.29419839931533615
952.0,0.29508659505931384
953.0,0.29576506811952014
954.0,0.2971966214958838
955.0,0.2981413298849006
956.0,0.2991122076097441
957.0,0.30050002911558016
958.0,0.30183266051074215
959.0,0.30294145813587975
960.0,0.3041568051583084
961.0,0.305668639164395
962.0,0.30718732546931365
963.0,0.3081846233053497
964.0,0.3092082071021032
965.0,0.3105763722137916
966.0,0.3116405699502792
967.0,0.3120783326590455
968.0,0.31320757267153926
969.0,0.31537741989882406
970.0,0.31632107899017825
971.0,0.3174233194996352
972.0,0.31851847440027464
973.0,0.31953706556649536
974.0,0.3212690622575281
975.0,0.3226244679090837
976.0,0.32351709401211015
977.0,0.32444312957648647
978.0,0.32637278625799304
979.0,0.327029928333324
980.0,0.327787866866917
981.0,0.3295909355480255
982.0,0.33092300867092656
983.0,0.33198886908694764
984.0,0.3330457450095572
985.0,0.33437114183927585
986.0,0.336131945149102
987.0,0.33711073201721486
988.0,0.3379699764822842
989.0,0.339187026867315
990.0,0.34026848770644863
991.0,0.34142846624819584
992.0,0.3428765389967476
993.0,0.34449911264224536
994.0,0.34578793431536203
995.0,0.3463963589087592
996.0,0.34767760331351094
997.0,0.349881698220259
998.0,0.3515423833190104
999.0,0.3516930465773356
1000.0,0.3527193376910055
1001.0,0.3720895423459322
1002.0,0.37146190767020754
1003.0,0.37172324282645947
1004.0,0.3693387241368765
1005.0,0.3685184680131787
1006.0,0.371731209233953
1007.0,0.37360567877562406
1008.0,0.3764505100675643
1009.0,0.37880295399274705
1010.0,0.37882585087786597
1011.0,0.3818934782897356
1012.0,0.38040965963520496
1013.0,0.37703800606825205
1014.0,0.3769410119620975
1015.0,0.377708411227648
1016.0,0.3782202072845288
1017.0,0.3798199198794353
1018.0,0.3835448525251376
1019.0,0.3851142648801284
1020.0,0.3889289256078546
1021.0,0.3917053354502863
1022.0,0.3918699086570653
1023.0,0.39112155533701065
1024.0,0.38962800422513544
1025.0,0.39092133824175684
1026.0,0.39492347443462045
1027.0,0.3980038816988586
1028.0,0.4003831502948947
1029.0,0.4021365161637878
1030.0,0.4021728342078779
1031.0,0.40120695640734466
1032.0,0.4027139626215838
1033.0,0.40506219157599166
1034.0,0.40672222105285405
1035.0,0.40916979319828717
1036.0,0.41262210663037474
1037.0,0.41361206630338776
1038.0,0.41383620275142663
1039.0,0.41607339111787234
1040.0,0.4158992339339593
1041.0,0.41602413314488557
1042.0,0.41802444795263827
1043.0,0.4190039397105892
1044.0,0.41855437525211586
1045.0,0.41891961912849307
1046.0,0.42082372424201675
1047.0,0.42230574423298856
1048.0,0.42427884631775437
1049.0,0.42600726221825536
1050.0,0.4260447442274061
1051.0,0.425978849258691
1052.0,0.42678214404059794
1053.0,0.42900476484029076
1054.0,0.4322027263130887
1055.0,0.4348410214361079
1056.0,0.43661249312901546
1057.0,0.437929491801556
1058.0,0.43768470856271885
1059.0,0.43677990086083035
1060.0,0.43767441773706756
1061.0,0.4397439198270964
1062.0,0.4408539668782997
1063.0,0.44329919874999396
1064.0,0.4464182044501243
1065.0,0.44802496683957616
1066.0,0.4501738311884411
1067.0,0.4519372275067836
1068.0,0.45270805390309166
1069.0,0.45294843358810843
1070.0,0.45286292696183955
1071.0,0.4537732526903731
1072.0,0.4552666673287073
1073.0,0.45675074391361525
1074.0,0.4575578832794815
1075.0,0.45962931882726327
1076.0,0.4618105308311515
1077.0,0.4627519406554016
1078.0,0.46535303789295934
1079.0,0.468517938506012
1080.0,0.46996532942231223
1081.0,0.47123681907170045
1082.0,0.47284698314722035
1083.0,0.47421468465317
1084.0,0.4754468607418617
1085.0,0.4767688846727366
1086.0,0.47830080715916373
1087.0,0.48034945071243723
1088.0,0.4804608193556169
1089.0,0.48032934677684336
1090.0,0.4811970211023179
1091.0,0.4819106924750987
1092.0,0.484123509357861
1093.0,0.48730996217931216
1094.0,0.48975185971901614
1095.0,0.4916362480973036
1096.0,0.4930249157084134
1097.0,0.49364967447229524
1098.0,0.4937814072401374
1099.0,0.4947948053253731
1100.0,0.496221806256288
1101.0,0.49705758806808653
1102.0,0.4979419282282728
1103.0,0.4993436637746928
1104.0,0.49999454561387835
1105.0,0.500550524065345
1106.0,0.5020270620100239
1107.0,0.5046990739336289
1108.0,0.5074866619497217
1109.0,0.5094802686588055
1110.0,0.5109319001410907
1111.0,0.5119688268201639
1112.0,0.5131853702315714
1113.0,0.5135280730033004
1114.0,0.5150146023597646
1115.0,0.5173069622900723
1116.0,0.5193537858905212
1117.0,0.5226442001089534
1118.0,0.5242392183056485
1119.0,0.5248485495017685
1120.0,0.525299028340238
1121.0,0.5261319515630279
1122.0,0.5270131397531844
1123.0,0.5285625959968903
1124.0,0.5303480908783839
1125.0,0.5318438396043169
1126.0,0.5328933903965347
1127.0,0.5341914190790209
1128.0,0.5359942025096815
1129.0,0.5373759032600902
1130.0,0.538016390419626
1131.0,0.5396887371341685
1132.0,0.5423392468136048
1133.0,0.5440864696707216
1134.0,0.5459998209215056
1135.0,0.5471642629365121
1136.0,0.5485692550322112
1137.0,0.5504722765221349
1138.0,0.5523388416989998
1139.0,0.5545858166709541
1140.0,0.556242593344363
1141.0,0.5573640116565532
1142.0,0.5587589260094938
1143.0,0.5604325469546064
1144.0,0.5618069454382554
1145.0,0.5628454392565332
1146.0,0.5639454396582546
1147.0,0.5648398657162355
1148.0,0.5661790041658121
1149.0,0.5675967998559889
1150.0,0.569395373996866
1151.0,0.571473150016188
1152.0,0.573280499708428
1153.0,0.5748568216087014
1154.0,0.5759234143771836
1155.0,0.5769044700894773
1156.0,0.5782627780644265
1157.0,0.5795967386222636
1158.0,0.5811752911512486
1159.0,0.582613112256372
1160.0,0.5837116395008365
1161.0,0.5852927075382692
1162.0,0.5872147016860217
1163.0,0.5889265196437452
1164.0,0.5912627756099822
1165.0,0.592918470566234
1166.0,0.5939237473227538
1167.0,0.5949614367169985
1168.0,0.5963967154804036
1169.0,0.5977212176648115
1170.0,0.5996524496315295
1171.0,0.6017459902335138
1172.0,0.6031717789005646
1173.0,0.6040234395609344
1174.0,0.6053877189473789
1175.0,0.6065352622862346
1176.0,0.6079914727715191
1177.0,0.6100076446558822
1178.0,0.6116474108911367
1179.0,0.6132128492372482
1180.0,0.6146723639345247
1181.0,0.6159984627298601
1182.0,0.6173275671448637
1183.0,0.6187361202620031
1184.0,0.6195485719310811
1185.0,0.620430298412895
1186.0,0.6220292045068899
1187.0,0.6233797638591477
1188.0,0.6244826928085435
1189.0,0.6265123634873181
1190.0,0.6292494936966895
1191.0,0.6312279101660392
1192.0,0.6338838673705208
1193.0,0.6356806928508681
1194.0,0.6362520400027064
1195.0,0.637499666966331
1196.0,0.6387689982578657
1197.0,0.640184215901243
1198.0,0.6417762295469194
1199.0,0.6434479233763944
1200.0,0.6451431123672408
1201.0,0.646446897840366
1202.0,0.647499302615287
1203.0,0.6489795550782061
1204.0,0.6507097009057957
1205.0,0.6529070142084115
1206.0,0.6545249488647258
1207.0,0.6563134486930453
1208.0,0.6576934421522106
1209.0,0.6582166309410239
1210.0,0.6594429120903859
1211.0,0.661005441031338
1212.0,0.6624715714013817
1213.0,0.6639862865752487
1214.0,0.6657123799667566
1215.0,0.6678730375707403
1216.0,0.6695642242090198
1217.0,0.6703603736040029
1218.0,0.6714308932654153
1219.0,0.6724777477792954
1220.0,0.6724683249635356
1221.0,0.6738590130589959
1222.0,0.6765634334676723
1223.0,0.6781953725136055
1224.0,0.6797901737307767
1225.0,0.6813906266294463
1226.0,0.6826263977438601
1227.0,0.6838859155710739
1228.0,0.6849776723779862
1229.0,0.6864851456626838
1230.0,0.6881790135110185
1231.0,0.6897825950639123
1232.0,0.6915854256216962
1233.0,0.6937007752705949
1234.0,0.6955795270947179
1235.0,0.6963780003095158
1236.0,0.6976322803799239
1237.0,0.6988021635918883
1238.0,0.7001254314869945
1239.0,0.7013748710082782
1240.0,0.702852385342189
1241.0,0.7044510452470842
1242.0,0.7061085457631662
1243.0,0.7079934216495505
1244.0,0.7097042105120415
1245.0,0.7115057232573668
1246.0,0.7132030852901114
1247.0,0.7147373805531678
1248.0,0.7162567649887478
1249.0,0.717824329179915
1250.0,0.7192365899862082
1251.0,0.7205183936367363
1252.0,0.7217688576220139
1253.0,0.7230180843049477
1254.0,0.7241954772891286
1255.0,0.7253873282508553
1256.0,0.726534955063498
1257.0,0.7278266014060352
1258.0,0.7290420254326405
1259.0,0.7304688595057311
1260.0,0.7320864569217533
1261.0,0.7337160375656254
1262.0,0.7356669484889633
1263.0,0.7372263614316451
1264.0,0.7386558374213932
1265.0,0.7400678045225231
1266.0,0.7411709796587879
1267.0,0.7424010052115477
1268.0,0.7436512262826558
1269.0,0.7449558024220359
1270.0,0.7464438348378623
1271.0,0.7479691664050341
1272.0,0.7496613598362001
1273.0,0.7517859216988718
1274.0,0.7533276256205359
1275.0,0.7547874729767341
1276.0,0.7560145761741959
1277.0,0.756540114695141
1278.0,0.7578393405259848
1279.0,0.759499737819529
1280.0,0.7609447895276273
1281.0,0.7627516946510161
1282.0,0.7642867741450453
1283.0,0.7654057845918241
1284.0,0.7667602856273809
1285.0,0.7680685150436264
1286.0,0.769631177879842
1287.0,0.7715514355383101
1288.0,0.773243251615364
1289.0,0.7749579400600337
1290.0,0.7768627877548994
1291.0,0.7785248279820588
1292.0,0.7799523379066953
1293.0,0.7814712389233867
1294.0,0.7829402133791002
1295.0,0.7845210046251586
1296.0,0.7859767115671961
1297.0,0.7877416771645502
1298.0,0.7899154928161767
1299.0,0.7917446762214215
1300.0,0.7938551831599756
1301.0,0.795401089193795
1302.0,0.7964639095876703
1303.0,0.7975147260390397
1304.0,0.7977389778778565
1305.0,0.7987724034012096
1306.0,0.8001202551345888
1307.0,0.8017151387412383
1308.0,0.8033386155794182
1309.0,0.8055859008350764
1310.0,0.8072303115819596
1311.0,0.8086582459141314
1312.0,0.8099895447867804
1313.0,0.8110298387619282
1314.0,0.8124003837457343
1315.0,0.8138790491735791
1316.0,0.815129125061343
1317.0,0.8163204096048261
1318.0,0.8177427008805387
1319.0,0.8190596551192515
1320.0,0.8204463093227367
1321.0,0.8222328646610799
1322.0,0.8238015176174062
1323.0,0.8249467807869965
1324.0,0.8264545267060919
1325.0,0.8283695094192417
1326.0,0.830014808424648
1327.0,0.83161611041642
1328.0,0.8334535720756259
1329.0,0.8346430034938284
1330.0,0.835149797096431
1331.0,0.836427087322423
1332.0,0.8378202368497426
1333.0,0.8390586933220776
1334.0,0.8405079565563413
1335.0,0.8420497484513607
1336.0,0.8434103053487007
1337.0,0.84487986620607
1338.0,0.846769069107774
1339.0,0.8484179458918664
1340.0,0.8496989927394961
1341.0,0.8512641465337557
1342.0,0.8533774261225646
1343.0,0.8548617187424538
1344.0,0.8560255724944841
1345.0,0.8572023697881554
1346.0,0.8578522223653885
1347.0,0.8586323795555141
1348.0,0.859925485069118
1349.0,0.8614689135330859
1350.0,0.8632277996332356
1351.0,0.8657098477506521
1352.0,0.8672815772548909
1353.0,0.8685664293998223
1354.0,0.8700508221550032
1355.0,0.871011782541912
1356.0,0.872465604219304
1357.0,0.874700691528798
1358.0,0.8760955093935756
1359.0,0.877109365780966
1360.0,0.8782227083018823
1361.0,0.8788339162325012
1362.0,0.8798186223047622
1363.0,0.8808594748994723
1364.0,0.8822066142933421
1365.0,0.8839975017484298
1366.0,0.8855044628455084
1367.0,0.8871328841432276
1368.0,0.8887678362977287
1369.0,0.8900671441880775
1370.0,0.8909156397798141
1371.0,0.8922082727534699
1372.0,0.8935325364851957
1373.0,0.8949111859127442
1374.0,0.8963825601028501
1375.0,0.897999311309448
1376.0,0.89986016953084
1377.0,0.9013779155081829
1378.0,0.9029837671360836
1379.0,0.9043834491207814
1380.0,0.9054059555776313
1381.0,0.9065584585832615
1382.0,0.9077219895646069
1383.0,0.9088832284697163
1384.0,0.9100464243929876
1385.0,0.9111073672258401
1386.0,0.9120354245734213
1387.0,0.9131157506523281
1388.0,0.9142146083697711
1389.0,0.9152589034612794
1390.0,0.916310652003958
1391.0,0.9175661668530052
1392.0,0.918681991656688
1393.0,0.9198682960562089
1394.0,0.9206182923423063
1395.0,0.9211176070808974
1396.0,0.9218622768137489
1397.0,0.9222541618984221
1398.0,0.923006588286066
1399.0,0.9242576709843721
1400.0,0.9251222009975708
1401.0,0.9255413668041838
1402.0,0.9266404165430566
1403.0,0.9282852189345824
1404.0,0.9293533285474709
1405.0,0.9306896536108403
1406.0,0.9316242195000941
1407.0,0.9318390290198894
1408.0,0.9323023753001717
1409.0,0.9325064388619981
1410.0,0.933248057279182
1411.0,0.9342796010717389
1412.0,0.9352784533224572
1413.0,0.9364661891926003
1414.0,0.9380951466037833
1415.0,0.9393381403852041
1416.0,0.9403529729596131
1417.0,0.9414401894845592
1418.0,0.9425184444722225
1419.0,0.9435969307942529
1420.0,0.944649654503978
1421.0,0.9456662422899972
1422.0,0.946588467687622
1423.0,0.9477502929185108
1424.0,0.9488398997580458
1425.0,0.9502133490970894
1426.0,0.9520462393625824
1427.0,0.9535413741370979
1428.0,0.955069050185196
1429.0,0.9564517262794369
1430.0,0.9575785213503272
1431.0,0.9588411471657529
1432.0,0.9599947347897128
1433.0,0.9613569025412153
1434.0,0.9630885347515018
1435.0,0.9644586868627981
1436.0,0.9657145341802612
1437.0,0.966989986814142
1438.0,0.9680876749591343
1439.0,0.9691170663840936
1440.0,0.9701785927088694
1441.0,0.9713257124211855
1442.0,0.9728287620385893
1443.0,0.9738088048804143
1444.0,0.9749124304538647
1445.0,0.9761247303962195
1446.0,0.9773117033884599
1447.0,0.9783104865422764
1448.0,0.9794663330703222
1449.0,0.9808919300048888
1450.0,0.9819937743293184
1451.0,0.98289353519974
1452.0,0.9838354898067987
1453.0,0.9846340401336047
1454.0,0.9855736519960798
1455.0,0.986399514425101
1456.0,0.9876036177569831
1457.0,0.9891913081769946
1458.0,0.9905209113374969
1459.0,0.9918813447767844
1460.0,0.9933051398791898
1461.0,0.9948666330394251
1462.0,0.9960361734773343
1463.0,0.996978510594578
1464.0,0.9981378353650772
1465.0,0.9988979073023151
1466.0,0.9999811154173563
1467.0,1.0013093419444987
1468.0,1.003030270403661
1469.0,1.0047131356838062
1470.0,1.0062910530792346
1471.0,1.0078236716731028
1472.0,1.0094348051814945
1473.0,1.0108831694787086
1474.0,1.0121863181386352
1475.0,1.0134659187432618
1476.0,1.0146602757713281
1477.0,1.0159886589606997
1478.0,1.0172985989428516
1479.0,1.018617750240546
1480.0,1.020127458989766
1481.0,1.0213614680388754
1482.0,1.0222326567107873
1483.0,1.0235557422684933
1484.0,1.0250434370335006
1485.0,1.026466101557144
1486.0,1.0282702871455445
1487.0,1.0296281487168157
1488.0,1.0305820215011006
1489.0,1.031739333620876
1490.0,1.0329857459296319
1491.0,1.0340264936933754
1492.0,1.0347732053624004
1493.0,1.035912825139134
1494.0,1.0368603837494887
1495.0,1.0382171278160495
1496.0,1.0404562308885694
1497.0,1.0421667994040469
1498.0,1.043918456028955
1499.0,1.0453799918482776
1500.0,1.0465065753528182
1501.0,1.047305428940181
1502.0,1.0483914967612495
1503.0,1.0496050214755623
1504.0,1.0511063860004806
1505.0,1.0529498471899186
1506.0,1.0547615809229125
1507.0,1.0569105538189767
1508.0,1.0584858258647396
1509.0,1.0598572662392696
1510.0,1.0612694831800917
1511.0,1.0623875653007862
1512.0,1.0636395778177152
1513.0,1.0650392934567425
1514.0,1.0663509000310913
1515.0,1.0675461270754962
1516.0,1.0687376403033662
1517.0,1.0700761852835716
1518.0,1.0711202585769584
1519.0,1.0717695786137922
1520.0,1.072822960666989
1521.0,1.0739606579950671
1522.0,1.0750618461763344
1523.0,1.0764715821034714
1524.0,1.0776044381463907
1525.0,1.0784069399326683
1526.0,1.0794659633794954
1527.0,1.0805575474362537
1528.0,1.0817213614483556
1529.0,1.0830009476852778
1530.0,1.084322958451845
1531.0,1.0855836309812623
1532.0,1.0870748503685554
1533.0,1.0889656382949575
1534.0,1.090533944970331
1535.0,1.0921518428056947
1536.0,1.0936149967132582
1537.0,1.0947792810401042
1538.0,1.0958687214794454
1539.0,1.0972408849604696
1540.0,1.098542474182849
1541.0,1.0996330996351233
1542.0,1.1006961162971958
1543.0,1.1016455144899746
1544.0,1.1023052147780321
1545.0,1.1031961080273283
1546.0,1.1041194094159306
1547.0,1.105117466876865
1548.0,1.1061583191848114
1549.0,1.10727000415605
1550.0,1.1085189959284736
1551.0,1.1096941275707835
1552.0,1.1107575348535843
1553.0,1.1121239903145352
1554.0,1.1136625526732225
1555.0,1.1150972096886547
1556.0,1.116901466930917
1557.0,1.1181459941696164
1558.0,1.118895679413623
1559.0,1.1200125029875372
1560.0,1.1209631869937264
1561.0,1.122177393453759
1562.0,1.1238928284730598
1563.0,1.1251162417608922
1564.0,1.1260412918546565
1565.0,1.127197748256296
1566.0,1.1282684973062493
1567.0,1.1293702290141765
1568.0,1.130734855189793
1569.0,1.1318766912950748
1570.0,1.1327718073610944
1571.0,1.1337886948189766
1572.0,1.1347190173891197
1573.0,1.1358429377919332
1574.0,1.137095978658746
1575.0,1.1383587688496792
1576.0,1.1397090979740292
1577.0,1.1411314860667485
1578.0,1.14253710608956
1579.0,1.1440820059111798
1580.0,1.146085552702828
1581.0,1.1476192718135072
1582.0,1.1488865631677647
1583.0,1.1502322853068105
1584.0,1.1515659879073907
1585.0,1.1525186611871137
1586.0,1.153072440818294
1587.0,1.1539807726456057
1588.0,1.1546564771643248
1589.0,1.1554733167536568
1590.0,1.15649219915637
1591.0,1.1580739229762467
1592.0,1.1590890650577304
1593.0,1.1598477351761047
1594.0,1.1607889377529907
1595.0,1.1617069894602068
1596.0,1.1626302107127469
1597.0,1.1635447966092136
1598.0,1.1645933306999923
1599.0,1.1657224216886843
1600.0,1.1667013915735902
1601.0,1.1677087991434223
1602.0,1.1687524613728184
1603.0,1.1697148544870484
1604.0,1.170637763184878
1605.0,1.1715152774317898
1606.0,1.172731114124809
1607.0,1.174102011811242
1608.0,1.175172499426073
1609.0,1.1765024695445643
1610.0,1.1774916090225858
1611.0,1.178006192607881
1612.0,1.178677231867017
1613.0,1.1794950584032033
1614.0,1.1800387202462355
1615.0,1.1801091212180634
1616.0,1.180757627540014
1617.0,1.1815297966427074
1618.0,1.1824689656348526
1619.0,1.1838662720432338
1620.0,1.1849750506597756
1621.0,1.1859828175188847
1622.0,1.18711693566778
1623.0,1.1884537961018127
1624.0,1.1893824799622394
1625.0,1.1899929133913312
1626.0,1.190986579192713
1627.0,1.1919594593896272
1628.0,1.1928618881992936
1629.0,1.1940789336181623
1630.0,1.195085240632494
1631.0,1.1958037676111406
1632.0,1.1965390068496538
1633.0,1.1973072571837222
1634.0,1.1980960399249332
1635.0,1.198738795938614
1636.0,1.1994192789070122
1637.0,1.2000439708225847
1638.0,1.2010282057692996
1639.0,1.202019255201023
1640.0,1.2033082344231478
1641.0,1.2055548427847278
1642.0,1.2067499171013074
1643.0,1.207665789430138
1644.0,1.208253638543065
1645.0,1.207707403206304
1646.0,1.2080063968390289
1647.0,1.208480926833995
1648.0,1.2091261013789263
1649.0,1.210268469325978
1650.0,1.2112585989396703
1651.0,1.212445125296567
1652.0,1.2132994074741419
1653.0,1.2141492761138588
1654.0,1.2147179909743542
1655.0,1.214743996983915
1656.0,1.2150252754157718
1657.0,1.2151416754087285
1658.0,1.2155163081751597
1659.0,1.2160889479515096
1660.0,1.2167710963680163
1661.0,1.2177875173462371
1662.0,1.2185792745246251
1663.0,1.2191433711452644
1664.0,1.220041145540793
1665.0,1.2212371505443045
1666.0,1.2220608618219417
1667.0,1.2229218131999935
1668.0,1.2237762117011959
1669.0,1.2241519700069612
1670.0,1.22483660433086
1671.0,1.2259221623722356
1672.0,1.2267953865220214
1673.0,1.2276819329320803
1674.0,1.2284721916495687
1675.0,1.228873604171735
1676.0,1.2298079072468888
1677.0,1.2311254725414804
1678.0,1.232087416972347
1679.0,1.2334939517709302
1680.0,1.2343153973113523
1681.0,1.2340456733753888
1682.0,1.2347058911461573
1683.0,1.2358772479780615
1684.0,1.2366849218285683
1685.0,1.237884618441634
1686.0,1.2388236402631507
1687.0,1.2392507542379982
1688.0,1.239811476197376
1689.0,1.240221796083918
1690.0,1.2410642507026513
1691.0,1.2421843376859252
1692.0,1.2431033236605813
1693.0,1.2443136210402177
1694.0,1.245477561044223
1695.0,1.246418491252258
1696.0,1.2474031745064773
1697.0,1.2485866837346369
1698.0,1.249510644733369
1699.0,1.250299788685428
1700.0,1.2509819463962843
1701.0,1.2513488390503826
1702.0,1.2520131119812499
1703.0,1.2525965426160475
1704.0,1.2534803047413337
1705.0,1.2547021631666098
1706.0,1.2558778217277973
1707.0,1.2572179194855866
1708.0,1.258472844505554
1709.0,1.2600185145238672
1710.0,1.2611075739949433
1711.0,1.261766366183074
1712.0,1.2627009096450175
1713.0,1.26344664437013
1714.0,1.2642077123070041
1715.0,1.265191422377977
1716.0,1.2661040162611772
1717.0,1.2669178850804927
1718.0,1.2676100678852786
1719.0,1.2683620578884585
1720.0,1.2691157297965852
1721.0,1.2695856268298928
1722.0,1.2702251067082393
1723.0,1.2709843427923297
1724.0,1.2717273374566704
1725.0,1.2726711940994948
1726.0,1.2731716471617331
1727.0,1.2736523553998478
1728.0,1.2740095187395464
1729.0,1.273521228846897
1730.0,1.2739365819778372
1731.0,1.2750802175377207
1732.0,1.2755269004359195
1733.0,1.2758805223778555
1734.0,1.2765590596656742
1735.0,1.2769278829610384
1736.0,1.277562878360771
1737.0,1.2790005477986988
1738.0,1.2798519819279375
1739.0,1.280174812787523
1740.0,1.2808486554299616
1741.0,1.281616418455375
1742.0,1.2819753002277186
1743.0,1.2826016615272704
1744.0,1.282698484386088
1745.0,1.2818022093182762
1746.0,1.282059932594741
1747.0,1.2824041774374593
1748.0,1.2829100425549034
1749.0,1.2842525128310167
1750.0,1.2849841024233195
1751.0,1.2855215604884378
1752.0,1.2865023694464635
1753.0,1.2875933421198733
1754.0,1.2891775769389122
1755.0,1.2901081879854648
1756.0,1.2914535297935015
1757.0,1.2925623964443531
1758.0,1.2926989748036324
1759.0,1.293323853710485
1760.0,1.2943003260269255
1761.0,1.2945924830833397
1762.0,1.2952106369807919
1763.0,1.2957704602292475
1764.0,1.2960236780977885
1765.0,1.2966816654427957
1766.0,1.297388260134236
1767.0,1.2980587437518385
1768.0,1.2989912899563598
1769.0,1.2998562517031114
1770.0,1.3002754085553179
1771.0,1.3010169256485882
1772.0,1.301000465441006
1773.0,1.3008921744361877
1774.0,1.3028418580996792
1775.0,1.304148431753717
1776.0,1.3048741636907977
1777.0,1.3059191790111346
1778.0,1.305517265340903
1779.0,1.3057820822649353
1780.0,1.3070917264519948
1781.0,1.307648535046544
1782.0,1.3079701567148332
1783.0,1.3084795580229795
1784.0,1.3085408536326504
1785.0,1.308857918104427
1786.0,1.3097585654100419
1787.0,1.310412032211859
1788.0,1.3116491128664827
1789.0,1.313110887332997
1790.0,1.314379580720122
1791.0,1.3149663651331416
1792.0,1.3148252213990164
1793.0,1.3151688569316238
1794.0,1.3152490731494764
1795.0,1.3161132170504748
1796.0,1.3179189049544342
1797.0,1.3185958724518423
1798.0,1.3188331906351982
1799.0,1.3198873324504714
1800.0,1.3199826986726677
1801.0,1.3138430603155389
1802.0,1.315186183009603
1803.0,1.3161237585812644
1804.0,1.31729630390036
1805.0,1.3192084720275128
1806.0,1.321031154788391
1807.0,1.3230295323657222
1808.0,1.3244021364302574
1809.0,1.3261070970205846
1810.0,1.3271645677776192
1811.0,1.3275803443434253
1812.0,1.327655289184008
1813.0,1.3270770396023852
1814.0,1.3267116278230584
1815.0,1.32680163202932
1816.0,1.3262929527737313
1817.0,1.3267497864537474
1818.0,1.3283776093790882
1819.0,1.3295402102503273
1820.0,1.3311378217790506
1821.0,1.3322182496392414
1822.0,1.3331521315147725
1823.0,1.334057219690296
1824.0,1.334173135439584
1825.0,1.3342802037514558
1826.0,1.3342916408381233
1827.0,1.3331877936403138
1828.0,1.3339408440908125
1829.0,1.336078181147968
1830.0,1.3371381277542582
1831.0,1.3389712735862236
1832.0,1.3404977097206467
1833.0,1.3391338687497987
1834.0,1.3389159983957295
1835.0,1.3389295695634256
1836.0,1.3380895615908943
1837.0,1.3389271306704922
1838.0,1.3416449726981374
1839.0,1.3423870630671102
1840.0,1.3428735700802057
1841.0,1.3435711089935007
1842.0,1.3431089996849095
1843.0,1.3445720041609242
1844.0,1.3467489443222154
1845.0,1.3496698108512992
1846.0,1.3508362886164007
1847.0,1.3510701806138699
1848.0,1.3512048603946862
1849.0,1.3501055314011703
1850.0,1.3494979319871372
1851.0,1.3487497279579528
1852.0,1.3484208031433185
1853.0,1.349281853716947
1854.0,1.350744541721744
1855.0,1.350376401127296
1856.0,1.3517073309705663
1857.0,1.3523299460887415
1858.0,1.3514056415113302
1859.0,1.3508667686797011
1860.0,1.3515422911979635
1861.0,1.3507450385273243
1862.0,1.3479818632712475
1863.0,1.3475346391345597
1864.0,1.3470176100355942
1865.0,1.3467425841959126
1866.0,1.3478315674632524
1867.0,1.3485493940852413
1868.0,1.3494379075442744
1869.0,1.3515209647721946
1870.0,1.3514459121174573
1871.0,1.3503787487915098
1872.0,1.3494585075277623
1873.0,1.3476440680320194
1874.0,1.3458566616166943
1875.0,1.3442692892325205
1876.0,1.341324066587539
1877.0,1.3371697108505771
1878.0,1.3329580375360492
1879.0,1.3298533326138544
1880.0,1.3278479546051685
1881.0,1.325376342837996
1882.0,1.323465560185218
1883.0,1.3213412607415684
1884.0,1.3179823352730866
1885.0,1.3131520678830173
1886.0,1.308330415622813
1887.0,1.302920422046512
1888.0,1.2986565874483498
1889.0,1.2943114113328487
1890.0,1.2889738016222339
1891.0,1.283364385210479
1892.0,1.277849214294027
1893.0,1.2704407719420994
1894.0,1.2625232595140687
1895.0,1.2545274315696198
1896.0,1.2460277723212143
1897.0,1.2383746398715711
1898.0,1.23104590059796
1899.0,1.2244323831355688
1900.0,1.2180955197109162
1901.0,1.2114746917442785
1902.0,1.2044973363833014
1903.0,1.1978988499819485
1904.0,1.1922037873063789
1905.0,1.1869861798094978
1906.0,1.1819386774444929
1907.0,1.1777722807784017
1908.0,1.1728897549727626
1909.0,1.167615852180823
1910.0,1.163981296594482
1911.0,1.1610920399035385
1912.0,1.1583241924056142
1913.0,1.155788845879993
1914.0,1.154216382149514
1915.0,1.151931117859341
1916.0,1.1488480859552301
1917.0,1.1474761155940065
1918.0,1.146400630725825
1919.0,1.1453777893407704
1920.0,1.1455582339741224
1921.0,1.145320131743309
1922.0,1.1448358872340316
1923.0,1.1449701190492552
1924.0,1.1456143695400627
1925.0,1.1466678871096696
1926.0,1.1476934122429991
1927.0,1.149083262262807
1928.0,1.1506816708134409
1929.0,1.1519075274083874
1930.0,1.1528852276091333
1931.0,1.1538444836956216
1932.0,1.155341583004437
1933.0,1.1565585420956894
1934.0,1.1572365482551694
1935.0,1.1582914710815393
1936.0,1.1585752872915367
1937.0,1.1596395727471718
1938.0,1.1604916244639845
1939.0,1.1633627167936114
1940.0,1.1658847855338466
1941.0,1.1689606249777058
1942.0,1.171493951824694
1943.0,1.1714316629460064
1944.0,1.172860882076011
1945.0,1.1740294191677483
1946.0,1.1755255834817355
1947.0,1.1786220981900393
1948.0,1.1806892492278411
1949.0,1.182006321027506
1950.0,1.1844295105483411
1951.0,1.186124983354933
1952.0,1.1868866189637066
1953.0,1.1886286057059536
1954.0,1.188678895036168
1955.0,1.1884582122394374
1956.0,1.1883824237330205
1957.0,1.188278881662225
1958.0,1.1895610313529799
1959.0,1.191469749131383
1960.0,1.195035302197854
1961.0,1.1976804675100579
1962.0,1.2010123464299718
1963.0,1.203159591541018
1964.0,1.2042415291616744
1965.0,1.2060070175832043
1966.0,1.206706765034043
1967.0,1.2071177074952628
1968.0,1.2089550706720995
1969.0,1.2104651628307297
1970.0,1.2125638291485197
1971.0,1.2151744041753525
1972.0,1.2168848680218274
1973.0,1.217215468424796
1974.0,1.2188319257055713
1975.0,1.2204517893209923
1976.0,1.2226713887265046
1977.0,1.2261286487708523
1978.0,1.2292280541261338
1979.0,1.231276546851966
1980.0,1.2330356672746527
1981.0,1.2337942809032278
1982.0,1.2348890940844996
1983.0,1.2368651708071885
1984.0,1.2377699458026707
1985.0,1.2395007746375832
1986.0,1.2420271667859755
1987.0,1.2439065618654024
1988.0,1.2453093679458471
1989.0,1.2482392607645827
1990.0,1.2494212923963897
1991.0,1.2516427640346535
1992.0,1.2545654727007614
1993.0,1.2554273223544279
1994.0,1.2575718672911618
1995.0,1.2584932506126663
1996.0,1.2593504221298917
1997.0,1.2595296021160083
1998.0,1.2606609998430947
1999.0,1.261797588788194
2000.0,1.2634528233918052
2001.0,1.2655731372560484
2002.0,1.2678179157992586
2003.0,1.2701113786883684
2004.0,1.272714998977531
2005.0,1.2757455421752006
2006.0,1.2784079737437712
2007.0,1.2817189084918021
2008.0,1.2828909571330367
2009.0,1.284006620709106
2010.0,1.2843352898019151
2011.0,1.285184329810204
2012.0,1.2851037894708761
2013.0,1.2866027577024126
2014.0,1.2887603925573727
2015.0,1.2913190109753185
2016.0,1.2953871281787273
2017.0,1.2974413942290588
2018.0,1.2990382570198022
2019.0,1.3002566404099307
2020.0,1.3004275217642065
2021.0,1.3028645224492132
2022.0,1.3046167474113322
2023.0,1.3058498627464117
2024.0,1.3078319714821705
2025.0,1.3099942831853044
2026.0,1.3109689233668178
2027.0,1.31243749045541
2028.0,1.313410229979261
2029.0,1.312684222602977
2030.0,1.3127346066648038
2031.0,1.3144635878116862
2032.0,1.3157391582641498
2033.0,1.31680173464489
2034.0,1.3190655848647728
2035.0,1.321839551110606
2036.0,1.3240483449844958
2037.0,1.326084478168905
2038.0,1.3293006551021485
2039.0,1.3302190480462175
2040.0,1.3285434465103918
2041.0,1.3289189679365059
2042.0,1.329085191166168
2043.0,1.3293577473637475
2044.0,1.3301127684048408
2045.0,1.3320196249121228
2046.0,1.333519009308035
2047.0,1.3351691989153274
2048.0,1.3376126953608865
2049.0,1.3399648799276231
2050.0,1.34010738237762
2051.0,1.3390679131230225
2052.0,1.3395230437288108
2053.0,1.33927112861396
2054.0,1.3401025485381255
2055.0,1.3437021350685237
2056.0,1.3454323959885983
2057.0,1.3464269212882822
2058.0,1.3472582613235815
2059.0,1.3481140862531205
2060.0,1.3467143962274042
2061.0,1.346261808177488
2062.0,1.347201587412346
2063.0,1.3467317211421388
2064.0,1.3469339627568377
2065.0,1.3471491563387015
2066.0,1.3463441554896118
2067.0,1.346872416456594
2068.0,1.3486299204124532
2069.0,1.3497898722755646
2070.0,1.3519352183587143
2071.0,1.352725460504617
2072.0,1.3529870584708834
2073.0,1.3526931581856259
2074.0,1.3514279458435121
2075.0,1.3493855004412787
2076.0,1.3478524943430312
2077.0,1.3490589652942715
2078.0,1.351098216055452
2079.0,1.3522978369040626
2080.0,1.355911421385112
2081.0,1.35781924152668
2082.0,1.358720427158226
2083.0,1.3596934691797988
2084.0,1.3597921949401701
2085.0,1.3574417015192226
2086.0,1.3563545443899112
2087.0,1.3537948362430252
2088.0,1.353884317683179
2089.0,1.355546903312202
2090.0,1.357555840712912
2091.0,1.3614461119749084
2092.0,1.36533025774916
2093.0,1.3646651005802386
2094.0,1.3639760436563977
2095.0,1.36211132565602
2096.0,1.3591142669408398
2097.0,1.3589402755819535
2098.0,1.3607601617442784
2099.0,1.361893845636805
2100.0,1.3650465858247003
2101.0,1.366056165624086
2102.0,1.3660707352246881
2103.0,1.3662570623336003
2104.0,1.3640399883981733
2105.0,1.364600915108475
2106.0,1.3673570575490526
2107.0,1.3685088959044875
2108.0,1.3711446857249487
2109.0,1.3734977449900978
2110.0,1.371819171229178
2111.0,1.371718262932769
2112.0,1.372279109442646
2113.0,1.372444893171301
2114.0,1.3729675120234308
2115.0,1.375104917641582
2116.0,1.3751643953881452
2117.0,1.3737911505588476
2118.0,1.3734038891094633
2119.0,1.3727831225021554
2120.0,1.3724346041850535
2121.0,1.3723566796387172
2122.0,1.3720460386832265
2123.0,1.3706826926477604
2124.0,1.371204817597248
2125.0,1.3732174393556449
2126.0,1.374891833106997
2127.0,1.376545671847715
2128.0,1.377444227079795
2129.0,1.3768423481881356
2130.0,1.3764644953726848
2131.0,1.3746628757245152
2132.0,1.3735658819726857
2133.0,1.373096042053651
2134.0,1.3726276705434681
2135.0,1.3719083091619404
2136.0,1.371836207777668
2137.0,1.371786298007793
2138.0,1.3706831663126695
2139.0,1.3703905223620543
2140.0,1.371684825192754
2141.0,1.3721612373396679
2142.0,1.3729962061436365
2143.0,1.3719545532933446
2144.0,1.3711888208498757
2145.0,1.3718257438925063
2146.0,1.370719453208043
2147.0,1.37230641627791
2148.0,1.3741673666089527
2149.0,1.3744001424854644
2150.0,1.375919005065696
2151.0,1.3765376341226465
2152.0,1.37763162539593
2153.0,1.379493425374896
2154.0,1.3797813410382902
2155.0,1.3794715125873604
2156.0,1.379350205879421
2157.0,1.3781524570232069
2158.0,1.3770427782581345
2159.0,1.3764330197253904
2160.0,1.3750818708759243
2161.0,1.3710936641977758
2162.0,1.3707557499300493
2163.0,1.3729276159122845
2164.0,1.3741558672156515
2165.0,1.37554851087603
2166.0,1.3766888235455992
2167.0,1.3758706924013244
2168.0,1.3748285716622322
2169.0,1.375324131081529
2170.0,1.3749915358099656
2171.0,1.374417647823621
2172.0,1.3731881980609675
2173.0,1.3723333543808003
2174.0,1.3706089732371005
2175.0,1.3707393800791008
2176.0,1.3719598364050563
2177.0,1.3722609593521073
2178.0,1.3737374997281475
2179.0,1.3746775865316336
2180.0,1.3754077779018978
2181.0,1.375282077069614
2182.0,1.3740094618527623
2183.0,1.3737896441920172
2184.0,1.3741212822148305
2185.0,1.3720163317585743
2186.0,1.371888073452758
2187.0,1.37173692867491
2188.0,1.3703407517737292
2189.0,1.3708873052212847
2190.0,1.3714497797632519
2191.0,1.3731464782824976
2192.0,1.3744208485673945
2193.0,1.3732604550669172
2194.0,1.372340132464071
2195.0,1.3698572339075925
2196.0,1.3684100073958252
2197.0,1.3674831357196258
2198.0,1.3665066339543614
2199.0,1.3661429947696169
2200.0,1.3655599259879543
2201.0,1.3632681335639782
2202.0,1.3631651124945805
2203.0,1.3648892217763033
2204.0,1.3656059595373755
2205.0,1.3674354875910437
2206.0,1.368882260824799
2207.0,1.3675780178525125
2208.0,1.3663807037343243
2209.0,1.3656551327001423
2210.0,1.3664583160287473
2211.0,1.367089720529379
2212.0,1.3664832927460664
2213.0,1.3663788607641092
2214.0,1.3647118264604057
2215.0,1.3660156468694282
2216.0,1.3692560486959546
2217.0,1.370640896597782
2218.0,1.372443619029856
2219.0,1.3738462381526249
2220.0,1.37473640502074
2221.0,1.3738298186888673
2222.0,1.3715657124040097
2223.0,1.3710178458180837
2224.0,1.3684871630501518
2225.0,1.3685826184624528
2226.0,1.37301221252745
2227.0,1.3738118807852473
2228.0,1.3726252875513527
2229.0,1.3731775177370518
2230.0,1.3739423976685257
2231.0,1.3739625970349003
2232.0,1.3750090343827301
2233.0,1.3748529579472286
2234.0,1.3737246622821888
2235.0,1.3704280572148244
2236.0,1.3687112884782142
2237.0,1.3664375918027365
2238.0,1.3659829854170402
2239.0,1.3686053503267268
2240.0,1.3686414307729375
2241.0,1.3701043270504532
2242.0,1.3704779135447538
2243.0,1.3673345166547615
2244.0,1.3620389222970535
2245.0,1.356815702346697
2246.0,1.3538909807404877
2247.0,1.3495680015614673
2248.0,1.3469568379354322
2249.0,1.3490571400046394
2250.0,1.3480170637299513
2251.0,1.3442739676414177
2252.0,1.3445726706340004
2253.0,1.346606040647723
2254.0,1.3475286055959204
2255.0,1.3503533386336197
2256.0,1.3505587070556737
2257.0,1.3498415580761978
2258.0,1.348532935597255
2259.0,1.3446341268962376
2260.0,1.3434150335667636
2261.0,1.3427723362998936
2262.0,1.3412672241315957
2263.0,1.3433003883207935
2264.0,1.345946097167483
2265.0,1.3468600246017315
2266.0,1.3464767392103227
2267.0,1.344184033144688
2268.0,1.3424719955973805
2269.0,1.3415023446071497
2270.0,1.341361594061547
2271.0,1.3437704388347338
2272.0,1.345786713344017
2273.0,1.3474259243203879
2274.0,1.3465104615958854
2275.0,1.344754303215165
2276.0,1.3418196601443835
2277.0,1.3399853171290086
2278.0,1.3381262207055709
2279.0,1.3379587689227013
2280.0,1.3406868360638413
2281.0,1.3399679746325004
2282.0,1.3379054765022325
2283.0,1.3353293750216975
2284.0,1.3287227904259407
2285.0,1.3265286594650343
2286.0,1.3278974738568423
2287.0,1.327609688268891
2288.0,1.3286752067613004
2289.0,1.3269811199137895
2290.0,1.320731027692655
2291.0,1.3201681077105971
2292.0,1.3224263056204313
2293.0,1.3245308619195153
2294.0,1.3339144266435357
2295.0,1.334444904858046
2296.0,1.3282311781377596
2297.0,1.323900243289094
2298.0,1.3194148666017211
2299.0,1.3123005474064864
2300.0,1.3142273938820705
2301.0,1.3205472548853046
2302.0,1.3237501784188446
2303.0,1.3289579076239477
2304.0,1.3326675276701216
2305.0,1.3274227588220195
2306.0,1.3266346276073326
2307.0,1.3289593762490168
2308.0,1.3304782681836917
2309.0,1.3394283215271796
2310.0,1.3414028802123377
2311.0,1.3390517552767653
2312.0,1.3379384080320003
2313.0,1.328685593434721
2314.0,1.321147602334208
2315.0,1.3202988066484345
2316.0,1.3187074820138676
2317.0,1.3190233821037576
2318.0,1.322748076684465
2319.0,1.326063885417833
2320.0,1.3282698644727433
2321.0,1.3300706600399526
2322.0,1.3302460813555697
2323.0,1.328519140665265
2324.0,1.3273732848060313
2325.0,1.3243843213311357
2326.0,1.3241228044680409
2327.0,1.3263629292910466
2328.0,1.3296134786789717
2329.0,1.3341818154384357
2330.0,1.3377266432647827
2331.0,1.3430148224660354
2332.0,1.3430089944541705
2333.0,1.3382810578870383
2334.0,1.3375095662826242
2335.0,1.3370623541675637
2336.0,1.3365736368028476
2337.0,1.3372443913073484
2338.0,1.3385718095818924
2339.0,1.3399891881951442
2340.0,1.3400818395685778
2341.0,1.3416851314339064
2342.0,1.3418761523565446
2343.0,1.339157805002642
2344.0,1.3374451843736153
2345.0,1.3366721826490797
2346.0,1.3356226204566568
2347.0,1.336543819793376
2348.0,1.3298676044648452
2349.0,1.3281217066171995
2350.0,1.3224298786084605
2351.0,1.3230811231363941
2352.0,1.3326823031017785
2353.0,1.3311605698846996
2354.0,1.333477523229145
2355.0,1.3286114732796814
2356.0,1.3194873445274908
2357.0,1.325022041972016
2358.0,1.3288529923246872
2359.0,1.3342443273061027
2360.0,1.3365349303527472
2361.0,1.3333396748872859
2362.0,1.3336905892858628
2363.0,1.330665143575771
2364.0,1.326914930321313
2365.0,1.3222312702060248
2366.0,1.3140007280167105
2367.0,1.3090848238839274
2368.0,1.3087527129019978
2369.0,1.3118241984010235
2370.0,1.321560826016109
2371.0,1.3299606589659148
2372.0,1.3309787733369025
2373.0,1.3278788520395284
2374.0,1.3212359481131362
2375.0,1.3124189320171322
2376.0,1.3151121825324938
2377.0,1.3249229869916317
2378.0,1.3256007837126396
2379.0,1.3286315438116607
2380.0,1.324691015970602
2381.0,1.3137889887422736
2382.0,1.308237439964128
2383.0,1.2997722132202212
2384.0,1.2925997761603027
2385.0,1.2924009300780697
2386.0,1.2973463356470292
2387.0,1.3043322326800788
2388.0,1.309731944451327
2389.0,1.305492074865744
2390.0,1.2953301936479864
2391.0,1.2893211638266806
2392.0,1.2944546074421655
2393.0,1.3001762999166115
2394.0,1.3041893045205957
2395.0,1.3014131129409598
2396.0,1.291651983186832
2397.0,1.2977316293812284
2398.0,1.2999782581628647
2399.0,1.3045603540072226
2400.0,1.3177559216099124
2401.0,1.3119735130663195
2402.0,1.3116529164512256
2403.0,1.3133649463539225
2404.0,1.3058542769179955
2405.0,1.2968757975399825
2406.0,1.2728414121022338
2407.0,1.2575564939428434
2408.0,1.2455794592292364
2409.0,1.2435379416943828
2410.0,1.2626275757188359
2411.0,1.2697506062296071
2412.0,1.2812208023020963
2413.0,1.2951969205893537
2414.0,1.2955842138701517
2415.0,1.2939291806392483
2416.0,1.2833500982546633
2417.0,1.2702260178566547
2418.0,1.2687812237661817
2419.0,1.2746633384744521
2420.0,1.2873460580261618
2421.0,1.2978062570741578
2422.0,1.2917641848180041
2423.0,1.2786963281650912
2424.0,1.265917886795032
2425.0,1.2557551373152063
2426.0,1.247230811387786
2427.0,1.2479343486305803
2428.0,1.248157224651509
2429.0,1.2323786492442936
2430.0,1.2263218020885402
2431.0,1.220471073660041
2432.0,1.211795505743573
2433.0,1.218725114323784
2434.0,1.2290685422593128
2435.0,1.224360913594106
2436.0,1.2169749993530516
2437.0,1.220691973291284
2438.0,1.2179999843277467
2439.0,1.2254476134416026
2440.0,1.2376582948526869
2441.0,1.2453894493565347
2442.0,1.2370298857384685
2443.0,1.2140198166629323
2444.0,1.213030399244467
2445.0,1.1944931933008027
2446.0,1.1775490282320935
2447.0,1.1981194987227917
2448.0,1.1965790607666993
2449.0,1.1909540029328565
2450.0,1.203691145805024
2451.0,1.1961278770282602
2452.0,1.192928118797922
2453.0,1.198088203698931
2454.0,1.1933100129692764
2455.0,1.1978578111395994
2456.0,1.205208573927951
2457.0,1.2108062435404419
2458.0,1.2187873123807533
2459.0,1.2108485190928704
2460.0,1.1824648985755675
2461.0,1.1641284859207681
2462.0,1.1554102067728886
2463.0,1.162312350231434
2464.0,1.1807185767091362
2465.0,1.1837619006793347
2466.0,1.1808031191303203
2467.0,1.1716544382483598
2468.0,1.160614786832465
2469.0,1.1486867715421079
2470.0,1.1501084270584903
2471.0,1.1590188451728562
2472.0,1.1636119100741447
2473.0,1.191974443876897
2474.0,1.2009152807349672
2475.0,1.181362852034323
2476.0,1.1808073082817407
2477.0,1.190043592734227
2478.0,1.1886369613942336
2479.0,1.1866492206547845
2480.0,1.1833344547819284
2481.0,1.1788607591896902
2482.0,1.1626012641024381
2483.0,1.134937592002549
2484.0,1.1383851995466243
2485.0,1.1511200090237759
2486.0,1.1500124805115297
2487.0,1.158824713194219
2488.0,1.1563651632260457
2489.0,1.1292039791271822
2490.0,1.1216666040387955
2491.0,1.1383262738322675
2492.0,1.1447776983729223
2493.0,1.144831287225454
2494.0,1.145765102614676
2495.0,1.1475750111040541
2496.0,1.1487650737655937
2497.0,1.1383345394504663
2498.0,1.1612468389273076
2499.0,1.2133742042025146
2500.0,1.2331675085270826
