350.0,-0.21083586637086726
351.0,-0.08923155440586278
352.0,-0.020242335996604393
353.0,-0.097704450465032
354.0,-0.07869845895435956
355.0,-0.02980400331842428
356.0,-0.04167952875204693
357.0,-0.07752922601571281
358.0,-0.015120848149114971
359.0,0.04654954238999685
360.0,-0.01522925687798725
361.0,-0.02400237706376019
362.0,-0.02733802953918852
363.0,-0.030731776079760652
364.0,-0.018996854665650233
365.0,-0.008087001392079832
366.0,0.004489384703835412
367.0,0.008997574707396466
368.0,-0.00942380117168711
369.0,-0.008396992707700652
370.0,-0.018468178682478395
371.0,-0.028416849640233492
372.0,0.02300058864578966
373.0,0.03631088418496568
374.0,0.03323512075010898
375.0,0.028171083530392913
376.0,-0.01771848081203979
377.0,-0.0025779913529893977
378.0,0.024714128061963436
379.0,0.016509470701979962
380.0,0.02563921134839857
381.0,0.027498404577836165
382.0,0.02177435693079387
383.0,0.015962952077984423
384.0,0.009209216409656771
385.0,0.007976282957157748
386.0,0.014323356500793492
387.0,0.02660259143866138
388.0,0.037666759823952026
389.0,0.03819987611802523
390.0,0.02942196303299921
391.0,0.021722812368272455
392.0,0.015689249503062996
393.0,0.017578143725145327
394.0,0.026074592222141164
395.0,0.028709914177097513
396.0,0.034840938883018556
397.0,0.033959387541134714
398.0,0.02243417759789775
399.0,0.021766968287925275
400.0,0.025223783601944265
401.0,0.028104007398719877
402.0,0.02846588940824251
403.0,0.033799296845118065
404.0,0.032592435233181276
405.0,0.02682032725118899
406.0,0.02573418786109691
407.0,0.028973058141782547
408.0,0.031120442899923037
409.0,0.03129579506786912
410.0,0.03297773387871308
411.0,0.030830434089344553
412.0,0.03249599248581043
413.0,0.03831770793612508
414.0,0.033284382456682214
415.0,0.03363790530256085
416.0,0.03500785466330284
417.0,0.032833718150366224
418.0,0.03968253871119756
419.0,0.03772945044248474
420.0,0.03351620564283676
421.0,0.039666011169526644
422.0,0.03738885064121962
423.0,0.034241244194666676
424.0,0.033536859311788125
425.0,0.033638152796505186
426.0,0.03450834182331926
427.0,0.035804141792224006
428.0,0.036910572874399965
429.0,0.036790513782761165
430.0,0.03818227006031219
431.0,0.04003505638893344
432.0,0.04057699726119015
433.0,0.03854803563370736
434.0,0.03766329679867249
435.0,0.03851148376477482
436.0,0.03966291642957107
437.0,0.03751921132195323
438.0,0.037642446705181014
439.0,0.03952032547902967
440.0,0.037292286123496755
441.0,0.038838191625002634
442.0,0.04051072185169519
443.0,0.03966634643219516
444.0,0.038580681553560606
445.0,0.038761705927740975
446.0,0.03910823439524451
447.0,0.038456784287138446
448.0,0.038659605068215586
449.0,0.03881890337230217
450.0,0.03920779101089323
451.0,0.04039435673105317
452.0,0.03947364259466379
453.0,0.03857270815004301
454.0,0.03892447534661765
455.0,0.03999377247591767
456.0,0.03963629486914193
457.0,0.03897920827024986
458.0,0.0391581476744232
459.0,0.03941266440573637
460.0,0.03948292903191342
461.0,0.03945244401842538
462.0,0.03948566674862654
463.0,0.039210834844157036
464.0,0.038951172021763326
465.0,0.03891277851011925
466.0,0.03915858421930101
467.0,0.0399690137297989
468.0,0.04036896618155503
469.0,0.0400521940347109
470.0,0.040242627601836875
471.0,0.04114025540063132
472.0,0.04174869039322446
473.0,0.04121704521905081
474.0,0.040886095525007965
475.0,0.0404273262076637
476.0,0.04015222505202054
477.0,0.04065683055771393
478.0,0.04097694222635895
479.0,0.04095811718237965
480.0,0.040810436721367145
481.0,0.04111432835622641
482.0,0.04048466279004257
483.0,0.039904699405454436
484.0,0.04042977695909741
485.0,0.04137067896046082
486.0,0.04185644978634104
487.0,0.0416732309713052
488.0,0.04110275417456093
489.0,0.040602647377041945
490.0,0.04108603162040084
491.0,0.042077271095309836
492.0,0.04142891612740766
493.0,0.04156366417642934
494.0,0.041480744193184454
495.0,0.04068906911170479
496.0,0.04275457826121823
497.0,0.04291451308535256
498.0,0.041712768882097725
499.0,0.041995425611970394
500.0,0.04260480217650759
501.0,0.04329620175180676
502.0,0.043641688659067486
503.0,0.04299155464223933
504.0,0.04239093328855458
505.0,0.042337921561067145
506.0,0.042780793634221465
507.0,0.042583021706691176
508.0,0.04269262445439155
509.0,0.04314829368373962
510.0,0.043493451433697046
511.0,0.04308495164549184
512.0,0.04278256724068523
513.0,0.042889166213862635
514.0,0.04293520087494173
515.0,0.04364508354903148
516.0,0.044181893157029604
517.0,0.04386356665943893
518.0,0.04323958616522878
519.0,0.043208974457894574
520.0,0.043500921868166856
521.0,0.04340189878924098
522.0,0.04358070946190297
523.0,0.044256573239878555
524.0,0.044929414845973084
525.0,0.04433970263090231
526.0,0.04417657825044459
527.0,0.04427789979210189
528.0,0.04425015057507194
529.0,0.044372752941782445
530.0,0.044585488670590354
531.0,0.04500699396267905
532.0,0.04570459193011069
533.0,0.04564135418911304
534.0,0.045183551004485636
535.0,0.044884504922652016
536.0,0.045322206571627326
537.0,0.04601536155874176
538.0,0.04639355143296203
539.0,0.046218282071837015
540.0,0.046412572933773835
541.0,0.046548601477406394
542.0,0.046496116096670606
543.0,0.04634817286576911
544.0,0.04625554458312418
545.0,0.046364931530286695
546.0,0.046720603014153476
547.0,0.04725276794817746
548.0,0.04733439493048825
549.0,0.047077379129288874
550.0,0.04685477588955187
551.0,0.04696697500992244
552.0,0.04719881419868447
553.0,0.047448374242011544
554.0,0.04772168649773647
555.0,0.048011682816915015
556.0,0.04811607523982534
557.0,0.04800919540559019
558.0,0.04805266098044655
559.0,0.04845062629579246
560.0,0.04882781340424741
561.0,0.04873239261638045
562.0,0.04864520868737841
563.0,0.04879351004204633
564.0,0.04905214143284184
565.0,0.04897711307706962
566.0,0.049056751396232536
567.0,0.04944155987703787
568.0,0.05000051970504875
569.0,0.05007561545583554
570.0,0.04992255317746779
571.0,0.04976693703635718
572.0,0.04982540143578646
573.0,0.05028004565879828
574.0,0.05060777791228254
575.0,0.05061330593769727
576.0,0.05064596167230658
577.0,0.05088006027220084
578.0,0.05098732739725267
579.0,0.05079110086505952
580.0,0.05124886523654292
581.0,0.0514339628850205
582.0,0.05127902122118172
583.0,0.05135370772015296
584.0,0.05194774043489823
585.0,0.05249787137148039
586.0,0.052638150132984486
587.0,0.052560193512763365
588.0,0.05270004797209977
589.0,0.052941761122352965
590.0,0.053046628912167146
591.0,0.053282011502491226
592.0,0.053549178174303914
593.0,0.053769209644321324
594.0,0.05390210078712756
595.0,0.05394810513844919
596.0,0.054136595870940774
597.0,0.054521381641491236
598.0,0.054532608090755906
599.0,0.05488213776321627
600.0,0.0553544594573298
601.0,0.055376593143003174
602.0,0.05548742359717354
603.0,0.055611789588223694
604.0,0.055688862923600764
605.0,0.05575088648771019
606.0,0.05633373456940965
607.0,0.056816712961204364
608.0,0.05666625386775528
609.0,0.05692912309232918
610.0,0.057074357069527216
611.0,0.057162632882552744
612.0,0.057633880279059586
613.0,0.0577844951673678
614.0,0.058028199232897135
615.0,0.058534103032280835
616.0,0.05863365340602453
617.0,0.05874390362822697
618.0,0.05897678522778173
619.0,0.059297157716691515
620.0,0.05945917089911719
621.0,0.05971224853965077
622.0,0.06006757904629438
623.0,0.06025883604533293
624.0,0.06043272403020892
625.0,0.06056106826357688
626.0,0.060704416819324786
627.0,0.061334376990835784
628.0,0.06169831180384329
629.0,0.06178584681549995
630.0,0.06201561955801232
631.0,0.06257810453913293
632.0,0.06291752773460944
633.0,0.06287769030887601
634.0,0.06305730168795813
635.0,0.06316452078914148
636.0,0.0634438427392436
637.0,0.06408055498684871
638.0,0.06440116479541214
639.0,0.06455501512550091
640.0,0.06469138470027838
641.0,0.06492320014482246
642.0,0.06504588822639557
643.0,0.06544129472613341
644.0,0.06617710442707844
645.0,0.06637202681365491
646.0,0.06653738683864431
647.0,0.06684501437439559
648.0,0.06727204709891559
649.0,0.0674036449550485
650.0,0.06767120305245179
651.0,0.06814693837714016
652.0,0.06839835325950334
653.0,0.06860130622774716
654.0,0.06899694833198461
655.0,0.06961640020199429
656.0,0.06975714749247683
657.0,0.06990169788397822
658.0,0.07014023286249699
659.0,0.07034664682511867
660.0,0.0709039081807026
661.0,0.07152125402584003
662.0,0.07198050716367851
663.0,0.0723360269248786
664.0,0.07260191816036451
665.0,0.07285286912490947
666.0,0.07316025266188189
667.0,0.07346566433487223
668.0,0.07388693515337073
669.0,0.07442095270100235
670.0,0.07493690617858416
671.0,0.07511575678402406
672.0,0.07530266940074971
673.0,0.0757576812193349
674.0,0.07621206549187325
675.0,0.07673377901528539
676.0,0.07721755608738196
677.0,0.0775324898413455
678.0,0.0778977428430186
679.0,0.07818515485408531
680.0,0.07844381277359616
681.0,0.07898232230734388
682.0,0.07952405201712553
683.0,0.07997725270642116
684.0,0.08033742245258445
685.0,0.0807298937233718
686.0,0.08098029436094199
687.0,0.08128679516181508
688.0,0.0820151601839152
689.0,0.08264495475582948
690.0,0.0829229334397276
691.0,0.08300812846024522
692.0,0.08373568914393123
693.0,0.08419065638932252
694.0,0.08447775712165967
695.0,0.08497236299953974
696.0,0.08564615901836084
697.0,0.08622765678564244
698.0,0.08663399870954203
699.0,0.08697453884346344
700.0,0.08744565111685275
701.0,0.08807364230631727
702.0,0.08875371341497232
703.0,0.08917378780505991
704.0,0.08945896755284408
705.0,0.08977994927269665
706.0,0.09027608309233762
707.0,0.09069569808888212
708.0,0.09125905151630528
709.0,0.09192326925637391
710.0,0.09230775845313545
711.0,0.0927972488707856
712.0,0.09332911210321854
713.0,0.09379155284505432
714.0,0.09425659756266071
715.0,0.09462580982511104
716.0,0.09500607106349766
717.0,0.09558959606070949
718.0,0.09625559569163948
719.0,0.09682367393797527
720.0,0.09730797705056633
721.0,0.0980186428714615
722.0,0.09858533338178946
723.0,0.09903787218216038
724.0,0.09950127739792468
725.0,0.09998905523369894
726.0,0.10058838419057113
727.0,0.10117706671737393
728.0,0.1015446242648678
729.0,0.10221610247524657
730.0,0.10297052838139832
731.0,0.10358721309998693
732.0,0.10402232993901707
733.0,0.10453686287782069
734.0,0.10513273726505278
735.0,0.10572150890412768
736.0,0.10627191706301164
737.0,0.10676809599949681
738.0,0.10726238086374876
739.0,0.10785405370668691
740.0,0.1085240441905321
741.0,0.10915759087798194
742.0,0.10971412817987748
743.0,0.11032964252326892
744.0,0.11102858857429788
745.0,0.11168571701269495
746.0,0.11219724489871401
747.0,0.112888950011616
748.0,0.1135864848713177
749.0,0.11420151842247474
750.0,0.1147661501508924
751.0,0.11544794779565708
752.0,0.11620091358061921
753.0,0.11690735496460244
754.0,0.1173569981177968
755.0,0.11798970213077765
756.0,0.11874854989441248
757.0,0.11941415200725984
758.0,0.12003202937937274
759.0,0.12077307724660555
760.0,0.12155009792229958
761.0,0.12205343785318083
762.0,0.12283795161529693
763.0,0.12367940217531787
764.0,0.1243736983564587
765.0,0.12514351227123158
766.0,0.12568163174896346
767.0,0.12616425529285463
768.0,0.1268815440715924
769.0,0.12762444095055325
770.0,0.12839878288476508
771.0,0.12921010576846645
772.0,0.13004076034517348
773.0,0.13054351054579955
774.0,0.13110269356150298
775.0,0.13195420380017917
776.0,0.13271440179146413
777.0,0.13331444549049584
778.0,0.13399802321409462
779.0,0.13499717233764014
780.0,0.1357813979702288
781.0,0.1364522622563601
782.0,0.13712311494809043
783.0,0.13787911363674754
784.0,0.1386947845211829
785.0,0.13949158385994678
786.0,0.14026336015439914
787.0,0.1411556508341272
788.0,0.14209081511530808
789.0,0.14295656944189047
790.0,0.143692739678321
791.0,0.14452293620959908
792.0,0.14524496636674844
793.0,0.14594759771049287
794.0,0.14690840277270087
795.0,0.1477898790168205
796.0,0.14853449643838965
797.0,0.1491881189974074
798.0,0.14988933815968813
799.0,0.150719813759884
800.0,0.1516410852609483
801.0,0.15255320168652411
802.0,0.15329497292869185
803.0,0.15413605010263345
804.0,0.15503951509076694
805.0,0.1558069991495372
806.0,0.1565435971113003
807.0,0.1573833088166859
808.0,0.15831763574077456
809.0,0.1591682087349814
810.0,0.16003335457949042
811.0,0.16086479943040205
812.0,0.16162774333444851
813.0,0.1624130542695748
814.0,0.16310141837203007
815.0,0.16393879972685374
816.0,0.1651530880943588
817.0,0.1660180258866662
818.0,0.1669091738149931
819.0,0.16790279464076446
820.0,0.16875024068436492
821.0,0.16941137018277852
822.0,0.17013398443023015
823.0,0.17107509262208162
824.0,0.17215652524488878
825.0,0.17299184003416063
826.0,0.1738723218883657
827.0,0.17505059856931166
828.0,0.17587593038361346
829.0,0.17679157271927098
830.0,0.17785876111258014
831.0,0.1788900776108245
832.0,0.17958291366106005
833.0,0.18059940945014574
834.0,0.18190998854611878
835.0,0.18269168195016974
836.0,0.18373562730392515
837.0,0.18467445766505555
838.0,0.18530898235377782
839.0,0.1862349924674407
840.0,0.18732242438457702
841.0,0.18838219962252284
842.0,0.18927346155737368
843.0,0.19019174003690936
844.0,0.1910965823013034
845.0,0.19192285252233493
846.0,0.19267714829291863
847.0,0.1939785742370077
848.0,0.19508871076939796
849.0,0.19589649616722488
850.0,0.1970988730468928
851.0,0.19810837340789303
852.0,0.19901849476279745
853.0,0.19990563879717138
854.0,0.2005298215843587
855.0,0.20150809851257165
856.0,0.20278423326983458
857.0,0.20403108946415582
858.0,0.20481678979350787
859.0,0.20580796708498364
860.0,0.20705252818621833
861.0,0.20822449780714922
862.0,0.20908399905381198
863.0,0.2098986657160595
864.0,0.2109767407493962
865.0,0.21252209366072566
866.0,0.21374043214149277
867.0,0.21467099118789845
868.0,0.21545410205876767
869.0,0.21615421680172328
870.0,0.21731849612717
871.0,0.21856773572879767
872.0,0.219567590708716
873.0,0.22076932851119396
874.0,0.2219282156453326
875.0,0.22293001379382246
876.0,0.22379473574782133
877.0,0.2248676392303361
878.0,0.22619699190136705
879.0,0.22753647727308146
880.0,0.22856916597292481
881.0,0.2297801779538985
882.0,0.230770815949071
883.0,0.23158391451583504
884.0,0.23271012396072965
885.0,0.2337495622310765
886.0,0.23487418871625135
887.0,0.2361188961163523
888.0,0.23719220110448588
889.0,0.23834022506077873
890.0,0.23945031579837772
891.0,0.24043805714799985
892.0,0.24148058408117468
893.0,0.2424378440509154
894.0,0.24354497113760668
895.0,0.2449623209645162
896.0,0.2461578150145678
897.0,0.2475447183099612
898.0,0.2488225612921268
899.0,0.24956794138788876
900.0,0.2505152044521389
901.0,0.25195663009552843
902.0,0.2535144022429852
903.0,0.25448842471776706
904.0,0.25540974328288935
905.0,0.25668510972062536
906.0,0.25804201959549294
907.0,0.258674378800727
908.0,0.25970346459750904
909.0,0.26106792247231697
910.0,0.26242423460664926
911.0,0.2633491205830028
912.0,0.26450899964380387
913.0,0.2659117086124763
914.0,0.2674042149114889
915.0,0.26882491243095774
916.0,0.27013672520358345
917.0,0.2713696914950055
918.0,0.2725669344208517
919.0,0.2737761800460145
920.0,0.27464147795395283
921.0,0.2756900955404863
922.0,0.2773016954718895
923.0,0.2782311977911464
924.0,0.2794097441430997
925.0,0.2808402147576769
926.0,0.2821855234383526
927.0,0.28367321073026064
928.0,0.28500519996056584
929.0,0.28598532297414053
930.0,0.28669034749143524
931.0,0.28810936882129357
932.0,0.2896813916816211
933.0,0.29093825306029614
934.0,0.29173325819125934
935.0,0.29295048662027545
936.0,0.29454887434153204
937.0,0.2960278290339999
938.0,0.2967995785326092
939.0,0.29826194251812244
940.0,0.2999455222933121
941.0,0.30121097222249094
942.0,0.3017261509013076
943.0,0.30355066360897737
944.0,0.30532250779799375
945.0,0.3064063959328853
946.0,0.30767298500496587
947.0,0.3088255248018354
948.0,0.31006741332683363
949.0,0.3114722213786986
950.0,0.3128605585559572
951.0,0.314361347998123
952.0,0.315392020468491
953.0,0.31613994196621503
954.0,0.31804155442789067
955.0,0.31945964563865287
956.0,0.3204983471798027
957.0,0.32165101682222236
958.0,0.3233282813505616
959.0,0.3250925281356535
960.0,0.3264954497439649
961.0,0.32761763482319656
962.0,0.32944707051491584
963.0,0.33078018334244796
964.0,0.33156000690531523
965.0,0.3321622009735193
966.0,0.33315001227174823
967.0,0.335651738588264
968.0,0.33778499342085283
969.0,0.3384723915506233
970.0,0.3397375557694566
971.0,0.3406059353585827
972.0,0.34168267982983175
973.0,0.34330611964248836
974.0,0.3445607130372957
975.0,0.34629441849129083
976.0,0.348143512436122
977.0,0.34953770102722753
978.0,0.350149767404771
979.0,0.3508400885768237
980.0,0.35190540489713373
981.0,0.353358074677385
982.0,0.3549993622994436
983.0,0.35737330080604135
984.0,0.35867720684342175
985.0,0.35876802297620214
986.0,0.36097092424997324
987.0,0.36222935219808305
988.0,0.36290905041129856
989.0,0.36383636812653813
990.0,0.3653393049206171
991.0,0.36811174675015584
992.0,0.3702747519219147
993.0,0.3710956709719041
994.0,0.372126672675891
995.0,0.37356072169081633
996.0,0.37494503434180243
997.0,0.3761988780868468
998.0,0.37780810639646856
999.0,0.3797287198329439
1000.0,0.3809798813642275
1001.0,0.3963111333300453
1002.0,0.3964267175743599
1003.0,0.3973826568336757
1004.0,0.3993825814782338
1005.0,0.4006899043642966
1006.0,0.40145891776279086
1007.0,0.4012832619999652
1008.0,0.40265733329810105
1009.0,0.40383037571526254
1010.0,0.40550241319036207
1011.0,0.4089622842841591
1012.0,0.41035685291845914
1013.0,0.41103288428694973
1014.0,0.4130935745882063
1015.0,0.4158717094778965
1016.0,0.41705363699795384
1017.0,0.4182498217308527
1018.0,0.42091916007202723
1019.0,0.41978332262310264
1020.0,0.41812511386140244
1021.0,0.420271728130485
1022.0,0.4209019808576697
1023.0,0.42190093547896185
1024.0,0.4247136810460889
1025.0,0.4275683382093146
1026.0,0.4303787011837007
1027.0,0.43216288592675506
1028.0,0.4356732053609696
1029.0,0.43811101665184776
1030.0,0.4404550373082537
1031.0,0.43905612019637824
1032.0,0.43897212143434267
1033.0,0.4395381107068929
1034.0,0.43804560181202723
1035.0,0.4411446095542148
1036.0,0.4455526953428987
1037.0,0.44680373029121023
1038.0,0.4493601565718422
1039.0,0.4504043707699028
1040.0,0.45012983569717674
1041.0,0.4521835066450839
1042.0,0.4542288770024027
1043.0,0.45554304582404287
1044.0,0.45678007282542066
1045.0,0.45895673859593705
1046.0,0.4595445474358299
1047.0,0.45967954675625855
1048.0,0.46132210292421927
1049.0,0.4616510155205775
1050.0,0.4632467903978031
1051.0,0.4655946040980567
1052.0,0.4664979956291971
1053.0,0.46941010611865885
1054.0,0.47274396885898246
1055.0,0.4750250277495572
1056.0,0.475914766733827
1057.0,0.47595000520356634
1058.0,0.4759396188305458
1059.0,0.477192073318704
1060.0,0.47746008236094134
1061.0,0.4799304700689878
1062.0,0.48354955008947653
1063.0,0.4842711087638197
1064.0,0.48579932552016925
1065.0,0.487922592100078
1066.0,0.48874904432938465
1067.0,0.489874730966399
1068.0,0.4906454402625978
1069.0,0.4908786682762349
1070.0,0.49199199225177886
1071.0,0.4935285204315539
1072.0,0.4954543121872908
1073.0,0.4974698455611811
1074.0,0.49965155701518654
1075.0,0.501082421884196
1076.0,0.5026562910624264
1077.0,0.504593979580443
1078.0,0.5053077388703557
1079.0,0.5058550922072015
1080.0,0.5063578246328294
1081.0,0.5064051401634742
1082.0,0.5080449823722337
1083.0,0.5112691750235298
1084.0,0.5136318763157252
1085.0,0.5160129432028069
1086.0,0.5183439277216603
1087.0,0.5208300213298902
1088.0,0.5220127837015773
1089.0,0.523722048022685
1090.0,0.5269201872906739
1091.0,0.5284699673864633
1092.0,0.5297000502578079
1093.0,0.5313352848424296
1094.0,0.5321457189377732
1095.0,0.5334796942554078
1096.0,0.5359857031364058
1097.0,0.53870744302276
1098.0,0.5404864155044852
1099.0,0.5420163201116419
1100.0,0.5431285413385482
1101.0,0.5442069840736866
1102.0,0.5444872988822692
1103.0,0.5459346115085522
1104.0,0.5479936387066398
1105.0,0.5498393902947707
1106.0,0.5526577710777282
1107.0,0.5552219620353763
1108.0,0.5566974157765062
1109.0,0.558711693475214
1110.0,0.5599877213601736
1111.0,0.5601571475101518
1112.0,0.5612912046459192
1113.0,0.5622740882102617
1114.0,0.5640063901811497
1115.0,0.567172963846273
1116.0,0.5691334550796615
1117.0,0.5710756390636877
1118.0,0.5724600791696451
1119.0,0.5729326652858366
1120.0,0.5732682120135131
1121.0,0.5746806084722544
1122.0,0.5759093271173821
1123.0,0.5777899622895661
1124.0,0.5798559127123533
1125.0,0.5810045696926686
1126.0,0.582604755329312
1127.0,0.5845333939041243
1128.0,0.5867956024483668
1129.0,0.5885752137501545
1130.0,0.5905999921773619
1131.0,0.5924969373605361
1132.0,0.5938657086296554
1133.0,0.5955139094103082
1134.0,0.5976536607217058
1135.0,0.5991809710818298
1136.0,0.6006625439491815
1137.0,0.602031284197937
1138.0,0.6029156190033682
1139.0,0.60419081998566
1140.0,0.6061496447853856
1141.0,0.607860519758508
1142.0,0.6093806795030461
1143.0,0.6111937946166436
1144.0,0.6127336690221521
1145.0,0.6136634444879857
1146.0,0.6149777845799538
1147.0,0.6167555724888707
1148.0,0.6182076803293761
1149.0,0.6191749344396984
1150.0,0.6205322894504225
1151.0,0.622978003838034
1152.0,0.6250909572734373
1153.0,0.6283012672992568
1154.0,0.6314141717857624
1155.0,0.6329709482617275
1156.0,0.6344044239674278
1157.0,0.6357132700939792
1158.0,0.6361764613927283
1159.0,0.6373144748540072
1160.0,0.6387322043684749
1161.0,0.6401746063040339
1162.0,0.641753044183519
1163.0,0.6431886915883323
1164.0,0.644578700514623
1165.0,0.6460448148922195
1166.0,0.6471733577260464
1167.0,0.6490201951727058
1168.0,0.6512142723733896
1169.0,0.6536469405948017
1170.0,0.6553861726985512
1171.0,0.6567977533068112
1172.0,0.6582433105566929
1173.0,0.6587986932114069
1174.0,0.6602436032593928
1175.0,0.6624683069687244
1176.0,0.6640504219083049
1177.0,0.6655377259146968
1178.0,0.6671711754579093
1179.0,0.6684123143741793
1180.0,0.6700752132922173
1181.0,0.6722317464845736
1182.0,0.6741216802020544
1183.0,0.6758785638778453
1184.0,0.6775910162189875
1185.0,0.6792205732703648
1186.0,0.6808827039598477
1187.0,0.6826849800902215
1188.0,0.6848798134705365
1189.0,0.68655391708151
1190.0,0.6878178997480504
1191.0,0.689554200130697
1192.0,0.6911897105053895
1193.0,0.6929933238234328
1194.0,0.6953573126549467
1195.0,0.6974330683446076
1196.0,0.6993501412651792
1197.0,0.7012617226748004
1198.0,0.7031440845708881
1199.0,0.7049101417848455
1200.0,0.707261523745973
1201.0,0.7092455440351767
1202.0,0.710793924965019
1203.0,0.7124714429204839
1204.0,0.7137394110936414
1205.0,0.7139865919487548
1206.0,0.7153078162368218
1207.0,0.7172087032705908
1208.0,0.7186503935592174
1209.0,0.72016820612104
1210.0,0.7217198333170367
1211.0,0.7229142915916535
1212.0,0.7245420196085873
1213.0,0.7269158784972565
1214.0,0.7286075764735905
1215.0,0.7301181959407441
1216.0,0.7314539207238776
1217.0,0.7323121381258461
1218.0,0.7337714866701056
1219.0,0.7353809171214973
1220.0,0.7374670699848856
1221.0,0.7390385999788722
1222.0,0.7406856878014656
1223.0,0.7420726039590355
1224.0,0.7429417747425551
1225.0,0.7443722137939307
1226.0,0.7459889765289984
1227.0,0.7474548372622493
1228.0,0.7490338884595817
1229.0,0.7507257314857675
1230.0,0.7522008605000164
1231.0,0.7540784754794175
1232.0,0.7565388192897419
1233.0,0.7587538184259308
1234.0,0.7605733889721047
1235.0,0.7622255871774453
1236.0,0.7640285514434318
1237.0,0.7655490054348943
1238.0,0.7671721147341536
1239.0,0.7690726326011516
1240.0,0.7707999107835638
1241.0,0.772035032054289
1242.0,0.7738866364917063
1243.0,0.7763767541677845
1244.0,0.7782590688263861
1245.0,0.7803344286713065
1246.0,0.7818815835420904
1247.0,0.7825213991216193
1248.0,0.7837575842647067
1249.0,0.7851175773231464
1250.0,0.786437013981175
1251.0,0.7880983188280405
1252.0,0.7894190003656829
1253.0,0.7910342332334392
1254.0,0.7924971537696622
1255.0,0.7942766757984946
1256.0,0.7965907067690783
1257.0,0.7983137031896892
1258.0,0.7997924465639432
1259.0,0.8014149590102756
1260.0,0.8027241541269658
1261.0,0.804398968226594
1262.0,0.8065875689765434
1263.0,0.8083022362993411
1264.0,0.8099852888278306
1265.0,0.8114669742809426
1266.0,0.81218802298378
1267.0,0.8135745757542157
1268.0,0.8152808197126684
1269.0,0.8170997428525235
1270.0,0.8186525174251018
1271.0,0.8204883816960417
1272.0,0.8220169452624264
1273.0,0.8231918578448287
1274.0,0.8244192595683277
1275.0,0.8256478566766768
1276.0,0.8269432167437452
1277.0,0.8280699400100099
1278.0,0.8293030651834605
1279.0,0.8308064053234978
1280.0,0.8320890029934647
1281.0,0.8331197726000871
1282.0,0.8343325626913927
1283.0,0.8354364759471201
1284.0,0.8368418653827514
1285.0,0.8383298073227777
1286.0,0.8400746104969603
1287.0,0.8422018964622142
1288.0,0.8444873649605054
1289.0,0.8462889645543648
1290.0,0.8479974461984648
1291.0,0.8498293464604401
1292.0,0.8513472395909565
1293.0,0.8531152054938099
1294.0,0.8551158635125902
1295.0,0.8571608768952973
1296.0,0.8594222035838729
1297.0,0.8612178405001535
1298.0,0.8630137357475083
1299.0,0.8646533352913985
1300.0,0.8657510338703999
1301.0,0.8670581415348501
1302.0,0.868342921118265
1303.0,0.8698494015590721
1304.0,0.8714568011092118
1305.0,0.8730369887774473
1306.0,0.8746959583056394
1307.0,0.8766119921470353
1308.0,0.8783434852356962
1309.0,0.8799851959136206
1310.0,0.8815897720660496
1311.0,0.8831142280796074
1312.0,0.8848622902896536
1313.0,0.8865592453843567
1314.0,0.8884177070675104
1315.0,0.8909736261745008
1316.0,0.8925122437634734
1317.0,0.8933271099936851
1318.0,0.8946546133539455
1319.0,0.8955349191352918
1320.0,0.8968349721912803
1321.0,0.8985516124496311
1322.0,0.9004253133760393
1323.0,0.9026133712995925
1324.0,0.904542377736174
1325.0,0.9067252348074666
1326.0,0.9087358273336835
1327.0,0.910580364733291
1328.0,0.9122070887960726
1329.0,0.9134923877884279
1330.0,0.9145849868717945
1331.0,0.9156798033419806
1332.0,0.9161002685926232
1333.0,0.9173563159588655
1334.0,0.9191569627119589
1335.0,0.9206397990376759
1336.0,0.922539668186852
1337.0,0.9238538016371505
1338.0,0.9246452011340482
1339.0,0.925709805566238
1340.0,0.926396191269262
1341.0,0.9275555881405622
1342.0,0.928803467602011
1343.0,0.9305156116559563
1344.0,0.9331946178298355
1345.0,0.9351479074585174
1346.0,0.937146293338886
1347.0,0.938869440055418
1348.0,0.9405205434378925
1349.0,0.9415976028486541
1350.0,0.9430107244234871
1351.0,0.9445787527071047
1352.0,0.9461558375871402
1353.0,0.9475778914636173
1354.0,0.9492030794060967
1355.0,0.9511343008512149
1356.0,0.9528650651021037
1357.0,0.954516252972906
1358.0,0.9562139276460966
1359.0,0.9581045569395004
1360.0,0.9596140730894067
1361.0,0.960854304887982
1362.0,0.9621946249330113
1363.0,0.9628583561105488
1364.0,0.9643734520545949
1365.0,0.9667640603335588
1366.0,0.9686473321709536
1367.0,0.970769138471616
1368.0,0.9727704696328991
1369.0,0.9744544335022546
1370.0,0.9757794875010612
1371.0,0.9768479139945414
1372.0,0.9776272619465073
1373.0,0.9786800619832081
1374.0,0.9793139261597292
1375.0,0.9804352369952278
1376.0,0.9820444482346473
1377.0,0.9834446188241045
1378.0,0.9849127204095693
1379.0,0.9862816703353631
1380.0,0.9875952477414506
1381.0,0.9890462310570508
1382.0,0.9903739682212921
1383.0,0.991871832414622
1384.0,0.9937692668888879
1385.0,0.9952800247840904
1386.0,0.9967188099022583
1387.0,0.9980075709085948
1388.0,0.9991013599072857
1389.0,1.0000796879697456
1390.0,1.0008561591089946
1391.0,1.0016814187673826
1392.0,1.0024419473485182
1393.0,1.0029286544370322
1394.0,1.0039068742734196
1395.0,1.0051272755683498
1396.0,1.0062009084520027
1397.0,1.0076218939075356
1398.0,1.0085529224717973
1399.0,1.0089598109168554
1400.0,1.009926729965114
1401.0,1.011327336366285
1402.0,1.01195136413963
1403.0,1.012398439876195
1404.0,1.0129089163842562
1405.0,1.0126616014762593
1406.0,1.0129744425869938
1407.0,1.0137585932526658
1408.0,1.0145581165896493
1409.0,1.0153183981925327
1410.0,1.01629674520257
1411.0,1.0178504496122134
1412.0,1.0189096584249488
1413.0,1.0195689915537625
1414.0,1.0206374973439327
1415.0,1.0217054213250776
1416.0,1.0224344900122042
1417.0,1.0234043645275246
1418.0,1.0247265672206065
1419.0,1.0256419326406585
1420.0,1.0261404360476163
1421.0,1.0272921598019813
1422.0,1.0285661090800957
1423.0,1.0299989873417785
1424.0,1.0321031322204584
1425.0,1.0334506872199831
1426.0,1.0343078435156905
1427.0,1.0356706769858608
1428.0,1.0369170278907334
1429.0,1.0383272648237323
1430.0,1.0402400535603973
1431.0,1.0418089705729774
1432.0,1.0431935524565592
1433.0,1.0446144479880777
1434.0,1.0461132956116417
1435.0,1.0474087035998423
1436.0,1.0483687044464274
1437.0,1.0495585549919575
1438.0,1.050426353935251
1439.0,1.05198838416806
1440.0,1.0537676187153215
1441.0,1.055444157037999
1442.0,1.0567911411482287
1443.0,1.0577528984599687
1444.0,1.0590158921156112
1445.0,1.0600015170505883
1446.0,1.061329088012626
1447.0,1.0629787176169045
1448.0,1.06453725842948
1449.0,1.0660973255119133
1450.0,1.0676597233980232
1451.0,1.06951296999456
1452.0,1.0709426771741026
1453.0,1.0719714841057755
1454.0,1.0732821266558403
1455.0,1.074462584751177
1456.0,1.0758338705466732
1457.0,1.0775798129466465
1458.0,1.0790503169610592
1459.0,1.0806964580435718
1460.0,1.0818123777341164
1461.0,1.0822971459344854
1462.0,1.0832045754543314
1463.0,1.0838238143579022
1464.0,1.0847429029562858
1465.0,1.0863238657063743
1466.0,1.0875578528418073
1467.0,1.0886613264852925
1468.0,1.0897192682141845
1469.0,1.0909539982584986
1470.0,1.091909231067426
1471.0,1.0928749413971617
1472.0,1.0938336912938427
1473.0,1.0949436524727882
1474.0,1.0959359592637472
1475.0,1.0970442053000433
1476.0,1.0982075081451306
1477.0,1.0997548846555918
1478.0,1.1015580780131615
1479.0,1.103143755932583
1480.0,1.1052341578862073
1481.0,1.1066098119678855
1482.0,1.1070530276081891
1483.0,1.108464236863335
1484.0,1.1101960024789785
1485.0,1.1117455092921071
1486.0,1.1139238512626164
1487.0,1.115489349503007
1488.0,1.1161554961071944
1489.0,1.1176451902047893
1490.0,1.1195054594886809
1491.0,1.1211674278367019
1492.0,1.123220405233339
1493.0,1.1250805406902755
1494.0,1.1266182826961153
1495.0,1.1282719100303142
1496.0,1.1299094438151889
1497.0,1.1317071893121295
1498.0,1.134062791235305
1499.0,1.135659639251263
1500.0,1.1368258674167644
1501.0,1.1381314295928673
1502.0,1.1388404640258507
1503.0,1.1395807317636093
1504.0,1.1407899517895683
1505.0,1.1424136212364961
1506.0,1.1439269738912816
1507.0,1.1457641041803028
1508.0,1.1470148294593228
1509.0,1.148007061825365
1510.0,1.149311511304457
1511.0,1.1504653880653453
1512.0,1.1515978906415645
1513.0,1.1529143751933228
1514.0,1.1542280507514058
1515.0,1.1552967437865882
1516.0,1.1565544647122734
1517.0,1.1582395120456987
1518.0,1.1595387180216203
1519.0,1.160596061432493
1520.0,1.1616550621749782
1521.0,1.162377011101142
1522.0,1.1636330024375323
1523.0,1.1653223585556751
1524.0,1.1666087201122408
1525.0,1.1679119308751458
1526.0,1.1692818339054074
1527.0,1.1703147633246913
1528.0,1.1715778337347298
1529.0,1.1732781860646704
1530.0,1.1747919588874207
1531.0,1.1761064362338765
1532.0,1.1775503739237028
1533.0,1.1791218461609956
1534.0,1.1805835720377382
1535.0,1.1822556639501536
1536.0,1.1835477218223223
1537.0,1.1844673742390057
1538.0,1.1854109532517225
1539.0,1.1865491450720858
1540.0,1.1874796291574234
1541.0,1.1885862800929454
1542.0,1.1898948153494977
1543.0,1.1912999742505135
1544.0,1.1926835595271266
1545.0,1.1941217271293498
1546.0,1.195799245423801
1547.0,1.1973728183332963
1548.0,1.1989666010013262
1549.0,1.2002454780227623
1550.0,1.2014613872711004
1551.0,1.2026396502235828
1552.0,1.2033619551904748
1553.0,1.2045909162003245
1554.0,1.2061216882710848
1555.0,1.2075925647852679
1556.0,1.2093489053716104
1557.0,1.2106920141171633
1558.0,1.2119345272884126
1559.0,1.2130434187907857
1560.0,1.2139924071983763
1561.0,1.2146757705208782
1562.0,1.214966706601515
1563.0,1.2156333493294222
1564.0,1.2159995044209833
1565.0,1.2168812593252223
1566.0,1.218367858722076
1567.0,1.2196494844487231
1568.0,1.221208187233122
1569.0,1.222410774142826
1570.0,1.2233714909952704
1571.0,1.2244331817904337
1572.0,1.2252655859256076
1573.0,1.2262766115012638
1574.0,1.227420072777208
1575.0,1.228634105256012
1576.0,1.2300560305943131
1577.0,1.231268314066918
1578.0,1.232452736313421
1579.0,1.2336067151744845
1580.0,1.2343577492431925
1581.0,1.2355328711341629
1582.0,1.2369473704160183
1583.0,1.2384365864853208
1584.0,1.2404514559507474
1585.0,1.2420834466789104
1586.0,1.2438346795766917
1587.0,1.2450945197359136
1588.0,1.2458809715480346
1589.0,1.2465303199046116
1590.0,1.2469266702182982
1591.0,1.2466445673369817
1592.0,1.2475650037149972
1593.0,1.2487679649726804
1594.0,1.2500890343720208
1595.0,1.252195527128019
1596.0,1.2536229184557968
1597.0,1.2547211512753758
1598.0,1.256012773118013
1599.0,1.2573283142618592
1600.0,1.2586044137267554
1601.0,1.2598801759648512
1602.0,1.2610831770224094
1603.0,1.2622091933448143
1604.0,1.2634356833474663
1605.0,1.2648092786400413
1606.0,1.2657443964469068
1607.0,1.2665586570951963
1608.0,1.267302677281521
1609.0,1.2676342101776419
1610.0,1.268250353007344
1611.0,1.268942538976472
1612.0,1.2697701287186935
1613.0,1.2706091686869478
1614.0,1.2716185180043424
1615.0,1.27321140824337
1616.0,1.2738847302955212
1617.0,1.2740771800763844
1618.0,1.274538848796315
1619.0,1.2743590424990832
1620.0,1.274935882991751
1621.0,1.276306250725276
1622.0,1.2770612187966504
1623.0,1.277658799690297
1624.0,1.2784401748920833
1625.0,1.278991883659088
1626.0,1.279853268171689
1627.0,1.2812180151066594
1628.0,1.2821287354899473
1629.0,1.2829376461512618
1630.0,1.283621963859973
1631.0,1.2838796702663267
1632.0,1.2845607951561817
1633.0,1.2853153542945013
1634.0,1.2862330998565763
1635.0,1.2871883258465266
1636.0,1.288648556214128
1637.0,1.2910210718125266
1638.0,1.292276470220393
1639.0,1.2933958519557434
1640.0,1.2943470576795182
1641.0,1.2943245335836944
1642.0,1.2946849079875453
1643.0,1.2954999391896156
1644.0,1.2959454062178626
1645.0,1.2958121910664295
1646.0,1.296194797806213
1647.0,1.2969931867118638
1648.0,1.2973455532189406
1649.0,1.2975176393761954
1650.0,1.2979922646647037
1651.0,1.298278224038575
1652.0,1.298736336646257
1653.0,1.2998163424250142
1654.0,1.300460145103043
1655.0,1.30079233127838
1656.0,1.3011978060198497
1657.0,1.3013165047894404
1658.0,1.301766560034583
1659.0,1.3025077449342446
1660.0,1.3030215781919006
1661.0,1.3037621633688796
1662.0,1.3042326512396119
1663.0,1.304014996451314
1664.0,1.3045062418569753
1665.0,1.3055012148542686
1666.0,1.3061694830079995
1667.0,1.3071510147901366
1668.0,1.307860025280222
1669.0,1.3079180473654004
1670.0,1.308394506531568
1671.0,1.3091895729993115
1672.0,1.3099030526938436
1673.0,1.3103482830774074
1674.0,1.3114755455482336
1675.0,1.3132578362462446
1676.0,1.3145700041977917
1677.0,1.3161145659943072
1678.0,1.317623354436652
1679.0,1.3187923043152625
1680.0,1.3199061464809994
1681.0,1.3212281358907723
1682.0,1.322419124861272
1683.0,1.3231998524819228
1684.0,1.3241323784781192
1685.0,1.3252353157352639
1686.0,1.3262327537766747
1687.0,1.3272206154810204
1688.0,1.3281206962395904
1689.0,1.3287436538836623
1690.0,1.3297945870889654
1691.0,1.330830188414698
1692.0,1.3321237799361456
1693.0,1.3341575090811824
1694.0,1.335645890243393
1695.0,1.3374373646856903
1696.0,1.3384872973720923
1697.0,1.3387328471545092
1698.0,1.3391108649695276
1699.0,1.3386419472273732
1700.0,1.3388582112048584
1701.0,1.3394116340370867
1702.0,1.3401665846206237
1703.0,1.3412757807301152
1704.0,1.3425288576700358
1705.0,1.3440812815862455
1706.0,1.3455564841742098
1707.0,1.3472560687189452
1708.0,1.3488282397343845
1709.0,1.350521032631421
1710.0,1.3519012065976796
1711.0,1.3529990977232804
1712.0,1.3542247175433728
1713.0,1.355308281098252
1714.0,1.3561437353065453
1715.0,1.3569992699260363
1716.0,1.3577611759709853
1717.0,1.3582082460986624
1718.0,1.3588336615660719
1719.0,1.3596634011977817
1720.0,1.3602860941147261
1721.0,1.360614442684297
1722.0,1.361157435811465
1723.0,1.3620395504793188
1724.0,1.3623002282784225
1725.0,1.3619572526623749
1726.0,1.3623949417179462
1727.0,1.3626943397421105
1728.0,1.3633793281244027
1729.0,1.365215680747319
1730.0,1.366137275346249
1731.0,1.3664554598960215
1732.0,1.3671097853305474
1733.0,1.367779221670845
1734.0,1.3682119317485304
1735.0,1.368567459157146
1736.0,1.3692441045873698
1737.0,1.369805123462282
1738.0,1.3704624587222665
1739.0,1.3716628012424328
1740.0,1.3720325736996615
1741.0,1.371471728265427
1742.0,1.3721527088948684
1743.0,1.373582300238705
1744.0,1.3741729300622159
1745.0,1.3748716605120734
1746.0,1.3754358775337099
1747.0,1.37499611022313
1748.0,1.3755841346237143
1749.0,1.3770911085412836
1750.0,1.3783837329875614
1751.0,1.3796698121187265
1752.0,1.3810252269701255
1753.0,1.38294520212244
1754.0,1.384007590555384
1755.0,1.3845664799029171
1756.0,1.3848630776633994
1757.0,1.3847737231001325
1758.0,1.3851966793642316
1759.0,1.3858864315790065
1760.0,1.3867862867351082
1761.0,1.3875254728138802
1762.0,1.3875897293316417
1763.0,1.388092269527914
1764.0,1.3886694945399836
1765.0,1.3894246598118045
1766.0,1.3899233181361088
1767.0,1.3901007734001063
1768.0,1.391143205682139
1769.0,1.3916319628839178
1770.0,1.3927169486488844
1771.0,1.394312058411718
1772.0,1.3945512200674954
1773.0,1.3956209202454828
1774.0,1.3970662834897511
1775.0,1.397630970468505
1776.0,1.39888745508011
1777.0,1.3999575942657758
1778.0,1.4000191607886374
1779.0,1.4009343236738052
1780.0,1.4014121417610472
1781.0,1.40115245015059
1782.0,1.4020170134206433
1783.0,1.4028581719996465
1784.0,1.403775972186645
1785.0,1.4050117217518812
1786.0,1.4060139826790767
1787.0,1.406965209677037
1788.0,1.4073922953444868
1789.0,1.4075759119318985
1790.0,1.4068669320353049
1791.0,1.4071766585619019
1792.0,1.40875326271824
1793.0,1.4092730118830539
1794.0,1.4096145916089464
1795.0,1.4101941360992263
1796.0,1.4100653045197689
1797.0,1.41024621869689
1798.0,1.4111124667288886
1799.0,1.411231093406088
1800.0,1.4108915362109236
1801.0,1.4036348180425302
1802.0,1.4071809820086352
1803.0,1.4087194274501667
1804.0,1.4088270106439937
1805.0,1.4072958273910003
1806.0,1.4077082161826058
1807.0,1.4062435782041292
1808.0,1.407621496098667
1809.0,1.4130792495604478
1810.0,1.41518532595153
1811.0,1.4169880434064113
1812.0,1.4183449836306394
1813.0,1.4162490260516851
1814.0,1.4144906377860254
1815.0,1.4136273098606014
1816.0,1.411665508893305
1817.0,1.4118493625164468
1818.0,1.414185984959825
1819.0,1.4156704737889734
1820.0,1.4176307481158086
1821.0,1.4193417770213974
1822.0,1.4215322899176406
1823.0,1.4227962681109994
1824.0,1.4226887757536568
1825.0,1.423508679892845
1826.0,1.4239569042617295
1827.0,1.4230371127669015
1828.0,1.4233434345368292
1829.0,1.4253283313218614
1830.0,1.425864384150762
1831.0,1.4260163392311178
1832.0,1.4259308573457847
1833.0,1.4253654384373082
1834.0,1.423916533768088
1835.0,1.4244792124380365
1836.0,1.4264347068505197
1837.0,1.42742285896186
1838.0,1.4291384207822613
1839.0,1.4309934889711058
1840.0,1.432734014418671
1841.0,1.4339949202533218
1842.0,1.4352054208790597
1843.0,1.4356134626174464
1844.0,1.4362114831937265
1845.0,1.4352308102220863
1846.0,1.434829930455201
1847.0,1.4351032551999743
1848.0,1.434785224037733
1849.0,1.4331396397372393
1850.0,1.433171003029663
1851.0,1.433807213087977
1852.0,1.4353838364202287
1853.0,1.4364764860893895
1854.0,1.4369819659906136
1855.0,1.4378030137639823
1856.0,1.436142146769047
1857.0,1.435350425539024
1858.0,1.4341799849178767
1859.0,1.4335256626563948
1860.0,1.4321851768349225
1861.0,1.4333826196204664
1862.0,1.4338824643232502
1863.0,1.434441847427518
1864.0,1.4360540717714285
1865.0,1.436313324493299
1866.0,1.4367602917868498
1867.0,1.4374122355623862
1868.0,1.4371376866449954
1869.0,1.4359705293400231
1870.0,1.4351858267362054
1871.0,1.4338300113860791
1872.0,1.4330140856037474
1873.0,1.4327740233637143
1874.0,1.4304987736751542
1875.0,1.428143149745346
1876.0,1.4257550688901093
1877.0,1.4221618400160914
1878.0,1.4196325727081072
1879.0,1.416830400784189
1880.0,1.413549023357136
1881.0,1.4104788190652167
1882.0,1.4079433304575157
1883.0,1.4043625735048506
1884.0,1.4013006239438142
1885.0,1.3988869106887887
1886.0,1.3933567119677788
1887.0,1.387688683534512
1888.0,1.381532782768979
1889.0,1.3745335948157373
1890.0,1.3681444806572762
1891.0,1.3624414595074037
1892.0,1.3566645448641186
1893.0,1.3496925614066817
1894.0,1.3420683255172998
1895.0,1.3335987390978337
1896.0,1.3252019322830733
1897.0,1.318143662872111
1898.0,1.3105980594418243
1899.0,1.303562987191215
1900.0,1.2961416823393415
1901.0,1.2880750283797193
1902.0,1.2789077916182763
1903.0,1.2705931547165328
1904.0,1.2630300565675234
1905.0,1.256968071597027
1906.0,1.2519372155721682
1907.0,1.246695022893634
1908.0,1.2422522416531931
1909.0,1.2386887365659185
1910.0,1.2358741488209133
1911.0,1.234899265906086
1912.0,1.2339350158592564
1913.0,1.2320786726340498
1914.0,1.2295760950470975
1915.0,1.2277232368519702
1916.0,1.225321369122032
1917.0,1.2231962340676432
1918.0,1.2223560862931477
1919.0,1.2213218256895153
1920.0,1.221413140802927
1921.0,1.221558774645524
1922.0,1.2207145754034905
1923.0,1.2201315922248077
1924.0,1.2201183686168136
1925.0,1.2197366035042214
1926.0,1.2201563142862382
1927.0,1.2217690385214621
1928.0,1.2241652310805566
1929.0,1.225586732427176
1930.0,1.225616815554254
1931.0,1.2275185423155361
1932.0,1.229055300535127
1933.0,1.229512558193909
1934.0,1.2312245328220568
1935.0,1.2321520882849086
1936.0,1.2327664274394887
1937.0,1.233733988907068
1938.0,1.235317210493603
1939.0,1.2367308071364291
1940.0,1.2384819408052385
1941.0,1.24019036419516
1942.0,1.2420308720318263
1943.0,1.244827004861954
1944.0,1.2470129844155688
1945.0,1.2484113257259097
1946.0,1.2510009812169456
1947.0,1.253451360545059
1948.0,1.2553019025186416
1949.0,1.2567784534107398
1950.0,1.2590257923854786
1951.0,1.2604481354365094
1952.0,1.2614923468359844
1953.0,1.2627563525497394
1954.0,1.263979641940507
1955.0,1.2652073148767804
1956.0,1.2663944076959366
1957.0,1.2685695067367913
1958.0,1.270779130803862
1959.0,1.2727702133387342
1960.0,1.2749034568394326
1961.0,1.2769069587640651
1962.0,1.2786667249633403
1963.0,1.280657167957438
1964.0,1.2826372829828165
1965.0,1.28301934619601
1966.0,1.2842110021142497
1967.0,1.2859006356803544
1968.0,1.2871065520156
1969.0,1.2898793335435244
1970.0,1.2923333727835469
1971.0,1.2931971087174943
1972.0,1.2949302512386145
1973.0,1.2971235856735166
1974.0,1.299066231975687
1975.0,1.3010486652999804
1976.0,1.3034055725696052
1977.0,1.3047551458350721
1978.0,1.3051292844042324
1979.0,1.3058893037132777
1980.0,1.306935060367791
1981.0,1.3087815147137258
1982.0,1.3112084650275495
1983.0,1.3139032786263962
1984.0,1.317104640476333
1985.0,1.3195050577433665
1986.0,1.321848655358184
1987.0,1.3238329803649398
1988.0,1.3255046145918752
1989.0,1.3256189667756704
1990.0,1.3271089315765618
1991.0,1.3293121448617347
1992.0,1.3307852792551178
1993.0,1.3328571733099746
1994.0,1.3347544737974517
1995.0,1.3358927334256518
1996.0,1.337769799472184
1997.0,1.339684852568311
1998.0,1.342433085424065
1999.0,1.347139398877507
2000.0,1.3491495961450346
2001.0,1.3500406951057975
2002.0,1.35180692373816
2003.0,1.3510482016447165
2004.0,1.3511342722745994
2005.0,1.3541021257463683
2006.0,1.3562344232606405
2007.0,1.3581055326814833
2008.0,1.3593594685520907
2009.0,1.3604616224917991
2010.0,1.3594860605050305
2011.0,1.36087492616314
2012.0,1.3642853246116158
2013.0,1.3667191647132608
2014.0,1.3689641311666094
2015.0,1.3728017502815697
2016.0,1.3755827044886884
2017.0,1.3755565291680338
2018.0,1.3763777386798595
2019.0,1.3759741233135405
2020.0,1.375780416191603
2021.0,1.3772909115579366
2022.0,1.379832225022782
2023.0,1.3829958083990554
2024.0,1.385369204566648
2025.0,1.3878661194529687
2026.0,1.389858575743238
2027.0,1.391269675051162
2028.0,1.3923669058961066
2029.0,1.3929554167761793
2030.0,1.3940929462265526
2031.0,1.3940720121763102
2032.0,1.3961820093322328
2033.0,1.399961268514253
2034.0,1.4019729201338864
2035.0,1.4038083233609195
2036.0,1.4049635542022012
2037.0,1.4060981894476354
2038.0,1.40609813669752
2039.0,1.4071725319068282
2040.0,1.4087396504197214
2041.0,1.410134553298707
2042.0,1.4109999494066783
2043.0,1.4128032416336012
2044.0,1.4151857584284446
2045.0,1.41829678579412
2046.0,1.4210600072349397
2047.0,1.4236769422275726
2048.0,1.4254611647418196
2049.0,1.4264566685873978
2050.0,1.4272924582308917
2051.0,1.4282879976286678
2052.0,1.4283146472628427
2053.0,1.4269443266331192
2054.0,1.4268952151289722
2055.0,1.4267655122749192
2056.0,1.4268623003979468
2057.0,1.4274929804516272
2058.0,1.4287236296653756
2059.0,1.4304640952672008
2060.0,1.4318777030192547
2061.0,1.433342648091219
2062.0,1.4337710112201312
2063.0,1.4336652306287185
2064.0,1.4329596439485424
2065.0,1.4336013115581585
2066.0,1.4349111347858976
2067.0,1.436077598085279
2068.0,1.4382177438204085
2069.0,1.438897365276947
2070.0,1.439056256023752
2071.0,1.4392134764427982
2072.0,1.4378996087138411
2073.0,1.438134244926917
2074.0,1.4396673133696214
2075.0,1.4397885207656345
2076.0,1.4407256968880735
2077.0,1.4399111069575794
2078.0,1.4392929394212777
2079.0,1.4391209951073167
2080.0,1.439344388877245
2081.0,1.4402856072799308
2082.0,1.4404029787518757
2083.0,1.4399111800829725
2084.0,1.4398838982978803
2085.0,1.4398540332615497
2086.0,1.4399348740586049
2087.0,1.4399196096583007
2088.0,1.4404381883294692
2089.0,1.4416653763773981
2090.0,1.4418981242599915
2091.0,1.4425186708001614
2092.0,1.4422269551273508
2093.0,1.4421392965405209
2094.0,1.4412646539230944
2095.0,1.4417549831290921
2096.0,1.4439463491661735
2097.0,1.444009500323161
2098.0,1.4434889764495287
2099.0,1.4436365463538459
2100.0,1.4421775609971879
2101.0,1.44229389774908
2102.0,1.4444032076069544
2103.0,1.445083041585309
2104.0,1.4448150313194144
2105.0,1.446086382076496
2106.0,1.4484516714320321
2107.0,1.4488707634791766
2108.0,1.4520907065661053
2109.0,1.4538191122145847
2110.0,1.4528575148309006
2111.0,1.4529966272463162
2112.0,1.452041745063257
2113.0,1.4514788129757137
2114.0,1.451780219598964
2115.0,1.453597134267691
2116.0,1.4542063697706644
2117.0,1.4540746340220156
2118.0,1.4550242719041524
2119.0,1.4566143142815975
2120.0,1.4567808186699611
2121.0,1.45762186436395
2122.0,1.4580711928566965
2123.0,1.4564628655411682
2124.0,1.4559990751710088
2125.0,1.4571024043350944
2126.0,1.4556530308888964
2127.0,1.4560324879610624
2128.0,1.4572975267286317
2129.0,1.4564104554753874
2130.0,1.4571629412517462
2131.0,1.4570813002354195
2132.0,1.4546901895039384
2133.0,1.454021235189652
2134.0,1.4537536126607389
2135.0,1.4543979493515218
2136.0,1.456882117195373
2137.0,1.4576298674335746
2138.0,1.4592447221047702
2139.0,1.4592208854065813
2140.0,1.456122346180243
2141.0,1.454614926799901
2142.0,1.4532557330165436
2143.0,1.451787309432343
2144.0,1.4525844462022204
2145.0,1.453188359113399
2146.0,1.453828061830781
2147.0,1.4553612229438746
2148.0,1.4555307203483732
2149.0,1.4565211842662502
2150.0,1.458484644020809
2151.0,1.4604079659166707
2152.0,1.4608216874886275
2153.0,1.4606066563478568
2154.0,1.4595522469667612
2155.0,1.4562639493897214
2156.0,1.4547655060591813
2157.0,1.4534004081094591
2158.0,1.4530745856392795
2159.0,1.4538147161975652
2160.0,1.454456712626039
2161.0,1.4568598063968723
2162.0,1.4570898320224068
2163.0,1.4564468912630124
2164.0,1.455575792122373
2165.0,1.4525477920626537
2166.0,1.4487664295285612
2167.0,1.4481397594791174
2168.0,1.446934747345891
2169.0,1.448335581833067
2170.0,1.4523824942187307
2171.0,1.4541133827108577
2172.0,1.455575728744845
2173.0,1.4572868752517993
2174.0,1.4591497117939594
2175.0,1.4590066100810934
2176.0,1.4578577157932269
2177.0,1.4576486738410586
2178.0,1.4561510712177546
2179.0,1.454546588154258
2180.0,1.4540162397995529
2181.0,1.4528973636435625
2182.0,1.448892855171769
2183.0,1.4481653423649297
2184.0,1.449560206004357
2185.0,1.4512980876863029
2186.0,1.45456554929625
2187.0,1.4552781649106992
2188.0,1.4547319891052648
2189.0,1.4542963290697308
2190.0,1.4515731459120433
2191.0,1.4523241661294437
2192.0,1.4543293230722334
2193.0,1.4554886341023505
2194.0,1.455680694710766
2195.0,1.4566047658848915
2196.0,1.454812235174744
2197.0,1.4488975278352398
2198.0,1.4471638949476964
2199.0,1.4468880715029326
2200.0,1.4457820749179122
2201.0,1.4460138630408292
2202.0,1.445995139519336
2203.0,1.4430017029734987
2204.0,1.4442325409340577
2205.0,1.4497988966319146
2206.0,1.4531576665498307
2207.0,1.4553576236419523
2208.0,1.458140950526978
2209.0,1.453079657150756
2210.0,1.4505897741719385
2211.0,1.4535296681279866
2212.0,1.453491529337672
2213.0,1.4564855223403828
2214.0,1.4582121705611313
2215.0,1.4539859182058303
2216.0,1.4506922838135898
2217.0,1.4487736555637056
2218.0,1.4475246814291873
2219.0,1.4455160778674945
2220.0,1.4434907820501708
2221.0,1.4434022135325277
2222.0,1.4424873915288663
2223.0,1.4428683051177291
2224.0,1.4476977590350217
2225.0,1.4484821806333104
2226.0,1.4472277557737454
2227.0,1.4470087261368498
2228.0,1.444707660951185
2229.0,1.4444182258640383
2230.0,1.4460015091930971
2231.0,1.4467198348505996
2232.0,1.4478644605890327
2233.0,1.449194717949227
2234.0,1.4504119737217416
2235.0,1.449303023210379
2236.0,1.4484431256397745
2237.0,1.4486640698007713
2238.0,1.4471961356540937
2239.0,1.4467822076793255
2240.0,1.445363161262302
2241.0,1.4436167793121075
2242.0,1.4445984220350732
2243.0,1.4449058059081037
2244.0,1.4448405411462322
2245.0,1.445681763064831
2246.0,1.445904941136199
2247.0,1.444647922560296
2248.0,1.4443805566674135
2249.0,1.4455838365250429
2250.0,1.4450896959606698
2251.0,1.4436228058162655
2252.0,1.440996023782033
2253.0,1.4368541538689703
2254.0,1.4332847851654964
2255.0,1.4289332402162036
2256.0,1.4263849828426411
2257.0,1.4237812664181015
2258.0,1.423831773804799
2259.0,1.4268941652500684
2260.0,1.4272848246172847
2261.0,1.4289098161356375
2262.0,1.4287087542304506
2263.0,1.4260276199029653
2264.0,1.4252039263862168
2265.0,1.424218382427616
2266.0,1.4238314930088487
2267.0,1.423563926181188
2268.0,1.4229684625059893
2269.0,1.4232128075550052
2270.0,1.4220378365678077
2271.0,1.4212594611640283
2272.0,1.4220750700458502
2273.0,1.4233547568502325
2274.0,1.4240383143827948
2275.0,1.4244634728934413
2276.0,1.4215848753156757
2277.0,1.4188777582536993
2278.0,1.4130524475017832
2279.0,1.4133099329274104
2280.0,1.4160931516426598
2281.0,1.4175171158582056
2282.0,1.4231548282110904
2283.0,1.4237448940084687
2284.0,1.4202896895977788
2285.0,1.419298237082234
2286.0,1.4184812939938871
2287.0,1.416483946090142
2288.0,1.4130440825736028
2289.0,1.4113838520772832
2290.0,1.4100675511151994
2291.0,1.4080688090600821
2292.0,1.408255952041952
2293.0,1.4072909139879577
2294.0,1.4041176563055835
2295.0,1.4013357003768332
2296.0,1.3977051714292812
2297.0,1.395495976269887
2298.0,1.3962205759353445
2299.0,1.3984867842257875
2300.0,1.4035742896207088
2301.0,1.4072561914390342
2302.0,1.4075307430163368
2303.0,1.4080414175930804
2304.0,1.4066393495676444
2305.0,1.4039754690842403
2306.0,1.4004701216560438
2307.0,1.3954448558552477
2308.0,1.394653250870487
2309.0,1.3950419528424862
2310.0,1.3968286780126722
2311.0,1.3994746656587636
2312.0,1.4016907374103085
2313.0,1.4054948906728901
2314.0,1.4035809982470615
2315.0,1.403926893530519
2316.0,1.4076038009712026
2317.0,1.4065617314940275
2318.0,1.409943242606175
2319.0,1.418178461216458
2320.0,1.4230017002857875
2321.0,1.4281900004868933
2322.0,1.4273659920664616
2323.0,1.4220007540832682
2324.0,1.4189091629857364
2325.0,1.4088589509492904
2326.0,1.4072675709150912
2327.0,1.413522396575809
2328.0,1.4154707953689494
2329.0,1.4190505134194331
2330.0,1.4198286996440268
2331.0,1.418729084947067
2332.0,1.4167516385778163
2333.0,1.4159257609176825
2334.0,1.409796170251107
2335.0,1.39461369078997
2336.0,1.3896197140110362
2337.0,1.3822356611226958
2338.0,1.3831755281864404
2339.0,1.4023934453570195
2340.0,1.4088239893554542
2341.0,1.4112177199569012
2342.0,1.4143740677432075
2343.0,1.4078600890108242
2344.0,1.4074922157294636
2345.0,1.4176142846124002
2346.0,1.4192774205471494
2347.0,1.4151298728464765
2348.0,1.4177541192901026
2349.0,1.418443774191598
2350.0,1.41171193861174
2351.0,1.4050496136735255
2352.0,1.3962877387729435
2353.0,1.3852458976160782
2354.0,1.374729840071659
2355.0,1.3759722543330473
2356.0,1.382357152473986
2357.0,1.3910366747722502
2358.0,1.4010877998488591
2359.0,1.406058458884606
2360.0,1.4118379278834452
2361.0,1.4086363190174442
2362.0,1.4016430020099682
2363.0,1.3949478071962915
2364.0,1.3819201912903802
2365.0,1.3726178631676835
2366.0,1.3657340284462687
2367.0,1.3676955362423466
2368.0,1.3762340173790797
2369.0,1.3910782377408395
2370.0,1.4084902153820622
2371.0,1.4080278876174868
2372.0,1.40122895792036
2373.0,1.3857843750109204
2374.0,1.3672228647539848
2375.0,1.3660170630179191
2376.0,1.3742014854353
2377.0,1.3803759531811504
2378.0,1.392125833537076
2379.0,1.3943426320153427
2380.0,1.3755407869976182
2381.0,1.3717209789147924
2382.0,1.3676140237255996
2383.0,1.3574238918504207
2384.0,1.367636972433171
2385.0,1.3664942898758305
2386.0,1.3567773737875577
2387.0,1.365835824371337
2388.0,1.3686822629509299
2389.0,1.3744038637088132
2390.0,1.3877719536887363
2391.0,1.3776218768679593
2392.0,1.3728919388679306
2393.0,1.3734845511521354
2394.0,1.3697340324366742
2395.0,1.379166629626055
2396.0,1.3775717444932005
2397.0,1.3646060142981455
2398.0,1.351180105372267
2399.0,1.3440710660477195
2400.0,1.34258523550809
2401.0,1.3438657914168621
2402.0,1.3502995943080291
2403.0,1.343049024577904
2404.0,1.3272090012388793
2405.0,1.3137189436759267
2406.0,1.307308265149846
2407.0,1.310385091095186
2408.0,1.317975323750457
2409.0,1.3285911177117402
2410.0,1.3365819223834383
2411.0,1.3374692060770084
2412.0,1.3282427832373758
2413.0,1.3235451089177668
2414.0,1.3217890659438756
2415.0,1.3203638425310136
2416.0,1.3378809035062416
2417.0,1.335981912867099
2418.0,1.3142215356271054
2419.0,1.304625649846536
2420.0,1.2953804373079467
2421.0,1.2968025349594388
2422.0,1.316021837967588
2423.0,1.340957155494442
2424.0,1.3346897073213675
2425.0,1.320347154422144
2426.0,1.3150844248942122
2427.0,1.2892374143513168
2428.0,1.280094214765188
2429.0,1.2996451774967115
2430.0,1.3107615061075035
2431.0,1.3175617772903385
2432.0,1.3230641411270383
2433.0,1.2891068275047923
2434.0,1.2564181435585868
2435.0,1.2402999742546494
2436.0,1.233049497823886
2437.0,1.256482745645332
2438.0,1.270716416835789
2439.0,1.2855839657710413
2440.0,1.2892682798855428
2441.0,1.2770773565585867
2442.0,1.285504148210712
2443.0,1.292593981750381
2444.0,1.2894232624307294
2445.0,1.27406035023835
2446.0,1.2648662113945406
2447.0,1.2567969018147047
2448.0,1.2466592309073197
2449.0,1.25114086562598
2450.0,1.2550252478798944
2451.0,1.2567583067869386
2452.0,1.2709955739476393
2453.0,1.284755974526964
2454.0,1.2725156622128664
2455.0,1.2591679080161806
2456.0,1.2296853148707065
2457.0,1.1987412301536577
2458.0,1.2093146952920597
2459.0,1.2172917137518449
2460.0,1.2477117363612202
2461.0,1.285485279597537
2462.0,1.2904079283855292
2463.0,1.2813456906823288
2464.0,1.2491023397212748
2465.0,1.217854849492538
2466.0,1.2048623638235372
2467.0,1.1966188948724037
2468.0,1.1855814511914555
2469.0,1.2071610340125154
2470.0,1.2287336576424739
2471.0,1.251318542594707
2472.0,1.2577150575805423
2473.0,1.2215655751165888
2474.0,1.2073160175734121
2475.0,1.2000743037430128
2476.0,1.2022232984271208
2477.0,1.2252074975848224
2478.0,1.2333977028185794
2479.0,1.2370229840943983
2480.0,1.2282194640161188
2481.0,1.2051025094046905
2482.0,1.1904245330911771
2483.0,1.1699614585843154
2484.0,1.1689525689211975
2485.0,1.1691729140279286
2486.0,1.1861306413838282
2487.0,1.2359857364390925
2488.0,1.2598109692354986
2489.0,1.3006181149937697
2490.0,1.306031085225077
2491.0,1.257829069036196
2492.0,1.2549966217758521
2493.0,1.2548235312636316
2494.0,1.2562687050250048
2495.0,1.2932225587307007
2496.0,1.3050938346761973
2497.0,1.2968491152877086
2498.0,1.2907476653772154
2499.0,1.2871479387121965
2500.0,1.221293634511019
