350.0,-0.11679232117206383
351.0,-0.13135040556432928
352.0,-0.09501893783867865
353.0,-0.1317683241054221
354.0,-0.12000373682709335
355.0,-0.04465454533667477
356.0,0.03253081675229327
357.0,-0.011440876222419653
358.0,-0.034890180527653754
359.0,-0.029425407412600846
360.0,-0.03351212583656874
361.0,-0.027027043309710144
362.0,-0.005836875205123408
363.0,0.009172566849416829
364.0,-0.006650905529510682
365.0,-0.01842523504759859
366.0,0.0014576753027186232
367.0,0.020563418160577746
368.0,-0.01873031297551115
369.0,-0.019018596884895714
370.0,-0.006072757661378647
371.0,0.007549201131667162
372.0,0.03843154867199314
373.0,0.04823303955104393
374.0,0.03397721752257295
375.0,0.010771495980014168
376.0,0.016787252317042485
377.0,0.012984413018140444
378.0,0.013000589591477082
379.0,0.027808137624026678
380.0,0.024965315435588446
381.0,0.027960375877066745
382.0,0.03185324024735801
383.0,0.027147880574945348
384.0,0.031249379202585092
385.0,0.03127074023028328
386.0,0.031737679608503516
387.0,0.04227927490129113
388.0,0.03336034311647851
389.0,0.0281713159628592
390.0,0.031681438059770944
391.0,0.02979605043523477
392.0,0.03160282366811758
393.0,0.032555207916167075
394.0,0.03268809942451787
395.0,0.040912573694238834
396.0,0.033126946268063895
397.0,0.02424534879089397
398.0,0.027917610791148077
399.0,0.03364345363450283
400.0,0.03529526546688266
401.0,0.03380979269071442
402.0,0.03370855065341405
403.0,0.04289860306086238
404.0,0.04071440860086046
405.0,0.0318948946276402
406.0,0.03416533244564669
407.0,0.041365670246295755
408.0,0.044759455086866635
409.0,0.04347541109424408
410.0,0.043755400142266615
411.0,0.0398236811848157
412.0,0.037981695682047435
413.0,0.04149082941799168
414.0,0.04615272745421556
415.0,0.04563973505643462
416.0,0.04365206386178394
417.0,0.044470213488266346
418.0,0.045438891904952566
419.0,0.0437808798818284
420.0,0.04283772145085984
421.0,0.046615429863666666
422.0,0.046920761126615994
423.0,0.045726270661821104
424.0,0.0454504701627517
425.0,0.047562972379672046
426.0,0.04410661996153139
427.0,0.042308322341385415
428.0,0.044843589401514644
429.0,0.044215685921732945
430.0,0.04612810098919303
431.0,0.04937023686060246
432.0,0.05085620384316404
433.0,0.04659017683526576
434.0,0.04509493410069192
435.0,0.04614078629872967
436.0,0.045968981165165894
437.0,0.046484282579983535
438.0,0.047661398619597485
439.0,0.04845135411672797
440.0,0.04725464818306824
441.0,0.04607626468390019
442.0,0.04588063105466944
443.0,0.04678058050644029
444.0,0.04784722173701957
445.0,0.04803056412890638
446.0,0.048236019039783445
447.0,0.048988955231916625
448.0,0.04693518378205834
449.0,0.046060190223105646
450.0,0.04714028751073077
451.0,0.04868970286064185
452.0,0.048787265068887205
453.0,0.048210164018828626
454.0,0.0479970921881001
455.0,0.049011902688866106
456.0,0.04895199503075294
457.0,0.04765464717437194
458.0,0.04612366728574817
459.0,0.04706005740919582
460.0,0.04791828723341399
461.0,0.04812696375713437
462.0,0.047941093365117926
463.0,0.04730794039677786
464.0,0.04742720494157596
465.0,0.048070801011048526
466.0,0.047826849493892105
467.0,0.0475308926897277
468.0,0.04752515132078803
469.0,0.04803305631309931
470.0,0.04931672552482794
471.0,0.04920151987303239
472.0,0.04853830952360786
473.0,0.04863880565492977
474.0,0.04849001497610692
475.0,0.04816704104301135
476.0,0.04792369958868302
477.0,0.04811546666439642
478.0,0.04903065548265804
479.0,0.04992770484928813
480.0,0.050043349524425275
481.0,0.0487602158868073
482.0,0.048821472322245985
483.0,0.049043385096868224
484.0,0.048363113845118405
485.0,0.049936015614578715
486.0,0.050119240432155716
487.0,0.04899365019942915
488.0,0.04863659729198164
489.0,0.04863593506459845
490.0,0.048964380430678786
491.0,0.049279228554243965
492.0,0.04885922520963676
493.0,0.04895168540643307
494.0,0.04912615385487337
495.0,0.04900862493758913
496.0,0.04957249177207346
497.0,0.05028283745474503
498.0,0.050194335560605284
499.0,0.048714418240821
500.0,0.04886388860975835
501.0,0.04999085447900301
502.0,0.05079816019428633
503.0,0.049763361974953714
504.0,0.049977641480194644
505.0,0.050111419344443
506.0,0.04901249786556258
507.0,0.048576171982179554
508.0,0.049317219184957385
509.0,0.05056925783521467
510.0,0.05111524721746285
511.0,0.050548494846011684
512.0,0.05002970968232042
513.0,0.050040651505785246
514.0,0.05012062186388612
515.0,0.05002366726121163
516.0,0.050177952836116056
517.0,0.05080318440284305
518.0,0.051237727012160096
519.0,0.05081735632937953
520.0,0.050240725477709795
521.0,0.05053334902779481
522.0,0.049712936426346575
523.0,0.049749570787864746
524.0,0.05091130421655122
525.0,0.05107262824388054
526.0,0.051254375552815354
527.0,0.05102352188296311
528.0,0.050284746284642926
529.0,0.05084901165438637
530.0,0.051457157585798635
531.0,0.0516910234854318
532.0,0.0516304597726134
533.0,0.051295727825016416
534.0,0.05111804444390595
535.0,0.05126978079578381
536.0,0.05153888316938474
537.0,0.05126454860833878
538.0,0.05106572306966477
539.0,0.051481229101630874
540.0,0.05155453875484188
541.0,0.05153641762939227
542.0,0.05161084193111408
543.0,0.05184526723422952
544.0,0.05161229277474439
545.0,0.05163065674425732
546.0,0.052062029306759294
547.0,0.05186481927363209
548.0,0.05176519427018243
549.0,0.05199974251043232
550.0,0.052488857871622295
551.0,0.052537896171899835
552.0,0.05230264504212353
553.0,0.05202810895663444
554.0,0.051995183160939984
555.0,0.05231413719633866
556.0,0.05253692763719649
557.0,0.05245776588643418
558.0,0.05257116908656653
559.0,0.05255084806111798
560.0,0.0524997634405215
561.0,0.05260874504389378
562.0,0.05266544134255011
563.0,0.05266571164801467
564.0,0.05262362629832362
565.0,0.05257081984210986
566.0,0.0529905215608945
567.0,0.05336641020363415
568.0,0.053253645062434865
569.0,0.05292449727489881
570.0,0.05278175735767501
571.0,0.05282078813757375
572.0,0.05287116352684945
573.0,0.05340496943645927
574.0,0.053749948148640446
575.0,0.05354989701736225
576.0,0.0530189855289724
577.0,0.0531863688296972
578.0,0.05351775630289443
579.0,0.05342599655387666
580.0,0.053927764325230866
581.0,0.05414378427938838
582.0,0.05392705766046687
583.0,0.053691480864559334
584.0,0.05370212821212261
585.0,0.053924427831312335
586.0,0.0541567011906701
587.0,0.053945508436395735
588.0,0.05420159517604569
589.0,0.054622394459399405
590.0,0.05460858004617435
591.0,0.054322983091837064
592.0,0.05429042999699284
593.0,0.054552607130306456
594.0,0.05467192330853989
595.0,0.05478343074846009
596.0,0.05488067895677914
597.0,0.054903367588723266
598.0,0.05465497897663038
599.0,0.054643021242454855
600.0,0.054939559042296596
601.0,0.055318719161691426
602.0,0.05520347934071309
603.0,0.055237081996606374
604.0,0.05553521374281449
605.0,0.05531343633587535
606.0,0.05533505753667238
607.0,0.055500186446100205
608.0,0.05559982201855063
609.0,0.0559903747481452
610.0,0.05607506960612067
611.0,0.055913352145377355
612.0,0.05602864410544533
613.0,0.05621380477309067
614.0,0.056328657960653256
615.0,0.056315679898024266
616.0,0.05622280917300212
617.0,0.05658975658051552
618.0,0.057061839973251594
619.0,0.05707267963190899
620.0,0.05696957263632625
621.0,0.0569938984207746
622.0,0.057137008034027166
623.0,0.05713478897187581
624.0,0.057003911470132174
625.0,0.05710562592454262
626.0,0.05754434350861267
627.0,0.0574668854941309
628.0,0.057331482904716895
629.0,0.05735930196821144
630.0,0.05759516049196605
631.0,0.05771329085619993
632.0,0.05797137252241653
633.0,0.0583335883479614
634.0,0.05820145943746146
635.0,0.057989639244385216
636.0,0.05794633066574867
637.0,0.05819305989643071
638.0,0.058563313076143556
639.0,0.05882592245042245
640.0,0.05889875734872361
641.0,0.05884093906439057
642.0,0.058693305307241636
643.0,0.058927741698032644
644.0,0.05956972578888504
645.0,0.05945918768727604
646.0,0.059325934089515094
647.0,0.05934763848386322
648.0,0.05947365588552214
649.0,0.05962756588599922
650.0,0.05987424351466911
651.0,0.06012512834111315
652.0,0.060103913049929035
653.0,0.06030312705166101
654.0,0.06063490109811322
655.0,0.06085126107932892
656.0,0.06065250324796776
657.0,0.0606338669055917
658.0,0.060812232283082635
659.0,0.06086455743810354
660.0,0.06112622879053719
661.0,0.061279487248583626
662.0,0.06120448025563743
663.0,0.0612482759217457
664.0,0.06144339602590685
665.0,0.06172304699742758
666.0,0.06196410516704531
667.0,0.061993254458988026
668.0,0.0621848225485923
669.0,0.06254431702622383
670.0,0.06271782326667885
671.0,0.06250439895103731
672.0,0.06246832560886601
673.0,0.06293392355910662
674.0,0.06332817583721818
675.0,0.06341739808292961
676.0,0.06343780799149341
677.0,0.06374961180714078
678.0,0.06375794302436714
679.0,0.06383521105743056
680.0,0.06410201830110873
681.0,0.06425686896436497
682.0,0.06457642973059462
683.0,0.06479905400086938
684.0,0.06473353059336577
685.0,0.06488445277950713
686.0,0.06497439543259884
687.0,0.0650348317339751
688.0,0.06528023908574263
689.0,0.06557833347307566
690.0,0.06582794481986075
691.0,0.06597868255235585
692.0,0.06604761039411292
693.0,0.06626065027033523
694.0,0.06645771075035062
695.0,0.06644737664148109
696.0,0.0665194379457794
697.0,0.06680905854944232
698.0,0.067135176458554
699.0,0.06709219197995529
700.0,0.06744457050848544
701.0,0.06767441410503998
702.0,0.0675249401852497
703.0,0.06795318132554908
704.0,0.06806066848031077
705.0,0.06809805095037152
706.0,0.06861423657207222
707.0,0.06878889071409328
708.0,0.06883465303737622
709.0,0.06891642375877374
710.0,0.06904607137657089
711.0,0.06920812188122827
712.0,0.0694145855856802
713.0,0.06967448911609898
714.0,0.07000793582781384
715.0,0.07009434337677288
716.0,0.07005247515265761
717.0,0.07023007872068207
718.0,0.07060203567350168
719.0,0.07091258473780969
720.0,0.0711009209665662
721.0,0.07143753497115181
722.0,0.07153756243132714
723.0,0.07155517192569891
724.0,0.07173740406956368
725.0,0.07208862249660146
726.0,0.07234799307062126
727.0,0.07249157400246484
728.0,0.07266366502873982
729.0,0.07276172967489365
730.0,0.07300583728670702
731.0,0.07338909257697711
732.0,0.07341250903138094
733.0,0.0735739078822889
734.0,0.0738587335823816
735.0,0.07412363396098975
736.0,0.07446244623769399
737.0,0.07477266991503566
738.0,0.07494573577271046
739.0,0.07491792764733142
740.0,0.07523353986416115
741.0,0.07570357349332217
742.0,0.07603768224859857
743.0,0.07595795443329471
744.0,0.07618641965470616
745.0,0.07662648460109507
746.0,0.07692787869029274
747.0,0.07717692492403352
748.0,0.07737448630390802
749.0,0.07756135522884115
750.0,0.07780814916821792
751.0,0.07797229728347681
752.0,0.07826573804282372
753.0,0.07873772500907872
754.0,0.0789233133984757
755.0,0.07910719056583694
756.0,0.07940374739708303
757.0,0.07980445357093509
758.0,0.07997598361966236
759.0,0.08018917499376114
760.0,0.0804925467665497
761.0,0.0806913897027401
762.0,0.08091400771645071
763.0,0.0811734159149338
764.0,0.08145642692186524
765.0,0.08174260537733964
766.0,0.08201329345034734
767.0,0.08226025110522642
768.0,0.08248567038332287
769.0,0.08270645504992838
770.0,0.08305159824290062
771.0,0.0834447119405436
772.0,0.08363183144121367
773.0,0.08391188304753883
774.0,0.08419276760418769
775.0,0.08441917772041455
776.0,0.08480359872059391
777.0,0.08500267832935313
778.0,0.08523533594331016
779.0,0.08577521708393726
780.0,0.08602073753152525
781.0,0.0862006033973723
782.0,0.08647613158760559
783.0,0.08688080117198158
784.0,0.08706136835827778
785.0,0.08730008035361203
786.0,0.0877613189095014
787.0,0.08816097308475461
788.0,0.08848799455487126
789.0,0.08880686989433638
790.0,0.0891712892165485
791.0,0.08941040295010699
792.0,0.08968119245334348
793.0,0.09001381274058057
794.0,0.09033447196236911
795.0,0.09063644455607558
796.0,0.09099453988093067
797.0,0.09141751509088301
798.0,0.09179086875696688
799.0,0.09209591596522443
800.0,0.09235344763413474
801.0,0.09261281689850033
802.0,0.09296817195741676
803.0,0.09327310358468138
804.0,0.09356015269321769
805.0,0.09393610896010797
806.0,0.09415501507449023
807.0,0.09438534621198862
808.0,0.09476422786525746
809.0,0.09532383959300963
810.0,0.09565121265609354
811.0,0.09582141621742853
812.0,0.09600819309465411
813.0,0.0962925508736943
814.0,0.09679761765172333
815.0,0.09727490270239364
816.0,0.09744534394909533
817.0,0.09782470047115972
818.0,0.0982557018101115
819.0,0.0986227139995812
820.0,0.09890607384918733
821.0,0.09937569602781895
822.0,0.09988763970639528
823.0,0.1002874592280739
824.0,0.1005234063577737
825.0,0.1008269373784923
826.0,0.10123768494860824
827.0,0.10170357280259813
828.0,0.10209304061122573
829.0,0.10257574319036504
830.0,0.10310098109410969
831.0,0.10348572620125075
832.0,0.10354093000748067
833.0,0.10380664755186692
834.0,0.10439625806542778
835.0,0.10488898832789267
836.0,0.10536457759761735
837.0,0.10579294749764138
838.0,0.10620450168248673
839.0,0.10680125809215955
840.0,0.10711191892830496
841.0,0.10729749129676983
842.0,0.10764671050172363
843.0,0.1080120148031829
844.0,0.10866774952627196
845.0,0.10938366525827985
846.0,0.10972288931922514
847.0,0.11021140254983934
848.0,0.11048210727559435
849.0,0.11048527127908393
850.0,0.11062048568872644
851.0,0.11123671842913319
852.0,0.11197349868576353
853.0,0.11245073843853794
854.0,0.11253921882920391
855.0,0.11285750222425338
856.0,0.11335143799545179
857.0,0.1137909487635885
858.0,0.11418829519591911
859.0,0.11453324121652875
860.0,0.11498103494977206
861.0,0.11568256274719735
862.0,0.11624926657644333
863.0,0.11670314214522362
864.0,0.11715981770862562
865.0,0.11774710519582193
866.0,0.11801959074366557
867.0,0.11844752671475717
868.0,0.11916611989846103
869.0,0.11958870884832581
870.0,0.12008646694956497
871.0,0.1205319175966649
872.0,0.12081003707823265
873.0,0.12113604817067233
874.0,0.1215584954487716
875.0,0.12209029612008847
876.0,0.12268395271549294
877.0,0.12315752350916684
878.0,0.12367265685173907
879.0,0.12417926205508918
880.0,0.1245314376007423
881.0,0.12490889566512711
882.0,0.12532237403053012
883.0,0.1258305595364978
884.0,0.12651935163993558
885.0,0.12713954833996055
886.0,0.1275481557597462
887.0,0.1278251272065362
888.0,0.12833124133286733
889.0,0.12882680213261885
890.0,0.12932930482342506
891.0,0.12984977371943796
892.0,0.13023717111862387
893.0,0.13074407671414437
894.0,0.13134121765420292
895.0,0.131843304341659
896.0,0.13183816638319834
897.0,0.13233251672860868
898.0,0.13311887954984855
899.0,0.1335407475801116
900.0,0.1340174774486054
901.0,0.13494922091965783
902.0,0.13573978431646178
903.0,0.135445639578632
904.0,0.13603276149625715
905.0,0.13690330481896607
906.0,0.1375055066636489
907.0,0.13770436861840218
908.0,0.13831582027897377
909.0,0.13896382663040072
910.0,0.139326490407077
911.0,0.13946527663417332
912.0,0.14015407865229831
913.0,0.14106563969184005
914.0,0.14182605697822884
915.0,0.1424825657283009
916.0,0.14308559436172238
917.0,0.1437764404748257
918.0,0.14444939128715276
919.0,0.14422113294143607
920.0,0.14463526123880438
921.0,0.14552668430784815
922.0,0.14627542003861319
923.0,0.14705199831771104
924.0,0.1474241278226612
925.0,0.14763021707112509
926.0,0.14819487739320436
927.0,0.14946243480898255
928.0,0.15012952421002532
929.0,0.15032786419521083
930.0,0.15090161074830802
931.0,0.15125708830682516
932.0,0.1518133327193242
933.0,0.15233803692340223
934.0,0.1523398514759272
935.0,0.1532172883309927
936.0,0.15413930627172673
937.0,0.1547258140803348
938.0,0.1552327114366207
939.0,0.15595540586842147
940.0,0.1569700016039707
941.0,0.1576374013823797
942.0,0.15697280946055814
943.0,0.15795434383242293
944.0,0.1590261171453334
945.0,0.15952088774247655
946.0,0.16058041785283925
947.0,0.16059343188007752
948.0,0.1608163969185903
949.0,0.161908845426054
950.0,0.16297336943289895
951.0,0.16300280776508988
952.0,0.16322911754791206
953.0,0.16418839309776395
954.0,0.1646407549588931
955.0,0.1648904020079197
956.0,0.1651474213553502
957.0,0.16567744379062174
958.0,0.16678874274082528
959.0,0.16729154333083324
960.0,0.16762837751268939
961.0,0.16842873660267052
962.0,0.1698650636088284
963.0,0.17049627861936628
964.0,0.17075926476948522
965.0,0.17128164111978203
966.0,0.1720537706881242
967.0,0.17258502082499994
968.0,0.17300709893066185
969.0,0.1736116254701529
970.0,0.17462576623144574
971.0,0.17601733815809634
972.0,0.1766423151731452
973.0,0.1762140560935585
974.0,0.17654667032109442
975.0,0.1774023535233497
976.0,0.17805566779577275
977.0,0.17817712606671068
978.0,0.1784634999113025
979.0,0.1793493261740338
980.0,0.18037485902378375
981.0,0.18119174795821658
982.0,0.1820944378813484
983.0,0.18246059902771627
984.0,0.182930057346295
985.0,0.18404036755913916
986.0,0.18556361917065
987.0,0.18528817940265127
988.0,0.18581491029175362
989.0,0.1876066700605946
990.0,0.18653053491150057
991.0,0.1870655914321192
992.0,0.18904252686109133
993.0,0.19085990684314177
994.0,0.1906560093741224
995.0,0.191343084391672
996.0,0.1919142208918369
997.0,0.19194738661196017
998.0,0.1925077119878581
999.0,0.19356387030557795
1000.0,0.19532406180084433
1001.0,0.20202448618708194
1002.0,0.20317625243181886
1003.0,0.2049351105629179
1004.0,0.2073563699066318
1005.0,0.21014498845445517
1006.0,0.21246578879527037
1007.0,0.2113942719759312
1008.0,0.20921434672349368
1009.0,0.2080468075455487
1010.0,0.20666115968818063
1011.0,0.2081379424014708
1012.0,0.2093550153890541
1013.0,0.2092973308413515
1014.0,0.21036775737669425
1015.0,0.21277899083251264
1016.0,0.21367197106739766
1017.0,0.21377954492842322
1018.0,0.21584687937618596
1019.0,0.21529057976045524
1020.0,0.21520312999737054
1021.0,0.21612875636140247
1022.0,0.21429986763022899
1023.0,0.21375077670325396
1024.0,0.21531898498135885
1025.0,0.21588168728560592
1026.0,0.21780135018049723
1027.0,0.2214887435110286
1028.0,0.22347220733732945
1029.0,0.22523270892122293
1030.0,0.22682461004405932
1031.0,0.22906330643480088
1032.0,0.2295802401181968
1033.0,0.22789633166951573
1034.0,0.22745820225508315
1035.0,0.22650854815577975
1036.0,0.22511380830109126
1037.0,0.22856436061882687
1038.0,0.2319535115595072
1039.0,0.23315781038519945
1040.0,0.23352963754678244
1041.0,0.23300362261423602
1042.0,0.23263026466556302
1043.0,0.23268008910648885
1044.0,0.23298739390656553
1045.0,0.23521292901319912
1046.0,0.2369671018502291
1047.0,0.23768675121963484
1048.0,0.23913966173519247
1049.0,0.2401703453927995
1050.0,0.24006598107612792
1051.0,0.24012006609378472
1052.0,0.24154514959788967
1053.0,0.24127142877709085
1054.0,0.24032963169489693
1055.0,0.24151606358740582
1056.0,0.24225280600329901
1057.0,0.24254646695794627
1058.0,0.24233926628248664
1059.0,0.24317235272745413
1060.0,0.2448011086539275
1061.0,0.245062171049098
1062.0,0.24656323343124684
1063.0,0.2488345164225219
1064.0,0.24858117778271221
1065.0,0.24872258929957847
1066.0,0.249511994305041
1067.0,0.25039218281101283
1068.0,0.2513295400520689
1069.0,0.25213839593788495
1070.0,0.25323601585206634
1071.0,0.25439036335817167
1072.0,0.25564231452186
1073.0,0.25736993014661474
1074.0,0.25960675924154736
1075.0,0.2608968056409937
1076.0,0.26043830134869567
1077.0,0.2605981516922871
1078.0,0.2608199990891986
1079.0,0.26082010766971897
1080.0,0.2626556965631701
1081.0,0.26399448943798354
1082.0,0.2643506313696961
1083.0,0.265414181943453
1084.0,0.2667448235586721
1085.0,0.26891787853757715
1086.0,0.26992109310258655
1087.0,0.2707983646141237
1088.0,0.2713710712257379
1089.0,0.27116842224654425
1090.0,0.27113699739068653
1091.0,0.2710951718276239
1092.0,0.2715673171542776
1093.0,0.2725618024827336
1094.0,0.2732728846710499
1095.0,0.2746189224116039
1096.0,0.27606409038332075
1097.0,0.277620970786578
1098.0,0.27957129926610036
1099.0,0.2809036548952312
1100.0,0.28250996911635917
1101.0,0.2833426462500265
1102.0,0.2832177943112203
1103.0,0.2833864667957057
1104.0,0.284243202502892
1105.0,0.28543487498662645
1106.0,0.28726815439358055
1107.0,0.28853163665545667
1108.0,0.2892153596209117
1109.0,0.28962363650111894
1110.0,0.2905364474811369
1111.0,0.2918827311892712
1112.0,0.29259160632242914
1113.0,0.29350089378757654
1114.0,0.2940747940023638
1115.0,0.2937538099925275
1116.0,0.29418968239360616
1117.0,0.2949684858280622
1118.0,0.29568926265861434
1119.0,0.2968058928000619
1120.0,0.29739147156546775
1121.0,0.2974750538764644
1122.0,0.2977646252772954
1123.0,0.2989038912558923
1124.0,0.2994842685791781
1125.0,0.3001598469355907
1126.0,0.30156826451358887
1127.0,0.3025231662066335
1128.0,0.30295216406570297
1129.0,0.3038845333622643
1130.0,0.3052681090271162
1131.0,0.3062428201973719
1132.0,0.3064923928241778
1133.0,0.30753470441033154
1134.0,0.3088910563384198
1135.0,0.3106635136183233
1136.0,0.3118779006872413
1137.0,0.3133160699130011
1138.0,0.3139792959418564
1139.0,0.3140397960710846
1140.0,0.31488615205329795
1141.0,0.31598948970808244
1142.0,0.31712091761924716
1143.0,0.3187411180306919
1144.0,0.319764141664951
1145.0,0.32057338171851707
1146.0,0.3214268517753898
1147.0,0.32180626570366927
1148.0,0.32260235493965267
1149.0,0.3235594669882014
1150.0,0.324479947527605
1151.0,0.32651301177663317
1152.0,0.32825810936893696
1153.0,0.3285873383923932
1154.0,0.3298165064473157
1155.0,0.33026751127233
1156.0,0.33007822924334984
1157.0,0.3305949093215277
1158.0,0.33165555310512324
1159.0,0.332542486123446
1160.0,0.3335146875614661
1161.0,0.3344664844745698
1162.0,0.33561657909115156
1163.0,0.3366259354816759
1164.0,0.3375051159021909
1165.0,0.33844464606224
1166.0,0.3395757310888849
1167.0,0.34031677001923794
1168.0,0.3409466703405389
1169.0,0.3418020474540634
1170.0,0.34291340984882607
1171.0,0.3443008872753262
1172.0,0.3452836574853793
1173.0,0.3464631881596599
1174.0,0.3472400597393983
1175.0,0.3472875801055756
1176.0,0.3479523590276717
1177.0,0.3486963995009155
1178.0,0.3496991611376146
1179.0,0.3511977081621526
1180.0,0.3523433671851455
1181.0,0.3534246648960852
1182.0,0.3547240191208182
1183.0,0.35596890811036247
1184.0,0.35679896895487107
1185.0,0.35781656851057325
1186.0,0.35906879643884065
1187.0,0.359963556407498
1188.0,0.36025839374034974
1189.0,0.3614020917304783
1190.0,0.36299867133106867
1191.0,0.364333436029696
1192.0,0.36641053128129575
1193.0,0.36744654974870083
1194.0,0.3674439377483681
1195.0,0.36795580865205657
1196.0,0.3680101815263017
1197.0,0.3686195385045684
1198.0,0.3696113895397238
1199.0,0.37107370887869756
1200.0,0.3720909731696586
1201.0,0.37314225511399285
1202.0,0.374416413798274
1203.0,0.3755299428144207
1204.0,0.37677207788540346
1205.0,0.37831043033946077
1206.0,0.37949821185587285
1207.0,0.3804529755231867
1208.0,0.38158699856532435
1209.0,0.3829279710887748
1210.0,0.3837826963268815
1211.0,0.3842825156446047
1212.0,0.38507714915077484
1213.0,0.3854537216566938
1214.0,0.3862529063301986
1215.0,0.38751013645310667
1216.0,0.38886430991819115
1217.0,0.390155476370246
1218.0,0.3912585593892049
1219.0,0.392179613225978
1220.0,0.39296101658102983
1221.0,0.39371620274739993
1222.0,0.3940734124746076
1223.0,0.39498156276315205
1224.0,0.396107744588398
1225.0,0.3971896486401921
1226.0,0.39888449728570124
1227.0,0.3998313270653256
1228.0,0.40006026631830927
1229.0,0.4009160563863087
1230.0,0.40138106477038166
1231.0,0.40240754531165857
1232.0,0.40440544171379195
1233.0,0.40606671595978316
1234.0,0.40682331990199394
1235.0,0.4083482305094732
1236.0,0.40950023037405825
1237.0,0.4100554624302831
1238.0,0.4113338100720727
1239.0,0.41317535383159754
1240.0,0.4146276488126373
1241.0,0.4164234130267793
1242.0,0.4174980835715267
1243.0,0.41802251535912127
1244.0,0.418769907727769
1245.0,0.4188417576403407
1246.0,0.41964688557644536
1247.0,0.4212716186511357
1248.0,0.42232891182205007
1249.0,0.4231363479164966
1250.0,0.4242910718283215
1251.0,0.42523122769056865
1252.0,0.4265058689983802
1253.0,0.4277060398687216
1254.0,0.4294883851275192
1255.0,0.4304409826877813
1256.0,0.4307430838386359
1257.0,0.43157473470185037
1258.0,0.4323015161952095
1259.0,0.43328568460422756
1260.0,0.4345894149488722
1261.0,0.4358293830113093
1262.0,0.4372221703828165
1263.0,0.43839162185809083
1264.0,0.4395885632349063
1265.0,0.44068341838921615
1266.0,0.44128605618765204
1267.0,0.44232941611222193
1268.0,0.44359203817987025
1269.0,0.4450205371655012
1270.0,0.4461401023695438
1271.0,0.44748912761049575
1272.0,0.44832416021879845
1273.0,0.44869032962672506
1274.0,0.4492667766821398
1275.0,0.4494776279268423
1276.0,0.4503748987988273
1277.0,0.45172804908270003
1278.0,0.45271460056668744
1279.0,0.4538019254567124
1280.0,0.45505020018124165
1281.0,0.45609503006181656
1282.0,0.45731937314100785
1283.0,0.45931247820390664
1284.0,0.4606002803942506
1285.0,0.46132928187429806
1286.0,0.4622264686209857
1287.0,0.4628915384295057
1288.0,0.46341167756280954
1289.0,0.46455934392638143
1290.0,0.4662506013533914
1291.0,0.4673037119541526
1292.0,0.46835161997253216
1293.0,0.46949209476688936
1294.0,0.47024495468314415
1295.0,0.4713328653998572
1296.0,0.47279920390475166
1297.0,0.4741671704832396
1298.0,0.47565082998945485
1299.0,0.47681814896839253
1300.0,0.47790406402087693
1301.0,0.4790130698048073
1302.0,0.4797241404636547
1303.0,0.4807018006001339
1304.0,0.48208059396424674
1305.0,0.483197157253166
1306.0,0.484231231485753
1307.0,0.48511349050569635
1308.0,0.48627074886263305
1309.0,0.4874354763423561
1310.0,0.48859200559298677
1311.0,0.4899128416849606
1312.0,0.49118736802646146
1313.0,0.49234569177005993
1314.0,0.4935904000890334
1315.0,0.49506705773050536
1316.0,0.4962885348604472
1317.0,0.49741897403822055
1318.0,0.49843980312957126
1319.0,0.49912965228887735
1320.0,0.5001569078800552
1321.0,0.5013017572061679
1322.0,0.5023953401432045
1323.0,0.5035723549574582
1324.0,0.5048794685640672
1325.0,0.506235600014637
1326.0,0.5075338256701609
1327.0,0.508873577219316
1328.0,0.5104894048345785
1329.0,0.5116453343687507
1330.0,0.5124280449757093
1331.0,0.513608321568601
1332.0,0.514989917605108
1333.0,0.5159381398614971
1334.0,0.5167216601110034
1335.0,0.5177414484398656
1336.0,0.5183325535125277
1337.0,0.5194531358205207
1338.0,0.52138768657406
1339.0,0.5227108662923985
1340.0,0.5238653374656488
1341.0,0.5249713714697809
1342.0,0.5255117223759106
1343.0,0.5266300019867249
1344.0,0.5282703173654755
1345.0,0.5295931012636121
1346.0,0.5311491642245604
1347.0,0.5324796099173933
1348.0,0.5336688113094156
1349.0,0.5345370072532402
1350.0,0.5354562451107411
1351.0,0.5363855497503072
1352.0,0.5371514000594348
1353.0,0.5375459677281285
1354.0,0.5384086569795379
1355.0,0.5395278840285161
1356.0,0.5404068547150886
1357.0,0.5412421980429768
1358.0,0.5423336808973473
1359.0,0.5434512467144337
1360.0,0.5445156783982635
1361.0,0.5457204079248568
1362.0,0.5470492204158423
1363.0,0.5483494723567169
1364.0,0.5495836460949102
1365.0,0.5512135054445118
1366.0,0.5524763453529056
1367.0,0.553422960610551
1368.0,0.5540868269398437
1369.0,0.5553011670437777
1370.0,0.5566984758195039
1371.0,0.5579052761603439
1372.0,0.5595361762231794
1373.0,0.5604211441628532
1374.0,0.560573133100293
1375.0,0.5614060369310342
1376.0,0.5620170008882353
1377.0,0.5632379279875619
1378.0,0.5653894873827371
1379.0,0.5667332617328976
1380.0,0.5680372334995598
1381.0,0.5691986534435836
1382.0,0.569796983517047
1383.0,0.5706996571557226
1384.0,0.5717965061725334
1385.0,0.5727406521914631
1386.0,0.5737876342106178
1387.0,0.5745703493555138
1388.0,0.5750161668070455
1389.0,0.5756628973398077
1390.0,0.57631003659465
1391.0,0.5767703777583593
1392.0,0.5775672731249665
1393.0,0.5785880172915641
1394.0,0.5796338792389838
1395.0,0.5808729477553737
1396.0,0.5818709951234934
1397.0,0.5829167398240578
1398.0,0.5838347965447781
1399.0,0.5845375744094747
1400.0,0.5853332448575295
1401.0,0.5860911248754112
1402.0,0.5869359863225565
1403.0,0.5878780631472602
1404.0,0.5886874359425244
1405.0,0.5894487991837214
1406.0,0.5903061937181704
1407.0,0.5911035916010431
1408.0,0.5919131370300689
1409.0,0.5927297938168363
1410.0,0.5937063858618392
1411.0,0.5947991115722819
1412.0,0.5957707731829956
1413.0,0.5966747934184663
1414.0,0.597905783721109
1415.0,0.5988064406177918
1416.0,0.5999177228249873
1417.0,0.601122897953527
1418.0,0.6025802741614709
1419.0,0.603739964084384
1420.0,0.6048950828846974
1421.0,0.6059507077503387
1422.0,0.6069041249579962
1423.0,0.6077817134760196
1424.0,0.6083661545968712
1425.0,0.6094316222656883
1426.0,0.6104281936644634
1427.0,0.611913196849883
1428.0,0.6142839874939406
1429.0,0.6158739295411221
1430.0,0.6173207501365667
1431.0,0.6187186253608504
1432.0,0.619720465859734
1433.0,0.6208543000723536
1434.0,0.6221662364675566
1435.0,0.6233061994903383
1436.0,0.6241515414985506
1437.0,0.6251713007964608
1438.0,0.6261972464020797
1439.0,0.6273821544248243
1440.0,0.6283887877648539
1441.0,0.6295604597259269
1442.0,0.6306649873188598
1443.0,0.6315943471085593
1444.0,0.6327752255189422
1445.0,0.6341264366120688
1446.0,0.635375190226011
1447.0,0.636744512640747
1448.0,0.6378958110687504
1449.0,0.6388668677340051
1450.0,0.6399479993601608
1451.0,0.6410199522945939
1452.0,0.642032133484793
1453.0,0.642947546616465
1454.0,0.6441136610495642
1455.0,0.6453767617840415
1456.0,0.6465532241376456
1457.0,0.6480615820761438
1458.0,0.6491704491523544
1459.0,0.6497052128591194
1460.0,0.6507102552724462
1461.0,0.6518400073550312
1462.0,0.6529703298098406
1463.0,0.6544383005239417
1464.0,0.6557314446987312
1465.0,0.6568939640065586
1466.0,0.6580337157756688
1467.0,0.6590684141902029
1468.0,0.6602052979694025
1469.0,0.6615747466896602
1470.0,0.6625208970454524
1471.0,0.6636018489124922
1472.0,0.6646591118844464
1473.0,0.6659193634139227
1474.0,0.6672398873897143
1475.0,0.6684581135723477
1476.0,0.6699461980868837
1477.0,0.6710636432476065
1478.0,0.6716697160296315
1479.0,0.6728409433841142
1480.0,0.6742700966741758
1481.0,0.6754607309339282
1482.0,0.6768356953125864
1483.0,0.6780438333999403
1484.0,0.6788672733410109
1485.0,0.680012966979505
1486.0,0.6813534711417163
1487.0,0.6826413416784305
1488.0,0.6840389887716262
1489.0,0.685358550230468
1490.0,0.6865811446099761
1491.0,0.6879459058498085
1492.0,0.689497876254218
1493.0,0.6907817570185529
1494.0,0.6921525474729183
1495.0,0.6932527942933289
1496.0,0.6937608373713715
1497.0,0.6947059978481537
1498.0,0.6955965297157967
1499.0,0.6967627002471082
1500.0,0.6983458452673683
1501.0,0.7000596140424354
1502.0,0.7014187044383418
1503.0,0.7026134640665924
1504.0,0.7036593015125067
1505.0,0.7042545084643702
1506.0,0.7052890053099528
1507.0,0.7064633724754459
1508.0,0.7075928470056465
1509.0,0.7088857360156179
1510.0,0.7098720001235046
1511.0,0.7106920580513165
1512.0,0.7116019667709452
1513.0,0.7122177296058652
1514.0,0.7133788924524269
1515.0,0.7150163387683863
1516.0,0.7161864179359279
1517.0,0.7174566577195444
1518.0,0.7185767679133392
1519.0,0.7191130390801539
1520.0,0.7202626658292162
1521.0,0.7218724128553472
1522.0,0.7232063422807736
1523.0,0.7247433982656665
1524.0,0.7260397308621797
1525.0,0.7268448525167653
1526.0,0.7281352324772101
1527.0,0.7297307314338015
1528.0,0.7311340840527304
1529.0,0.732837430980542
1530.0,0.7342554273370456
1531.0,0.7352622037824824
1532.0,0.7364305373599144
1533.0,0.7374582357115399
1534.0,0.7387109526311404
1535.0,0.7404953420098246
1536.0,0.7417136200648723
1537.0,0.742592731001428
1538.0,0.7436242236466071
1539.0,0.7446247708994881
1540.0,0.7453783461639928
1541.0,0.746433242308219
1542.0,0.7479712068542524
1543.0,0.7489815753025197
1544.0,0.7496340270656043
1545.0,0.7507095548818894
1546.0,0.7518871174045163
1547.0,0.7529464145002407
1548.0,0.7540765404920903
1549.0,0.75529394384867
1550.0,0.7565181609470876
1551.0,0.7575965479405129
1552.0,0.7588011925806762
1553.0,0.7598580557387837
1554.0,0.7605030841508198
1555.0,0.7616053419166483
1556.0,0.763049472874369
1557.0,0.7642438059397769
1558.0,0.7654652270080823
1559.0,0.7666607282558169
1560.0,0.7678333773630893
1561.0,0.7688298971276089
1562.0,0.7696892227963289
1563.0,0.7707163717138544
1564.0,0.7715639333631323
1565.0,0.7726353362096207
1566.0,0.7740456723329535
1567.0,0.7752615867338029
1568.0,0.7764294136484917
1569.0,0.777595411239618
1570.0,0.7787441473027342
1571.0,0.779883904991289
1572.0,0.7809527514677653
1573.0,0.7821194664722978
1574.0,0.7832807789282162
1575.0,0.7845320768222528
1576.0,0.7859778459681123
1577.0,0.787291771245042
1578.0,0.7886673899961889
1579.0,0.7898767692087393
1580.0,0.7907552019776191
1581.0,0.791909067557611
1582.0,0.7931633560901665
1583.0,0.7943792917192594
1584.0,0.7958366373348797
1585.0,0.7971366575773742
1586.0,0.7981888687191999
1587.0,0.7993712464699533
1588.0,0.8007268032489299
1589.0,0.8018724677393302
1590.0,0.8029380097978015
1591.0,0.8040000450932542
1592.0,0.804937288971882
1593.0,0.8056213444829541
1594.0,0.8065640083172476
1595.0,0.8075458732636986
1596.0,0.8086424736673734
1597.0,0.8099992974503011
1598.0,0.8108362595133737
1599.0,0.8114373875197667
1600.0,0.8123552601478022
1601.0,0.8131257081730963
1602.0,0.8139300527363325
1603.0,0.8149833690327316
1604.0,0.8159888467743083
1605.0,0.8167128737970543
1606.0,0.8177893375756906
1607.0,0.8193291383896785
1608.0,0.8204454641882467
1609.0,0.8213830960221731
1610.0,0.8224406863763875
1611.0,0.8233183634158061
1612.0,0.8245228448521968
1613.0,0.826005413039848
1614.0,0.8272914732816924
1615.0,0.8285995582346485
1616.0,0.8299872376404196
1617.0,0.8314522137198718
1618.0,0.8326419116410413
1619.0,0.8338698382302664
1620.0,0.834920644958495
1621.0,0.8354381931769537
1622.0,0.8364944713321751
1623.0,0.8377602762936764
1624.0,0.8390784270536766
1625.0,0.840752181971711
1626.0,0.8421123335611208
1627.0,0.8433914414739342
1628.0,0.8446569521992953
1629.0,0.8458996156278216
1630.0,0.8469381324850713
1631.0,0.8479460941713508
1632.0,0.8487514951666719
1633.0,0.8491533199287787
1634.0,0.8497833652103998
1635.0,0.8503431232956777
1636.0,0.8510752421304586
1637.0,0.8520373847617604
1638.0,0.8528317587333093
1639.0,0.8534071922430041
1640.0,0.8544325235540184
1641.0,0.8558165932328157
1642.0,0.8568772711131603
1643.0,0.8581045856572027
1644.0,0.859219755693204
1645.0,0.8598858884394358
1646.0,0.8608269394619114
1647.0,0.8620162817111776
1648.0,0.8631997014569998
1649.0,0.8644196334213868
1650.0,0.8655761240006778
1651.0,0.8668805401006119
1652.0,0.8679741196107114
1653.0,0.8688764247925422
1654.0,0.8698445990735645
1655.0,0.8706426712597676
1656.0,0.8716660538302338
1657.0,0.8730125032268627
1658.0,0.8739756959566441
1659.0,0.8748558415315065
1660.0,0.8756372188947165
1661.0,0.8757778492004964
1662.0,0.8765745281024622
1663.0,0.8778735888152884
1664.0,0.8789899824209856
1665.0,0.8805619735490131
1666.0,0.8816572695772731
1667.0,0.8822756016041469
1668.0,0.8830495760238679
1669.0,0.883579765086901
1670.0,0.8843693003069869
1671.0,0.8852967869363866
1672.0,0.8863001875205486
1673.0,0.8874746106034384
1674.0,0.8886902592597059
1675.0,0.8900929997421672
1676.0,0.8913794088919644
1677.0,0.8926909349864375
1678.0,0.8938069211518775
1679.0,0.89440645612658
1680.0,0.8956990954118712
1681.0,0.8976551475027781
1682.0,0.8991017207110539
1683.0,0.9007668183208115
1684.0,0.9020866616292171
1685.0,0.9027322688383099
1686.0,0.9035030039443275
1687.0,0.9042333478067169
1688.0,0.9052010797168636
1689.0,0.9062041871679805
1690.0,0.9071252708504636
1691.0,0.9080805885574097
1692.0,0.9092610898977589
1693.0,0.9103493544739838
1694.0,0.9116495349706816
1695.0,0.91380356704165
1696.0,0.9151212660122251
1697.0,0.9157354318133037
1698.0,0.9168646897432561
1699.0,0.9177689128402848
1700.0,0.9188198928419754
1701.0,0.9204161301071547
1702.0,0.9217352544672033
1703.0,0.92294880660018
1704.0,0.9238055179857521
1705.0,0.9241423649839523
1706.0,0.9251232582063756
1707.0,0.9261331331435837
1708.0,0.9273562040176769
1709.0,0.9294703774743306
1710.0,0.9308899468078203
1711.0,0.9316326857180529
1712.0,0.9329318650800975
1713.0,0.934404121397653
1714.0,0.9356455055250553
1715.0,0.9372493951528865
1716.0,0.938541776568183
1717.0,0.9392559275108466
1718.0,0.9404316135590673
1719.0,0.9419387711381749
1720.0,0.9429263134658439
1721.0,0.9438900043358514
1722.0,0.9447134314972649
1723.0,0.9446746993400773
1724.0,0.9456620813669698
1725.0,0.9474766301137374
1726.0,0.9486197546725449
1727.0,0.9498604851951675
1728.0,0.9511449286233162
1729.0,0.9520513879835147
1730.0,0.9531507370195926
1731.0,0.954753117069614
1732.0,0.9558984608404795
1733.0,0.9566616868323179
1734.0,0.9575419982156095
1735.0,0.9583920573283878
1736.0,0.9590649919811811
1737.0,0.9595651145119188
1738.0,0.9599363690044062
1739.0,0.9599622020423574
1740.0,0.9607036327573082
1741.0,0.962042671606996
1742.0,0.9627896285261607
1743.0,0.9636234953926459
1744.0,0.964216527978007
1745.0,0.9639017519878467
1746.0,0.9647509984422129
1747.0,0.9662713797722166
1748.0,0.967331054989694
1749.0,0.9687807068095953
1750.0,0.9698511229664696
1751.0,0.9703341328856572
1752.0,0.9717114708070544
1753.0,0.9738354272903327
1754.0,0.9751951601139922
1755.0,0.9760135462961992
1756.0,0.9763996154983857
1757.0,0.9764733370577386
1758.0,0.9768196776409369
1759.0,0.9779295135011843
1760.0,0.9788690991434825
1761.0,0.9794535504569538
1762.0,0.9804863814061222
1763.0,0.9815228030616032
1764.0,0.9823349530165651
1765.0,0.983601068870679
1766.0,0.9849771589077503
1767.0,0.9860764383417082
1768.0,0.9870905231883169
1769.0,0.9879360711300031
1770.0,0.9880081435908458
1771.0,0.9881364769129866
1772.0,0.9892597537520896
1773.0,0.9906197746615465
1774.0,0.9920602192500554
1775.0,0.9933603140452582
1776.0,0.9941912290353256
1777.0,0.994786405590513
1778.0,0.9957996088599015
1779.0,0.9969308705027354
1780.0,0.997946330496589
1781.0,0.9989667330284736
1782.0,0.9998037641851364
1783.0,1.0009734804298918
1784.0,1.0017740420142793
1785.0,1.0023591746164637
1786.0,1.003360941265761
1787.0,1.0038474263199315
1788.0,1.0044479541966969
1789.0,1.0055996965723255
1790.0,1.005847886172985
1791.0,1.0073004580229323
1792.0,1.0103205558111807
1793.0,1.011654571986579
1794.0,1.012915406266103
1795.0,1.0138735538985313
1796.0,1.0133882464152468
1797.0,1.0137121691807107
1798.0,1.0143189403975497
1799.0,1.0156580419258734
1800.0,1.0162921313469784
1801.0,1.0172814100903325
1802.0,1.0172103601796936
1803.0,1.0161896909577317
1804.0,1.0163105463848279
1805.0,1.0159555272259597
1806.0,1.0167031133253894
1807.0,1.0188678759306622
1808.0,1.0204149814107764
1809.0,1.0224977619632885
1810.0,1.023631941332233
1811.0,1.0246510358054073
1812.0,1.024187760951464
1813.0,1.0264904472643819
1814.0,1.028429173559533
1815.0,1.0298171856408347
1816.0,1.0322386993271535
1817.0,1.0343164978183905
1818.0,1.0349706432208208
1819.0,1.0365737254860998
1820.0,1.0403806754442706
1821.0,1.0419196019547938
1822.0,1.0424411326534366
1823.0,1.0415207780052966
1824.0,1.0417625183097214
1825.0,1.0420865316932921
1826.0,1.0429376764585694
1827.0,1.0452185717491191
1828.0,1.0467022809767788
1829.0,1.0480344226285923
1830.0,1.0492496596262102
1831.0,1.0503638995322684
1832.0,1.05112864603897
1833.0,1.0524042162005367
1834.0,1.053566070443427
1835.0,1.0548045076280754
1836.0,1.0562196292820976
1837.0,1.0574089090608532
1838.0,1.0586807553033695
1839.0,1.0596363224182657
1840.0,1.0600146890033608
1841.0,1.0615554286541034
1842.0,1.0617841688850311
1843.0,1.06156055195424
1844.0,1.0629443238413525
1845.0,1.063001971612091
1846.0,1.0635283240242308
1847.0,1.0651672761817557
1848.0,1.0657527852097584
1849.0,1.0653247049550303
1850.0,1.0656212703683507
1851.0,1.066271715920759
1852.0,1.0662578511501688
1853.0,1.0662667128145247
1854.0,1.0665949662109073
1855.0,1.0665709287127925
1856.0,1.0656991106715585
1857.0,1.0655606577861565
1858.0,1.0655213258613703
1859.0,1.0656971653501137
1860.0,1.0658409574806158
1861.0,1.0670196685410474
1862.0,1.0685497097456782
1863.0,1.069082515505794
1864.0,1.0698188183867223
1865.0,1.0712699068373048
1866.0,1.0727106534315058
1867.0,1.0745245142790285
1868.0,1.0760175775956782
1869.0,1.0784279488683126
1870.0,1.07916789042568
1871.0,1.0791216528994916
1872.0,1.078299742987889
1873.0,1.076686741039443
1874.0,1.0751927833138997
1875.0,1.07411694762451
1876.0,1.0728421983754186
1877.0,1.0718882659047546
1878.0,1.070854504889574
1879.0,1.0698738823067488
1880.0,1.0688863240919309
1881.0,1.068330180804856
1882.0,1.0682768758098222
1883.0,1.0674088041939167
1884.0,1.0668143462212196
1885.0,1.0652770599307828
1886.0,1.0633398648310077
1887.0,1.0615595710043921
1888.0,1.0592685431746667
1889.0,1.0572404866295764
1890.0,1.0546931127780095
1891.0,1.0517779178331226
1892.0,1.0482743104769365
1893.0,1.0453652751117335
1894.0,1.0415714807796854
1895.0,1.0380619545114487
1896.0,1.0353239245215027
1897.0,1.0316421564890097
1898.0,1.0278614064665015
1899.0,1.02400276974555
1900.0,1.0194834631568157
1901.0,1.0158406613175488
1902.0,1.0126334800039996
1903.0,1.0102948089496664
1904.0,1.007324794381499
1905.0,1.0048135022570646
1906.0,1.0021328039596062
1907.0,0.9985017985949053
1908.0,0.99583899600415
1909.0,0.9936501366807787
1910.0,0.9912191077467516
1911.0,0.9893845424951864
1912.0,0.9872673046566759
1913.0,0.9855172857531975
1914.0,0.9835890742984486
1915.0,0.9829297861433646
1916.0,0.98335366557508
1917.0,0.9847606149546144
1918.0,0.9870325643991007
1919.0,0.9896776903434583
1920.0,0.9914995072978319
1921.0,0.9919187980099086
1922.0,0.9919610784147471
1923.0,0.9913304230605509
1924.0,0.9916457240294636
1925.0,0.9919140627405841
1926.0,0.9937929010050405
1927.0,0.9949834233444999
1928.0,0.9971398589474532
1929.0,0.999144105721044
1930.0,0.9993213977952942
1931.0,1.001432258045755
1932.0,1.003194355997695
1933.0,1.002758546808892
1934.0,1.0037272831711432
1935.0,1.0051849600389464
1936.0,1.005634195461815
1937.0,1.0072149439150972
1938.0,1.0104333327747208
1939.0,1.0136054043435136
1940.0,1.0150982833030928
1941.0,1.0170259600637162
1942.0,1.0189936883959831
1943.0,1.0209238405898262
1944.0,1.0229225949302816
1945.0,1.0246524912208308
1946.0,1.0263703987719213
1947.0,1.0277562292025006
1948.0,1.029287607974015
1949.0,1.030756263033597
1950.0,1.0328325338850777
1951.0,1.0345174397434131
1952.0,1.0360227699991562
1953.0,1.0371474158134821
1954.0,1.0381623291630393
1955.0,1.0396714546710266
1956.0,1.0407542465386002
1957.0,1.041445933712645
1958.0,1.0416648355919975
1959.0,1.0421429555420028
1960.0,1.0413916878999576
1961.0,1.0422932370067084
1962.0,1.0437164390896863
1963.0,1.0470221611319137
1964.0,1.049526090297553
1965.0,1.0529647761526655
1966.0,1.0561319693947084
1967.0,1.056743411095867
1968.0,1.0585836436007947
1969.0,1.0604229072039024
1970.0,1.061263148147578
1971.0,1.0629740285251847
1972.0,1.0643244909997456
1973.0,1.0652391953931715
1974.0,1.0663644979854925
1975.0,1.0677271218378892
1976.0,1.0684281145738652
1977.0,1.0697114010287214
1978.0,1.0710896791261435
1979.0,1.0722918448122272
1980.0,1.0743003278511007
1981.0,1.0756505078272134
1982.0,1.076418373794643
1983.0,1.078616573678879
1984.0,1.080927394442519
1985.0,1.0836308711792626
1986.0,1.0887963136694605
1987.0,1.0911529160589348
1988.0,1.0919411408577955
1989.0,1.0930912430583548
1990.0,1.093652962294232
1991.0,1.0935011948940407
1992.0,1.095179030981532
1993.0,1.096695434773506
1994.0,1.0974538552428883
1995.0,1.0993342347444885
1996.0,1.1012265691257166
1997.0,1.103246986712219
1998.0,1.1050212801701331
1999.0,1.1074638352760384
2000.0,1.1090254449059953
2001.0,1.109584352056155
2002.0,1.111241726878467
2003.0,1.1127123601366318
2004.0,1.1131010928482277
2005.0,1.1143206167142625
2006.0,1.1162629725074942
2007.0,1.118585907841411
2008.0,1.120798297370012
2009.0,1.122802609184234
2010.0,1.1252675655295994
2011.0,1.1266419440187496
2012.0,1.1268137986722515
2013.0,1.1282279797573393
2014.0,1.1296007894844096
2015.0,1.1309464220869805
2016.0,1.134016534549957
2017.0,1.1366844464326842
2018.0,1.139256053496835
2019.0,1.1400671250198808
2020.0,1.1392963759441064
2021.0,1.1400855816936672
2022.0,1.141464721623737
2023.0,1.1434337640957248
2024.0,1.14478378344429
2025.0,1.1464408040907796
2026.0,1.148062831809243
2027.0,1.1487201058281187
2028.0,1.1501700138860749
2029.0,1.1526529755649924
2030.0,1.1551943468687664
2031.0,1.1563322967338083
2032.0,1.1569470595901752
2033.0,1.15898154772837
2034.0,1.1602637612539255
2035.0,1.1620606542396048
2036.0,1.1650114359898949
2037.0,1.1664956518561829
2038.0,1.167844777947649
2039.0,1.1678289639074788
2040.0,1.1652539484104525
2041.0,1.1650940189493846
2042.0,1.1646118398075416
2043.0,1.1647301379042228
2044.0,1.1666531996895022
2045.0,1.168650124619621
2046.0,1.1687401225298244
2047.0,1.1698438140939917
2048.0,1.1707626147123098
2049.0,1.171921528881295
2050.0,1.1743964228127255
2051.0,1.176918860200527
2052.0,1.1792773355147161
2053.0,1.1831807997212584
2054.0,1.1843360396196214
2055.0,1.1835301834635803
2056.0,1.1834731340776892
2057.0,1.1807497622296155
2058.0,1.1807659496020277
2059.0,1.1826294027741098
2060.0,1.1849841510909214
2061.0,1.187340981568205
2062.0,1.1890038726041992
2063.0,1.1882204810252508
2064.0,1.1876265368354761
2065.0,1.1888656528333028
2066.0,1.1911577738385333
2067.0,1.1920508597703467
2068.0,1.1936023689994215
2069.0,1.1946283467865957
2070.0,1.1930881636505786
2071.0,1.1938053864721108
2072.0,1.196923762183017
2073.0,1.1985697090578207
2074.0,1.1997516889453286
2075.0,1.2017519913864718
2076.0,1.2028065872466203
2077.0,1.2038054159205849
2078.0,1.2062368092762386
2079.0,1.2089837444374414
2080.0,1.2099710131496464
2081.0,1.2111437381381371
2082.0,1.2123866650427944
2083.0,1.212351052613614
2084.0,1.2130736778456268
2085.0,1.215070169578084
2086.0,1.2162183284867543
2087.0,1.2170080183442864
2088.0,1.217686908754131
2089.0,1.2187879841491753
2090.0,1.2181891465588386
2091.0,1.217773349861153
2092.0,1.2172276648398164
2093.0,1.2149044274598748
2094.0,1.215456243484149
2095.0,1.2163014791377371
2096.0,1.217359368636632
2097.0,1.2182487365527706
2098.0,1.2202703567557769
2099.0,1.2199202583252322
2100.0,1.2174398787465317
2101.0,1.216846693384288
2102.0,1.215780772235561
2103.0,1.2166425170766249
2104.0,1.2194430242386967
2105.0,1.2218299716836512
2106.0,1.225834895122013
2107.0,1.2277099516810186
2108.0,1.2288251742722496
2109.0,1.2295031068615214
2110.0,1.2286314698793281
2111.0,1.2288043006488811
2112.0,1.2282798929607726
2113.0,1.2269878452154812
2114.0,1.2264745245731095
2115.0,1.225105371870003
2116.0,1.2249912905446827
2117.0,1.2262786548738158
2118.0,1.2268421125741664
2119.0,1.2273645254608214
2120.0,1.2288611608082092
2121.0,1.2305535220435968
2122.0,1.232420745128416
2123.0,1.2366647107765394
2124.0,1.237992291254655
2125.0,1.237226891812707
2126.0,1.23737991238125
2127.0,1.2358188058233988
2128.0,1.2345756629151456
2129.0,1.235935034384174
2130.0,1.2367426917944464
2131.0,1.2398817384540246
2132.0,1.2415835021367008
2133.0,1.2424912781694364
2134.0,1.2435182067409296
2135.0,1.2434743731456417
2136.0,1.2410774882392748
2137.0,1.2404774933426188
2138.0,1.2398591619185857
2139.0,1.2394179606086435
2140.0,1.2395476890153854
2141.0,1.240008882886084
2142.0,1.2415264256011256
2143.0,1.2412663265422414
2144.0,1.2406327028140718
2145.0,1.2414227491372207
2146.0,1.2404278803737874
2147.0,1.23932734854215
2148.0,1.2402043073588722
2149.0,1.241081061175136
2150.0,1.242206202551301
2151.0,1.2448277234706275
2152.0,1.2463961282821792
2153.0,1.247942480541857
2154.0,1.2483980290329046
2155.0,1.2475893978146304
2156.0,1.2479707268258338
2157.0,1.2485700117857743
2158.0,1.2486607363935265
2159.0,1.2491396602458662
2160.0,1.2494605837274835
2161.0,1.2482756255558813
2162.0,1.2488163400212164
2163.0,1.2513797548422374
2164.0,1.252705604097482
2165.0,1.252613857809904
2166.0,1.2519178214548385
2167.0,1.2506031155617807
2168.0,1.2492124218901106
2169.0,1.249140473064361
2170.0,1.2487497574941842
2171.0,1.248920430118342
2172.0,1.2493321958968884
2173.0,1.2493201735762443
2174.0,1.2498508185456825
2175.0,1.2501429771155772
2176.0,1.249875798193961
2177.0,1.249664494346767
2178.0,1.2498529147709976
2179.0,1.249412743016188
2180.0,1.247460429894725
2181.0,1.2468394475565536
2182.0,1.2473301861933235
2183.0,1.2473076889367467
2184.0,1.247246100255414
2185.0,1.247987082759663
2186.0,1.248981614478515
2187.0,1.2487488438261143
2188.0,1.2484024623655177
2189.0,1.2492563750639878
2190.0,1.24920970464966
2191.0,1.2490117412493047
2192.0,1.250643751615159
2193.0,1.2511071445404243
2194.0,1.252067669284983
2195.0,1.25367657223878
2196.0,1.254454045020707
2197.0,1.2551589624148962
2198.0,1.2553057510766945
2199.0,1.2541724108126036
2200.0,1.2541785688870852
2201.0,1.2542919117817435
2202.0,1.254631530637298
2203.0,1.2556654607328048
2204.0,1.2563089024235645
2205.0,1.2572618468226595
2206.0,1.2575702589115678
2207.0,1.2560168090085817
2208.0,1.2546971401815061
2209.0,1.2536034556415925
2210.0,1.2533665320370841
2211.0,1.2540043882473204
2212.0,1.2556876429575863
2213.0,1.2555533835168504
2214.0,1.2554328187733876
2215.0,1.2582541397780258
2216.0,1.2586135274923547
2217.0,1.2585694209473797
2218.0,1.257518804694629
2219.0,1.2591311791678979
2220.0,1.2611787366568992
2221.0,1.2629715359983429
2222.0,1.2683178968481028
2223.0,1.2689667716811617
2224.0,1.2645890599151914
2225.0,1.263935194015368
2226.0,1.2635486343809994
2227.0,1.264201534431869
2228.0,1.266349399892162
2229.0,1.2685152311542474
2230.0,1.2721302267606782
2231.0,1.273691945471523
2232.0,1.274099960882813
2233.0,1.276507798456643
2234.0,1.2764588836272757
2235.0,1.2749911735122281
2236.0,1.2761706183228951
2237.0,1.2740125542082699
2238.0,1.2706061844506267
2239.0,1.2682480767026876
2240.0,1.2653745499095002
2241.0,1.265784535433631
2242.0,1.2682723505996034
2243.0,1.270809763862357
2244.0,1.2724414789351415
2245.0,1.2728576120479396
2246.0,1.273579380169775
2247.0,1.273964520767193
2248.0,1.2740819703514608
2249.0,1.2739710576619183
2250.0,1.2738157367075933
2251.0,1.273720737813049
2252.0,1.2720114246344731
2253.0,1.2680141341518045
2254.0,1.2675235442116417
2255.0,1.2672976980257658
2256.0,1.2679742177060846
2257.0,1.2734727761522124
2258.0,1.2748225337627481
2259.0,1.2738726431086094
2260.0,1.273218233359286
2261.0,1.2701668210676944
2262.0,1.2688601219958011
2263.0,1.270335601731944
2264.0,1.270892310455588
2265.0,1.2714821145853838
2266.0,1.2715750253982923
2267.0,1.2696556030422532
2268.0,1.2650971081919498
2269.0,1.2626247619646205
2270.0,1.2632559152931766
2271.0,1.2657571723128882
2272.0,1.2691471267099803
2273.0,1.2720977129485989
2274.0,1.2734407127326985
2275.0,1.2743450438427237
2276.0,1.2767342677791078
2277.0,1.2757468937431782
2278.0,1.273088516380145
2279.0,1.2716726084175527
2280.0,1.267106615363931
2281.0,1.265638784453237
2282.0,1.2667457413119578
2283.0,1.2663070151844178
2284.0,1.2654505399262639
2285.0,1.2664933403027565
2286.0,1.2698394299363425
2287.0,1.2718737489371907
2288.0,1.2738802650842094
2289.0,1.2739311312094677
2290.0,1.272309084567339
2291.0,1.2709466095798896
2292.0,1.2685801008881894
2293.0,1.2697939641203249
2294.0,1.2726624808372107
2295.0,1.2741044488219035
2296.0,1.2781125674953213
2297.0,1.2778264940429693
2298.0,1.2775238748939322
2299.0,1.2782149378328715
2300.0,1.2775072515579329
2301.0,1.2767002183415774
2302.0,1.2733152665605199
2303.0,1.2687837476992478
2304.0,1.2679410079040228
2305.0,1.2682335902609405
2306.0,1.268856702565339
2307.0,1.2720940308712654
2308.0,1.272481005158135
2309.0,1.2708042562182662
2310.0,1.2740777261565057
2311.0,1.273571346261727
2312.0,1.2715195305755698
2313.0,1.2757036898786875
2314.0,1.2771399912918477
2315.0,1.2786108598555483
2316.0,1.2829837205161798
2317.0,1.2841034993592968
2318.0,1.2848608952229
2319.0,1.2879334269206593
2320.0,1.28782753860972
2321.0,1.2872926054826332
2322.0,1.2830140399223353
2323.0,1.272339665062646
2324.0,1.2689918593510725
2325.0,1.2638701085624473
2326.0,1.264018003222394
2327.0,1.273464732973894
2328.0,1.276876944809469
2329.0,1.2824662463832857
2330.0,1.2840333829597617
2331.0,1.2798443400617872
2332.0,1.2788572331895238
2333.0,1.275908607215965
2334.0,1.2750039619586162
2335.0,1.279276660135456
2336.0,1.2799897340055828
2337.0,1.2754764417550175
2338.0,1.2758431455123431
2339.0,1.278295345801426
2340.0,1.2780941779637924
2341.0,1.2806540592966646
2342.0,1.2836645409968594
2343.0,1.2843589351320144
2344.0,1.286220938606137
2345.0,1.292291956266309
2346.0,1.2934319903500542
2347.0,1.2911950864212143
2348.0,1.2879575801827954
2349.0,1.2856099461079677
2350.0,1.2889446123869153
2351.0,1.2906940804224964
2352.0,1.2893091947779445
2353.0,1.2876606531272652
2354.0,1.2836021232792942
2355.0,1.2858105431062836
2356.0,1.2855690007820924
2357.0,1.2852319522127689
2358.0,1.2830801700914458
2359.0,1.2672662128863892
2360.0,1.2637727024496666
2361.0,1.2671604819809084
2362.0,1.2638561616420554
2363.0,1.267851324471343
2364.0,1.2755750748330634
2365.0,1.2769192198840882
2366.0,1.2788580277858246
2367.0,1.2799262637465016
2368.0,1.2749838866251688
2369.0,1.2729915553448827
2370.0,1.2689392820649679
2371.0,1.2691607660800337
2372.0,1.2716821922839403
2373.0,1.265146513095958
2374.0,1.2688077113519145
2375.0,1.27034246599029
2376.0,1.2695306529919497
2377.0,1.2799969692961417
2378.0,1.2753297187044976
2379.0,1.2826342872193341
2380.0,1.29621420462034
2381.0,1.2950358627541678
2382.0,1.3045093718564869
2383.0,1.2978565317526676
2384.0,1.284160262837221
2385.0,1.276498764771776
2386.0,1.262872368420607
2387.0,1.2641407262291275
2388.0,1.2708681325274722
2389.0,1.2774643055570682
2390.0,1.2916719612910739
2391.0,1.2847366796462047
2392.0,1.2728105011235853
2393.0,1.2725046435758687
2394.0,1.2661868687288609
2395.0,1.2775895556614565
2396.0,1.2905506935494127
2397.0,1.2906735041333144
2398.0,1.290000031614854
2399.0,1.2790211354982584
2400.0,1.2663716547690016
2401.0,1.2594230023803181
2402.0,1.2544027638443132
2403.0,1.2526169298298044
2404.0,1.2579437904789956
2405.0,1.2555474009955885
2406.0,1.2553655033306155
2407.0,1.2584040893693922
2408.0,1.2658591060346838
2409.0,1.2732376539594246
2410.0,1.2629912306762165
2411.0,1.2602097245625934
2412.0,1.2484657798887833
2413.0,1.2367028347382334
2414.0,1.2480823550352003
2415.0,1.2550777632974475
2416.0,1.260904113267614
2417.0,1.2684728000994556
2418.0,1.270520591374514
2419.0,1.2799804704038518
2420.0,1.2814287716895714
2421.0,1.2600212932280423
2422.0,1.2382762582993314
2423.0,1.2146540728066724
2424.0,1.1985937140706735
2425.0,1.2163965295752655
2426.0,1.2383862555756893
2427.0,1.250682524105019
2428.0,1.247523480271313
2429.0,1.2241964946212234
2430.0,1.2100532363644498
2431.0,1.206923575093163
2432.0,1.2188195979219267
2433.0,1.2296516697418594
2434.0,1.2429134245266935
2435.0,1.2480616165729481
2436.0,1.2286070959984428
2437.0,1.2196439993672161
2438.0,1.2055516141117357
2439.0,1.2045488462784133
2440.0,1.2157185071321488
2441.0,1.2149908669457052
2442.0,1.2214199589404358
2443.0,1.203024257489782
2444.0,1.1752808314690597
2445.0,1.1693779818655445
2446.0,1.1518231557627832
2447.0,1.1517319468902167
2448.0,1.1651961380858153
2449.0,1.1653014152784054
2450.0,1.1919728909039542
2451.0,1.2156643965082898
2452.0,1.2221782325857717
2453.0,1.2329698434954017
2454.0,1.210519019283101
2455.0,1.1656635902453
2456.0,1.1558887183911926
2457.0,1.162357968873047
2458.0,1.1713158516524933
2459.0,1.2092047331736477
2460.0,1.2337804890730355
2461.0,1.2390552749201205
2462.0,1.2347372400497718
2463.0,1.2140773526398991
2464.0,1.201224883569349
2465.0,1.1830616039646398
2466.0,1.1828098548921486
2467.0,1.1947997414611529
2468.0,1.182148248938565
2469.0,1.1789624359523896
2470.0,1.1886831773574793
2471.0,1.2066035798757946
2472.0,1.2159261889319066
2473.0,1.215965139867353
2474.0,1.2066057715472693
2475.0,1.1785134208148813
2476.0,1.1700911347665133
2477.0,1.1706474378416403
2478.0,1.1710672531633906
2479.0,1.2001155269402342
2480.0,1.1980957181899954
2481.0,1.1578112396247113
2482.0,1.1505566608296705
2483.0,1.1443439665916433
2484.0,1.1394651377836373
2485.0,1.1611656049780585
2486.0,1.1602613866845541
2487.0,1.1366823318512163
2488.0,1.134770071190056
2489.0,1.1423030354639787
2490.0,1.15378991104957
2491.0,1.1755990149006983
2492.0,1.190900524689784
2493.0,1.2046393106323112
2494.0,1.209601656930822
2495.0,1.2253377959938487
2496.0,1.2143629931935724
2497.0,1.1707649857554938
2498.0,1.1465056918620185
2499.0,1.114579289809007
2500.0,1.0926710931356327
