350.0,-0.1912739010250053
351.0,-0.1030729482991437
352.0,-0.0460799300845489
353.0,-0.08815981308000208
354.0,-0.09474828400624001
355.0,-0.042633389754643744
356.0,0.02419927262617865
357.0,-0.01666432634879381
358.0,-0.012022795838562675
359.0,0.000832457083389954
360.0,-0.040295652744811186
361.0,0.0016669499225764734
362.0,0.02134555223484045
363.0,0.014681650995388705
364.0,0.021501812471851095
365.0,-0.011516912522321805
366.0,-0.006411437528881853
367.0,0.01861564083650036
368.0,-0.014449436597613514
369.0,-0.0012539333298178517
370.0,0.014703818534985817
371.0,0.018862053489698723
372.0,0.04532078012760535
373.0,0.05007136358338181
374.0,0.03604315061600442
375.0,0.018686322974109597
376.0,0.023004236576849364
377.0,0.021780488065029135
378.0,0.020405335902661408
379.0,0.025384500887412585
380.0,0.023171323819599
381.0,0.026498507415509968
382.0,0.030911131172710816
383.0,0.028581039190419
384.0,0.02239740857186765
385.0,0.02441795740105896
386.0,0.034612112736066104
387.0,0.04480686752526819
388.0,0.0455232792009847
389.0,0.03867803326249783
390.0,0.03105550429640943
391.0,0.03124638566811146
392.0,0.03574068096701535
393.0,0.03670080632848433
394.0,0.03308805773104762
395.0,0.03380949648202093
396.0,0.03590944545509289
397.0,0.03544745734707971
398.0,0.03187828955189865
399.0,0.03328871028593041
400.0,0.03319238377935359
401.0,0.033621133462829154
402.0,0.037835492912773584
403.0,0.043339221351154415
404.0,0.04084232011046236
405.0,0.03672496211129999
406.0,0.042789087590055085
407.0,0.04184093169315113
408.0,0.04553202923417196
409.0,0.05187741980221456
410.0,0.04515067006058045
411.0,0.04328075670251221
412.0,0.04532415064706801
413.0,0.04777230838714739
414.0,0.04846365457462877
415.0,0.04803940175153781
416.0,0.04697123936847195
417.0,0.046457981000311434
418.0,0.05067324757247277
419.0,0.04763103215461773
420.0,0.04361206605637245
421.0,0.049285103863100935
422.0,0.05111361836107005
423.0,0.05022593468477746
424.0,0.04835283850846466
425.0,0.04693127398853819
426.0,0.048865694895195086
427.0,0.050096385025414164
428.0,0.04929540634998147
429.0,0.05078342996070999
430.0,0.051683029689952004
431.0,0.05108685720232877
432.0,0.04929669259355528
433.0,0.048122812610316215
434.0,0.049311836004148284
435.0,0.05056184197644615
436.0,0.04919670603441826
437.0,0.052209361411402026
438.0,0.05387893359456451
439.0,0.05222480409127683
440.0,0.049710131500205965
441.0,0.05068334894342882
442.0,0.051378398868592134
443.0,0.0498805010783813
444.0,0.049996770499089266
445.0,0.05113959846295141
446.0,0.05202962465323817
447.0,0.05154604631842197
448.0,0.04997564437067511
449.0,0.04929998534442843
450.0,0.05021624953258671
451.0,0.052167988310256354
452.0,0.052254535021027816
453.0,0.05119487641171912
454.0,0.050576097373961876
455.0,0.0523369606677959
456.0,0.05236715159702655
457.0,0.050913328866254944
458.0,0.04981189148563548
459.0,0.052691999284634035
460.0,0.052787395670544385
461.0,0.05140349876134882
462.0,0.052168570810008225
463.0,0.05197912825581788
464.0,0.05122630731294698
465.0,0.05080702135513047
466.0,0.05167740848370382
467.0,0.05186796703147876
468.0,0.05209438487319962
469.0,0.052660415021927115
470.0,0.052343036834821895
471.0,0.05105630018315037
472.0,0.049945094802880376
473.0,0.05022395911426737
474.0,0.051864176078666266
475.0,0.05207438632901565
476.0,0.05158100431729915
477.0,0.053032590925330726
478.0,0.05300135712030127
479.0,0.05200947402742879
480.0,0.05111601890603007
481.0,0.05137688422381237
482.0,0.05226419330281038
483.0,0.05309840671229554
484.0,0.05332228766471056
485.0,0.052876156180698214
486.0,0.052418389411257225
487.0,0.051910778398806236
488.0,0.051097563362222126
489.0,0.05124403069614558
490.0,0.05216727564718307
491.0,0.053180038072236355
492.0,0.053227437670711295
493.0,0.05245898896642991
494.0,0.0515234409408966
495.0,0.051223510547666565
496.0,0.052541479899963606
497.0,0.05341447125240879
498.0,0.053274549886128494
499.0,0.05255157897344273
500.0,0.052660735928257325
501.0,0.05278588236577609
502.0,0.0525926601270182
503.0,0.05254494005107501
504.0,0.052911799906541164
505.0,0.05342612139802795
506.0,0.05357272492912224
507.0,0.05237895248156292
508.0,0.051749004128022746
509.0,0.052138831032661204
510.0,0.053103999295973967
511.0,0.05353294528397528
512.0,0.053957753908683966
513.0,0.05448944605612435
514.0,0.05459955037215088
515.0,0.05396056921350234
516.0,0.053257457274992225
517.0,0.05297721646033835
518.0,0.05229583095781705
519.0,0.052730333881557165
520.0,0.053739547470625926
521.0,0.053928889563008106
522.0,0.0535905871948247
523.0,0.05341352573591471
524.0,0.05348667724838321
525.0,0.05314059633864451
526.0,0.053742335364461595
527.0,0.054419980682387244
528.0,0.05430029739449956
529.0,0.0540792273388431
530.0,0.053773671476961084
531.0,0.053659225124994755
532.0,0.05401632170348972
533.0,0.05416824280032337
534.0,0.054272030734019386
535.0,0.05435026566215167
536.0,0.054109543332497824
537.0,0.054290368803823354
538.0,0.05438046743503545
539.0,0.05397324323899742
540.0,0.05420147966885596
541.0,0.05443688026114686
542.0,0.05455022597126709
543.0,0.05471489872957905
544.0,0.05460355621435115
545.0,0.05428477412804706
546.0,0.054027114851401686
547.0,0.05434634884622479
548.0,0.054732988598590736
549.0,0.055020359607481584
550.0,0.055131312348436
551.0,0.05486533270071433
552.0,0.0546681322989391
553.0,0.054636866759649856
554.0,0.05460181339531813
555.0,0.05511392326698722
556.0,0.05562716694296098
557.0,0.05569982959851952
558.0,0.05543389769164555
559.0,0.055087400895579654
560.0,0.05488980727881905
561.0,0.05497415256295241
562.0,0.05512338323629159
563.0,0.055103353703883196
564.0,0.05510396770327437
565.0,0.055703116094588306
566.0,0.055939532252198554
567.0,0.055901817655859984
568.0,0.055803247727382564
569.0,0.055506595921765406
570.0,0.05540319226606301
571.0,0.05550604245814074
572.0,0.05565282024231425
573.0,0.056066582412361156
574.0,0.056169943188373234
575.0,0.055825823543157245
576.0,0.055596047993151036
577.0,0.05546764555412797
578.0,0.05557032357439279
579.0,0.05593597974089301
580.0,0.056251504691484364
581.0,0.05622834156192827
582.0,0.05607808873356495
583.0,0.05629504460012946
584.0,0.05631131552668063
585.0,0.056300239336143414
586.0,0.05636268426358312
587.0,0.05623803125277881
588.0,0.05654972534715932
589.0,0.056867198290181775
590.0,0.05663961233382244
591.0,0.05667392352794618
592.0,0.05666407432912247
593.0,0.05663765822635726
594.0,0.05696504768832332
595.0,0.057010038980588054
596.0,0.05711265475125096
597.0,0.05744545069118597
598.0,0.057134900883365335
599.0,0.05721963106213121
600.0,0.05754672355677029
601.0,0.05747165247522624
602.0,0.057510288588473665
603.0,0.057857124030800476
604.0,0.058181662128960795
605.0,0.05747281232950831
606.0,0.057409412823345
607.0,0.05765367856607586
608.0,0.05759527611187452
609.0,0.057884857409384004
610.0,0.05795485586296526
611.0,0.05784251492330385
612.0,0.05799811198901283
613.0,0.05798556534383174
614.0,0.05807370026264731
615.0,0.05832079819269211
616.0,0.05811319179533416
617.0,0.05824956267110828
618.0,0.05861901463588789
619.0,0.05879877991364884
620.0,0.05866746172739424
621.0,0.05878811518108805
622.0,0.05910440262744282
623.0,0.058890587810713144
624.0,0.058968482122270634
625.0,0.05921184262691902
626.0,0.05933288182607905
627.0,0.05916652525497818
628.0,0.059234332939166204
629.0,0.05941877176954825
630.0,0.05932946071482905
631.0,0.059609032665263566
632.0,0.05984395803986788
633.0,0.05983137819169591
634.0,0.05989051817498471
635.0,0.059568552185462205
636.0,0.05940263949584555
637.0,0.0598915019123294
638.0,0.06006789753143023
639.0,0.060198110409821995
640.0,0.06030968655738959
641.0,0.060234882041071976
642.0,0.06041959902756357
643.0,0.060632407977988405
644.0,0.0606792084897946
645.0,0.06073301300469015
646.0,0.0607422597271241
647.0,0.060763688193777185
648.0,0.06085915831985264
649.0,0.060827628420658815
650.0,0.06091148085710866
651.0,0.06115749684506564
652.0,0.06133936703385187
653.0,0.06131612477226166
654.0,0.061364629832027506
655.0,0.06165863669023737
656.0,0.06166450359130457
657.0,0.06178868636980595
658.0,0.062043998699413766
659.0,0.06219078889262886
660.0,0.06214873070779616
661.0,0.06225063477107058
662.0,0.06256755353206764
663.0,0.06262960712344473
664.0,0.06257620089397097
665.0,0.06252684757470986
666.0,0.06258903904090535
667.0,0.0627914947968015
668.0,0.0629672415708221
669.0,0.06309675342496066
670.0,0.06329423748080627
671.0,0.06333644038441918
672.0,0.06354250601678219
673.0,0.06400537476411058
674.0,0.06398953961109392
675.0,0.0641350964807132
676.0,0.0643367308658665
677.0,0.06425021852391553
678.0,0.06432493168896178
679.0,0.06462361757264026
680.0,0.0649129484517889
681.0,0.06464126483097787
682.0,0.06473318717348264
683.0,0.06489928950952593
684.0,0.06480294289601876
685.0,0.06508202035816042
686.0,0.06524140880786966
687.0,0.0652932853207404
688.0,0.06554805104693191
689.0,0.06565908165162265
690.0,0.06572655800154723
691.0,0.06582392986054454
692.0,0.06585215480084233
693.0,0.06620591848755311
694.0,0.06659923765086616
695.0,0.06664473405541319
696.0,0.0666212977643093
697.0,0.06662569176215821
698.0,0.06675125797244355
699.0,0.06706899103928245
700.0,0.06730183897839477
701.0,0.06732045453530568
702.0,0.0672530223331953
703.0,0.06784331236397848
704.0,0.06774209180669678
705.0,0.0674402874030461
706.0,0.06794905849458188
707.0,0.06811517507236503
708.0,0.06836166611791548
709.0,0.06876017326930309
710.0,0.06884926205931578
711.0,0.06902194932600852
712.0,0.06916446816459983
713.0,0.06918978877930365
714.0,0.0694768147208598
715.0,0.06950038065176357
716.0,0.06946314603362469
717.0,0.06984961810717444
718.0,0.06978346344820859
719.0,0.06982052597199424
720.0,0.07020078694540331
721.0,0.07048177167343547
722.0,0.07065689075417912
723.0,0.07075560319488297
724.0,0.07083710136457302
725.0,0.07096210338771335
726.0,0.07112570636277261
727.0,0.07130132254511515
728.0,0.07145745765401441
729.0,0.0716802449451979
730.0,0.07191727933231189
731.0,0.07211771765141096
732.0,0.07226311825512109
733.0,0.07243738136379468
734.0,0.07266406434290287
735.0,0.07291578671977908
736.0,0.07305509487190219
737.0,0.07317537358342865
738.0,0.07333172043540512
739.0,0.073526835559524
740.0,0.07358902276038835
741.0,0.07377072106573576
742.0,0.07416872102642703
743.0,0.07442063966231816
744.0,0.0746194424474587
745.0,0.07479104721080576
746.0,0.07495315233332665
747.0,0.07514507723055337
748.0,0.07537440982143541
749.0,0.07560455522858195
750.0,0.0757767516954518
751.0,0.0761702025212575
752.0,0.0764415557774561
753.0,0.07641896892603035
754.0,0.0765773671049122
755.0,0.0766467154040899
756.0,0.07678822833270932
757.0,0.07719490308416213
758.0,0.07732412034231262
759.0,0.07757398236181055
760.0,0.07794684944384406
761.0,0.07803448298027713
762.0,0.07819378604938824
763.0,0.07843955129666258
764.0,0.07870692717927508
765.0,0.07889214063678796
766.0,0.07913578278199275
767.0,0.07935915465687983
768.0,0.07947454604194422
769.0,0.07988425515142619
770.0,0.0800411658563187
771.0,0.07999480053864115
772.0,0.08038408364937837
773.0,0.08077838992431556
774.0,0.08111981081971813
775.0,0.08139717526499417
776.0,0.08156252613770183
777.0,0.08153695748345852
778.0,0.0816394454590725
779.0,0.0821478054857658
780.0,0.08232328320741786
781.0,0.08248785730779687
782.0,0.08275297257226955
783.0,0.0830001856692197
784.0,0.08337279797362639
785.0,0.08355744986962621
786.0,0.08353344659504341
787.0,0.0840098238820807
788.0,0.08451887890164538
789.0,0.08487533974119545
790.0,0.08505867022210518
791.0,0.08534501920160655
792.0,0.08559534053385542
793.0,0.0858224357706412
794.0,0.08613719627807852
795.0,0.08623944735518951
796.0,0.08648560968635163
797.0,0.08696577328451494
798.0,0.0871857453487492
799.0,0.0874411483538444
800.0,0.08773079570870294
801.0,0.08799022417955002
802.0,0.08821429442422762
803.0,0.08855085483391478
804.0,0.08890733675214559
805.0,0.0890887598874758
806.0,0.08930127610455164
807.0,0.08967703027765245
808.0,0.09013987854927648
809.0,0.09037771477452707
810.0,0.09045902135478487
811.0,0.09062580718550772
812.0,0.0909940362626963
813.0,0.09122354571905729
814.0,0.09158288782406587
815.0,0.09203379552844455
816.0,0.09240534464207645
817.0,0.09257481425666188
818.0,0.09281782178500433
819.0,0.09313568818152461
820.0,0.09330281680375305
821.0,0.0938388064653131
822.0,0.09426760532409287
823.0,0.09436926110107562
824.0,0.0946566082981464
825.0,0.09488418550867815
826.0,0.095202638788277
827.0,0.09570656921130737
828.0,0.09591257004832972
829.0,0.09619252902179383
830.0,0.0966156373381412
831.0,0.09703835574099688
832.0,0.09717246458521817
833.0,0.09741842782907718
834.0,0.09794638509349263
835.0,0.0985792778421955
836.0,0.09890664192768155
837.0,0.09913013012754339
838.0,0.09947243507193988
839.0,0.09994643455104936
840.0,0.10011600488596942
841.0,0.1002893769597251
842.0,0.10081126812466064
843.0,0.10112156269266001
844.0,0.10147441926282141
845.0,0.10184678252521995
846.0,0.10209143800959655
847.0,0.10250919222125385
848.0,0.10290605850853866
849.0,0.1032190673970308
850.0,0.1035840988938321
851.0,0.10400539582477034
852.0,0.10442395317304706
853.0,0.10477826058962934
854.0,0.10502500589713822
855.0,0.10533236273518584
856.0,0.10582130118444058
857.0,0.10640804892930081
858.0,0.10635121840174047
859.0,0.10667188736004811
860.0,0.10726590587486051
861.0,0.10754266050447917
862.0,0.10810295332122424
863.0,0.10845538509219757
864.0,0.1086283698390241
865.0,0.10913979801035031
866.0,0.10952091649723748
867.0,0.10973297013175058
868.0,0.10994687417699682
869.0,0.11053066751492684
870.0,0.11112974279878568
871.0,0.11164125758609195
872.0,0.11204356251934937
873.0,0.11234358633546224
874.0,0.11266023183863742
875.0,0.11303877848015527
876.0,0.11345932997120148
877.0,0.11375848561617563
878.0,0.11430633330151511
879.0,0.114969861715923
880.0,0.11536179722252593
881.0,0.1157193960033581
882.0,0.11600800293136274
883.0,0.11630056872062283
884.0,0.11676733318342708
885.0,0.11728284233992052
886.0,0.11762483216075408
887.0,0.11782133438383346
888.0,0.11827738691056294
889.0,0.1187406723748256
890.0,0.11922427315084247
891.0,0.11974810702585244
892.0,0.12021795547064523
893.0,0.12055640256708959
894.0,0.12085348367587592
895.0,0.12124411702862567
896.0,0.12177787787429026
897.0,0.12247725969791153
898.0,0.12299914810153789
899.0,0.12305571448521126
900.0,0.12353468295906277
901.0,0.12397863448464416
902.0,0.12435534425958025
903.0,0.12493764442526525
904.0,0.12548687501377478
905.0,0.12603147120874755
906.0,0.12639351701057608
907.0,0.1262844951800781
908.0,0.12688602171856872
909.0,0.1277071118472152
910.0,0.12823459310813418
911.0,0.12836037649824722
912.0,0.12865328658325947
913.0,0.129126661117613
914.0,0.12975018605270333
915.0,0.13067696420383174
916.0,0.13122109431826587
917.0,0.13149511730171315
918.0,0.13176051931896093
919.0,0.13199387135320836
920.0,0.13225930309237885
921.0,0.13282210746658293
922.0,0.13370673145971623
923.0,0.13388658366682588
924.0,0.13441417310107315
925.0,0.1352738545933244
926.0,0.13595986702540921
927.0,0.13619262231283638
928.0,0.13651802433868077
929.0,0.13693832123541394
930.0,0.13723046455932805
931.0,0.1379342576575391
932.0,0.13883203591534848
933.0,0.13948815209289428
934.0,0.13953301883555075
935.0,0.1398216172801685
936.0,0.14027833667257922
937.0,0.1405714644572411
938.0,0.14045541097731112
939.0,0.1417059853890414
940.0,0.14304983012631248
941.0,0.14367803777854424
942.0,0.14379409323657788
943.0,0.14421053582188736
944.0,0.14455247322911377
945.0,0.14485819592355687
946.0,0.1457909567976929
947.0,0.14636068606891603
948.0,0.14689007315941233
949.0,0.1474354680826501
950.0,0.14743428877653733
951.0,0.14773377206982405
952.0,0.1483701552454441
953.0,0.14911376487731656
954.0,0.14962535136063862
955.0,0.15011450248498404
956.0,0.15078459647770923
957.0,0.151637716989715
958.0,0.15234477849634356
959.0,0.15251227701866898
960.0,0.15277713891534486
961.0,0.15361484753879318
962.0,0.1547273589492053
963.0,0.15546400594205453
964.0,0.1557936514712527
965.0,0.15584503061460594
966.0,0.15567770140132994
967.0,0.1561592787489141
968.0,0.15698374726408787
969.0,0.15780373428557548
970.0,0.15883520127290904
971.0,0.1599789770438961
972.0,0.1598475792209855
973.0,0.15855199445312676
974.0,0.15951550679679571
975.0,0.16075738988887972
976.0,0.16164395688285838
977.0,0.16220398721554644
978.0,0.16306719848000295
979.0,0.16329111976640276
980.0,0.1633685791110225
981.0,0.16401904273939005
982.0,0.16560802116595477
983.0,0.16593882284190822
984.0,0.16593804992550787
985.0,0.1665466928798267
986.0,0.1673503328433539
987.0,0.16852291650472478
988.0,0.1686037034238762
989.0,0.16791445183445658
990.0,0.16969718538089396
991.0,0.17111464999266904
992.0,0.17177756533255792
993.0,0.17226429682378813
994.0,0.1736316297997104
995.0,0.17491857302997674
996.0,0.17437937955351396
997.0,0.1735243459277878
998.0,0.17686546095752154
999.0,0.17720124633463272
1000.0,0.17729989598555967
1001.0,0.18846741962669375
1002.0,0.18624937164298322
1003.0,0.18579446377844586
1004.0,0.18392250911973368
1005.0,0.18543721773916655
1006.0,0.18738690319294724
1007.0,0.1887148602599686
1008.0,0.19007103543471573
1009.0,0.1889006230696685
1010.0,0.1889751506101357
1011.0,0.19113120736061298
1012.0,0.19120911509994146
1013.0,0.19233786756308083
1014.0,0.19333947555903142
1015.0,0.19394741915397232
1016.0,0.19442442701679521
1017.0,0.19551048526046275
1018.0,0.19545915295839045
1019.0,0.195383087735364
1020.0,0.1959743535672749
1021.0,0.19542019052474272
1022.0,0.19546551405222998
1023.0,0.1955809017787477
1024.0,0.19652336440581777
1025.0,0.20005650776351058
1026.0,0.20277283591339829
1027.0,0.2037062267487249
1028.0,0.2042400473999356
1029.0,0.20517073950946046
1030.0,0.20506069795141232
1031.0,0.20572371564126854
1032.0,0.20728708641234875
1033.0,0.2087345329377364
1034.0,0.20795281407247562
1035.0,0.2061432153949593
1036.0,0.20685531751410846
1037.0,0.20764736979920445
1038.0,0.20696718843167436
1039.0,0.20737262861754882
1040.0,0.20689893083005045
1041.0,0.2057501756169193
1042.0,0.20653816298111669
1043.0,0.20733944125579756
1044.0,0.2088465576197436
1045.0,0.21048604724431713
1046.0,0.21176775698035002
1047.0,0.21138849649409322
1048.0,0.21122037001551863
1049.0,0.21076199338850157
1050.0,0.21021915584632045
1051.0,0.21185000482304095
1052.0,0.213198964498098
1053.0,0.21436204214222854
1054.0,0.2175157324127226
1055.0,0.21858566556120998
1056.0,0.2187965270365391
1057.0,0.21830222177986128
1058.0,0.21919339784232986
1059.0,0.21892117248359957
1060.0,0.21973809947394046
1061.0,0.22262809233861952
1062.0,0.22501617428830464
1063.0,0.22586386703927985
1064.0,0.2257808628005712
1065.0,0.22665945931479414
1066.0,0.22677776662875232
1067.0,0.22539561380783577
1068.0,0.22504604221546334
1069.0,0.22626570265994697
1070.0,0.226923943290697
1071.0,0.22766510717631042
1072.0,0.22899552771012757
1073.0,0.23190765272960795
1074.0,0.2330481808242761
1075.0,0.23278862214635934
1076.0,0.23354704294860898
1077.0,0.23385536484004638
1078.0,0.23299419951570785
1079.0,0.23315812214986315
1080.0,0.23517551294535874
1081.0,0.23620471712946442
1082.0,0.23749746375984926
1083.0,0.23936067251194967
1084.0,0.24004874732000944
1085.0,0.23937730445371658
1086.0,0.23998180539689712
1087.0,0.24057435175570682
1088.0,0.2412014148137769
1089.0,0.24264973805080906
1090.0,0.2440557643306959
1091.0,0.24486514086320688
1092.0,0.24498766433400113
1093.0,0.24488312140338842
1094.0,0.24474493350517773
1095.0,0.24434876994364438
1096.0,0.24440949984691737
1097.0,0.2454078072997311
1098.0,0.24695389010744273
1099.0,0.24829183091867912
1100.0,0.2501666707950819
1101.0,0.2513702292802112
1102.0,0.25227108438642865
1103.0,0.25325872961316986
1104.0,0.25367398610728376
1105.0,0.2543022865689043
1106.0,0.2549661625811186
1107.0,0.2551724447074327
1108.0,0.25551693231172085
1109.0,0.255986643040899
1110.0,0.2563654427838707
1111.0,0.25622836233767
1112.0,0.2572080390958658
1113.0,0.25871744676745495
1114.0,0.2605269160596937
1115.0,0.26390071781550356
1116.0,0.2654661219350262
1117.0,0.26630720480542835
1118.0,0.26705859294498435
1119.0,0.26667323198638665
1120.0,0.267171181436822
1121.0,0.2679142523835133
1122.0,0.2678819769957463
1123.0,0.2684831500575409
1124.0,0.26940638250239907
1125.0,0.2706694916230223
1126.0,0.27220934228332416
1127.0,0.2731790379644506
1128.0,0.27394079653690095
1129.0,0.2745061795313786
1130.0,0.274310717135332
1131.0,0.2748291318423349
1132.0,0.27573183721879674
1133.0,0.27647752413852383
1134.0,0.2773659372913694
1135.0,0.2783770657858398
1136.0,0.27907725159025315
1137.0,0.2798907097530099
1138.0,0.28038029617329097
1139.0,0.2811653183557362
1140.0,0.28268379715274994
1141.0,0.2836338937597951
1142.0,0.2845622643902244
1143.0,0.28565911766883473
1144.0,0.2867099824063461
1145.0,0.2876755303968368
1146.0,0.2883809303617195
1147.0,0.28882669362793145
1148.0,0.2895182355323051
1149.0,0.2900485356695282
1150.0,0.2906474392325531
1151.0,0.29121400020337546
1152.0,0.29231837077797934
1153.0,0.29328218471284495
1154.0,0.29344303406759814
1155.0,0.2939689861687353
1156.0,0.29510700244302707
1157.0,0.2962662341036333
1158.0,0.2977620527005384
1159.0,0.2988685860046918
1160.0,0.3000189480047672
1161.0,0.3011143029787075
1162.0,0.3019688923887403
1163.0,0.3027340176020466
1164.0,0.30365946822078266
1165.0,0.30444149144375005
1166.0,0.3048747920870561
1167.0,0.3053127755251006
1168.0,0.3063170287572054
1169.0,0.3071234451609014
1170.0,0.30759723928659033
1171.0,0.3082710663322533
1172.0,0.30907116155685926
1173.0,0.3096233896519873
1174.0,0.31066438610605435
1175.0,0.312543764527525
1176.0,0.31352354634751217
1177.0,0.31427877864446857
1178.0,0.31506151413563277
1179.0,0.3151497114494577
1180.0,0.31573220514060535
1181.0,0.31658437314949817
1182.0,0.317429006492516
1183.0,0.3187675266792995
1184.0,0.3205896046635394
1185.0,0.3221317526862657
1186.0,0.3232762982590604
1187.0,0.3243405337941455
1188.0,0.3248562142939772
1189.0,0.3255786915753705
1190.0,0.3264780946200051
1191.0,0.32720781566019025
1192.0,0.32753625725594854
1193.0,0.32828394062651695
1194.0,0.3292590161175292
1195.0,0.33014703135953233
1196.0,0.3313881978321963
1197.0,0.3322216381484066
1198.0,0.332741911761397
1199.0,0.3332502443956687
1200.0,0.33387181937544297
1201.0,0.33456292116913305
1202.0,0.33598873450697814
1203.0,0.33720966588176315
1204.0,0.33803014919033253
1205.0,0.33865969204054996
1206.0,0.33938895490114945
1207.0,0.3396471812248265
1208.0,0.34034574267780643
1209.0,0.34122886884812437
1210.0,0.3422937395156069
1211.0,0.3437009549420599
1212.0,0.34481930684093237
1213.0,0.3461536119283338
1214.0,0.3472191221981807
1215.0,0.3477361282194695
1216.0,0.34863947190500344
1217.0,0.34973709208604103
1218.0,0.3507176804481716
1219.0,0.35159712458115544
1220.0,0.35249144984860287
1221.0,0.3533580675974864
1222.0,0.3538955053759753
1223.0,0.3549347088333644
1224.0,0.3564251920222304
1225.0,0.3575180191238152
1226.0,0.3586498555243549
1227.0,0.3596838637170533
1228.0,0.36055684414532974
1229.0,0.3613846225715926
1230.0,0.3621614426008098
1231.0,0.36296764325979614
1232.0,0.363851875690298
1233.0,0.3642477440789647
1234.0,0.36494213202438364
1235.0,0.3662187490882176
1236.0,0.3668543113003424
1237.0,0.36703948569618056
1238.0,0.3680212665127353
1239.0,0.3692132087197902
1240.0,0.37015020820772704
1241.0,0.3714610426315278
1242.0,0.3727582468849607
1243.0,0.37377885959521034
1244.0,0.3748301375946237
1245.0,0.37642705889334765
1246.0,0.37747964969645903
1247.0,0.37770083637356583
1248.0,0.3785057106307408
1249.0,0.3795217254760996
1250.0,0.38051569203984115
1251.0,0.38204721266830555
1252.0,0.38308568962054945
1253.0,0.3839230342503138
1254.0,0.38442843774880453
1255.0,0.38519817792201677
1256.0,0.3857874944891784
1257.0,0.38653889236468086
1258.0,0.3875693978485137
1259.0,0.38831636687933413
1260.0,0.3887707811646658
1261.0,0.38954283832312236
1262.0,0.3903065448306847
1263.0,0.39124262068401516
1264.0,0.3925950488133069
1265.0,0.3936651406471876
1266.0,0.3945156525934121
1267.0,0.39561581658739625
1268.0,0.39673897411464454
1269.0,0.39792014823791905
1270.0,0.39901319682665515
1271.0,0.40025011118345144
1272.0,0.4014151356380638
1273.0,0.4024262045489862
1274.0,0.4034947858194646
1275.0,0.4047851152493827
1276.0,0.40579208449734094
1277.0,0.4066053202314223
1278.0,0.40741898925587816
1279.0,0.40815369583089184
1280.0,0.40885297202020565
1281.0,0.40934690834365794
1282.0,0.4100535872233279
1283.0,0.4107593701000041
1284.0,0.4116027117402884
1285.0,0.4126798081206826
1286.0,0.4137145430505088
1287.0,0.4148911165671358
1288.0,0.41590485888471285
1289.0,0.41697710512668307
1290.0,0.4180670070350543
1291.0,0.4190885848874219
1292.0,0.4200711693910949
1293.0,0.4210585110579529
1294.0,0.42209587022752887
1295.0,0.4229173858327027
1296.0,0.4236046151438815
1297.0,0.42434909066711973
1298.0,0.4248076197396444
1299.0,0.4256103129583778
1300.0,0.42662101021115373
1301.0,0.42764670355931894
1302.0,0.4290633536391208
1303.0,0.4300780125776366
1304.0,0.4307927814873534
1305.0,0.4316816092120501
1306.0,0.4325464064538674
1307.0,0.43309775538911993
1308.0,0.43426055182883244
1309.0,0.4358332613239971
1310.0,0.4371642382813001
1311.0,0.4387852595085983
1312.0,0.43995469776522983
1313.0,0.4407906407442137
1314.0,0.44183994801911386
1315.0,0.4427454879220204
1316.0,0.4437971537558113
1317.0,0.4449469353780013
1318.0,0.44617152188436776
1319.0,0.4477936189340508
1320.0,0.4487968572826517
1321.0,0.4496088942492293
1322.0,0.45032968505895965
1323.0,0.4503154646635049
1324.0,0.4507580952160677
1325.0,0.45136657989074586
1326.0,0.452117781893427
1327.0,0.45302186636126546
1328.0,0.45419095524963676
1329.0,0.45514179461694465
1330.0,0.45619885424734363
1331.0,0.4570961934059739
1332.0,0.4577150444043906
1333.0,0.4587168877034428
1334.0,0.45984913298679136
1335.0,0.4609965923408543
1336.0,0.46234995663952544
1337.0,0.46361316990644014
1338.0,0.4649982029249519
1339.0,0.4661003188128898
1340.0,0.46724099801773433
1341.0,0.46807354660101214
1342.0,0.46808322219247456
1343.0,0.4688407541206881
1344.0,0.4698331627234586
1345.0,0.47089161151510717
1346.0,0.47232772557753405
1347.0,0.47409906542672847
1348.0,0.47530542075237964
1349.0,0.4762605353631385
1350.0,0.4772419292988778
1351.0,0.47812985796801744
1352.0,0.47885952697508277
1353.0,0.4792801649075851
1354.0,0.4801663135198011
1355.0,0.48104281676419786
1356.0,0.4820469848795623
1357.0,0.4835165237495317
1358.0,0.4847133290267273
1359.0,0.48563986496067213
1360.0,0.48685151644697294
1361.0,0.48843422134562986
1362.0,0.4895831619621721
1363.0,0.49067983446946634
1364.0,0.49164108015508023
1365.0,0.49215694371657487
1366.0,0.49283464489647916
1367.0,0.49359796797363775
1368.0,0.4942530268983643
1369.0,0.4950257371836585
1370.0,0.4958005357963128
1371.0,0.4966421999510516
1372.0,0.4975860698115037
1373.0,0.4984681674343628
1374.0,0.499421629552773
1375.0,0.5001909661148394
1376.0,0.500630517525993
1377.0,0.5016706311099693
1378.0,0.5029788976537483
1379.0,0.5041562381964988
1380.0,0.505909947412764
1381.0,0.5070318331505954
1382.0,0.5075896646636805
1383.0,0.5083442522797135
1384.0,0.5090095292028984
1385.0,0.5096365818170817
1386.0,0.5100842638741492
1387.0,0.5108398151412812
1388.0,0.5116111806818182
1389.0,0.5125277404088016
1390.0,0.5138711004360331
1391.0,0.5150667212884885
1392.0,0.5160987762710991
1393.0,0.5170857631772967
1394.0,0.51797842661955
1395.0,0.5186819679681011
1396.0,0.5194502370121917
1397.0,0.5202655337797404
1398.0,0.5208995264460741
1399.0,0.5213816800533965
1400.0,0.5219702042074931
1401.0,0.5222390479050036
1402.0,0.5231056932354766
1403.0,0.524436812282374
1404.0,0.525529742001374
1405.0,0.5270953011736402
1406.0,0.52807794264056
1407.0,0.5284070169938406
1408.0,0.5291479056564392
1409.0,0.529788708988577
1410.0,0.5306194065077358
1411.0,0.5317997094622261
1412.0,0.5329184052189542
1413.0,0.5341398892689634
1414.0,0.53519789118185
1415.0,0.5363411668241894
1416.0,0.537185352968996
1417.0,0.5380147615258606
1418.0,0.5386072747348581
1419.0,0.5394300618499419
1420.0,0.5402983861287206
1421.0,0.5411120995708724
1422.0,0.5418816746810325
1423.0,0.5428975445277977
1424.0,0.5440353795351609
1425.0,0.5450435269689959
1426.0,0.5462025614435496
1427.0,0.547286763737212
1428.0,0.548110928433154
1429.0,0.5491985283684059
1430.0,0.550581330648277
1431.0,0.5517386810597562
1432.0,0.5529549979144909
1433.0,0.5539430199844079
1434.0,0.5546768004924676
1435.0,0.5555091713193433
1436.0,0.5561060825408887
1437.0,0.5569951959701065
1438.0,0.5581037361297748
1439.0,0.5592218561745195
1440.0,0.5603645332286961
1441.0,0.561234195579376
1442.0,0.5623724304302065
1443.0,0.5634988797558973
1444.0,0.5646244278934535
1445.0,0.5659810715445737
1446.0,0.5670989802124494
1447.0,0.5680427644567215
1448.0,0.5689818739453116
1449.0,0.569965693159976
1450.0,0.5707586412393373
1451.0,0.5711390501208294
1452.0,0.5720976048792301
1453.0,0.5732918181251315
1454.0,0.5743668058053246
1455.0,0.575841078475776
1456.0,0.5769803930410601
1457.0,0.5777711001795036
1458.0,0.5787344920577446
1459.0,0.5798517780975386
1460.0,0.5806972660372064
1461.0,0.5811133732562581
1462.0,0.5820418791170752
1463.0,0.5833803848739582
1464.0,0.5842878055806485
1465.0,0.5852148656175575
1466.0,0.5862375431958932
1467.0,0.5869948872288415
1468.0,0.5876102261893745
1469.0,0.5887596782042702
1470.0,0.5899541121210835
1471.0,0.5910621707845376
1472.0,0.592068685400014
1473.0,0.5931928706608293
1474.0,0.594513958721444
1475.0,0.5954824292294125
1476.0,0.5962605555567382
1477.0,0.5971957903097401
1478.0,0.5978641993967305
1479.0,0.598950659785965
1480.0,0.6005620944657772
1481.0,0.6015933606345121
1482.0,0.602435053812468
1483.0,0.6034375958311331
1484.0,0.6040267623880976
1485.0,0.6051395927175204
1486.0,0.6068915286595923
1487.0,0.6081372161664462
1488.0,0.6094241323972301
1489.0,0.6104437454256817
1490.0,0.6110206179417953
1491.0,0.6118242482350433
1492.0,0.6124666098665528
1493.0,0.6133739688267095
1494.0,0.6146594685908829
1495.0,0.615627468828545
1496.0,0.616499013460121
1497.0,0.6175031429794181
1498.0,0.61838574527199
1499.0,0.6192890587657299
1500.0,0.6203163053162547
1501.0,0.6213832320648001
1502.0,0.6224141407795067
1503.0,0.6234947500548177
1504.0,0.6244390467397317
1505.0,0.6253624515300084
1506.0,0.6264124746403366
1507.0,0.6272897588647796
1508.0,0.6285237630134988
1509.0,0.6302690181082173
1510.0,0.6314016748692939
1511.0,0.6322104256421444
1512.0,0.6334298285013267
1513.0,0.6345342788347182
1514.0,0.6358118360610662
1515.0,0.6376385059780184
1516.0,0.6389393239234029
1517.0,0.6398975744759468
1518.0,0.6410030528777366
1519.0,0.6420557907409813
1520.0,0.6431079419158485
1521.0,0.6442281063014947
1522.0,0.6451893416681588
1523.0,0.6460045494040982
1524.0,0.6468871446324215
1525.0,0.6474720535680849
1526.0,0.6485323518243234
1527.0,0.6501115655917565
1528.0,0.6512737488924569
1529.0,0.6525783421779006
1530.0,0.6536963908907402
1531.0,0.6543147235301302
1532.0,0.655151681094427
1533.0,0.656223359463357
1534.0,0.6570904551504632
1535.0,0.6577084414271428
1536.0,0.6585573977695177
1537.0,0.659428215073446
1538.0,0.6603123913191614
1539.0,0.6614465730816399
1540.0,0.6626376310807378
1541.0,0.6636450284669245
1542.0,0.6645401139479523
1543.0,0.6655291886639273
1544.0,0.6664530655376825
1545.0,0.6675105346158721
1546.0,0.6686507868576564
1547.0,0.6698271781633084
1548.0,0.6711970835732296
1549.0,0.672160161119943
1550.0,0.6729710241539377
1551.0,0.6738380887291032
1552.0,0.6743172287218733
1553.0,0.6753143315981331
1554.0,0.6766385862821345
1555.0,0.6778790649639977
1556.0,0.679395885744133
1557.0,0.6806060648154626
1558.0,0.6816663979218018
1559.0,0.682794463575723
1560.0,0.6838884136868915
1561.0,0.6848520655629582
1562.0,0.6857482578474542
1563.0,0.6866922461865266
1564.0,0.6873149971028268
1565.0,0.6883906834595194
1566.0,0.6899914768568933
1567.0,0.6911514845547914
1568.0,0.6923889277585668
1569.0,0.6933976014775833
1570.0,0.693997460657778
1571.0,0.6947105596725742
1572.0,0.6954404657504893
1573.0,0.6961201429831365
1574.0,0.6964699654011575
1575.0,0.6972826980325443
1576.0,0.6983906222640385
1577.0,0.6994282659880265
1578.0,0.7007823113090124
1579.0,0.7020272823594127
1580.0,0.7031557386701298
1581.0,0.7042730332577132
1582.0,0.7054011537409413
1583.0,0.7065430480361069
1584.0,0.7076903011705664
1585.0,0.7087466367935159
1586.0,0.7097477307731447
1587.0,0.7107972528184543
1588.0,0.7116969282196577
1589.0,0.7127398674097218
1590.0,0.7138785375191917
1591.0,0.7152583319469189
1592.0,0.7162151468847608
1593.0,0.7170596470333968
1594.0,0.7179629315530037
1595.0,0.7186020064751079
1596.0,0.7195567212117701
1597.0,0.7207413592596178
1598.0,0.7218022226342651
1599.0,0.7228793259684657
1600.0,0.7239305722051371
1601.0,0.7249939071153018
1602.0,0.7260191143815466
1603.0,0.7270107834721437
1604.0,0.7280114585179942
1605.0,0.7290408684573462
1606.0,0.7299527476499238
1607.0,0.7307879351926083
1608.0,0.7316794698182488
1609.0,0.7326005517844693
1610.0,0.7333079324959403
1611.0,0.7337560116937417
1612.0,0.7347018504322913
1613.0,0.7356931671988318
1614.0,0.7367759409036694
1615.0,0.7384572187919618
1616.0,0.7395461031787297
1617.0,0.7403043922767015
1618.0,0.7410844530802964
1619.0,0.7415497678242683
1620.0,0.7424059108829323
1621.0,0.7434263045513514
1622.0,0.7443339769024335
1623.0,0.7454605790063207
1624.0,0.7463972365487953
1625.0,0.7471627854664085
1626.0,0.7479039535816654
1627.0,0.7485894425303918
1628.0,0.7493228447835155
1629.0,0.749780845848944
1630.0,0.7507121343314836
1631.0,0.7519045536159347
1632.0,0.7531739798561577
1633.0,0.7549758315546014
1634.0,0.7562397633228256
1635.0,0.7572852850621026
1636.0,0.7583853835928601
1637.0,0.7592324897687229
1638.0,0.7601768888407936
1639.0,0.7612468347114403
1640.0,0.7622197101690478
1641.0,0.7631598606469279
1642.0,0.7639765123884449
1643.0,0.7646947228554422
1644.0,0.765446587088057
1645.0,0.766060281545262
1646.0,0.7667587869369031
1647.0,0.7674799878497762
1648.0,0.7682947120899201
1649.0,0.7691931982763355
1650.0,0.770051210380817
1651.0,0.7709307791418907
1652.0,0.7719040772495004
1653.0,0.772979240474254
1654.0,0.7739197608458144
1655.0,0.7748568403228159
1656.0,0.7758248599283534
1657.0,0.7768798908221495
1658.0,0.7775545940550704
1659.0,0.7779795049987057
1660.0,0.7785841993211018
1661.0,0.7788609216889696
1662.0,0.7794061714432593
1663.0,0.7802677988355627
1664.0,0.781137770403393
1665.0,0.7822091003468062
1666.0,0.7829738937157428
1667.0,0.783640206369231
1668.0,0.7843434304557699
1669.0,0.7847388364676441
1670.0,0.7853409379142531
1671.0,0.7861570494670193
1672.0,0.7869642812111246
1673.0,0.7878608923716127
1674.0,0.788676522711485
1675.0,0.7893688162575864
1676.0,0.7902467788490143
1677.0,0.7910797509987031
1678.0,0.7920987076973418
1679.0,0.7934220550171109
1680.0,0.7947298978320513
1681.0,0.796355249322088
1682.0,0.7975278435982889
1683.0,0.7983144192000807
1684.0,0.7993624692639709
1685.0,0.8001705555337338
1686.0,0.8011787689047439
1687.0,0.8026551631734451
1688.0,0.8039143771476275
1689.0,0.8050429178235524
1690.0,0.8061708706942619
1691.0,0.8072558994091174
1692.0,0.8082779368378299
1693.0,0.8091265167066359
1694.0,0.81027406644007
1695.0,0.8117100391902583
1696.0,0.8128498993866236
1697.0,0.8140828507669173
1698.0,0.8151168076074374
1699.0,0.8155208358162834
1700.0,0.8165529715783881
1701.0,0.8179374600006547
1702.0,0.81918201194713
1703.0,0.820840064298088
1704.0,0.8221018178956566
1705.0,0.8229643637092824
1706.0,0.8241100691479246
1707.0,0.8252979871287619
1708.0,0.8264634753037239
1709.0,0.8278323583267273
1710.0,0.8289222338820473
1711.0,0.8296654644217037
1712.0,0.830729519366836
1713.0,0.8318972417008537
1714.0,0.8328981981331053
1715.0,0.8342417218441508
1716.0,0.8350326314429033
1717.0,0.834896854143044
1718.0,0.8357954228295141
1719.0,0.8372944583661359
1720.0,0.8382421228441066
1721.0,0.8394379862625092
1722.0,0.8405417038876537
1723.0,0.8410945105903082
1724.0,0.8417434355763074
1725.0,0.842773808248217
1726.0,0.8436553699031174
1727.0,0.8441567467859846
1728.0,0.8449317433373353
1729.0,0.8462673299225674
1730.0,0.8467198591328393
1731.0,0.8464023155366658
1732.0,0.8467902398965677
1733.0,0.846811622028353
1734.0,0.8474901816485356
1735.0,0.8491259482666138
1736.0,0.8503930861962301
1737.0,0.8518918934703766
1738.0,0.8529077104843732
1739.0,0.8535328866147398
1740.0,0.8544214230860562
1741.0,0.8552491822362731
1742.0,0.8560121210032399
1743.0,0.8570088079266659
1744.0,0.8576559294292201
1745.0,0.8574995638587847
1746.0,0.8584464111133313
1747.0,0.8600400760151252
1748.0,0.8612728489935421
1749.0,0.8631363899953571
1750.0,0.864174360352976
1751.0,0.864516302301792
1752.0,0.8652319624224436
1753.0,0.8659327307537273
1754.0,0.866130617376368
1755.0,0.8665578583321457
1756.0,0.8675701437366827
1757.0,0.8684685868124977
1758.0,0.8695960274901513
1759.0,0.8708995282419912
1760.0,0.8719256897201139
1761.0,0.8730547762893534
1762.0,0.8739109017854663
1763.0,0.8748960384081329
1764.0,0.8759121010961599
1765.0,0.8760488493803965
1766.0,0.8765498632777763
1767.0,0.8776815728048616
1768.0,0.878949343399639
1769.0,0.8803350167026854
1770.0,0.8815332599203834
1771.0,0.8821325176213192
1772.0,0.8821204364656545
1773.0,0.882588534891554
1774.0,0.8836682594984261
1775.0,0.8851216239291252
1776.0,0.8861990557626261
1777.0,0.8871613418935257
1778.0,0.8885118997966227
1779.0,0.889208715784156
1780.0,0.8900257057110198
1781.0,0.8910434282827607
1782.0,0.8917253920111532
1783.0,0.8928746197019058
1784.0,0.8941099920166785
1785.0,0.89510467523651
1786.0,0.8961804786681234
1787.0,0.8966134687325564
1788.0,0.8971762868941818
1789.0,0.8979618438005034
1790.0,0.8982407534847582
1791.0,0.8990951105094754
1792.0,0.9002270432816923
1793.0,0.9009457766476614
1794.0,0.9015740071239622
1795.0,0.9020511969067276
1796.0,0.9022873645647538
1797.0,0.9027807559606947
1798.0,0.9033721451063065
1799.0,0.9036257222745799
1800.0,0.9046020844813627
1801.0,0.9032630305258763
1802.0,0.9026420355512119
1803.0,0.9019004043012775
1804.0,0.9033038921560341
1805.0,0.908285159865812
1806.0,0.9102307364384185
1807.0,0.9120267947195448
1808.0,0.9130138775783092
1809.0,0.9125930981656204
1810.0,0.912753501527209
1811.0,0.9119554028735843
1812.0,0.9125861627440705
1813.0,0.9137080918983336
1814.0,0.9152320386195025
1815.0,0.9161884119694288
1816.0,0.9175211017577507
1817.0,0.9180381463939205
1818.0,0.9174645503054092
1819.0,0.9179215563410185
1820.0,0.9182096164045497
1821.0,0.9192096450067622
1822.0,0.9211849102642863
1823.0,0.922674166066767
1824.0,0.9242875366161413
1825.0,0.9270804715903794
1826.0,0.9290964564183972
1827.0,0.9311071569508461
1828.0,0.9326279069101858
1829.0,0.9340273139601357
1830.0,0.9350797626548166
1831.0,0.9351244004977863
1832.0,0.9360988928250019
1833.0,0.9381606337031575
1834.0,0.9388725854717218
1835.0,0.94014863832724
1836.0,0.9427262180534882
1837.0,0.9436709359147699
1838.0,0.9437069131424708
1839.0,0.9438222621815303
1840.0,0.9433991656498038
1841.0,0.9422657146629239
1842.0,0.9428330229722477
1843.0,0.943636966810949
1844.0,0.9442277728480657
1845.0,0.9450992290808423
1846.0,0.9451478240435157
1847.0,0.9435013691316256
1848.0,0.943551281654937
1849.0,0.9442371651605127
1850.0,0.9450581447158313
1851.0,0.9467054635602744
1852.0,0.9481080117512115
1853.0,0.9493671949207334
1854.0,0.9501154576281947
1855.0,0.950061536256744
1856.0,0.9506885382968021
1857.0,0.9513691745634969
1858.0,0.9515157248364888
1859.0,0.952273277039016
1860.0,0.9533338805739565
1861.0,0.9554080662604777
1862.0,0.9566330615335947
1863.0,0.9579021273158788
1864.0,0.9602444970837726
1865.0,0.9613099402333478
1866.0,0.9615938584269538
1867.0,0.9630723181644633
1868.0,0.9638805199733729
1869.0,0.9640438045519822
1870.0,0.9639482989161356
1871.0,0.9639602131063024
1872.0,0.963114811707071
1873.0,0.9626433564340201
1874.0,0.9616302581615039
1875.0,0.9606969216291953
1876.0,0.9608598228761706
1877.0,0.9599805624847255
1878.0,0.9584828344109607
1879.0,0.957620391979866
1880.0,0.9572147740930802
1881.0,0.9565126240642423
1882.0,0.9556457478193507
1883.0,0.9555315855202944
1884.0,0.9552470678967945
1885.0,0.9537400561950247
1886.0,0.9514866342578328
1887.0,0.948172702575306
1888.0,0.9454793157986444
1889.0,0.9427159315040397
1890.0,0.939679025119871
1891.0,0.93683427911444
1892.0,0.9343693761837608
1893.0,0.9300147982984975
1894.0,0.9255306791877513
1895.0,0.9214010629269557
1896.0,0.9171874897985586
1897.0,0.9139794592749356
1898.0,0.9103868022280069
1899.0,0.906418559871468
1900.0,0.9034579602654028
1901.0,0.9001315588722063
1902.0,0.8964491474348599
1903.0,0.8933200909384903
1904.0,0.8910324889635047
1905.0,0.888216669909856
1906.0,0.8867356758260223
1907.0,0.8863286881820936
1908.0,0.8856279167777515
1909.0,0.8839456157442431
1910.0,0.8825152858897012
1911.0,0.8817206481442672
1912.0,0.8800692271684447
1913.0,0.8795099618637475
1914.0,0.8804085511455679
1915.0,0.8810281089378169
1916.0,0.8802307989019295
1917.0,0.8812179664289561
1918.0,0.8813023660985346
1919.0,0.8812878276673449
1920.0,0.8821264817827935
1921.0,0.8817484815214127
1922.0,0.8818745062131298
1923.0,0.8823184904250989
1924.0,0.8830095410365698
1925.0,0.8838230717302608
1926.0,0.8853154516819327
1927.0,0.886446443683047
1928.0,0.887048777281412
1929.0,0.8878878869813107
1930.0,0.8892673027162312
1931.0,0.8905095640085259
1932.0,0.8921812766300536
1933.0,0.8944651112738562
1934.0,0.896052561423947
1935.0,0.8968185215572175
1936.0,0.8982716491272379
1937.0,0.8996434868232107
1938.0,0.9005564982562075
1939.0,0.9013065614785667
1940.0,0.9031012343985421
1941.0,0.904328068835852
1942.0,0.9055691799772215
1943.0,0.9070296436754186
1944.0,0.9085954073573898
1945.0,0.9104162231343639
1946.0,0.9122881156486771
1947.0,0.9140199432611532
1948.0,0.9154284514056221
1949.0,0.9166646687924604
1950.0,0.9177505427439047
1951.0,0.9187617696150392
1952.0,0.9196265164566023
1953.0,0.9204204914024336
1954.0,0.9219278846703238
1955.0,0.9226111436539134
1956.0,0.9241250588074517
1957.0,0.9267015819144877
1958.0,0.9279565182447607
1959.0,0.9292808826315438
1960.0,0.93070892645348
1961.0,0.9319839303845223
1962.0,0.9326601846941867
1963.0,0.9336332838543016
1964.0,0.9355206667101661
1965.0,0.937685041001052
1966.0,0.9387748091091827
1967.0,0.9406186426385343
1968.0,0.9424177273493066
1969.0,0.943470897324811
1970.0,0.9451962412495388
1971.0,0.9473659147035589
1972.0,0.9496465453322436
1973.0,0.9530505341843372
1974.0,0.9549217705801469
1975.0,0.95651581763796
1976.0,0.9570953911859226
1977.0,0.9570519327979375
1978.0,0.9564983984346693
1979.0,0.9571963167157685
1980.0,0.9587576618152087
1981.0,0.9596186655008536
1982.0,0.9602455408810983
1983.0,0.9614328238555648
1984.0,0.9632509086266058
1985.0,0.9648796256946065
1986.0,0.9676065517076288
1987.0,0.9696495322057258
1988.0,0.9715679326587248
1989.0,0.9720943221958261
1990.0,0.9729693455886881
1991.0,0.9744293319284966
1992.0,0.9760869245999197
1993.0,0.977295425633064
1994.0,0.9786502472826388
1995.0,0.9803607388431456
1996.0,0.9819240936155615
1997.0,0.9833280361206631
1998.0,0.9849262037282605
1999.0,0.9872260771992688
2000.0,0.9879723466294007
2001.0,0.9876127909603696
2002.0,0.9876176187718478
2003.0,0.9874615992584918
2004.0,0.9889829363284828
2005.0,0.9921935165369528
2006.0,0.9954501414715561
2007.0,0.9987674932382042
2008.0,1.0006364833610142
2009.0,1.001777295466972
2010.0,1.0013560378572008
2011.0,1.0020823747520948
2012.0,1.0024343715504318
2013.0,1.003142768494354
2014.0,1.0045529139285785
2015.0,1.005400492189399
2016.0,1.006180582122258
2017.0,1.007640888049691
2018.0,1.0091683136438463
2019.0,1.0117274068490454
2020.0,1.013709943890681
2021.0,1.0151102198641855
2022.0,1.0167945251004347
2023.0,1.0178756947365082
2024.0,1.0190666769882029
2025.0,1.0200222259259144
2026.0,1.0214096948740155
2027.0,1.0228501334217932
2028.0,1.0242633716403164
2029.0,1.0256091240783016
2030.0,1.0277256658001035
2031.0,1.0300016718042198
2032.0,1.032979333410045
2033.0,1.0350277475910001
2034.0,1.0362077784319523
2035.0,1.037067063248095
2036.0,1.0367983346105298
2037.0,1.037405515744528
2038.0,1.0389176964076603
2039.0,1.0395650447074656
2040.0,1.0402942168547806
2041.0,1.0403319840964873
2042.0,1.0384538127206069
2043.0,1.0389217642533428
2044.0,1.0404069675627234
2045.0,1.0410998016267408
2046.0,1.0441509209866398
2047.0,1.0476406683294477
2048.0,1.0484669632900179
2049.0,1.0490138194336556
2050.0,1.047971494948329
2051.0,1.0466298078904919
2052.0,1.0463015397912823
2053.0,1.0456204813231438
2054.0,1.0464830807667451
2055.0,1.0489687866203832
2056.0,1.0507607412602926
2057.0,1.0536626746616682
2058.0,1.0559467626322814
2059.0,1.0578665026596459
2060.0,1.059269955732891
2061.0,1.0618207992142696
2062.0,1.0638563700102772
2063.0,1.0652306267396148
2064.0,1.0669605933442154
2065.0,1.0684697728568275
2066.0,1.0681746671791128
2067.0,1.06858813757593
2068.0,1.0700312446140414
2069.0,1.0698199327046507
2070.0,1.067709378313868
2071.0,1.0672396483638047
2072.0,1.0663300367076338
2073.0,1.0661043012892395
2074.0,1.0664870520125251
2075.0,1.0688088181970998
2076.0,1.0696903189275762
2077.0,1.0698503423088952
2078.0,1.070075540328407
2079.0,1.0706577875802996
2080.0,1.071604132155742
2081.0,1.0717465517433946
2082.0,1.072737528494025
2083.0,1.0743713453567505
2084.0,1.075207750125924
2085.0,1.0762183391159987
2086.0,1.0771465795659911
2087.0,1.0769630386343088
2088.0,1.078220736088161
2089.0,1.0802151362908017
2090.0,1.0823747759866174
2091.0,1.085466192761045
2092.0,1.0873543462902688
2093.0,1.087510158080757
2094.0,1.0874405467112451
2095.0,1.0865849454103695
2096.0,1.0859908662523525
2097.0,1.0861758164303874
2098.0,1.0872559494495386
2099.0,1.0880077413380196
2100.0,1.0888199592060448
2101.0,1.0896030275733322
2102.0,1.0903494547917132
2103.0,1.0911006774582894
2104.0,1.0924641558542776
2105.0,1.0938164483378807
2106.0,1.095017251350157
2107.0,1.0961596401180036
2108.0,1.0985472096311775
2109.0,1.0977958019525897
2110.0,1.0971754813360228
2111.0,1.097858660051178
2112.0,1.0996860064718157
2113.0,1.1012489709672533
2114.0,1.1027216450438948
2115.0,1.1058968656859605
2116.0,1.1070972122889657
2117.0,1.1066401133850705
2118.0,1.1070960050704035
2119.0,1.1072557017268954
2120.0,1.1072252229965056
2121.0,1.1072632341985666
2122.0,1.106863397266121
2123.0,1.105504467087739
2124.0,1.1052392048247277
2125.0,1.1047049396276738
2126.0,1.1060889728950136
2127.0,1.1063892073048034
2128.0,1.1078548328865871
2129.0,1.1105385879775316
2130.0,1.1105292631317665
2131.0,1.112520407408542
2132.0,1.1152429963811603
2133.0,1.1160006342256525
2134.0,1.1154876913556933
2135.0,1.1158376124394225
2136.0,1.1154107461285294
2137.0,1.114775242884127
2138.0,1.1144215947252432
2139.0,1.1136610844097645
2140.0,1.111195021698252
2141.0,1.1109464375252374
2142.0,1.1122142755425695
2143.0,1.1129419837423353
2144.0,1.1143773547632108
2145.0,1.114305554877044
2146.0,1.1131072943141453
2147.0,1.1114529276923124
2148.0,1.109999384646746
2149.0,1.1098372198873467
2150.0,1.1086127403463388
2151.0,1.1092107073349116
2152.0,1.1102591327600437
2153.0,1.1122980234459792
2154.0,1.113385576098007
2155.0,1.115672641566766
2156.0,1.1162662311479175
2157.0,1.1148339388154822
2158.0,1.1146024394177003
2159.0,1.1142576951838534
2160.0,1.113998994513016
2161.0,1.1146261554984764
2162.0,1.1146684833306084
2163.0,1.1135149809087754
2164.0,1.1141520130612803
2165.0,1.1153469385653956
2166.0,1.1158886168690847
2167.0,1.1183464489780885
2168.0,1.11977394367584
2169.0,1.119487010376987
2170.0,1.1186815829057828
2171.0,1.117363175328104
2172.0,1.113627440283627
2173.0,1.1137339565813476
2174.0,1.1161865841400842
2175.0,1.116297650362187
2176.0,1.1168346451449966
2177.0,1.117643134152407
2178.0,1.1163885774789317
2179.0,1.11692660625622
2180.0,1.121153004034389
2181.0,1.1220252733491176
2182.0,1.1205504167739218
2183.0,1.120235869528479
2184.0,1.118771345888502
2185.0,1.1181359982123895
2186.0,1.1188123378020418
2187.0,1.1214704071849897
2188.0,1.1248374674329131
2189.0,1.1265122778352499
2190.0,1.1272477449155718
2191.0,1.1263605600969435
2192.0,1.123375711989287
2193.0,1.1228421937435624
2194.0,1.1225225268345231
2195.0,1.1231763073784713
2196.0,1.1231258701765525
2197.0,1.1238047939673266
2198.0,1.123110534467556
2199.0,1.1210331295943516
2200.0,1.1205717605807581
2201.0,1.120407055967451
2202.0,1.1201269028589478
2203.0,1.1203656044605752
2204.0,1.1212563577643984
2205.0,1.1222841774359236
2206.0,1.123017565766947
2207.0,1.126276191322595
2208.0,1.127865023486089
2209.0,1.1277953451784846
2210.0,1.127494734264968
2211.0,1.1253134028330964
2212.0,1.123949593708095
2213.0,1.125737436363112
2214.0,1.1295797995092487
2215.0,1.1329735256532458
2216.0,1.1365156822439417
2217.0,1.1379879421252856
2218.0,1.1359649600797348
2219.0,1.136389341420853
2220.0,1.137474598051454
2221.0,1.1376186973142515
2222.0,1.1389871556668327
2223.0,1.1383573621463896
2224.0,1.13499143657731
2225.0,1.134378229548864
2226.0,1.1336877613714262
2227.0,1.1340806362802738
2228.0,1.1374793587848913
2229.0,1.1377770410669947
2230.0,1.1369816371614312
2231.0,1.1364437288565996
2232.0,1.133797155396334
2233.0,1.1330928516722942
2234.0,1.1336310539702175
2235.0,1.1337002132175666
2236.0,1.136561547914235
2237.0,1.1382871912025052
2238.0,1.1388742054818257
2239.0,1.140671808144395
2240.0,1.1393767135931818
2241.0,1.1385860753794552
2242.0,1.1406456374755602
2243.0,1.1401468736233353
2244.0,1.1406337840068321
2245.0,1.1397805387134934
2246.0,1.1399795606540055
2247.0,1.140529485353962
2248.0,1.1408879090329758
2249.0,1.1418983858734824
2250.0,1.1433807455841818
2251.0,1.1441487129564119
2252.0,1.144344524437335
2253.0,1.1449991614195398
2254.0,1.145294955813422
2255.0,1.1452437260033022
2256.0,1.1450295973294524
2257.0,1.1453959092384818
2258.0,1.1444302017606909
2259.0,1.141272041269158
2260.0,1.1398407591860513
2261.0,1.137268310407637
2262.0,1.137993792501402
2263.0,1.142397957694827
2264.0,1.143559599917115
2265.0,1.145614094205346
2266.0,1.1462596116245836
2267.0,1.1437651715526513
2268.0,1.1437620531557455
2269.0,1.1444318557745923
2270.0,1.1453045349688673
2271.0,1.1490805986782044
2272.0,1.1506171216419796
2273.0,1.149601618032109
2274.0,1.149708634958895
2275.0,1.1472492224548683
2276.0,1.1435364048173244
2277.0,1.1409863296324576
2278.0,1.1385804473046028
2279.0,1.1369044172216696
2280.0,1.1347199276151188
2281.0,1.1358607113905415
2282.0,1.1396170968698514
2283.0,1.1431945317562584
2284.0,1.1508537261162883
2285.0,1.1520116564798832
2286.0,1.1508182494041483
2287.0,1.1490091826016082
2288.0,1.1419084139699978
2289.0,1.1389576208513834
2290.0,1.1363477339109207
2291.0,1.1363682280829177
2292.0,1.1394448081772672
2293.0,1.1404116630519217
2294.0,1.1422394138971346
2295.0,1.1439177585144005
2296.0,1.1437505443023817
2297.0,1.1472356352112119
2298.0,1.146619587326541
2299.0,1.148235971026193
2300.0,1.148868650001806
2301.0,1.146453479701267
2302.0,1.1494301687252053
2303.0,1.1496126172128491
2304.0,1.145532369542015
2305.0,1.1437629771582016
2306.0,1.142429053253742
2307.0,1.1416441907678387
2308.0,1.1456990945035328
2309.0,1.1509593779742535
2310.0,1.154691853354059
2311.0,1.158511137959432
2312.0,1.1558709582345
2313.0,1.1517758670729765
2314.0,1.150258203019599
2315.0,1.145207562370528
2316.0,1.1442925085324545
2317.0,1.1474308499569748
2318.0,1.1465749057950774
2319.0,1.146376290952562
2320.0,1.1476680093863774
2321.0,1.1505430830505092
2322.0,1.149953857627859
2323.0,1.14985158766909
2324.0,1.1484497022097047
2325.0,1.1409678828974286
2326.0,1.1406527518481209
2327.0,1.1435116829518213
2328.0,1.1475374770439948
2329.0,1.1596105564581103
2330.0,1.1623076706576585
2331.0,1.160787755120197
2332.0,1.159751679107296
2333.0,1.15276955495697
2334.0,1.1496629281658102
2335.0,1.1490140124760007
2336.0,1.1481999850404154
2337.0,1.1479877384414179
2338.0,1.1452631078066857
2339.0,1.1433875722864095
2340.0,1.1398836806630712
2341.0,1.1301547593330985
2342.0,1.1290317795776152
2343.0,1.1333969363188912
2344.0,1.1333202330516639
2345.0,1.1331704829179063
2346.0,1.1359332267829412
2347.0,1.1362742595235398
2348.0,1.1436490854500396
2349.0,1.1527515393888692
2350.0,1.1617896263481498
2351.0,1.1616624663981454
2352.0,1.1576500111304582
2353.0,1.151585320098562
2354.0,1.148061020850258
2355.0,1.1568652948986742
2356.0,1.1555767099851977
2357.0,1.1484369917006554
2358.0,1.148847232741947
2359.0,1.1411603494207792
2360.0,1.134453756813168
2361.0,1.1371400588724336
2362.0,1.1371510866006245
2363.0,1.134454448291719
2364.0,1.137996417958828
2365.0,1.1427344326124087
2366.0,1.1439838630613794
2367.0,1.1412943298627736
2368.0,1.1415648256735078
2369.0,1.150544092278614
2370.0,1.1514172041622646
2371.0,1.157125369993915
2372.0,1.1606624576754245
2373.0,1.1497700710880159
2374.0,1.145350234087808
2375.0,1.133820315720385
2376.0,1.1232785855881413
2377.0,1.1194591836059824
2378.0,1.1148081980633704
2379.0,1.1223331786699864
2380.0,1.1301696851490146
2381.0,1.1353255228241257
2382.0,1.1447413335149568
2383.0,1.1432084037017938
2384.0,1.1365124110255802
2385.0,1.133705232099438
2386.0,1.124386356711461
2387.0,1.122871520533895
2388.0,1.1317446566056966
2389.0,1.1292141366728712
2390.0,1.1257971047759496
2391.0,1.126786987399349
2392.0,1.1233761942912592
2393.0,1.1285560212389585
2394.0,1.1345649519513707
2395.0,1.1305608730761252
2396.0,1.1275519006941532
2397.0,1.1243039381897766
2398.0,1.1191043340768612
2399.0,1.1093905045184251
2400.0,1.1068207981678249
2401.0,1.1064931700262783
2402.0,1.0953082211009582
2403.0,1.1028107681361263
2404.0,1.1075515894098704
2405.0,1.0904571822350084
2406.0,1.0847574302559049
2407.0,1.081147860187393
2408.0,1.083710699074139
2409.0,1.1049175656506098
2410.0,1.123209359541796
2411.0,1.1426234920768679
2412.0,1.157671676967977
2413.0,1.1533067431898425
2414.0,1.1571177651029263
2415.0,1.1614335454515978
2416.0,1.1441834737736418
2417.0,1.1353093421785263
2418.0,1.1349946440624765
2419.0,1.1192291333947268
2420.0,1.1058614159851006
2421.0,1.1025176683986422
2422.0,1.099768536294593
2423.0,1.107016871691486
2424.0,1.1173985052593927
2425.0,1.1216804003513978
2426.0,1.1176333132606857
2427.0,1.093588014642231
2428.0,1.0727726100944406
2429.0,1.0552578575699043
2430.0,1.0396007415415403
2431.0,1.049903671448516
2432.0,1.054268990215996
2433.0,1.0658910231131062
2434.0,1.0908932612182045
2435.0,1.0929207557108473
2436.0,1.0955208621875532
2437.0,1.0915972924831854
2438.0,1.0654987700975562
2439.0,1.0520570752838851
2440.0,1.0520793785498919
2441.0,1.0567522617878016
2442.0,1.0695876453725595
2443.0,1.06803208983363
2444.0,1.0691871146656327
2445.0,1.0704823460697797
2446.0,1.0565144757135785
2447.0,1.0566832424156298
2448.0,1.049384952785919
2449.0,1.0392047876177382
2450.0,1.0438464110586378
2451.0,1.0322580595890263
2452.0,1.0313339568355337
2453.0,1.0500120034668112
2454.0,1.0589720429422005
2455.0,1.0659130172473317
2456.0,1.0538650612212856
2457.0,1.0248753657347476
2458.0,1.009365926829277
2459.0,1.0085987379911006
2460.0,1.0220117432170335
2461.0,1.0457080027251373
2462.0,1.0515300834951042
2463.0,1.0557417646400855
2464.0,1.0716294550154706
2465.0,1.0664158138613469
2466.0,1.044770649374567
2467.0,1.0301796661352283
2468.0,1.0258276577680572
2469.0,1.0144829857777244
2470.0,1.015850883305244
2471.0,1.0251355591382902
2472.0,1.0295085916386795
2473.0,1.0489939428213386
2474.0,1.0564073138882215
2475.0,1.0461706816669025
2476.0,1.049187952365643
2477.0,1.0558970257918505
2478.0,1.0665731933790963
2479.0,1.0975021244586125
2480.0,1.0995408298332439
2481.0,1.0861018262697462
2482.0,1.07069608568055
2483.0,1.0265672657060998
2484.0,1.0105181285196692
2485.0,1.0121913003612104
2486.0,1.017012873690809
2487.0,1.0351294558092112
2488.0,1.0507518337403796
2489.0,1.0657908238295446
2490.0,1.0710454132530067
2491.0,1.0893817015038934
2492.0,1.080424533764545
2493.0,1.0457472410898567
2494.0,1.0274681922626858
2495.0,0.9881326161053726
2496.0,0.9839951139623309
2497.0,1.0109358261906505
2498.0,1.0198118667961225
2499.0,1.0379675240513258
2500.0,1.0395832160143326
