350.0,-0.13863693557246848
351.0,-0.06402273286903555
352.0,-0.010765102187805546
353.0,-0.015543024464229472
354.0,-0.019666619628377666
355.0,0.0010285266855593782
356.0,0.03257592341949961
357.0,-0.008273627723859481
358.0,0.010712474287812756
359.0,0.03489213100675064
360.0,-0.01110868187133668
361.0,-0.023477253123695377
362.0,0.010529253803980175
363.0,0.04174995687923363
364.0,0.01389022329811429
365.0,-0.013730817379417106
366.0,-0.0033261437382822957
367.0,0.020996212415546837
368.0,0.004696138880694916
369.0,0.01864839214445852
370.0,0.025072833772257424
371.0,0.020102903729112307
372.0,0.04767045923679326
373.0,0.03086411697228613
374.0,0.011737444339237795
375.0,0.01559918909759254
376.0,0.0013809952939246046
377.0,0.0186792405825158
378.0,0.03706845297215046
379.0,0.029432945932439177
380.0,0.026585761004409323
381.0,0.027908317660980484
382.0,0.032138506588274905
383.0,0.03737655254259727
384.0,0.04602636551060478
385.0,0.03969080517220433
386.0,0.030353726723946806
387.0,0.040092422838934424
388.0,0.029993224111752072
389.0,0.034425265131231425
390.0,0.05157618136781178
391.0,0.04545463647603827
392.0,0.04134502136150154
393.0,0.037024700304368045
394.0,0.0335392101128684
395.0,0.041108827906608345
396.0,0.03803444653823335
397.0,0.034412401093578286
398.0,0.03866143341840514
399.0,0.037733973316622885
400.0,0.03502540856206139
401.0,0.034953428642151355
402.0,0.04086339990729825
403.0,0.05294125210862814
404.0,0.05016661810865837
405.0,0.038536572604794796
406.0,0.037714473334627206
407.0,0.03964237494955648
408.0,0.041830901875881656
409.0,0.04383911888648829
410.0,0.046599827087254186
411.0,0.04508264626435176
412.0,0.044510692200748284
413.0,0.04664797540978916
414.0,0.04483697662498003
415.0,0.04435666232083648
416.0,0.04375650019959962
417.0,0.04242151700381557
418.0,0.04870132919081998
419.0,0.046620160774747565
420.0,0.04213299255448737
421.0,0.046935095403466895
422.0,0.04604703163529525
423.0,0.04472234692425116
424.0,0.045642583720195466
425.0,0.04782857661228472
426.0,0.04701298729029742
427.0,0.04692290810555426
428.0,0.04809255360800793
429.0,0.044334990291554834
430.0,0.044874243048625514
431.0,0.04781856136021237
432.0,0.04940978589112172
433.0,0.04913834737345972
434.0,0.049055408794692
435.0,0.049067785214386574
436.0,0.048297303947621696
437.0,0.04762562965864407
438.0,0.04702079562874678
439.0,0.04680521315483399
440.0,0.04758795198716927
441.0,0.04909346502183802
442.0,0.04919992665642175
443.0,0.0474076528464666
444.0,0.04631093802330494
445.0,0.04766676914253632
446.0,0.04912920775391705
447.0,0.0484209821640041
448.0,0.04852017385594147
449.0,0.04800826022291495
450.0,0.047636593917005525
451.0,0.048848163675534906
452.0,0.047862324044719046
453.0,0.04734623866635261
454.0,0.04826076509518132
455.0,0.04872724869010719
456.0,0.048080502291246816
457.0,0.0470624796883793
458.0,0.04657432948022753
459.0,0.047056236566259804
460.0,0.04766481244873893
461.0,0.0482792442582446
462.0,0.0488192252985425
463.0,0.04758504529405391
464.0,0.04769898425593908
465.0,0.04887491507401792
466.0,0.047958121892860896
467.0,0.048129680675735254
468.0,0.04884844458527727
469.0,0.049252900578152056
470.0,0.04900509807493063
471.0,0.04828276555562628
472.0,0.048493988676191105
473.0,0.05018319692437929
474.0,0.049128132996315216
475.0,0.048312246147660234
476.0,0.04825524952876849
477.0,0.04780569253859014
478.0,0.0477624273909966
479.0,0.049016040779386504
480.0,0.050436556633102175
481.0,0.048024296925860174
482.0,0.047287316498330664
483.0,0.04801589725372469
484.0,0.048666117809311335
485.0,0.048793133268053644
486.0,0.048497779605557595
487.0,0.048259148560484924
488.0,0.04863138792864812
489.0,0.049084920705421475
490.0,0.04929622768219677
491.0,0.04915742855524815
492.0,0.04880669451499698
493.0,0.048231547361941046
494.0,0.04813666091006108
495.0,0.048897527009581346
496.0,0.049653665151032846
497.0,0.04994008276370908
498.0,0.049471256193530655
499.0,0.04836838373028609
500.0,0.04836718933797992
501.0,0.04916472276831424
502.0,0.04993613005712476
503.0,0.049573850180592696
504.0,0.049918386610794695
505.0,0.049924300418339146
506.0,0.048866795713254495
507.0,0.04853682889437616
508.0,0.048597938509375604
509.0,0.04922148452845657
510.0,0.050402063068987986
511.0,0.049585815961108275
512.0,0.04958656222151808
513.0,0.05062663719168141
514.0,0.04957373238558055
515.0,0.04898766512690455
516.0,0.048979717252282
517.0,0.04923317289265968
518.0,0.0498755566733453
519.0,0.050206089116686704
520.0,0.05010995010044066
521.0,0.04980846978984288
522.0,0.049473698235227216
523.0,0.04951641741832025
524.0,0.049859773026321205
525.0,0.0498497656903439
526.0,0.0502991163922294
527.0,0.050388596093365434
528.0,0.04963546485165357
529.0,0.04959591676213906
530.0,0.049757015612420866
531.0,0.050003855665427886
532.0,0.050364342361541484
533.0,0.05028172060552046
534.0,0.05038050490365457
535.0,0.050654236504464156
536.0,0.05006226438031065
537.0,0.05023021555992076
538.0,0.05036020088826321
539.0,0.04977909804038013
540.0,0.050573588547672466
541.0,0.05110972296781087
542.0,0.051032334795792056
543.0,0.05087316076837396
544.0,0.05086946249487189
545.0,0.05059271816066739
546.0,0.05014404651278022
547.0,0.05068360558701039
548.0,0.05080684784801856
549.0,0.050646034703329505
550.0,0.050716566313491376
551.0,0.05106708341085961
552.0,0.05092883558872331
553.0,0.050415084837596866
554.0,0.0503490407072666
555.0,0.050802265893542226
556.0,0.05140246532763211
557.0,0.051723710516924974
558.0,0.051291598631973696
559.0,0.0514501458051391
560.0,0.051735588744245636
561.0,0.051282068070249646
562.0,0.05107687082735275
563.0,0.05119687950670903
564.0,0.051415249838131
565.0,0.051285700531585175
566.0,0.0515522246542947
567.0,0.05188964998669179
568.0,0.05192940758929925
569.0,0.05177353738029217
570.0,0.05169172103313493
571.0,0.051696721081781645
572.0,0.05170247362305076
573.0,0.052068800643419844
574.0,0.052167732195501665
575.0,0.05172872874896037
576.0,0.051078534296098925
577.0,0.05153971117083304
578.0,0.05219132783078285
579.0,0.05205845638791282
580.0,0.052485126394860075
581.0,0.0526312333151569
582.0,0.05232406073784394
583.0,0.051926221579095544
584.0,0.051907791293804094
585.0,0.05217745516927248
586.0,0.052448912468086424
587.0,0.05220500759232703
588.0,0.05244049315053897
589.0,0.052679683735208975
590.0,0.05227879110899602
591.0,0.052452195210439444
592.0,0.05266193637441142
593.0,0.05269418523877485
594.0,0.05274043690006573
595.0,0.05300909629934094
596.0,0.0531945290571289
597.0,0.05309988670906754
598.0,0.053092186413911634
599.0,0.05308257990382315
600.0,0.05318932457326044
601.0,0.053539919751999905
602.0,0.05362318550717534
603.0,0.05355868151135782
604.0,0.053447858310383116
605.0,0.05326450414408338
606.0,0.05345424727597978
607.0,0.053731494013742165
608.0,0.05377950596319338
609.0,0.05402022295226506
610.0,0.0540555152137384
611.0,0.0539208508477176
612.0,0.05395874902223723
613.0,0.05402478035716316
614.0,0.05412096476806559
615.0,0.05420633067816381
616.0,0.05408316199800467
617.0,0.054244957128258504
618.0,0.05456952599520097
619.0,0.054702151247340014
620.0,0.05440193173595922
621.0,0.054388355984974976
622.0,0.05474086908691723
623.0,0.054811483064701044
624.0,0.054849263296519145
625.0,0.05501947696162794
626.0,0.055314899447461624
627.0,0.05525227277065204
628.0,0.05525480339122027
629.0,0.05530179179611899
630.0,0.055187425746609724
631.0,0.05537216811346431
632.0,0.05559099360344399
633.0,0.05569174852424366
634.0,0.05583858620229957
635.0,0.05568332317884009
636.0,0.055455732873785864
637.0,0.055509471074192795
638.0,0.05593242880840406
639.0,0.05620619579287147
640.0,0.05616236107717184
641.0,0.05598594003476069
642.0,0.0562357009814839
643.0,0.05646867972066078
644.0,0.05646076541759566
645.0,0.05700800306490809
646.0,0.05692449340023614
647.0,0.05655724396633054
648.0,0.056734367324343594
649.0,0.0567546761607013
650.0,0.05708977142651001
651.0,0.05764174465331757
652.0,0.05755006357820091
653.0,0.05742249077061858
654.0,0.057321266244080224
655.0,0.057273174287765176
656.0,0.05766837103078308
657.0,0.057739035562216316
658.0,0.05757801702297042
659.0,0.05777064071627077
660.0,0.05784953502292856
661.0,0.05793624301886074
662.0,0.05813511832833256
663.0,0.058408380943704895
664.0,0.05854670394967523
665.0,0.05855878063882256
666.0,0.05854848664330266
667.0,0.05861500141160405
668.0,0.05890149764818491
669.0,0.05929269398509604
670.0,0.059451510598583376
671.0,0.05945144037291405
672.0,0.05938005132097724
673.0,0.05938425606856357
674.0,0.059767373968107704
675.0,0.06011412944913239
676.0,0.06023275398799308
677.0,0.06011330037276224
678.0,0.06015723421963279
679.0,0.06032232821043077
680.0,0.060496589859117295
681.0,0.06053807301337823
682.0,0.06081968181538434
683.0,0.06106031685677507
684.0,0.06099021259975108
685.0,0.06094788163917422
686.0,0.060964773170623564
687.0,0.061076272682592705
688.0,0.06128502599618261
689.0,0.0612834438000706
690.0,0.061350809286215044
691.0,0.06161107892440017
692.0,0.06177258524167521
693.0,0.06205601047077494
694.0,0.06218343572941147
695.0,0.061935282529674465
696.0,0.06210256158555914
697.0,0.06232465553676914
698.0,0.06249211128525123
699.0,0.06275815462503653
700.0,0.06304442230716935
701.0,0.06324874197170996
702.0,0.06334784744277532
703.0,0.06352664736784949
704.0,0.06350495147629553
705.0,0.06347370414040417
706.0,0.06373235721286026
707.0,0.06390123633509319
708.0,0.0640138523284272
709.0,0.06412207570612556
710.0,0.06425945181954472
711.0,0.06440290315713232
712.0,0.06459732621501496
713.0,0.06486596990004016
714.0,0.06514987844759232
715.0,0.06527077089894791
716.0,0.06524486921654218
717.0,0.0652274756165916
718.0,0.06546842125103365
719.0,0.0657634524565689
720.0,0.06596719979812006
721.0,0.06609747145530576
722.0,0.06639777714469658
723.0,0.06661285884818838
724.0,0.06654345639615246
725.0,0.06675151534139326
726.0,0.06697963546351685
727.0,0.06705325711097636
728.0,0.06692896730412527
729.0,0.06714888892517913
730.0,0.0676179147717392
731.0,0.0680470599145163
732.0,0.06795758839457611
733.0,0.06797649904859537
734.0,0.06819151718860082
735.0,0.06847727040081904
736.0,0.06863098350420277
737.0,0.06882615171787154
738.0,0.06905497845497811
739.0,0.06916319532137893
740.0,0.06933942132907456
741.0,0.06959490630875159
742.0,0.06987452514531332
743.0,0.0700371961637297
744.0,0.07032872337952957
745.0,0.07062390696610397
746.0,0.07071983572158387
747.0,0.07075051556296703
748.0,0.0708512512390842
749.0,0.07106451560750882
750.0,0.07133896563287495
751.0,0.07158607556717127
752.0,0.07179699807127844
753.0,0.07198598812301453
754.0,0.07219693276143083
755.0,0.0722019015213809
756.0,0.07224751770124667
757.0,0.07263811778634491
758.0,0.07289289188638828
759.0,0.07322835063079118
760.0,0.0735538722661888
761.0,0.07349420630238081
762.0,0.07387377308680469
763.0,0.07423701365854818
764.0,0.07426050702052048
765.0,0.07450756210170331
766.0,0.0747243876494121
767.0,0.0748765838321484
768.0,0.07502399992341456
769.0,0.07530945794083664
770.0,0.07554204775803287
771.0,0.07574156922873894
772.0,0.07612748961470397
773.0,0.07635915005759465
774.0,0.07651719247074688
775.0,0.07670865349667544
776.0,0.07691938817091493
777.0,0.07711748770969627
778.0,0.07735398024462192
779.0,0.07767105539192715
780.0,0.0779211607534153
781.0,0.07796910335361848
782.0,0.07802193668188104
783.0,0.07852369259918407
784.0,0.07879491178319484
785.0,0.07896119215781539
786.0,0.07919218397601119
787.0,0.079456288687724
788.0,0.07977620778999697
789.0,0.0800944466784317
790.0,0.08034368103001106
791.0,0.08052743134373903
792.0,0.08076418033737351
793.0,0.08110744750194196
794.0,0.08152494273535088
795.0,0.08167499007985181
796.0,0.08188255135282912
797.0,0.08223953711086614
798.0,0.08228589439597774
799.0,0.082673667046515
800.0,0.08312151293263659
801.0,0.08326982382853812
802.0,0.08349133413118064
803.0,0.08374214835894629
804.0,0.08404581972013633
805.0,0.08443166288388199
806.0,0.0846695745488427
807.0,0.08494820100369259
808.0,0.08530013090962875
809.0,0.08551536103008144
810.0,0.0857881504171429
811.0,0.08605658441635627
812.0,0.08628999831263882
813.0,0.08672075181412663
814.0,0.0870035343251979
815.0,0.08716031008038276
816.0,0.08735949241860579
817.0,0.08759358235017255
818.0,0.08798284423917743
819.0,0.0884382193560439
820.0,0.08870038671672953
821.0,0.0888678608991322
822.0,0.08929774703643258
823.0,0.08993747173737746
824.0,0.08993936097210606
825.0,0.09015789322010548
826.0,0.09058851241663811
827.0,0.09100712611672328
828.0,0.09140005505617399
829.0,0.09165125190727126
830.0,0.09191875531323225
831.0,0.09240385328793337
832.0,0.09241575331208444
833.0,0.09260468118472438
834.0,0.09315241981251064
835.0,0.09360082029744433
836.0,0.09403069655262312
837.0,0.09432629175153087
838.0,0.09451735670153028
839.0,0.09500093849220023
840.0,0.0953400449414504
841.0,0.095551908750695
842.0,0.09581729480028187
843.0,0.09633466886574771
844.0,0.09673413661065285
845.0,0.09700166891639503
846.0,0.09732506317694319
847.0,0.09754247757993904
848.0,0.09779628749215451
849.0,0.09816072897347033
850.0,0.09859138351750599
851.0,0.09883291894994171
852.0,0.09910577548819696
853.0,0.09950976801253567
854.0,0.0997052619601615
855.0,0.10011828132156114
856.0,0.1006356751183639
857.0,0.10099882876592432
858.0,0.10106700672245625
859.0,0.10123459729204223
860.0,0.10164199458525436
861.0,0.10223983379886477
862.0,0.10288490056498092
863.0,0.10338474540103129
864.0,0.10372183063323459
865.0,0.10404391619291567
866.0,0.10438874903420935
867.0,0.10469443824344754
868.0,0.10495517479707368
869.0,0.10527396747728685
870.0,0.1056570180939181
871.0,0.10632463687531384
872.0,0.10719087536399499
873.0,0.10721126674397088
874.0,0.10740444169348821
875.0,0.10782169093257207
876.0,0.1081865708999949
877.0,0.10844661431402179
878.0,0.10904440173666267
879.0,0.10981423128411857
880.0,0.11025905868614401
881.0,0.11047184291792851
882.0,0.11071797335864474
883.0,0.11108767270809904
884.0,0.1114723145810036
885.0,0.11184239049648308
886.0,0.11240250758657719
887.0,0.11311360332636003
888.0,0.11353644156792467
889.0,0.11379132600717667
890.0,0.1140508324344025
891.0,0.11442201973986173
892.0,0.11480819368802739
893.0,0.11530462197337515
894.0,0.11582101209495141
895.0,0.11624269166388485
896.0,0.11657342957536597
897.0,0.11716930780066233
898.0,0.11765985603711603
899.0,0.11759568135624275
900.0,0.11801465962019199
901.0,0.11878788608804532
902.0,0.11958225632933385
903.0,0.12000849863288174
904.0,0.12003240958025384
905.0,0.12036693644748768
906.0,0.12092124691451414
907.0,0.12084634938284204
908.0,0.12136857524114243
909.0,0.12220494773490825
910.0,0.12287569940923766
911.0,0.12302802488796764
912.0,0.12354955183805683
913.0,0.12410628307996725
914.0,0.12439113302670902
915.0,0.12465909208290855
916.0,0.12549524322799263
917.0,0.12613175641840366
918.0,0.12611128109966763
919.0,0.1268771239464934
920.0,0.12725626928523556
921.0,0.12765510627422458
922.0,0.12856996983994023
923.0,0.12887642919616574
924.0,0.1291951383878088
925.0,0.1294554672875934
926.0,0.12955591052012416
927.0,0.1307413573131562
928.0,0.1314735520147978
929.0,0.1315250303491986
930.0,0.13156132989250766
931.0,0.13203713275849288
932.0,0.13300140771295987
933.0,0.13398395693096635
934.0,0.13434070374337975
935.0,0.1347572802511203
936.0,0.1349767950261161
937.0,0.13508053580819987
938.0,0.1355443515824765
939.0,0.1370948834278978
940.0,0.13802048855449423
941.0,0.137887458765289
942.0,0.13793409149437685
943.0,0.13869017745181944
944.0,0.1394471718050929
945.0,0.14000612183608277
946.0,0.1409583812059722
947.0,0.14123570532834678
948.0,0.14162172157738157
949.0,0.14227156173331296
950.0,0.14213449049544372
951.0,0.1427740709890072
952.0,0.14371988671185776
953.0,0.1443953440378706
954.0,0.1447383415931621
955.0,0.1449133529006856
956.0,0.14528021530070417
957.0,0.14586376983288435
958.0,0.14609317871625951
959.0,0.1468368689848733
960.0,0.14784541159742778
961.0,0.14871341890685988
962.0,0.14929634119509042
963.0,0.14955927045883405
964.0,0.15003967414146116
965.0,0.15074306175575572
966.0,0.1504542557762147
967.0,0.15126130913443903
968.0,0.15256501192797894
969.0,0.15328055135012833
970.0,0.15287678003137012
971.0,0.15327037554416212
972.0,0.15380925981846652
973.0,0.15407461835147174
974.0,0.15541467675163187
975.0,0.15637987620018032
976.0,0.1567960248407528
977.0,0.1569373181656017
978.0,0.1572142553737182
979.0,0.1576394747625331
980.0,0.15782335763360342
981.0,0.15796255249426458
982.0,0.15939289641037593
983.0,0.16080285823998902
984.0,0.1611017754462209
985.0,0.160690534658465
986.0,0.16212210389693904
987.0,0.16363089019441887
988.0,0.1637987539052757
989.0,0.162957231894286
990.0,0.16378823180130592
991.0,0.16508558651198157
992.0,0.16626764053166296
993.0,0.16710830922026954
994.0,0.16774768331414497
995.0,0.1678928945200185
996.0,0.16786479388999195
997.0,0.16803041857241954
998.0,0.16864485571874302
999.0,0.16999685894938335
1000.0,0.17166734100922626
1001.0,0.17365782485437295
1002.0,0.1752743760727995
1003.0,0.17518104055141798
1004.0,0.17347282390722651
1005.0,0.17228242091300017
1006.0,0.1727739754756432
1007.0,0.17427893087879734
1008.0,0.17561061054380295
1009.0,0.17728740841859814
1010.0,0.17847811443073433
1011.0,0.17669437899172724
1012.0,0.17519647693071694
1013.0,0.17728725081489446
1014.0,0.17923101814913167
1015.0,0.18321236251263645
1016.0,0.1849437558507898
1017.0,0.1865752264917961
1018.0,0.18683027862799637
1019.0,0.18634540280453812
1020.0,0.18753975633585324
1021.0,0.18894656627473233
1022.0,0.1899400035019059
1023.0,0.19220561787609491
1024.0,0.19337418055264297
1025.0,0.19252985620501742
1026.0,0.19315073677489458
1027.0,0.1939482977831256
1028.0,0.19487352240033315
1029.0,0.19636957163568428
1030.0,0.200161699395805
1031.0,0.2010732959590696
1032.0,0.19984199273598802
1033.0,0.19950074278660862
1034.0,0.19764285897788908
1035.0,0.19624119969626153
1036.0,0.19737333319196879
1037.0,0.19980710992501094
1038.0,0.20189601989922332
1039.0,0.203205983101987
1040.0,0.2045893219991604
1041.0,0.20483145199862773
1042.0,0.20338075867680305
1043.0,0.20322731915375475
1044.0,0.20410682601488447
1045.0,0.20546526261245626
1046.0,0.2068668427403613
1047.0,0.2093873991017438
1048.0,0.2105763627259849
1049.0,0.21032531920644826
1050.0,0.2084448076180947
1051.0,0.20605942242016762
1052.0,0.20565143889205476
1053.0,0.20712468957976474
1054.0,0.20906332237471167
1055.0,0.21065091125433683
1056.0,0.21239842373754172
1057.0,0.21441365389140413
1058.0,0.21556114749949293
1059.0,0.21598137707439657
1060.0,0.21750299941494528
1061.0,0.2193765217788039
1062.0,0.2194545076687836
1063.0,0.22031629506455955
1064.0,0.22207712198485213
1065.0,0.22159836240378675
1066.0,0.222860096696897
1067.0,0.22372919975948977
1068.0,0.22169868770671966
1069.0,0.22163879617347626
1070.0,0.2219001260963257
1071.0,0.22237875069685556
1072.0,0.223232037674024
1073.0,0.22588043441467945
1074.0,0.2270960227572292
1075.0,0.22734497454198171
1076.0,0.2279025782986497
1077.0,0.22793857549949023
1078.0,0.22809438432693904
1079.0,0.22876813999388684
1080.0,0.22953143445181165
1081.0,0.2311822144055864
1082.0,0.2325893373505622
1083.0,0.23305820908549252
1084.0,0.2339441617120026
1085.0,0.23443940275544478
1086.0,0.23536199495935176
1087.0,0.23655201757888508
1088.0,0.23807255621258472
1089.0,0.23924448258088363
1090.0,0.24018948295818318
1091.0,0.2401756035643465
1092.0,0.24080039326905006
1093.0,0.24256570734686683
1094.0,0.2432321801518517
1095.0,0.24377417877937319
1096.0,0.24445358217450494
1097.0,0.2450005921044387
1098.0,0.24611120945879503
1099.0,0.24696417516810845
1100.0,0.24864220279004468
1101.0,0.24963603474389018
1102.0,0.25009936314563697
1103.0,0.25024163749563955
1104.0,0.2509729393504561
1105.0,0.25141498426507747
1106.0,0.25191503242164287
1107.0,0.25257407145871574
1108.0,0.25362183234568936
1109.0,0.254676433123456
1110.0,0.2555589953787521
1111.0,0.2561269285741219
1112.0,0.25650211800922373
1113.0,0.25589616975036517
1114.0,0.2568232902691938
1115.0,0.2588630865885388
1116.0,0.26003397563936026
1117.0,0.26175388138635597
1118.0,0.2626389061462411
1119.0,0.2628332929461351
1120.0,0.2621784592892201
1121.0,0.2623589431347981
1122.0,0.2631520863776802
1123.0,0.26400195504504803
1124.0,0.2654153688131737
1125.0,0.26722077742804823
1126.0,0.2689241481960513
1127.0,0.26988157231067195
1128.0,0.2704666972655864
1129.0,0.27124580033655443
1130.0,0.27093015929640024
1131.0,0.2717069453193376
1132.0,0.27365793723434484
1133.0,0.2748039578007598
1134.0,0.2756434683183445
1135.0,0.27717131960535296
1136.0,0.2781176730850573
1137.0,0.27885654814560557
1138.0,0.28005085400599583
1139.0,0.2809216138415109
1140.0,0.2812618176720546
1141.0,0.2816395224941318
1142.0,0.2824427390473836
1143.0,0.2831900424503901
1144.0,0.2841638585387993
1145.0,0.28590101256465655
1146.0,0.28697766452722745
1147.0,0.2879284545691336
1148.0,0.2888066353515934
1149.0,0.2894965986473286
1150.0,0.2897580731225738
1151.0,0.2909213091211211
1152.0,0.2917461866783874
1153.0,0.2926608282754822
1154.0,0.2941164669100008
1155.0,0.29506780436203883
1156.0,0.295367677501312
1157.0,0.2957855493397509
1158.0,0.29588329056823665
1159.0,0.2966270910780869
1160.0,0.2974099148507645
1161.0,0.29826083716044544
1162.0,0.2996872231320151
1163.0,0.3006573598904655
1164.0,0.30139368128275007
1165.0,0.3023840259362938
1166.0,0.30359757799598325
1167.0,0.30429205487727284
1168.0,0.3051745965997625
1169.0,0.3059702775337829
1170.0,0.30692642345125154
1171.0,0.30763562003904504
1172.0,0.3085984588959401
1173.0,0.30991027353729406
1174.0,0.3109444981927838
1175.0,0.31184832638941856
1176.0,0.3128386992940042
1177.0,0.31386938442113177
1178.0,0.3145722852670656
1179.0,0.3149941208279574
1180.0,0.3157969253945184
1181.0,0.31662731350829765
1182.0,0.3173144830553805
1183.0,0.31843225419744947
1184.0,0.3199401023762338
1185.0,0.3210683649692476
1186.0,0.32239919419612795
1187.0,0.3234764683794525
1188.0,0.3244236150461393
1189.0,0.3253440090371851
1190.0,0.32625920912966627
1191.0,0.3268661850679754
1192.0,0.326971503636504
1193.0,0.32772513997031744
1194.0,0.3284564497073059
1195.0,0.32948035441044854
1196.0,0.3314195456383466
1197.0,0.33277192377017384
1198.0,0.33398414416915606
1199.0,0.3348890268012914
1200.0,0.33589858526798294
1201.0,0.3366069782638164
1202.0,0.33725686186398046
1203.0,0.3382414630601755
1204.0,0.339237674981629
1205.0,0.34045133108599124
1206.0,0.3412383607777403
1207.0,0.34180269424793003
1208.0,0.34259398280238246
1209.0,0.3430973238231793
1210.0,0.3438945159843704
1211.0,0.3451228388506341
1212.0,0.34622569285216565
1213.0,0.34734550940047176
1214.0,0.34840526148654566
1215.0,0.34943570530868645
1216.0,0.3505659991592164
1217.0,0.35168838756706233
1218.0,0.35274432806578854
1219.0,0.3532710121248068
1220.0,0.35334622488372064
1221.0,0.3539086207667074
1222.0,0.3540285036884421
1223.0,0.3547228334709943
1224.0,0.3561913611064061
1225.0,0.3572457098531492
1226.0,0.3582144407320745
1227.0,0.35928450521783745
1228.0,0.3604120283953833
1229.0,0.3613926929698508
1230.0,0.36228288634406947
1231.0,0.36326327784396256
1232.0,0.36408197850304536
1233.0,0.36512276295097584
1234.0,0.3665739608530115
1235.0,0.3676729131998004
1236.0,0.36868160779252535
1237.0,0.36943543757742786
1238.0,0.37075388429311035
1239.0,0.3723427412457909
1240.0,0.3735131980652801
1241.0,0.3749098852305262
1242.0,0.3760694144418568
1243.0,0.3767094272935725
1244.0,0.37751910068010813
1245.0,0.3784736612836659
1246.0,0.37945701092154677
1247.0,0.3800909019052777
1248.0,0.3811112969019516
1249.0,0.38244909193573146
1250.0,0.3838310202858226
1251.0,0.3854328527903872
1252.0,0.38731753089567184
1253.0,0.38832532627203886
1254.0,0.3888769251380377
1255.0,0.38990825766239756
1256.0,0.39054295186727817
1257.0,0.3914687924647488
1258.0,0.3928563983293393
1259.0,0.3942124746077
1260.0,0.3954671591937175
1261.0,0.39667513140750404
1262.0,0.39843256911756864
1263.0,0.39952534664032263
1264.0,0.3998516325066672
1265.0,0.40064237324895174
1266.0,0.40123008878521044
1267.0,0.40215955029698175
1268.0,0.40346611032181845
1269.0,0.4048334603685336
1270.0,0.4060405594171646
1271.0,0.40740204336474456
1272.0,0.40839820654058423
1273.0,0.4091864975389924
1274.0,0.40994570620295034
1275.0,0.410368067454115
1276.0,0.4112121726854093
1277.0,0.412232125887647
1278.0,0.4131279733584966
1279.0,0.414123629008588
1280.0,0.4151759991103781
1281.0,0.4160935634813873
1282.0,0.41716372036174093
1283.0,0.41862824043675584
1284.0,0.41977279402380036
1285.0,0.4207398976064131
1286.0,0.4217419715444405
1287.0,0.42257258160320155
1288.0,0.42360648054046496
1289.0,0.4242219902579271
1290.0,0.4245818781378532
1291.0,0.4253374863620263
1292.0,0.4259070173038412
1293.0,0.4267995729660066
1294.0,0.42812957310922045
1295.0,0.4293458311716701
1296.0,0.43081822286290944
1297.0,0.4317539473114242
1298.0,0.43240453290110376
1299.0,0.43330199639384587
1300.0,0.4336743574461055
1301.0,0.43459458718562965
1302.0,0.43609296095843153
1303.0,0.4374917374677193
1304.0,0.43919873437893947
1305.0,0.440603737628281
1306.0,0.4419085900042533
1307.0,0.4431515282316433
1308.0,0.4444414249433566
1309.0,0.44572859097779766
1310.0,0.4465601212606947
1311.0,0.4469859736801411
1312.0,0.44815089356952803
1313.0,0.449271231868895
1314.0,0.4504385008213614
1315.0,0.4524443514122167
1316.0,0.4537066013187939
1317.0,0.4541406965635055
1318.0,0.45516573472491595
1319.0,0.45629344905314667
1320.0,0.4575806140587891
1321.0,0.45937071958314324
1322.0,0.460708106706058
1323.0,0.46197075211529626
1324.0,0.4631193431475066
1325.0,0.46381756035407884
1326.0,0.4647144190937155
1327.0,0.46566395817817235
1328.0,0.466596421684233
1329.0,0.4678153092621897
1330.0,0.4693206620795635
1331.0,0.4704814382252153
1332.0,0.47173799279043793
1333.0,0.4728359755618891
1334.0,0.47359243098476533
1335.0,0.47457579057699434
1336.0,0.4755446922565067
1337.0,0.4767350163483355
1338.0,0.4782825340961262
1339.0,0.4793891156954715
1340.0,0.4803533135802427
1341.0,0.4814655421044369
1342.0,0.4821689120686321
1343.0,0.4832223483101218
1344.0,0.48486918234712895
1345.0,0.48618982763796065
1346.0,0.48741536107743183
1347.0,0.48865265066644187
1348.0,0.48966122250033783
1349.0,0.49024869363387746
1350.0,0.49155667934145236
1351.0,0.4930306520711449
1352.0,0.49455684386691656
1353.0,0.4968811767013233
1354.0,0.49813321842614305
1355.0,0.4987235963126656
1356.0,0.49966601774460734
1357.0,0.5002937400665248
1358.0,0.5010557969520949
1359.0,0.5018668674273784
1360.0,0.5029384988498595
1361.0,0.5041141119099908
1362.0,0.5051955923120656
1363.0,0.5067209622975766
1364.0,0.5078301317861996
1365.0,0.5082053520904388
1366.0,0.5091854880011458
1367.0,0.5105137334532129
1368.0,0.5115796720289995
1369.0,0.5129164457364718
1370.0,0.5147987633140664
1371.0,0.515904135201982
1372.0,0.5166988724565756
1373.0,0.5175577263888194
1374.0,0.5179477596379984
1375.0,0.5188864013800979
1376.0,0.5200716821272142
1377.0,0.5212259018183809
1378.0,0.5227476893216532
1379.0,0.523938889234346
1380.0,0.5249245370429624
1381.0,0.5259704402948201
1382.0,0.5270561637013581
1383.0,0.5279343090128257
1384.0,0.5285826773229263
1385.0,0.5294911596733527
1386.0,0.530265454794187
1387.0,0.5311597862876217
1388.0,0.532524644764353
1389.0,0.53354765356849
1390.0,0.5343434548832605
1391.0,0.5351180797821978
1392.0,0.5361331638827143
1393.0,0.5370388250484056
1394.0,0.5383079768358603
1395.0,0.5400931974802832
1396.0,0.5413350908722029
1397.0,0.5426098624920712
1398.0,0.5434851006905942
1399.0,0.5438611395272579
1400.0,0.5445465905686138
1401.0,0.5450704834635294
1402.0,0.5458200329458295
1403.0,0.546811713597482
1404.0,0.5476729657021422
1405.0,0.5486406618898462
1406.0,0.5494418340747261
1407.0,0.549927143321319
1408.0,0.5507746827124239
1409.0,0.5515625825416892
1410.0,0.5526544500521114
1411.0,0.5544172688085475
1412.0,0.5557430936899721
1413.0,0.5570181059762084
1414.0,0.558126643317834
1415.0,0.5593971585557216
1416.0,0.5603172319902677
1417.0,0.5615179728136626
1418.0,0.5629175037694285
1419.0,0.5642947263402852
1420.0,0.565873596194836
1421.0,0.566881730363926
1422.0,0.5676816641835306
1423.0,0.5685530755661052
1424.0,0.5688302920338444
1425.0,0.569735336724336
1426.0,0.5710668722824115
1427.0,0.5723226061148552
1428.0,0.5738743413145009
1429.0,0.575113366330623
1430.0,0.5763969357124549
1431.0,0.577440411714176
1432.0,0.5780462882259565
1433.0,0.5788987099625809
1434.0,0.5797075100196326
1435.0,0.5805997446287129
1436.0,0.5816167234758088
1437.0,0.5826749507129056
1438.0,0.5837627247679548
1439.0,0.5848869966588294
1440.0,0.5862239426402487
1441.0,0.587326440702539
1442.0,0.5887115515956926
1443.0,0.5902192749648922
1444.0,0.5914841033340146
1445.0,0.5928147113658583
1446.0,0.5939358780536126
1447.0,0.594847257135067
1448.0,0.5957093098782537
1449.0,0.5963346459953262
1450.0,0.597272970546933
1451.0,0.59814831885389
1452.0,0.5992315514953661
1453.0,0.6006624193334017
1454.0,0.601969619290086
1455.0,0.6033688013459629
1456.0,0.6045791760767684
1457.0,0.6056810623681684
1458.0,0.6068484840416639
1459.0,0.6079407954359315
1460.0,0.6090489594619511
1461.0,0.6103426576115304
1462.0,0.6113986409390134
1463.0,0.6122152922282603
1464.0,0.6131134865102768
1465.0,0.6136632583562689
1466.0,0.6147061297381803
1467.0,0.6162309151697705
1468.0,0.6175232093862092
1469.0,0.6187722092567691
1470.0,0.6202931379898662
1471.0,0.6215531945718976
1472.0,0.6225004615625739
1473.0,0.623659476891724
1474.0,0.6249783590259388
1475.0,0.6261156770663283
1476.0,0.6270155599279946
1477.0,0.6282950434078264
1478.0,0.6298282699892004
1479.0,0.6310437330835088
1480.0,0.6323867116084856
1481.0,0.6335172627247745
1482.0,0.6343793347014766
1483.0,0.6351885701682409
1484.0,0.6356235712802036
1485.0,0.6366924872837706
1486.0,0.6379031934907307
1487.0,0.639233569520938
1488.0,0.6412989367249722
1489.0,0.6428380804352432
1490.0,0.6441308080224512
1491.0,0.6453440239755985
1492.0,0.6462853765497129
1493.0,0.6474061838938233
1494.0,0.6483920352075518
1495.0,0.6495664478825446
1496.0,0.6509450917044425
1497.0,0.6523327895301504
1498.0,0.6539317486638716
1499.0,0.6553707250000116
1500.0,0.6566951527514125
1501.0,0.6581816536469004
1502.0,0.6592691929122745
1503.0,0.6604789085439388
1504.0,0.6617638672996169
1505.0,0.6631324821636568
1506.0,0.6642519845007209
1507.0,0.6652753138844886
1508.0,0.6664856670435555
1509.0,0.66757589582779
1510.0,0.6688138573339477
1511.0,0.6704342910666473
1512.0,0.671668226167516
1513.0,0.6726168397696828
1514.0,0.6737673453455714
1515.0,0.6748533859953454
1516.0,0.6760774411237186
1517.0,0.6775701445329825
1518.0,0.6787445552860363
1519.0,0.6797243153819222
1520.0,0.6808940528469557
1521.0,0.6819537750724128
1522.0,0.6831290030615411
1523.0,0.6845337604490175
1524.0,0.6858673847666078
1525.0,0.6872837533555433
1526.0,0.6884810256985767
1527.0,0.6895713784385996
1528.0,0.6906852693448816
1529.0,0.6915272715430959
1530.0,0.6925759845351929
1531.0,0.6937416745845275
1532.0,0.6949842412056781
1533.0,0.6965620981317082
1534.0,0.6977660542414276
1535.0,0.6986705042288242
1536.0,0.6998353512490937
1537.0,0.7008774866192301
1538.0,0.701926992533791
1539.0,0.7035108226228712
1540.0,0.7050781064332177
1541.0,0.706552333691479
1542.0,0.7080897705392417
1543.0,0.7093144442489278
1544.0,0.7103757160991191
1545.0,0.7114768529382938
1546.0,0.7123979290270113
1547.0,0.7133683902423287
1548.0,0.7143361460775144
1549.0,0.7154120189845481
1550.0,0.716404091117784
1551.0,0.7175650818271511
1552.0,0.7188560560628053
1553.0,0.7203059813271814
1554.0,0.7220386908808083
1555.0,0.7233707985319742
1556.0,0.7247526862126027
1557.0,0.7259548605625562
1558.0,0.7265131869922655
1559.0,0.727816231746782
1560.0,0.7297058477105268
1561.0,0.7310619574399939
1562.0,0.7324229192696758
1563.0,0.7338114504624815
1564.0,0.7348244943535776
1565.0,0.7360955922857033
1566.0,0.7378053450518602
1567.0,0.7391462527348244
1568.0,0.7403315775563939
1569.0,0.7414368532591494
1570.0,0.7422711580652289
1571.0,0.7433219435608077
1572.0,0.7444761570520443
1573.0,0.7454705183252999
1574.0,0.7463449493712115
1575.0,0.747462285049224
1576.0,0.7486926578501207
1577.0,0.7497679717846424
1578.0,0.75092481422698
1579.0,0.7521402891732654
1580.0,0.7531986025223834
1581.0,0.7542814017534168
1582.0,0.7555854593442575
1583.0,0.7567796164271919
1584.0,0.757775384607489
1585.0,0.7588521581074331
1586.0,0.7599794977050215
1587.0,0.7611259109774481
1588.0,0.7623075259358268
1589.0,0.7634640671469431
1590.0,0.7646195786455803
1591.0,0.7658663513756061
1592.0,0.7668064681503889
1593.0,0.767680289805709
1594.0,0.7682815067342977
1595.0,0.7684422685369177
1596.0,0.7692193401560304
1597.0,0.769961625034968
1598.0,0.7711274016636557
1599.0,0.7728505707942145
1600.0,0.7742372837329664
1601.0,0.7757093028183689
1602.0,0.7770239512976908
1603.0,0.7782327307108972
1604.0,0.7794875124565582
1605.0,0.7806732183374799
1606.0,0.7819380574385743
1607.0,0.7833193972442892
1608.0,0.7844846112170557
1609.0,0.7855711692101964
1610.0,0.7866590585056378
1611.0,0.7875713333726649
1612.0,0.7886516476021039
1613.0,0.7899014448764266
1614.0,0.7909277850555212
1615.0,0.7918303078183204
1616.0,0.7928772177711401
1617.0,0.7938775897706033
1618.0,0.7949107495170168
1619.0,0.796024550618222
1620.0,0.7971919284651134
1621.0,0.798315193325431
1622.0,0.7995293485891114
1623.0,0.8009636258950784
1624.0,0.8022494437798571
1625.0,0.8034425994418659
1626.0,0.8047135885129159
1627.0,0.8061616547488822
1628.0,0.8072282918956041
1629.0,0.8081428740128682
1630.0,0.8090049840878032
1631.0,0.8094576820104057
1632.0,0.8102271455678747
1633.0,0.8111483562249002
1634.0,0.8120394176745912
1635.0,0.8130716587797352
1636.0,0.8139842460242072
1637.0,0.8146898779470583
1638.0,0.815735340195937
1639.0,0.8169955313833092
1640.0,0.8180530759878627
1641.0,0.8194471030199875
1642.0,0.8203212148429863
1643.0,0.820439259458445
1644.0,0.821253353224562
1645.0,0.8221650963495755
1646.0,0.8232271561774009
1647.0,0.8249498150619777
1648.0,0.8261994358462456
1649.0,0.8272547804222099
1650.0,0.828209663972301
1651.0,0.8289846932657601
1652.0,0.8297265759705195
1653.0,0.8302003220599626
1654.0,0.8309501456951451
1655.0,0.8316366916271775
1656.0,0.832600019766515
1657.0,0.8340202591341234
1658.0,0.8351848612406285
1659.0,0.8365083707757197
1660.0,0.8376444264470334
1661.0,0.838461071478542
1662.0,0.8394135461582026
1663.0,0.8402979557300781
1664.0,0.8412617800256347
1665.0,0.8423326284395165
1666.0,0.8433829496439557
1667.0,0.8443803340985878
1668.0,0.8455384488116381
1669.0,0.8470991345925862
1670.0,0.8481563769247966
1671.0,0.8487629115302461
1672.0,0.8498425030647951
1673.0,0.8511251568240816
1674.0,0.8518364052978178
1675.0,0.8524504008552679
1676.0,0.8532900548734462
1677.0,0.8534999720990979
1678.0,0.8542254219173625
1679.0,0.8556698481312605
1680.0,0.8569452225911758
1681.0,0.8582328180995655
1682.0,0.8595003649180345
1683.0,0.8608759899609212
1684.0,0.8622084271595056
1685.0,0.8634225193188517
1686.0,0.8646799416482814
1687.0,0.8659919116772345
1688.0,0.8673271157030646
1689.0,0.8688583913502027
1690.0,0.8700455200364433
1691.0,0.8707941904432159
1692.0,0.8719623837055122
1693.0,0.8733491139634223
1694.0,0.8743407438036357
1695.0,0.8752662624007955
1696.0,0.8765344171086407
1697.0,0.8774811657851187
1698.0,0.8787342016260311
1699.0,0.8808552416658143
1700.0,0.8823797762589187
1701.0,0.8835753570183175
1702.0,0.8847310847212285
1703.0,0.885573432377076
1704.0,0.8864919391402495
1705.0,0.8874155692802835
1706.0,0.8883404668855399
1707.0,0.8891888438381983
1708.0,0.8902275007339825
1709.0,0.8914598500317348
1710.0,0.8924267833676747
1711.0,0.8932191211009237
1712.0,0.8943238383600074
1713.0,0.895376311744126
1714.0,0.8965025223826695
1715.0,0.8980547835951387
1716.0,0.8995084255326848
1717.0,0.9009539499691536
1718.0,0.9021329630848566
1719.0,0.9032017908755247
1720.0,0.9041119613737588
1721.0,0.9045437961125399
1722.0,0.9055028189375867
1723.0,0.906861863925991
1724.0,0.9080258095458388
1725.0,0.9094281087603003
1726.0,0.9103932672355634
1727.0,0.9109490254586005
1728.0,0.9116282459187502
1729.0,0.9120222550826244
1730.0,0.9127271683905698
1731.0,0.9134438792407776
1732.0,0.9145848960243713
1733.0,0.9162416568705667
1734.0,0.9175944706414885
1735.0,0.9191595798679646
1736.0,0.9205427575236612
1737.0,0.921703652370543
1738.0,0.922692833598756
1739.0,0.9236986961970505
1740.0,0.9244627948300134
1741.0,0.9247749944969879
1742.0,0.9255238011366588
1743.0,0.9264253667839787
1744.0,0.9271813075784159
1745.0,0.927899381380384
1746.0,0.9288433495634603
1747.0,0.9296022537677009
1748.0,0.9311709092061922
1749.0,0.9336655824638804
1750.0,0.9350002223239253
1751.0,0.9362823523043217
1752.0,0.9371928792966204
1753.0,0.9371572525664021
1754.0,0.938193777488091
1755.0,0.9391299732298687
1756.0,0.939945763910527
1757.0,0.941009955227705
1758.0,0.9419113877551929
1759.0,0.9425802653214163
1760.0,0.9436228752607859
1761.0,0.9444963599684711
1762.0,0.9448949950478696
1763.0,0.945568298782346
1764.0,0.9462111564517416
1765.0,0.9469013813817153
1766.0,0.9479252346123858
1767.0,0.9489373908177746
1768.0,0.9496332269029497
1769.0,0.9505298852337144
1770.0,0.9516843788733093
1771.0,0.9523681239355923
1772.0,0.9536050205555625
1773.0,0.9549109915622603
1774.0,0.955506086979295
1775.0,0.9566689175751665
1776.0,0.9574928050072484
1777.0,0.95773542272373
1778.0,0.958739225396355
1779.0,0.9599112449557138
1780.0,0.9611573388464639
1781.0,0.962144649112668
1782.0,0.9624328348190011
1783.0,0.9626456034305922
1784.0,0.9625172948342675
1785.0,0.9624697136967274
1786.0,0.9632812699925258
1787.0,0.9648235871989914
1788.0,0.966619754176137
1789.0,0.968482767276976
1790.0,0.9694463255248995
1791.0,0.9703527899572704
1792.0,0.9709991467048509
1793.0,0.972040783074118
1794.0,0.9735479511590132
1795.0,0.9748625208308885
1796.0,0.9761484267256196
1797.0,0.977223659018965
1798.0,0.9778069447948866
1799.0,0.9787195706674542
1800.0,0.9802088686911363
1801.0,0.9727035520775293
1802.0,0.975663071759188
1803.0,0.9783452672519578
1804.0,0.9802683672517948
1805.0,0.9820079463286789
1806.0,0.9831621638723846
1807.0,0.9837255014992966
1808.0,0.9844403451680002
1809.0,0.9843287157315828
1810.0,0.9854122324859191
1811.0,0.987219309795444
1812.0,0.9887813239896409
1813.0,0.9903011102897893
1814.0,0.9905563114382754
1815.0,0.9914168370280575
1816.0,0.9908971498439123
1817.0,0.9921171172551501
1818.0,0.994926860230815
1819.0,0.9968816658901452
1820.0,0.9995416131533958
1821.0,1.0014129992058096
1822.0,1.0030544059113953
1823.0,1.0035600229945876
1824.0,1.0045982854888706
1825.0,1.005108650713778
1826.0,1.0055047030272382
1827.0,1.0056549065066165
1828.0,1.005907002041153
1829.0,1.0054983705581098
1830.0,1.0058541427139034
1831.0,1.006097594752723
1832.0,1.0078330540882927
1833.0,1.009155962206904
1834.0,1.0098149196395443
1835.0,1.01111041034002
1836.0,1.0122446381307098
1837.0,1.0137224627380605
1838.0,1.0167000657158245
1839.0,1.0178462510454689
1840.0,1.0182924607287176
1841.0,1.0180849645683347
1842.0,1.0182124827095085
1843.0,1.0187933031823004
1844.0,1.0196018558311881
1845.0,1.0215750924932518
1846.0,1.0223447359453453
1847.0,1.0218096977525046
1848.0,1.0226338303895288
1849.0,1.023911997245407
1850.0,1.0244043560368035
1851.0,1.0252643652344697
1852.0,1.0259834385416906
1853.0,1.0251199286395398
1854.0,1.0262529397231661
1855.0,1.0275940727020245
1856.0,1.0282409729801383
1857.0,1.0288284066920523
1858.0,1.0286318783105937
1859.0,1.0293938901036144
1860.0,1.030464297110602
1861.0,1.031884761162016
1862.0,1.0325725531117567
1863.0,1.0337319439926755
1864.0,1.0339132031377527
1865.0,1.0343036347516776
1866.0,1.0356160647800676
1867.0,1.0362653665016806
1868.0,1.0368107485506777
1869.0,1.036765626641076
1870.0,1.0368897086025277
1871.0,1.0366389212636975
1872.0,1.0374705445538466
1873.0,1.0383554437152085
1874.0,1.0391230794608761
1875.0,1.0381206993285528
1876.0,1.036896878292357
1877.0,1.035186451555147
1878.0,1.0334197031194996
1879.0,1.0324196145142703
1880.0,1.0327482600109537
1881.0,1.0320279828431445
1882.0,1.0313631863396968
1883.0,1.029820100031742
1884.0,1.0282434554752835
1885.0,1.0272143806011316
1886.0,1.025357879456772
1887.0,1.024400557788122
1888.0,1.023856334448257
1889.0,1.0216946605595834
1890.0,1.0196434153090421
1891.0,1.0177201221232424
1892.0,1.014882472156694
1893.0,1.0112838783524127
1894.0,1.0097158988274815
1895.0,1.0074503313229106
1896.0,1.0044426375676099
1897.0,1.001887027905312
1898.0,0.9974940222309859
1899.0,0.9928053937480533
1900.0,0.9885024666480086
1901.0,0.9845980922040651
1902.0,0.980706804762358
1903.0,0.97778141871786
1904.0,0.9748500540631102
1905.0,0.9730111589956404
1906.0,0.9717081801916031
1907.0,0.9689865600199338
1908.0,0.9662386998396253
1909.0,0.9647561276832587
1910.0,0.9641531924722413
1911.0,0.9642490605211446
1912.0,0.9654461543454137
1913.0,0.9660320944779343
1914.0,0.9665110452685635
1915.0,0.9663724716872623
1916.0,0.9665729343951552
1917.0,0.966454980731047
1918.0,0.9667946822769221
1919.0,0.9670785944147947
1920.0,0.9672151686808186
1921.0,0.9674952338754044
1922.0,0.9675313578312894
1923.0,0.968129237949425
1924.0,0.9686182457890493
1925.0,0.9690036082620298
1926.0,0.9697764099910497
1927.0,0.9711191061615542
1928.0,0.9718076527497657
1929.0,0.9724831293164544
1930.0,0.9737457399697333
1931.0,0.9757278432443686
1932.0,0.9775926301008069
1933.0,0.9793521945521482
1934.0,0.9812499718271939
1935.0,0.9829773370370117
1936.0,0.9845047884129555
1937.0,0.9859505720517256
1938.0,0.9876256047507963
1939.0,0.9895661952687054
1940.0,0.9903894415712623
1941.0,0.990764528748365
1942.0,0.9929286363272006
1943.0,0.9945749402647286
1944.0,0.9952858432533088
1945.0,0.9967422931422372
1946.0,0.9982115876266927
1947.0,0.9995092233323916
1948.0,1.0007738856562987
1949.0,1.0025321075384388
1950.0,1.0045586085927678
1951.0,1.0052053769098712
1952.0,1.00598883156836
1953.0,1.0081932981380257
1954.0,1.010829331588137
1955.0,1.012892643493858
1956.0,1.0134771265717988
1957.0,1.0135999200513102
1958.0,1.013542339628273
1959.0,1.0141583836331975
1960.0,1.015565389104439
1961.0,1.0167270476317392
1962.0,1.0181506925077073
1963.0,1.0192180706438947
1964.0,1.0204038241922306
1965.0,1.0227180212367437
1966.0,1.0245637124793325
1967.0,1.0257979811151996
1968.0,1.0271555050175127
1969.0,1.0274213168353095
1970.0,1.029216387917037
1971.0,1.0324691286899013
1972.0,1.0346082984134475
1973.0,1.0368626723277812
1974.0,1.0389568283849566
1975.0,1.0405785404006211
1976.0,1.0415429465517523
1977.0,1.043727956949728
1978.0,1.0459798480593874
1979.0,1.047079633404472
1980.0,1.0479527892630738
1981.0,1.0487150923052457
1982.0,1.0497410479523108
1983.0,1.0510667169457484
1984.0,1.0524637634417389
1985.0,1.053619854188307
1986.0,1.0543071301786702
1987.0,1.0551328154741142
1988.0,1.055969570872396
1989.0,1.0565366759222814
1990.0,1.0582637814523963
1991.0,1.0594827302492988
1992.0,1.0605862729657338
1993.0,1.062903624474138
1994.0,1.0640692326638064
1995.0,1.0647331287387434
1996.0,1.0657229773330028
1997.0,1.0661395984376578
1998.0,1.0678994096992052
1999.0,1.0705803157903615
2000.0,1.0729950940352357
2001.0,1.0762512572341292
2002.0,1.0792327803423831
2003.0,1.0810814869038712
2004.0,1.0831991621616417
2005.0,1.0844630587995783
2006.0,1.0842350602116064
2007.0,1.0856257803484621
2008.0,1.0871960963716287
2009.0,1.0889633029101995
2010.0,1.092234063081957
2011.0,1.0947657938932125
2012.0,1.0965184417572669
2013.0,1.0982622998453062
2014.0,1.1001683548404249
2015.0,1.1021699404371907
2016.0,1.1024334228959722
2017.0,1.1033241874366577
2018.0,1.103822641813013
2019.0,1.1038959512084097
2020.0,1.106538726257173
2021.0,1.109830990414531
2022.0,1.1113072777313533
2023.0,1.1127496241953057
2024.0,1.1141303783276422
2025.0,1.113463711150683
2026.0,1.114554294843916
2027.0,1.1173930032686952
2028.0,1.1192978039057726
2029.0,1.1213816493482227
2030.0,1.1227956972839364
2031.0,1.1237357813391966
2032.0,1.1248794745900896
2033.0,1.1242263649310258
2034.0,1.1250811176798745
2035.0,1.1267177959572894
2036.0,1.1264935894954389
2037.0,1.1270485644611015
2038.0,1.1277803224104879
2039.0,1.128956185403951
2040.0,1.1305060269473592
2041.0,1.131959529482465
2042.0,1.134515557315046
2043.0,1.1357057006808373
2044.0,1.135201221687575
2045.0,1.1359609634784158
2046.0,1.1375577463572044
2047.0,1.1391534671984185
2048.0,1.1429356103949186
2049.0,1.1448243145711265
2050.0,1.1447365941107297
2051.0,1.14533469387104
2052.0,1.144878233668535
2053.0,1.1415562552062868
2054.0,1.1419346240028925
2055.0,1.1442652610398583
2056.0,1.145445831731985
2057.0,1.1482089214485725
2058.0,1.1499221477855763
2059.0,1.1505362527759992
2060.0,1.1505821598714456
2061.0,1.1521871777371944
2062.0,1.1552600576971197
2063.0,1.1568380117664032
2064.0,1.1569910857117431
2065.0,1.1566392903675766
2066.0,1.1552222066341469
2067.0,1.154987425426266
2068.0,1.1552291937829402
2069.0,1.156076314091516
2070.0,1.1579840027716721
2071.0,1.1590653564861895
2072.0,1.1599473700397875
2073.0,1.1611915088947564
2074.0,1.1626187239764092
2075.0,1.1633603624334579
2076.0,1.1641888496431607
2077.0,1.1651871304238262
2078.0,1.1675231071310235
2079.0,1.1705461221286388
2080.0,1.1727978201856575
2081.0,1.1761040722345903
2082.0,1.177267936939242
2083.0,1.1751440450895443
2084.0,1.1756697729217584
2085.0,1.1771098960097843
2086.0,1.17742077231215
2087.0,1.1782277496617435
2088.0,1.178338693343612
2089.0,1.176889804393657
2090.0,1.1767457877079934
2091.0,1.1769393366721428
2092.0,1.1775244088243604
2093.0,1.1790203949764726
2094.0,1.1799794564575137
2095.0,1.180830391233102
2096.0,1.1832510249368187
2097.0,1.1847981132867793
2098.0,1.1867391801481038
2099.0,1.1873966267531384
2100.0,1.187582164953401
2101.0,1.1870559368305666
2102.0,1.1842637132647387
2103.0,1.1834593280630763
2104.0,1.1828046528957112
2105.0,1.1829495542788893
2106.0,1.1841976079254257
2107.0,1.186141847869764
2108.0,1.1882016656948091
2109.0,1.190328801907177
2110.0,1.1917502898121812
2111.0,1.1930500552982626
2112.0,1.1922685093480325
2113.0,1.1910064819460329
2114.0,1.1914034037526442
2115.0,1.191704516138428
2116.0,1.1934832049606605
2117.0,1.1985171192637911
2118.0,1.199532405845379
2119.0,1.1989462107368127
2120.0,1.1985696817864928
2121.0,1.1960884527177906
2122.0,1.1953020479610794
2123.0,1.1955923683875775
2124.0,1.1957372776029582
2125.0,1.1956678573861987
2126.0,1.1960582052769764
2127.0,1.1973379625347367
2128.0,1.1983242008743802
2129.0,1.2001322602555289
2130.0,1.1999869137608674
2131.0,1.1996227190813893
2132.0,1.199712277861515
2133.0,1.2002712525662649
2134.0,1.2016492724492254
2135.0,1.2023956324057312
2136.0,1.2036819771211642
2137.0,1.2038837452141413
2138.0,1.2028374322383129
2139.0,1.2022365749126815
2140.0,1.2012218722197041
2141.0,1.2007380832249597
2142.0,1.2001115318817692
2143.0,1.200338089804217
2144.0,1.202424753441466
2145.0,1.20355914538229
2146.0,1.2041871232639192
2147.0,1.2052442928019274
2148.0,1.2038881075421748
2149.0,1.2021418723521609
2150.0,1.2040702703878639
2151.0,1.205475948086341
2152.0,1.2055202146878647
2153.0,1.206098194905457
2154.0,1.2065288678477217
2155.0,1.20443796600177
2156.0,1.2038796143706842
2157.0,1.2048444373450948
2158.0,1.2049736367010098
2159.0,1.205126211023018
2160.0,1.2055239018065333
2161.0,1.205917479336146
2162.0,1.206327744742391
2163.0,1.2075314972090283
2164.0,1.2060215382453576
2165.0,1.2053090041922774
2166.0,1.206195849794994
2167.0,1.2059282965871503
2168.0,1.2049190170477024
2169.0,1.2042295032015986
2170.0,1.2040321517718937
2171.0,1.204251122533984
2172.0,1.205562507630306
2173.0,1.2054820933645878
2174.0,1.2044807006844938
2175.0,1.2044747518399324
2176.0,1.203292581739918
2177.0,1.2042209273311621
2178.0,1.208230547061175
2179.0,1.2105118593437332
2180.0,1.2141859804750115
2181.0,1.2146186548117264
2182.0,1.211764432524303
2183.0,1.2103304587706094
2184.0,1.2074192312149452
2185.0,1.205279240024673
2186.0,1.2050254228611705
2187.0,1.2033117186695217
2188.0,1.2027018349878444
2189.0,1.2023579286724209
2190.0,1.2018593521300072
2191.0,1.2025539950210604
2192.0,1.2017943070665127
2193.0,1.2020215827389213
2194.0,1.202339850178541
2195.0,1.202999211123291
2196.0,1.2041155094257217
2197.0,1.2054937717452179
2198.0,1.2060854639815786
2199.0,1.2071066765097545
2200.0,1.2081378775755829
2201.0,1.209246071653991
2202.0,1.210381400948738
2203.0,1.2111591266248358
2204.0,1.2113830871824205
2205.0,1.211211917631232
2206.0,1.2113103290504224
2207.0,1.2091229559255872
2208.0,1.208600112817453
2209.0,1.2097962051292446
2210.0,1.2084417743823792
2211.0,1.2080631304857294
2212.0,1.2092943710358426
2213.0,1.2091915898318784
2214.0,1.2093011977192991
2215.0,1.2074694877598033
2216.0,1.2066922729655878
2217.0,1.2062057606076468
2218.0,1.2043646451061654
2219.0,1.203842428336952
2220.0,1.204511192820482
2221.0,1.2053984218789604
2222.0,1.2065171020204193
2223.0,1.2079625904282927
2224.0,1.212265449017259
2225.0,1.2136469350567847
2226.0,1.2123958385086062
2227.0,1.2132169802770412
2228.0,1.2131138475248537
2229.0,1.21352324724619
2230.0,1.2158784536081828
2231.0,1.2168790721309473
2232.0,1.216796432912342
2233.0,1.2179799743675586
2234.0,1.2173508158819295
2235.0,1.2180905789105987
2236.0,1.2188791335245046
2237.0,1.2198725648205937
2238.0,1.2209696008946525
2239.0,1.2225845318299207
2240.0,1.225955328050862
2241.0,1.2258182175064032
2242.0,1.2257111854575007
2243.0,1.2249623497342719
2244.0,1.2218001417255995
2245.0,1.2198981078263142
2246.0,1.2183151178123488
2247.0,1.2171526304216678
2248.0,1.217258288528336
2249.0,1.218087897081692
2250.0,1.2201678816306099
2251.0,1.2239830363013036
2252.0,1.2264309115475494
2253.0,1.2303863237090424
2254.0,1.230780150147616
2255.0,1.2295046847407431
2256.0,1.2286444661677705
2257.0,1.2245692833250754
2258.0,1.2219042020570996
2259.0,1.2198392973788907
2260.0,1.217659197157799
2261.0,1.2134562667139188
2262.0,1.2158834406477659
2263.0,1.2162094241288877
2264.0,1.2145792758417944
2265.0,1.2167891736025425
2266.0,1.217273291632523
2267.0,1.2173071399665825
2268.0,1.220151973782895
2269.0,1.222804257450577
2270.0,1.2235569669557316
2271.0,1.2241053005248876
2272.0,1.2253579703687876
2273.0,1.2198010254982503
2274.0,1.2136662949998682
2275.0,1.2121117227671254
2276.0,1.2094356226239
2277.0,1.2106068179181957
2278.0,1.2191106663422913
2279.0,1.2214617866098951
2280.0,1.2227203962155113
2281.0,1.222377595931477
2282.0,1.2189415388131033
2283.0,1.2164288555847345
2284.0,1.2135629708148166
2285.0,1.2111552393209812
2286.0,1.2067764411554205
2287.0,1.2065010676002998
2288.0,1.2089289524831297
2289.0,1.21020832871959
2290.0,1.2145133271637052
2291.0,1.2158621211754173
2292.0,1.213981775303441
2293.0,1.2141803154775288
2294.0,1.2158788120047244
2295.0,1.2165918413029182
2296.0,1.2172369517956059
2297.0,1.2180430861462879
2298.0,1.2167761810393436
2299.0,1.2143861693723395
2300.0,1.2149345917517356
2301.0,1.2143049123271044
2302.0,1.2159963487519105
2303.0,1.216049390550219
2304.0,1.2163145857402566
2305.0,1.2207491553687073
2306.0,1.221628135315443
2307.0,1.2237420644015147
2308.0,1.226085614764586
2309.0,1.2238149675194465
2310.0,1.222611076474783
2311.0,1.2264614843052661
2312.0,1.2314822631852085
2313.0,1.236018035879141
2314.0,1.240609004647182
2315.0,1.239837886110015
2316.0,1.2373335536546726
2317.0,1.2361289568495661
2318.0,1.2360973796340913
2319.0,1.23991686157661
2320.0,1.2413324717123704
2321.0,1.2445693661303847
2322.0,1.2418325383083162
2323.0,1.2336542979557594
2324.0,1.230033270355139
2325.0,1.2238158752185215
2326.0,1.2230751805192468
2327.0,1.2283217379677396
2328.0,1.230348198200383
2329.0,1.2333972316324393
2330.0,1.2335219317413344
2331.0,1.2318326378630347
2332.0,1.2307742959514805
2333.0,1.2297656656962752
2334.0,1.2265811816534433
2335.0,1.220575608525617
2336.0,1.2181906530812718
2337.0,1.2125976571387358
2338.0,1.2132960982137444
2339.0,1.2228260693319821
2340.0,1.227298009498706
2341.0,1.2341213624380065
2342.0,1.2389754108936346
2343.0,1.2406322932360843
2344.0,1.2399914233679292
2345.0,1.2368302748564894
2346.0,1.2348115397452273
2347.0,1.229598428979318
2348.0,1.227488055852579
2349.0,1.2319883963167746
2350.0,1.2308035961960724
2351.0,1.2297223189936122
2352.0,1.234839994495495
2353.0,1.2361352623955446
2354.0,1.2353954125393127
2355.0,1.241248603352836
2356.0,1.2464736704066268
2357.0,1.2480801656208287
2358.0,1.249330767443569
2359.0,1.241735950365219
2360.0,1.2270371719800233
2361.0,1.2180329124316087
2362.0,1.2177714998463813
2363.0,1.2196353353777134
2364.0,1.223071309644778
2365.0,1.225577145158365
2366.0,1.224514875012525
2367.0,1.2306006243871994
2368.0,1.2405641560596599
2369.0,1.2458480552466278
2370.0,1.2481194725203495
2371.0,1.2416540902549968
2372.0,1.232340112995763
2373.0,1.2298550512030948
2374.0,1.2295235469473225
2375.0,1.22988703705605
2376.0,1.229626623355841
2377.0,1.2169113377706082
2378.0,1.2071102327453491
2379.0,1.2039705613378247
2380.0,1.1985026662404152
2381.0,1.1979666112941527
2382.0,1.1960645253898234
2383.0,1.194776672407211
2384.0,1.1966640563659416
2385.0,1.1985225421209962
2386.0,1.1976824801635868
2387.0,1.195251677659356
2388.0,1.1928987686071197
2389.0,1.19639821523631
2390.0,1.2049503673458581
2391.0,1.2196153203906015
2392.0,1.2308276977769923
2393.0,1.2352447719986381
2394.0,1.24082687806898
2395.0,1.2282896841756128
2396.0,1.2188576075472435
2397.0,1.2192112556918848
2398.0,1.2126127697887092
2399.0,1.2108426975647046
2400.0,1.2081629963073006
2401.0,1.203629167578796
2402.0,1.2040328943954617
2403.0,1.2065031324157653
2404.0,1.2049302185798716
2405.0,1.1965809050147536
2406.0,1.1884096684936098
2407.0,1.1833285587885456
2408.0,1.185392111986707
2409.0,1.1917270544184808
2410.0,1.2101957217502128
2411.0,1.2351846713273595
2412.0,1.2488373506197517
2413.0,1.2610467268886227
2414.0,1.251706029029664
2415.0,1.2320641322404455
2416.0,1.2217595909516088
2417.0,1.216057416106933
2418.0,1.227561490235999
2419.0,1.2308700661895018
2420.0,1.227553563036162
2421.0,1.225388770315762
2422.0,1.2072375392417696
2423.0,1.2021367435515518
2424.0,1.2168540362690385
2425.0,1.222637189273766
2426.0,1.2138958461646403
2427.0,1.2067585740657467
2428.0,1.2010659825473395
2429.0,1.1975085289439726
2430.0,1.2108474550942212
2431.0,1.2184923291534024
2432.0,1.2132283483862099
2433.0,1.2035728204982017
2434.0,1.1883013624750656
2435.0,1.1817185975206927
2436.0,1.1725846988655537
2437.0,1.1647551030601722
2438.0,1.1562669482190278
2439.0,1.134371894259254
2440.0,1.1132169745661757
2441.0,1.1054011487911988
2442.0,1.1221757807920882
2443.0,1.1444966939823022
2444.0,1.1672932915111631
2445.0,1.1730484306902769
2446.0,1.158443911609799
2447.0,1.15672116696994
2448.0,1.143847128686151
2449.0,1.1437596136508035
2450.0,1.1560121297452772
2451.0,1.1407557738116603
2452.0,1.1406511904042729
2453.0,1.147080813587583
2454.0,1.128200977209837
2455.0,1.1407514785063422
2456.0,1.1592502797990738
2457.0,1.1507592765735846
2458.0,1.1569366802534888
2459.0,1.1293845251772046
2460.0,1.1065726570061296
2461.0,1.1252950014257175
2462.0,1.1320383203720548
2463.0,1.1470318657757974
2464.0,1.1541557642897609
2465.0,1.140192378671209
2466.0,1.1287144590264515
2467.0,1.1243930851605906
2468.0,1.142815018860421
2469.0,1.1331742710407129
2470.0,1.1281724866317335
2471.0,1.1076115077749618
2472.0,1.1047003351314169
2473.0,1.1248832488381317
2474.0,1.1264484510794657
2475.0,1.1357694812099122
2476.0,1.1469843372405153
2477.0,1.1590289384789225
2478.0,1.1574915015618386
2479.0,1.1472085679331923
2480.0,1.1311377687976603
2481.0,1.0724338441970775
2482.0,1.0636635342576857
2483.0,1.0916487650555273
2484.0,1.1082138223625468
2485.0,1.1630613350031964
2486.0,1.1772566952185026
2487.0,1.1648962434574652
2488.0,1.1473058729729868
2489.0,1.090083346193163
2490.0,1.0781348517372824
2491.0,1.0845752010234595
2492.0,1.079890481835238
2493.0,1.1007057871263057
2494.0,1.1104517054056666
2495.0,1.102428690723167
2496.0,1.0967285600188097
2497.0,1.0870445341141204
2498.0,1.0918499777108768
2499.0,1.0956730453201906
2500.0,1.1049185210889534
