350.0,-0.14594398668241948
351.0,-0.07980799827908612
352.0,-0.09175158664559674
353.0,-0.08011861973867286
354.0,-0.08476675800336043
355.0,-0.06955887233607469
356.0,-0.029902499690482198
357.0,-0.06740006654068924
358.0,-0.02610450157239858
359.0,0.0207727401648571
360.0,-0.008024590509516673
361.0,0.03847435101842308
362.0,0.03239744260669984
363.0,0.0014863945250953956
364.0,0.026859415428525827
365.0,0.0207348699828915
366.0,0.00442923541401556
367.0,0.0004249097412227589
368.0,0.017301002282425045
369.0,0.016126415170093465
370.0,0.020148317534227324
371.0,0.036791931265577435
372.0,0.04510873891729198
373.0,0.04952486914905172
374.0,0.03667729154011621
375.0,0.01400792190794313
376.0,0.0279243085133548
377.0,0.032714421989671845
378.0,0.042344892454887574
379.0,0.06440178736016601
380.0,0.04738428326351788
381.0,0.0361248295601343
382.0,0.03865700641725188
383.0,0.04679670453718302
384.0,0.04927817731127744
385.0,0.0524898783383864
386.0,0.05579313597118463
387.0,0.055109775358663536
388.0,0.05474668322408736
389.0,0.04494533316634904
390.0,0.03318333583552054
391.0,0.03970426555252719
392.0,0.057615837431178187
393.0,0.06418539797235037
394.0,0.05397085271133021
395.0,0.04862041799910763
396.0,0.04139669046358672
397.0,0.038799524833566655
398.0,0.04426223431680782
399.0,0.04914933975522035
400.0,0.055266420638093464
401.0,0.05737072015161113
402.0,0.05298713907831252
403.0,0.05922077692430996
404.0,0.05684735223016945
405.0,0.04944346670620566
406.0,0.052296086677824524
407.0,0.05995581985250333
408.0,0.06657653859930188
409.0,0.06604143238714444
410.0,0.05373111630677951
411.0,0.05504936031625571
412.0,0.06109762877791825
413.0,0.06291879203392975
414.0,0.061283626142316826
415.0,0.06162757631528371
416.0,0.06215736124535697
417.0,0.06103096102874978
418.0,0.06275893934101859
419.0,0.06151338597238944
420.0,0.06014628692822536
421.0,0.06362612432770232
422.0,0.06625292990225372
423.0,0.066202956836843
424.0,0.06458493052440235
425.0,0.06446659923374667
426.0,0.06569214635593275
427.0,0.06580193078457046
428.0,0.06443005450210294
429.0,0.06474747710260266
430.0,0.06615134245807895
431.0,0.06764377114304188
432.0,0.06820225176191604
433.0,0.06683331209425449
434.0,0.06625799244347638
435.0,0.0666430907986871
436.0,0.06685111523936005
437.0,0.06587300752503122
438.0,0.06594128604748102
439.0,0.06705656953403537
440.0,0.0671873533624215
441.0,0.06837442569301373
442.0,0.06797769937515981
443.0,0.06577601023656524
444.0,0.06707832053842583
445.0,0.06929990665606259
446.0,0.0688343310864517
447.0,0.06470062868325584
448.0,0.06636376920978619
449.0,0.0673946821421221
450.0,0.0668160689863734
451.0,0.06687889410510317
452.0,0.06660021158141409
453.0,0.06703221179798761
454.0,0.06776046206754387
455.0,0.06655484973235766
456.0,0.067312616591122
457.0,0.06840338543112172
458.0,0.06802539162632262
459.0,0.06671845595730569
460.0,0.06773305272426439
461.0,0.06906429450612114
462.0,0.0675888043161533
463.0,0.06660389955063772
464.0,0.06696183611018353
465.0,0.06829117854980181
466.0,0.06925539509730472
467.0,0.06885579422841305
468.0,0.06842809665726603
469.0,0.06861880286223562
470.0,0.06807470868926348
471.0,0.06704603539179163
472.0,0.06646299827950583
473.0,0.06694580411100264
474.0,0.06707753710848496
475.0,0.06679222090184814
476.0,0.06666926802841966
477.0,0.06749277150172694
478.0,0.0679008031867981
479.0,0.06828778637147126
480.0,0.06842121729694119
481.0,0.06682659317405111
482.0,0.06694114456738645
483.0,0.06769190029846182
484.0,0.06759275480244951
485.0,0.0681826312131325
486.0,0.06746314956375807
487.0,0.0664082249714168
488.0,0.06725641729840869
489.0,0.06836877254610674
490.0,0.06855545634745394
491.0,0.06760360494532396
492.0,0.06644826883058583
493.0,0.06673874723851696
494.0,0.06711183104141859
495.0,0.06668700007751328
496.0,0.06831088181136845
497.0,0.06924067812113709
498.0,0.06870949421517891
499.0,0.06729858485390713
500.0,0.0671493796473612
501.0,0.06793782284326363
502.0,0.0688535735205122
503.0,0.06889266240322517
504.0,0.06936802887863694
505.0,0.06963349658764453
506.0,0.0689869417081807
507.0,0.06749545127115203
508.0,0.06750165660996801
509.0,0.06839901284867266
510.0,0.06846728239171687
511.0,0.06905104283858578
512.0,0.06963676519647582
513.0,0.06955015725853309
514.0,0.06816825368427734
515.0,0.06777431309546826
516.0,0.06828189957401733
517.0,0.06903125683200823
518.0,0.06948360168278356
519.0,0.06987597586611968
520.0,0.0697409384418702
521.0,0.06860595703105575
522.0,0.06817496756835495
523.0,0.06848482255247214
524.0,0.06903606975626067
525.0,0.0689287508484648
526.0,0.06967121739181702
527.0,0.07006020926089451
528.0,0.06918685850378756
529.0,0.06879352166580957
530.0,0.06874529588924994
531.0,0.06900733873272852
532.0,0.06953333341918827
533.0,0.07008643720723498
534.0,0.0701455032049453
535.0,0.06985340388662639
536.0,0.07027694721516278
537.0,0.07002864924371312
538.0,0.06951687129294808
539.0,0.06944703978959317
540.0,0.06990592374021892
541.0,0.07001401114912564
542.0,0.069915473711131
543.0,0.07027468312667991
544.0,0.06966626400617806
545.0,0.06941687231397677
546.0,0.06997349061598997
547.0,0.0697666211266513
548.0,0.0698328302255224
549.0,0.07011724829708058
550.0,0.07028396761706711
551.0,0.07025706144477177
552.0,0.07007117462227447
553.0,0.06991294438745327
554.0,0.07007095680002469
555.0,0.07066479272375847
556.0,0.07106176603887233
557.0,0.07092726847647363
558.0,0.07076859493477279
559.0,0.07054233186840103
560.0,0.07041539629881519
561.0,0.07053912279760437
562.0,0.07063356196269598
563.0,0.07085009434199752
564.0,0.071032493080305
565.0,0.07072217014139756
566.0,0.07077945254387819
567.0,0.07097934886733111
568.0,0.07107957700757117
569.0,0.07151765881338373
570.0,0.07142462577529093
571.0,0.07101813736743842
572.0,0.07101131363645459
573.0,0.07122731492497271
574.0,0.07152523348201363
575.0,0.07161937644106722
576.0,0.07101548781353112
577.0,0.07126827476122184
578.0,0.07183761702934288
579.0,0.07188993643790359
580.0,0.07178855464291807
581.0,0.0717537215793859
582.0,0.07180370563518909
583.0,0.07181752078670947
584.0,0.07187479546897181
585.0,0.07204044338918045
586.0,0.0722571453882495
587.0,0.07223062026636073
588.0,0.07235536937929904
589.0,0.07254541496774344
590.0,0.0726170333136225
591.0,0.07280600895942198
592.0,0.07284995661708978
593.0,0.07273718859098162
594.0,0.07271790898928873
595.0,0.0727725884673337
596.0,0.07294887458515581
597.0,0.0732156575048021
598.0,0.07333727766535665
599.0,0.07329325365561798
600.0,0.07311546367233988
601.0,0.07292071108311814
602.0,0.07310151379698934
603.0,0.07356059342776675
604.0,0.07392896760197258
605.0,0.07353939545643089
606.0,0.07367528066518492
607.0,0.07395672542986789
608.0,0.07379864112181256
609.0,0.07364640018418625
610.0,0.07376688832345396
611.0,0.07411861528439086
612.0,0.07440172908032779
613.0,0.07414172261648129
614.0,0.0741105721892761
615.0,0.07452181551622232
616.0,0.07399533137945234
617.0,0.07421566471775555
618.0,0.07478785890244623
619.0,0.07477344889221174
620.0,0.07484609323778575
621.0,0.0750232106085622
622.0,0.07513875375065411
623.0,0.07489743363503844
624.0,0.07513261759671427
625.0,0.0754043968148221
626.0,0.07531801087280769
627.0,0.07545452062096601
628.0,0.075622511424129
629.0,0.07581146237345439
630.0,0.07607217340354931
631.0,0.0761444799229594
632.0,0.07615749142727983
633.0,0.0762373652347308
634.0,0.07644036886579025
635.0,0.07648303636812162
636.0,0.07655654287661862
637.0,0.07684702674509027
638.0,0.07685834038872078
639.0,0.07688972939176686
640.0,0.0769931376206704
641.0,0.0770025156297891
642.0,0.07701018125237093
643.0,0.07714619311763815
644.0,0.0774290916031894
645.0,0.07765580666488617
646.0,0.07751328005931425
647.0,0.07722132248548348
648.0,0.07720926936777352
649.0,0.0774992442616392
650.0,0.07793497129034618
651.0,0.07829886488427748
652.0,0.07833762080647359
653.0,0.07867926274690548
654.0,0.0789942107879312
655.0,0.07891836395647112
656.0,0.07873890315145184
657.0,0.078733766841184
658.0,0.07896735283514143
659.0,0.07931887168850076
660.0,0.07945043119575589
661.0,0.07951214336250186
662.0,0.07960140055131391
663.0,0.07958713049678305
664.0,0.07977596592869643
665.0,0.08005514863926927
666.0,0.08023605646736563
667.0,0.08052512135852229
668.0,0.08057222800532333
669.0,0.08055289195970732
670.0,0.08106870196748993
671.0,0.08094500898736737
672.0,0.08091442162254898
673.0,0.08146314074075416
674.0,0.08157223120976083
675.0,0.08169554425102095
676.0,0.08191553429788175
677.0,0.08212658861084389
678.0,0.08202137743597332
679.0,0.08209116356482415
680.0,0.08246929046670934
681.0,0.08275171522625822
682.0,0.08298376993167901
683.0,0.0829894609493995
684.0,0.08279511741056052
685.0,0.08328219066508155
686.0,0.08346823641720467
687.0,0.08342848857568302
688.0,0.08387906228320892
689.0,0.08439331321423628
690.0,0.08453565798893159
691.0,0.08429131795077843
692.0,0.08435949311522842
693.0,0.08472203046544521
694.0,0.085015629071544
695.0,0.08496767446854869
696.0,0.08542283901359841
697.0,0.08561607195997935
698.0,0.08553022018861302
699.0,0.08584007691909988
700.0,0.08613868746631889
701.0,0.08639484594688207
702.0,0.08663609154563091
703.0,0.08688398975960908
704.0,0.08700722860320514
705.0,0.08714040421193857
706.0,0.08747018366760678
707.0,0.08774397192799213
708.0,0.0879138002032726
709.0,0.08801914447359664
710.0,0.08817877156316632
711.0,0.08856289719172042
712.0,0.08882456528069171
713.0,0.08877449006754512
714.0,0.08907599213939647
715.0,0.08929594759851754
716.0,0.08944568042242221
717.0,0.08975463424253996
718.0,0.09005322473746741
719.0,0.0903426891783164
720.0,0.09058604933093684
721.0,0.09065754736959158
722.0,0.09094815865458637
723.0,0.0912650473756995
724.0,0.0913968821238667
725.0,0.09173510153552128
726.0,0.09207248073217798
727.0,0.09224473233144763
728.0,0.09218948448571086
729.0,0.09246124155404815
730.0,0.09292001098458967
731.0,0.0933378883870679
732.0,0.09350722797081103
733.0,0.09379127349855883
734.0,0.09409932338612499
735.0,0.09425876577085535
736.0,0.09443587259006148
737.0,0.09471516495635687
738.0,0.09507646519617095
739.0,0.09541541637909316
740.0,0.09573217331583454
741.0,0.09606704108980067
742.0,0.0963942660397334
743.0,0.09652691796135514
744.0,0.09660937823198615
745.0,0.09678239688957949
746.0,0.09714242357185347
747.0,0.09758852442107134
748.0,0.0979537717138394
749.0,0.09818092089643148
750.0,0.09834113850215145
751.0,0.09882826070541212
752.0,0.09914995394175971
753.0,0.0991150317034072
754.0,0.09960179577859381
755.0,0.10008143477651266
756.0,0.10041284255758966
757.0,0.1006261955887126
758.0,0.10085229144087768
759.0,0.10128296529761212
760.0,0.10182303351640466
761.0,0.10212370634978318
762.0,0.1025262387584471
763.0,0.10282503674329153
764.0,0.10295460382643976
765.0,0.10344912820107932
766.0,0.10363588825244918
767.0,0.10380209517729796
768.0,0.10442324114283233
769.0,0.10482281090911147
770.0,0.10506052664720127
771.0,0.10525655627230138
772.0,0.10554496923093379
773.0,0.10595874488275897
774.0,0.10635835190938586
775.0,0.10668647460400671
776.0,0.10717114178900396
777.0,0.10748041728276225
778.0,0.10768178379411888
779.0,0.10796700339717295
780.0,0.10831464223741075
781.0,0.10858782125212174
782.0,0.10887940504424662
783.0,0.10945337929940548
784.0,0.10989832266392019
785.0,0.11024512529193556
786.0,0.11056990632536952
787.0,0.11086352006033307
788.0,0.11123599639283788
789.0,0.11166805752009638
790.0,0.1121041906777648
791.0,0.11257141319721946
792.0,0.1129509320571171
793.0,0.11325763364939481
794.0,0.11360168766688619
795.0,0.11386225130381478
796.0,0.1142005615053302
797.0,0.11470115592541912
798.0,0.11526590845167041
799.0,0.11580907153968076
800.0,0.11614796000908567
801.0,0.11624652391214922
802.0,0.11663638099216289
803.0,0.11702608279984933
804.0,0.11742723431939521
805.0,0.11799494798426013
806.0,0.1184689554693383
807.0,0.11888427701729176
808.0,0.11931257249336287
809.0,0.11982875006762206
810.0,0.12018920041064593
811.0,0.12050192712045278
812.0,0.1208992052909184
813.0,0.12134962578616311
814.0,0.1218566933342155
815.0,0.12239501317915752
816.0,0.12290205887282953
817.0,0.12318393645879284
818.0,0.12358613850439504
819.0,0.12410051769073997
820.0,0.12441819162128838
821.0,0.12505351754306887
822.0,0.1256983640504328
823.0,0.12615056772789984
824.0,0.12662914731332717
825.0,0.12711512395389737
826.0,0.1275896949907576
827.0,0.12803513105888215
828.0,0.1284426103226717
829.0,0.12907109527172053
830.0,0.12975776420246438
831.0,0.13015757115344553
832.0,0.13045138277118595
833.0,0.1308549989023347
834.0,0.1313553063076183
835.0,0.13170735332255049
836.0,0.13229506655137524
837.0,0.13306113203578848
838.0,0.13377901131798423
839.0,0.1340545530307877
840.0,0.13438344278133427
841.0,0.1348504917043365
842.0,0.135381930499777
843.0,0.1358660972773785
844.0,0.13645832253502366
845.0,0.13710634109328723
846.0,0.1376497532597985
847.0,0.138180640899415
848.0,0.13852684096240647
849.0,0.13877949355678934
850.0,0.13932062384157326
851.0,0.13993494414454016
852.0,0.14055303796464905
853.0,0.1411561026532045
854.0,0.1417796757203165
855.0,0.14232356899954682
856.0,0.1428270035349297
857.0,0.14332794592502482
858.0,0.14367809471238113
859.0,0.1441981800858639
860.0,0.14482474979105728
861.0,0.14533285300292417
862.0,0.14595939672348215
863.0,0.1464897485636124
864.0,0.14696919831492394
865.0,0.1476647011263127
866.0,0.14814905181564056
867.0,0.1485984257149043
868.0,0.14912567820469372
869.0,0.1495961541024944
870.0,0.15032094221506637
871.0,0.1510585994813539
872.0,0.1516017559872859
873.0,0.15220519619527217
874.0,0.152806191032112
875.0,0.15330063829043453
876.0,0.153650652601003
877.0,0.15414712591940025
878.0,0.15493214653620305
879.0,0.15576187386025853
880.0,0.15627756042556848
881.0,0.15704395427183057
882.0,0.15771615178925288
883.0,0.15820950084572297
884.0,0.15876669883423813
885.0,0.15942760787959356
886.0,0.1599894055402135
887.0,0.16045868256894988
888.0,0.16120301784037888
889.0,0.1620839598990633
890.0,0.16283062028303433
891.0,0.16329911436569813
892.0,0.16368201549772377
893.0,0.1643520261267118
894.0,0.1650790677267438
895.0,0.16559920341299983
896.0,0.16638699735124662
897.0,0.16673856042982016
898.0,0.16701561988299646
899.0,0.16792018669118716
900.0,0.1690144247954042
901.0,0.16977652165415014
902.0,0.1701784287722974
903.0,0.17059556381679836
904.0,0.1713804123132181
905.0,0.1721867120438006
906.0,0.17284487912905763
907.0,0.17345912903081687
908.0,0.17409313987631087
909.0,0.17464504911060866
910.0,0.1751004943851363
911.0,0.17561134214220148
912.0,0.17674547225527465
913.0,0.17780948447224473
914.0,0.17837257164187217
915.0,0.1790483091800719
916.0,0.1797650581711131
917.0,0.1804159570104692
918.0,0.18096426398161897
919.0,0.18163831973379344
920.0,0.18209757246757852
921.0,0.1828180908298825
922.0,0.18406815585040168
923.0,0.18441280697250687
924.0,0.18476880133168797
925.0,0.1854713131215983
926.0,0.18648925472295189
927.0,0.1875613936563845
928.0,0.18828899703464844
929.0,0.1885874769519571
930.0,0.1887733539529822
931.0,0.1901180463749558
932.0,0.19110467457797686
933.0,0.19172413140227135
934.0,0.1929170826709694
935.0,0.1931537017781509
936.0,0.193508349834571
937.0,0.19438187956412437
938.0,0.19536425170327054
939.0,0.19651971803774787
940.0,0.19735982744118152
941.0,0.19803965047275882
942.0,0.19927161508521551
943.0,0.19962536064504097
944.0,0.19993990459553473
945.0,0.20080516786668326
946.0,0.20199418509581335
947.0,0.20250261479100323
948.0,0.20336206944925816
949.0,0.2047068497463489
950.0,0.20505145840162722
951.0,0.2057349796642799
952.0,0.20609387227747644
953.0,0.20625252268328054
954.0,0.20797623514598915
955.0,0.20891463305504407
956.0,0.2095312563173014
957.0,0.21032814779977832
958.0,0.2107980953430551
959.0,0.211260980070971
960.0,0.21233177685442353
961.0,0.21404559826728883
962.0,0.21533824239835556
963.0,0.21506419302532828
964.0,0.2156054179581524
965.0,0.21767358332387068
966.0,0.2172280250673421
967.0,0.21802403760050168
968.0,0.21935711236455827
969.0,0.22020050840491537
970.0,0.22116982101367832
971.0,0.221695442790641
972.0,0.222184893198099
973.0,0.22295013008638356
974.0,0.22361484475489538
975.0,0.22398094870219515
976.0,0.22520348441188562
977.0,0.227313143378373
978.0,0.22768700394853075
979.0,0.22813448353583607
980.0,0.22880780655573424
981.0,0.22973532571243152
982.0,0.23137514134048187
983.0,0.2318791816785833
984.0,0.2328062431518528
985.0,0.2346254713560287
986.0,0.23472505959698606
987.0,0.23523596508324768
988.0,0.23506861329304413
989.0,0.2348195861558058
990.0,0.23818484431686068
991.0,0.23831183208217402
992.0,0.23887052882023938
993.0,0.24142353387426707
994.0,0.2419824271585809
995.0,0.242667581234637
996.0,0.2429865912249072
997.0,0.24337497981102346
998.0,0.24544706478325892
999.0,0.24622787318379355
1000.0,0.24697637984926976
1001.0,0.24960902919744044
1002.0,0.24909654146326352
1003.0,0.24941684386735863
1004.0,0.25057545566722084
1005.0,0.2528536315969072
1006.0,0.2543743335513424
1007.0,0.25562336046445916
1008.0,0.2553796559794028
1009.0,0.25640787706073404
1010.0,0.2560586776047283
1011.0,0.2571446525693948
1012.0,0.26246378884385463
1013.0,0.2647879786902872
1014.0,0.2660824241915318
1015.0,0.2672674647777068
1016.0,0.26862956469144933
1017.0,0.267537670721767
1018.0,0.268563028465489
1019.0,0.2730825689024347
1020.0,0.2754299728475435
1021.0,0.27639768916356255
1022.0,0.27727012386393285
1023.0,0.27715491574943274
1024.0,0.27696980771936097
1025.0,0.27609838509382656
1026.0,0.27471489433452173
1027.0,0.2739707022653507
1028.0,0.2756909469221852
1029.0,0.2764194253013468
1030.0,0.2781093001799379
1031.0,0.279211243447268
1032.0,0.28038708088689634
1033.0,0.28063188026149805
1034.0,0.28190378916079717
1035.0,0.28351992968017936
1036.0,0.2842232831165889
1037.0,0.28384154992556104
1038.0,0.28377003297463654
1039.0,0.2852450246728551
1040.0,0.28798300628793577
1041.0,0.2892782014600266
1042.0,0.28905884299024703
1043.0,0.29055484434465906
1044.0,0.2924993101083688
1045.0,0.2941361270322868
1046.0,0.29664501790193615
1047.0,0.30041099953521055
1048.0,0.3015178013647036
1049.0,0.3010248579715332
1050.0,0.3023142711798499
1051.0,0.3020671633442175
1052.0,0.30085482389943025
1053.0,0.30124857060406934
1054.0,0.3002836372628653
1055.0,0.30094348893585887
1056.0,0.3026817484957522
1057.0,0.30648955472194894
1058.0,0.3090022691399074
1059.0,0.31066841353517066
1060.0,0.3113616670683414
1061.0,0.3126069568259032
1062.0,0.3133266986050429
1063.0,0.3134292177757372
1064.0,0.3148632699106039
1065.0,0.31367165141252995
1066.0,0.3123207828082627
1067.0,0.31376996634529813
1068.0,0.31479551465115163
1069.0,0.31804224074521237
1070.0,0.3228801719708655
1071.0,0.32502829116918747
1072.0,0.3261769812161897
1073.0,0.32653201377180235
1074.0,0.32643463212227114
1075.0,0.32662885531289887
1076.0,0.3289577644352767
1077.0,0.3319699911000632
1078.0,0.33341704326788085
1079.0,0.3339848163553884
1080.0,0.3346161890962255
1081.0,0.3354543610008567
1082.0,0.33682132465068865
1083.0,0.3378359394795053
1084.0,0.33900626442534426
1085.0,0.3401252542681548
1086.0,0.34087633117670146
1087.0,0.3412641910294499
1088.0,0.3427365749847591
1089.0,0.34373532645101285
1090.0,0.34437020545977653
1091.0,0.3467695814194852
1092.0,0.3487616725581401
1093.0,0.34938178392585345
1094.0,0.35027280571863273
1095.0,0.3504525392803215
1096.0,0.35061505327648534
1097.0,0.35161753337044854
1098.0,0.35303013864622407
1099.0,0.3541666878177812
1100.0,0.3551520640352834
1101.0,0.35632222279970827
1102.0,0.3576231432451147
1103.0,0.3585907734041569
1104.0,0.35978758070979583
1105.0,0.3616774091893631
1106.0,0.3630398529979922
1107.0,0.36451401190009103
1108.0,0.36624908629203146
1109.0,0.3678225328556081
1110.0,0.36916117186989383
1111.0,0.3705070526648199
1112.0,0.3713351507631967
1113.0,0.3711960857946442
1114.0,0.3721268062281012
1115.0,0.373255773625063
1116.0,0.374242351316502
1117.0,0.3758954190164957
1118.0,0.37729987016563005
1119.0,0.3781898032795023
1120.0,0.3795127527486587
1121.0,0.3811158565390148
1122.0,0.3831344214393862
1123.0,0.3850817596761821
1124.0,0.3860668968807647
1125.0,0.3872166355343299
1126.0,0.388054761607751
1127.0,0.3890833547501503
1128.0,0.3901785678282233
1129.0,0.3914571774182637
1130.0,0.3929114307463763
1131.0,0.3940354511677503
1132.0,0.3951118301055399
1133.0,0.395885873757944
1134.0,0.3961753228977537
1135.0,0.39696496536454434
1136.0,0.3976459971554084
1137.0,0.3990889228444152
1138.0,0.40064176012838265
1139.0,0.40205433769495924
1140.0,0.40406205094347397
1141.0,0.4053322036749009
1142.0,0.40659277642534003
1143.0,0.40781598484142517
1144.0,0.40920878482054035
1145.0,0.41027165261629145
1146.0,0.4115942581626821
1147.0,0.41341536998829426
1148.0,0.41475497158645647
1149.0,0.41552112157992943
1150.0,0.4172108295813627
1151.0,0.41825207850566104
1152.0,0.4194602459793468
1153.0,0.42153661047242597
1154.0,0.4223503815301088
1155.0,0.42340237097243716
1156.0,0.424709115514749
1157.0,0.4262117159977024
1158.0,0.42798763654598204
1159.0,0.42944093891991497
1160.0,0.43106453711170006
1161.0,0.43247069780356234
1162.0,0.4330818658134488
1163.0,0.43440276370408326
1164.0,0.4365030884127223
1165.0,0.4380013643850448
1166.0,0.4395958293769475
1167.0,0.4409218535438936
1168.0,0.44122901971017814
1169.0,0.4419115284977501
1170.0,0.44296047575282715
1171.0,0.4439058542701415
1172.0,0.44495610273329195
1173.0,0.4462881205773895
1174.0,0.447492234522372
1175.0,0.4484995012314019
1176.0,0.44977157620860936
1177.0,0.4514048803008536
1178.0,0.45293470176716155
1179.0,0.4545445416984304
1180.0,0.45599653963783776
1181.0,0.4577604711862943
1182.0,0.45862713059327165
1183.0,0.45945214869974754
1184.0,0.4602849191667651
1185.0,0.4612587017976486
1186.0,0.46303702574223127
1187.0,0.4647249800652271
1188.0,0.4672066722002989
1189.0,0.46867359993755286
1190.0,0.4695538305736784
1191.0,0.4707961221401869
1192.0,0.4717579960429959
1193.0,0.4729228798717596
1194.0,0.47447141472331067
1195.0,0.4758890437969781
1196.0,0.47739627465220175
1197.0,0.4784425121723326
1198.0,0.4793086221509225
1199.0,0.48000730982767914
1200.0,0.480281207014997
1201.0,0.4815577108816316
1202.0,0.48323237259675733
1203.0,0.484027079116581
1204.0,0.48526192425280995
1205.0,0.486405238892426
1206.0,0.48778095849640607
1207.0,0.48954216700677433
1208.0,0.49109735361788526
1209.0,0.4927529371231176
1210.0,0.4940849089201359
1211.0,0.49490056948204875
1212.0,0.49620245455324347
1213.0,0.49761974945907944
1214.0,0.49910542528733337
1215.0,0.5010787468222222
1216.0,0.502638976346601
1217.0,0.504026160567213
1218.0,0.5057558621162688
1219.0,0.5071465167354775
1220.0,0.5084677497458439
1221.0,0.5097193500785601
1222.0,0.5108039254490538
1223.0,0.5117907593990794
1224.0,0.5126497694001881
1225.0,0.5135963350426476
1226.0,0.5141485382169136
1227.0,0.515379525030195
1228.0,0.5173700413471909
1229.0,0.5187037210727927
1230.0,0.5200466507771381
1231.0,0.521331005353333
1232.0,0.5221482354510849
1233.0,0.5228815010622927
1234.0,0.5245959033701046
1235.0,0.5265572848998051
1236.0,0.528370747839795
1237.0,0.5307583606400263
1238.0,0.5322422463539094
1239.0,0.5330181385688915
1240.0,0.5344764992137988
1241.0,0.535907161039444
1242.0,0.5372945902931516
1243.0,0.5391830462540596
1244.0,0.5406034877338652
1245.0,0.541182349142545
1246.0,0.5425874456107145
1247.0,0.5446469802581987
1248.0,0.5461875314018981
1249.0,0.5480659572419816
1250.0,0.5495184229319683
1251.0,0.5501283260593043
1252.0,0.5510383429618465
1253.0,0.5523079655346929
1254.0,0.5538532724242377
1255.0,0.5550892127452483
1256.0,0.5564800773188464
1257.0,0.5577886092639542
1258.0,0.5587495038149799
1259.0,0.5600177663024319
1260.0,0.5618190574639959
1261.0,0.5630417891101902
1262.0,0.5636730849306595
1263.0,0.5648799849777238
1264.0,0.5661712979933496
1265.0,0.5674676867766952
1266.0,0.569289822130524
1267.0,0.5707925966676262
1268.0,0.5721236626618225
1269.0,0.5731935009837552
1270.0,0.5744617468604545
1271.0,0.5758544669686901
1272.0,0.5769021813987133
1273.0,0.5777290970113096
1274.0,0.5788005086935039
1275.0,0.5796864920401334
1276.0,0.5808125216101865
1277.0,0.5821704799745082
1278.0,0.5835736438037611
1279.0,0.5852248479531356
1280.0,0.5865013389755337
1281.0,0.5875931071513838
1282.0,0.5889429611932622
1283.0,0.5899696477324203
1284.0,0.5913781607672427
1285.0,0.5933334734606542
1286.0,0.5951414696841892
1287.0,0.5971592550918801
1288.0,0.5989326843682842
1289.0,0.6005507449410854
1290.0,0.6022210008335793
1291.0,0.6033824407921207
1292.0,0.603923268937072
1293.0,0.6050643501806483
1294.0,0.6059640036600027
1295.0,0.6073989970112024
1296.0,0.6096027253140646
1297.0,0.6112108097417256
1298.0,0.6128831167822255
1299.0,0.614261032432787
1300.0,0.6150175475031228
1301.0,0.6162706930500751
1302.0,0.6177248506580638
1303.0,0.6190518993943124
1304.0,0.6203695671856294
1305.0,0.6219315443838481
1306.0,0.6235763731590453
1307.0,0.6252810938771198
1308.0,0.6266491323674509
1309.0,0.6281156876817441
1310.0,0.6295118969852012
1311.0,0.6303642964340528
1312.0,0.6318224299769334
1313.0,0.6338805857362707
1314.0,0.6353894862984895
1315.0,0.6366285005538872
1316.0,0.6382012469483527
1317.0,0.639952690825344
1318.0,0.6413386743769969
1319.0,0.642816361119299
1320.0,0.6441212836106932
1321.0,0.6447152066191016
1322.0,0.6458655758373272
1323.0,0.6473294669574694
1324.0,0.6488219047401272
1325.0,0.6505593711026013
1326.0,0.652260522968133
1327.0,0.6539896935366977
1328.0,0.655898553303526
1329.0,0.6573387475968576
1330.0,0.658652330447177
1331.0,0.6598222441176284
1332.0,0.6605081046943659
1333.0,0.661646217298397
1334.0,0.6629387696450917
1335.0,0.6641933479901251
1336.0,0.6654372680867291
1337.0,0.6669296766315966
1338.0,0.6685529059750746
1339.0,0.6701601421651299
1340.0,0.6722478478173959
1341.0,0.673792328854023
1342.0,0.6748539371225579
1343.0,0.6761668291229794
1344.0,0.6771353444971361
1345.0,0.678502917089616
1346.0,0.6804297591671713
1347.0,0.6821653591430425
1348.0,0.6835765637536224
1349.0,0.6850135541534765
1350.0,0.6861882875118855
1351.0,0.686716010490422
1352.0,0.6879986007774659
1353.0,0.6895319892981463
1354.0,0.6910799268998181
1355.0,0.6929736023161949
1356.0,0.6946532963530679
1357.0,0.6964195787175361
1358.0,0.6978838142946301
1359.0,0.6992213989696293
1360.0,0.7004811566228987
1361.0,0.7013760140433779
1362.0,0.7024894036276369
1363.0,0.7034583978019668
1364.0,0.7047769430581879
1365.0,0.7065535511273447
1366.0,0.7079840738855835
1367.0,0.709341669619576
1368.0,0.7108658945950064
1369.0,0.7123282133955722
1370.0,0.7136610712230671
1371.0,0.7148007024210782
1372.0,0.7159773032909378
1373.0,0.7171243592664537
1374.0,0.717831915498172
1375.0,0.7190266141670844
1376.0,0.7206261256485065
1377.0,0.722013306354357
1378.0,0.7234281456244489
1379.0,0.7248312276701889
1380.0,0.7262408204562866
1381.0,0.7276329285434754
1382.0,0.7291728983751554
1383.0,0.7303847587765556
1384.0,0.7313268073753343
1385.0,0.7323514770512034
1386.0,0.7330365289815286
1387.0,0.7340381149450513
1388.0,0.7352625513691767
1389.0,0.7365576951976816
1390.0,0.7381753859917062
1391.0,0.7395779806290356
1392.0,0.740835087067718
1393.0,0.7420852348361151
1394.0,0.7431573190973753
1395.0,0.7439484030382775
1396.0,0.7448902456187062
1397.0,0.7457992295432461
1398.0,0.7467333374089201
1399.0,0.7475736359914972
1400.0,0.7486460781987896
1401.0,0.7498644241794094
1402.0,0.7510514095143445
1403.0,0.7524600509871076
1404.0,0.7536730421211599
1405.0,0.7547576468893737
1406.0,0.7558813756870755
1407.0,0.7568317951442998
1408.0,0.75797586794679
1409.0,0.7593381748658236
1410.0,0.7605022118651836
1411.0,0.761519989259396
1412.0,0.7627795574520795
1413.0,0.7640061084656092
1414.0,0.765382500804482
1415.0,0.7668813953324086
1416.0,0.7685682156280791
1417.0,0.7697268987504706
1418.0,0.7705396444518935
1419.0,0.7715723824668427
1420.0,0.7722813406571251
1421.0,0.7734495729690333
1422.0,0.7749430326008854
1423.0,0.7763201718167159
1424.0,0.7781283095802617
1425.0,0.7792225831574641
1426.0,0.7796350175161514
1427.0,0.780766742959373
1428.0,0.7818965157362657
1429.0,0.7830160540796589
1430.0,0.7847625662449201
1431.0,0.7860701518959397
1432.0,0.786928875397254
1433.0,0.7878953336892852
1434.0,0.7887969507047721
1435.0,0.7898370881640346
1436.0,0.7909310782397667
1437.0,0.7919507744986155
1438.0,0.7928929494463822
1439.0,0.7940723046855073
1440.0,0.7955666944551594
1441.0,0.7968277712691421
1442.0,0.79820137750381
1443.0,0.7996231776570494
1444.0,0.8009631508779743
1445.0,0.8019860566977461
1446.0,0.8032484433467072
1447.0,0.8047383968764144
1448.0,0.8061007512646363
1449.0,0.8073455437283618
1450.0,0.8087141395090793
1451.0,0.8101800294886148
1452.0,0.8116095711370663
1453.0,0.8130736136306416
1454.0,0.8144577250686008
1455.0,0.8158332197489178
1456.0,0.8171756460594202
1457.0,0.8184595485939975
1458.0,0.8197171210945577
1459.0,0.8210101994022665
1460.0,0.8221886743019337
1461.0,0.8231650346334457
1462.0,0.824339472038824
1463.0,0.8254627083939647
1464.0,0.826723914974475
1465.0,0.828253093036877
1466.0,0.829624571468499
1467.0,0.8308616237215946
1468.0,0.8324041692927747
1469.0,0.8336682320518011
1470.0,0.834951782857703
1471.0,0.8362984393571461
1472.0,0.837772646479197
1473.0,0.8389182981931956
1474.0,0.8398789661882783
1475.0,0.8411163117764178
1476.0,0.8422532464407124
1477.0,0.843488426910426
1478.0,0.8450655479037222
1479.0,0.8463245026084528
1480.0,0.847210420906672
1481.0,0.8485490977336877
1482.0,0.8501247721900177
1483.0,0.8515269612460726
1484.0,0.8531482430676153
1485.0,0.8545270426415013
1486.0,0.8554546563227476
1487.0,0.8568639145547386
1488.0,0.8585260505009257
1489.0,0.8600347760016077
1490.0,0.8618726117539346
1491.0,0.863346772018146
1492.0,0.8643759038698879
1493.0,0.865743161018593
1494.0,0.8671981331402134
1495.0,0.8685898245341522
1496.0,0.8702082962077992
1497.0,0.8715827064793248
1498.0,0.8725591695026194
1499.0,0.8738044010560477
1500.0,0.8750173848744975
1501.0,0.8764702083540562
1502.0,0.8781142446028775
1503.0,0.8798022243459642
1504.0,0.881046722198637
1505.0,0.8820846058748459
1506.0,0.8831798216557025
1507.0,0.8837925328671562
1508.0,0.8851477199533987
1509.0,0.8869949565782052
1510.0,0.8884610999679585
1511.0,0.8901239313489487
1512.0,0.8916077789504355
1513.0,0.892793055884087
1514.0,0.8941208382891095
1515.0,0.8955017689117671
1516.0,0.896954621611848
1517.0,0.8982952859824956
1518.0,0.8999047246700542
1519.0,0.9020789001933078
1520.0,0.9035261517660168
1521.0,0.904640359686184
1522.0,0.9059311916355551
1523.0,0.90664175535277
1524.0,0.9079118332329742
1525.0,0.9099352461656849
1526.0,0.9113919407139397
1527.0,0.9127045888650059
1528.0,0.9140338898048307
1529.0,0.914965017654087
1530.0,0.9161595474729343
1531.0,0.9176042336905117
1532.0,0.9189597020775683
1533.0,0.9204312646068202
1534.0,0.9217423576809021
1535.0,0.9230105262215547
1536.0,0.9241575170614141
1537.0,0.9250562556394929
1538.0,0.9260519502490437
1539.0,0.9270740807009802
1540.0,0.9280942220982801
1541.0,0.9294240988156012
1542.0,0.9310111323454598
1543.0,0.9324983248763346
1544.0,0.9342321423106665
1545.0,0.9355994651925659
1546.0,0.9368702351169997
1547.0,0.9379498409881533
1548.0,0.9386279341855155
1549.0,0.9398047794717505
1550.0,0.9411218173872944
1551.0,0.9423077371581465
1552.0,0.9436707895859189
1553.0,0.9449719403604904
1554.0,0.9460713817186523
1555.0,0.9473360332294282
1556.0,0.9488812179263569
1557.0,0.9501609749614968
1558.0,0.9512235176773172
1559.0,0.9524556261155755
1560.0,0.9537384524326269
1561.0,0.9549603130644991
1562.0,0.9561279646091259
1563.0,0.95744829395661
1564.0,0.9588427320761091
1565.0,0.9601582739692255
1566.0,0.9616667919070118
1567.0,0.962965858166248
1568.0,0.9640204541306251
1569.0,0.9651433828866327
1570.0,0.9660940868212384
1571.0,0.9673203381463477
1572.0,0.9687720596615669
1573.0,0.9700899647937747
1574.0,0.9715670989237113
1575.0,0.9729166465468773
1576.0,0.973921323517173
1577.0,0.9752389921549158
1578.0,0.976872949205529
1579.0,0.9782661110516473
1580.0,0.9797412809481927
1581.0,0.9810726970805762
1582.0,0.9820011329209906
1583.0,0.9831909026988531
1584.0,0.9844867772232164
1585.0,0.9858246353461095
1586.0,0.9876223003855559
1587.0,0.9889069024944933
1588.0,0.9896887037058877
1589.0,0.9907491655968291
1590.0,0.9917897593438507
1591.0,0.9925323354570788
1592.0,0.9936571144921762
1593.0,0.9951525288456001
1594.0,0.9964132650011525
1595.0,0.9975333691476534
1596.0,0.9989600891431568
1597.0,1.0006112096991318
1598.0,1.0020002364491727
1599.0,1.0034479379132726
1600.0,1.0047901257857
1601.0,1.0058019378809215
1602.0,1.0073077053620225
1603.0,1.009241138208476
1604.0,1.0105599341211002
1605.0,1.0117205554075734
1606.0,1.013094048893388
1607.0,1.014229233062554
1608.0,1.015426627174502
1609.0,1.0171950494076867
1610.0,1.0180440971423412
1611.0,1.0180631541600016
1612.0,1.0187278325302362
1613.0,1.0191672206500753
1614.0,1.0200505769448758
1615.0,1.021504669439275
1616.0,1.0226106453756887
1617.0,1.0236874155293463
1618.0,1.0247954890843318
1619.0,1.025878209416999
1620.0,1.0269468555315049
1621.0,1.028010084189975
1622.0,1.0291496395250135
1623.0,1.0303207509815506
1624.0,1.0314079097683764
1625.0,1.0325849090403478
1626.0,1.0336348913151634
1627.0,1.0347090817517317
1628.0,1.0354140503030091
1629.0,1.0357740975509016
1630.0,1.036371658154939
1631.0,1.0365211021254708
1632.0,1.0373073456676376
1633.0,1.0387279543503076
1634.0,1.0398313163522723
1635.0,1.0409658263390715
1636.0,1.0422416697341992
1637.0,1.0435854924300199
1638.0,1.0448170876370364
1639.0,1.0462465018376197
1640.0,1.0474852399541073
1641.0,1.0485284534488826
1642.0,1.0494681789715017
1643.0,1.0503696181515674
1644.0,1.051141296234153
1645.0,1.051442165394806
1646.0,1.0522399548874906
1647.0,1.0532324020665234
1648.0,1.0542933825842111
1649.0,1.0559994696138144
1650.0,1.0569869245147245
1651.0,1.0574752686027193
1652.0,1.0581774962520334
1653.0,1.0586077081754977
1654.0,1.0591316765847
1655.0,1.0599947277806954
1656.0,1.060551687197708
1657.0,1.0607766643628418
1658.0,1.0611426413381524
1659.0,1.0612201459420771
1660.0,1.061779892198101
1661.0,1.0627902473899762
1662.0,1.0635232122402534
1663.0,1.0644412474802618
1664.0,1.065280709687243
1665.0,1.0659516035521972
1666.0,1.0665464697330014
1667.0,1.066993263643197
1668.0,1.0677723359761404
1669.0,1.0684844482735352
1670.0,1.0693741022897023
1671.0,1.0708559578456258
1672.0,1.0719863981540354
1673.0,1.0728112752668806
1674.0,1.0738677300854451
1675.0,1.0748794120187803
1676.0,1.0760075801690687
1677.0,1.0774150933588713
1678.0,1.078738370800799
1679.0,1.0799821972387478
1680.0,1.0813544056323325
1681.0,1.0826081243071553
1682.0,1.084200165860984
1683.0,1.0863802493830292
1684.0,1.0881175955120292
1685.0,1.0899573352426166
1686.0,1.0914211568531356
1687.0,1.0921574317291687
1688.0,1.0932740830865044
1689.0,1.094360615323924
1690.0,1.0957285157326482
1691.0,1.0975375304782617
1692.0,1.0990908988826116
1693.0,1.10071996624828
1694.0,1.1021373495996822
1695.0,1.103398537428833
1696.0,1.1044935353878023
1697.0,1.1055336496388757
1698.0,1.1063715914111285
1699.0,1.1066425369540678
1700.0,1.1073326163277708
1701.0,1.1078753048355279
1702.0,1.1089179177685218
1703.0,1.1107989599394341
1704.0,1.1121523188397655
1705.0,1.1136496556479203
1706.0,1.1147900553084618
1707.0,1.1150164278195154
1708.0,1.1160684938012677
1709.0,1.1176120749849952
1710.0,1.1188550728540554
1711.0,1.12059163543404
1712.0,1.1218369549766198
1713.0,1.1226195847279201
1714.0,1.123385177561514
1715.0,1.1238129133604813
1716.0,1.1243765301384068
1717.0,1.1249431551462996
1718.0,1.1256195969454437
1719.0,1.1263569093245063
1720.0,1.1273004073304218
1721.0,1.1282147485738188
1722.0,1.1291475660406505
1723.0,1.130369802139762
1724.0,1.1314520495436398
1725.0,1.1325348466605456
1726.0,1.1336934168701418
1727.0,1.1350210814749744
1728.0,1.1360115127451034
1729.0,1.1368977233111832
1730.0,1.1373519426309846
1731.0,1.1369354701453958
1732.0,1.1375799679529026
1733.0,1.1386442955781142
1734.0,1.1396239135432504
1735.0,1.141522666285395
1736.0,1.1424499071815113
1737.0,1.142648518609696
1738.0,1.1430613753736059
1739.0,1.142929321085578
1740.0,1.1434951957498691
1741.0,1.1445540567944081
1742.0,1.1452179546815544
1743.0,1.1461630684475084
1744.0,1.1468669964959266
1745.0,1.1469176840930144
1746.0,1.1477535692270289
1747.0,1.1490465727087553
1748.0,1.150313736421704
1749.0,1.152053540357942
1750.0,1.1531110480427715
1751.0,1.1538987501083962
1752.0,1.1544670751968893
1753.0,1.1545438537165371
1754.0,1.1549583133681667
1755.0,1.1553951157995583
1756.0,1.1562115187617275
1757.0,1.1576146176891229
1758.0,1.1585680833860088
1759.0,1.1599419367687749
1760.0,1.1611610264811998
1761.0,1.1616847247687925
1762.0,1.1627588340139758
1763.0,1.1641934847472994
1764.0,1.1654795036253864
1765.0,1.1662851735070212
1766.0,1.1669598883493186
1767.0,1.1670530454174284
1768.0,1.1671693793925564
1769.0,1.1684126468486697
1770.0,1.1693824467679483
1771.0,1.1698950911771127
1772.0,1.1710104040494456
1773.0,1.1719362969792722
1774.0,1.1722608263573697
1775.0,1.173191729459039
1776.0,1.1740822435060565
1777.0,1.1744252945325708
1778.0,1.1755163297927662
1779.0,1.1771295252340668
1780.0,1.177951682160564
1781.0,1.1783163416837803
1782.0,1.179089927453137
1783.0,1.1796605290243296
1784.0,1.18035262493255
1785.0,1.181642120727798
1786.0,1.1825508644498595
1787.0,1.1827727428910093
1788.0,1.1831669573241566
1789.0,1.183918526746728
1790.0,1.1838379954184075
1791.0,1.1845223641111196
1792.0,1.1854227546034
1793.0,1.1863409960699354
1794.0,1.1879196185642606
1795.0,1.1889854534946147
1796.0,1.1899867150819132
1797.0,1.1907340878777293
1798.0,1.1912973712367994
1799.0,1.191597892315142
1800.0,1.1915936243906593
1801.0,1.187327827433587
1802.0,1.1907268726189517
1803.0,1.1929282953465938
1804.0,1.193146358824731
1805.0,1.1914195285441895
1806.0,1.1913853898568227
1807.0,1.1900956447486373
1808.0,1.1903916744728174
1809.0,1.1932849006374608
1810.0,1.193883132964986
1811.0,1.19341087418403
1812.0,1.1930369829788632
1813.0,1.1929582436853137
1814.0,1.1938414360539091
1815.0,1.195611624768268
1816.0,1.200020748740695
1817.0,1.2019842750034808
1818.0,1.203573712007848
1819.0,1.2045905584765795
1820.0,1.2042257530130098
1821.0,1.2046261129180793
1822.0,1.2053377495814233
1823.0,1.2054021876481136
1824.0,1.2061449938623796
1825.0,1.2062448979647749
1826.0,1.2069409782611018
1827.0,1.2080177912028323
1828.0,1.208784106449667
1829.0,1.2096134196187067
1830.0,1.2107374715016823
1831.0,1.211739010253046
1832.0,1.2127683666378828
1833.0,1.214803170459531
1834.0,1.2147755513264489
1835.0,1.2150674927121827
1836.0,1.214048307245444
1837.0,1.2150498116160684
1838.0,1.2168522789274483
1839.0,1.2186174392741997
1840.0,1.2214137406764423
1841.0,1.2242102098907481
1842.0,1.2251720041457843
1843.0,1.226649409135335
1844.0,1.227768627724985
1845.0,1.2260999322742157
1846.0,1.2257448397147817
1847.0,1.2246925238649211
1848.0,1.2250363945001002
1849.0,1.2266574398109082
1850.0,1.2275977818143107
1851.0,1.2292266940540515
1852.0,1.2298482400844954
1853.0,1.2295446203420797
1854.0,1.2300472968462324
1855.0,1.2313802588812004
1856.0,1.2324524608349778
1857.0,1.2327450008485752
1858.0,1.2320088607556847
1859.0,1.2318304897770431
1860.0,1.2312064311185547
1861.0,1.2315245900926137
1862.0,1.2306633308730281
1863.0,1.2322762331894574
1864.0,1.2328770338525155
1865.0,1.230131512078094
1866.0,1.2296437714039286
1867.0,1.2298150124877156
1868.0,1.229281602436145
1869.0,1.2293131330517115
1870.0,1.2293608791908106
1871.0,1.2294442969561943
1872.0,1.2277037486434133
1873.0,1.2273088567114654
1874.0,1.2259456458190987
1875.0,1.2257962379281202
1876.0,1.2257073524342987
1877.0,1.2244189583006602
1878.0,1.2234664796468362
1879.0,1.221376592987842
1880.0,1.2177522762223456
1881.0,1.2141984843470635
1882.0,1.210213798908506
1883.0,1.2057465909732323
1884.0,1.2017098433326805
1885.0,1.198595037872804
1886.0,1.1964378560191187
1887.0,1.194661965166729
1888.0,1.192869697125245
1889.0,1.188719654763056
1890.0,1.1833434935188059
1891.0,1.1764662493747302
1892.0,1.1693658733945513
1893.0,1.161917277240547
1894.0,1.1547783811600323
1895.0,1.1488922492932256
1896.0,1.143302092258273
1897.0,1.1370502119173018
1898.0,1.1305512329845295
1899.0,1.12282372531
1900.0,1.1153153316085986
1901.0,1.1085380474050137
1902.0,1.1014618780000573
1903.0,1.0951303181858771
1904.0,1.0909328320697524
1905.0,1.0869137212359996
1906.0,1.0826360866453306
1907.0,1.0787966725139801
1908.0,1.0745073354634251
1909.0,1.0701570511875929
1910.0,1.0669675028115222
1911.0,1.065079454383483
1912.0,1.0633432769253623
1913.0,1.0616548127728447
1914.0,1.0607107532827227
1915.0,1.0596389336009948
1916.0,1.056962369359186
1917.0,1.0552567246326747
1918.0,1.053963725402865
1919.0,1.0521543807878913
1920.0,1.0517245603602463
1921.0,1.0518569979229855
1922.0,1.0526852690728459
1923.0,1.0534841648773277
1924.0,1.0543943946627232
1925.0,1.0558694303419092
1926.0,1.0568848546085892
1927.0,1.056461862596655
1928.0,1.0565562361636283
1929.0,1.055782211503058
1930.0,1.054992023704572
1931.0,1.0549707822518677
1932.0,1.0552164246040785
1933.0,1.056355031054428
1934.0,1.0577689373862942
1935.0,1.0593141519289686
1936.0,1.0614354683184495
1937.0,1.0635805040339088
1938.0,1.0661067060375404
1939.0,1.0676965112704309
1940.0,1.0697965008925356
1941.0,1.0717141454076229
1942.0,1.0722363161920445
1943.0,1.0737039427301014
1944.0,1.0762962575298072
1945.0,1.0786962569770915
1946.0,1.0798331877931924
1947.0,1.0812889749658086
1948.0,1.0829601405281073
1949.0,1.0842522842274889
1950.0,1.084579773332146
1951.0,1.0861061359337156
1952.0,1.087088914264177
1953.0,1.0871639465723222
1954.0,1.0888300070377956
1955.0,1.0911384853460475
1956.0,1.0941735953527691
1957.0,1.0971645718253276
1958.0,1.0987838136106738
1959.0,1.1003161070271599
1960.0,1.1011889056472595
1961.0,1.1022210869464242
1962.0,1.1027398949515999
1963.0,1.1038942876329985
1964.0,1.1056789563647746
1965.0,1.1083508054866587
1966.0,1.1106924393536406
1967.0,1.1126212858137872
1968.0,1.1139637650586787
1969.0,1.1147712302345791
1970.0,1.116707617438185
1971.0,1.1189454445481082
1972.0,1.12094300620156
1973.0,1.1235592352179553
1974.0,1.1251236695857072
1975.0,1.12580723834525
1976.0,1.1270880134982229
1977.0,1.127662428625618
1978.0,1.1290497428343642
1979.0,1.1312071133696593
1980.0,1.132749476884906
1981.0,1.1349545589139494
1982.0,1.1370131854354106
1983.0,1.1383088355922457
1984.0,1.139499221380651
1985.0,1.1416147965725936
1986.0,1.144144387300482
1987.0,1.1467231282877282
1988.0,1.1502846656007055
1989.0,1.1537338490398266
1990.0,1.1554637223221045
1991.0,1.1559967573818772
1992.0,1.155979820094168
1993.0,1.1565085104791866
1994.0,1.1579161595573222
1995.0,1.1605664290527244
1996.0,1.1625916005317032
1997.0,1.164683771216237
1998.0,1.166933383536996
1999.0,1.1688339661799372
2000.0,1.1709687981715138
2001.0,1.1736699642862531
2002.0,1.1772577160549667
2003.0,1.1772282278521375
2004.0,1.1774145676764018
2005.0,1.1778823052709337
2006.0,1.1769016944165664
2007.0,1.1792268233768275
2008.0,1.1835922360332942
2009.0,1.1863089129659117
2010.0,1.1894384630587165
2011.0,1.1917442734621881
2012.0,1.192123610195736
2013.0,1.1937422956802484
2014.0,1.1960035240248001
2015.0,1.1980296917578508
2016.0,1.1987832480105227
2017.0,1.201406322317912
2018.0,1.2033146837946462
2019.0,1.20473367333518
2020.0,1.2062732644575265
2021.0,1.2082011898548122
2022.0,1.2102823986072715
2023.0,1.2117594440055466
2024.0,1.21294977297956
2025.0,1.2143659980209236
2026.0,1.215758951244543
2027.0,1.21615117066133
2028.0,1.2168619314854174
2029.0,1.2183927030956891
2030.0,1.219462111349693
2031.0,1.219034347754511
2032.0,1.2203972065619
2033.0,1.2219002371770422
2034.0,1.2232579233700371
2035.0,1.2257455717462402
2036.0,1.2275081637819345
2037.0,1.2290186729198893
2038.0,1.2307517464178643
2039.0,1.231833528105397
2040.0,1.231994520716355
2041.0,1.232552223397665
2042.0,1.2326590662943158
2043.0,1.2331823179004509
2044.0,1.2336865990113606
2045.0,1.2346249268594374
2046.0,1.2370529997418838
2047.0,1.2386379041182074
2048.0,1.2395200139515474
2049.0,1.241051712577967
2050.0,1.2408444712972597
2051.0,1.241390146523791
2052.0,1.2423194745023418
2053.0,1.243358212456442
2054.0,1.2448718520119586
2055.0,1.2470724238047797
2056.0,1.2490940447785426
2057.0,1.252630305424376
2058.0,1.2544614802374356
2059.0,1.2557129069588657
2060.0,1.255872977114998
2061.0,1.2549664139197874
2062.0,1.2549850380932588
2063.0,1.2558049036632923
2064.0,1.2573542794266312
2065.0,1.2607116854109632
2066.0,1.2623411171425922
2067.0,1.2627038192866415
2068.0,1.261181234771396
2069.0,1.2613757911734715
2070.0,1.2607207333325658
2071.0,1.2610540281829024
2072.0,1.2635781531058583
2073.0,1.2649902760271
2074.0,1.2660393795370244
2075.0,1.2660640429350887
2076.0,1.2668878586529142
2077.0,1.2677456268308966
2078.0,1.2683301675398762
2079.0,1.269398641503441
2080.0,1.2693486383203234
2081.0,1.2696501200990826
2082.0,1.2714586129836811
2083.0,1.2746540953684442
2084.0,1.2761507069867022
2085.0,1.279222971071997
2086.0,1.2800372660995512
2087.0,1.277772064413317
2088.0,1.277282877220152
2089.0,1.2774895548352494
2090.0,1.275822905721303
2091.0,1.2761365587571825
2092.0,1.2780384984189468
2093.0,1.2788906628139505
2094.0,1.2822874044460557
2095.0,1.2852614689620838
2096.0,1.2863483356654526
2097.0,1.2881165161681993
2098.0,1.2904023156613018
2099.0,1.2909593108094335
2100.0,1.290559983084262
2101.0,1.290531648474097
2102.0,1.28947052774753
2103.0,1.2894347110098852
2104.0,1.2896484885557478
2105.0,1.2901720657254587
2106.0,1.2918455511978273
2107.0,1.2916427342470993
2108.0,1.2917677228707782
2109.0,1.2926865057803891
2110.0,1.2915724096916843
2111.0,1.2906073058532415
2112.0,1.2903214398516119
2113.0,1.2906287698840775
2114.0,1.2914847246406254
2115.0,1.2937958507960974
2116.0,1.2949711157899442
2117.0,1.2955613317123698
2118.0,1.296679758893377
2119.0,1.2988973093216054
2120.0,1.2992358201096774
2121.0,1.2986672186303696
2122.0,1.2987531413405395
2123.0,1.2965082590279657
2124.0,1.2962689509417789
2125.0,1.297973656586526
2126.0,1.299837986143101
2127.0,1.299989535546458
2128.0,1.3016646032324586
2129.0,1.3015457343052024
2130.0,1.3016942216881375
2131.0,1.3039073392386644
2132.0,1.3032986999898817
2133.0,1.302622701678945
2134.0,1.301364970518857
2135.0,1.299889162486266
2136.0,1.2963788675923082
2137.0,1.2959533584811418
2138.0,1.2972518445925527
2139.0,1.2980598993381438
2140.0,1.3005865446915437
2141.0,1.301432616738529
2142.0,1.3019050660134963
2143.0,1.3006185946379094
2144.0,1.3001136258099155
2145.0,1.300440080778742
2146.0,1.29968495457453
2147.0,1.3001303231450276
2148.0,1.2999530579877925
2149.0,1.299228452174586
2150.0,1.2971545894273127
2151.0,1.2950297361666439
2152.0,1.2949226251567214
2153.0,1.2948365279697946
2154.0,1.2961620491316854
2155.0,1.3011943543746074
2156.0,1.3031913418318302
2157.0,1.3048186078968047
2158.0,1.304556014009466
2159.0,1.301606604219753
2160.0,1.3002439242575985
2161.0,1.2976813664461535
2162.0,1.2964952571020611
2163.0,1.2955017475015782
2164.0,1.298024887477361
2165.0,1.2989816245654013
2166.0,1.3001170288094483
2167.0,1.302841515894906
2168.0,1.3027486664873673
2169.0,1.3019404172592708
2170.0,1.300630552464342
2171.0,1.299926516064232
2172.0,1.2988599079130465
2173.0,1.2978285246722663
2174.0,1.296815357392725
2175.0,1.296756277969295
2176.0,1.296430142054023
2177.0,1.2966089139218617
2178.0,1.2991045912527373
2179.0,1.299648751344026
2180.0,1.2991295026239675
2181.0,1.2982856324730123
2182.0,1.2953124725171665
2183.0,1.294934550029266
2184.0,1.2957679237538713
2185.0,1.2966850635420697
2186.0,1.297901737928789
2187.0,1.2989250741739635
2188.0,1.2977647465684543
2189.0,1.298710176688023
2190.0,1.3012812321951086
2191.0,1.3012886749521693
2192.0,1.3000842563550294
2193.0,1.2981664590015367
2194.0,1.2973596111985364
2195.0,1.29609999483193
2196.0,1.2952197969224848
2197.0,1.2948697270575873
2198.0,1.295398223127007
2199.0,1.2971475301485362
2200.0,1.2970560344765747
2201.0,1.2975204845149504
2202.0,1.2974518679317095
2203.0,1.2943524165419713
2204.0,1.2938384077728171
2205.0,1.2951050739497871
2206.0,1.2954570895046007
2207.0,1.299514439075655
2208.0,1.2993749876548757
2209.0,1.2989649030760646
2210.0,1.3002392619390668
2211.0,1.2988235301436513
2212.0,1.297425975719282
2213.0,1.296763387260283
2214.0,1.2970156587774326
2215.0,1.2952213975657219
2216.0,1.2964493315336454
2217.0,1.297480216229574
2218.0,1.2992989552176624
2219.0,1.2992731331812846
2220.0,1.2995625396070989
2221.0,1.298011663934202
2222.0,1.2933838100575303
2223.0,1.2922131562285095
2224.0,1.2917629255342455
2225.0,1.2926767392723044
2226.0,1.2966452861422917
2227.0,1.2981580341337882
2228.0,1.2991668595623658
2229.0,1.3000118664886864
2230.0,1.2977286127791883
2231.0,1.2994208430333354
2232.0,1.3043712744800013
2233.0,1.3082039405296808
2234.0,1.311230180299137
2235.0,1.3141148888685377
2236.0,1.3129664415582445
2237.0,1.3087528408847866
2238.0,1.3038883452422878
2239.0,1.3010860402190643
2240.0,1.29713958221653
2241.0,1.292295570665034
2242.0,1.2917838024121637
2243.0,1.2914296915345218
2244.0,1.2924472638682585
2245.0,1.295149668333336
2246.0,1.2950703032933744
2247.0,1.292848340316752
2248.0,1.2923582717540694
2249.0,1.2906982906165891
2250.0,1.2907864215224758
2251.0,1.2937182976858774
2252.0,1.2942818048562597
2253.0,1.292959544928539
2254.0,1.2935813597004284
2255.0,1.2951005899316277
2256.0,1.2952349758826975
2257.0,1.2971202524728436
2258.0,1.296517995332907
2259.0,1.2928286672089968
2260.0,1.2900096868598347
2261.0,1.284766413384264
2262.0,1.2831902079767994
2263.0,1.2852779259236442
2264.0,1.2858924849013278
2265.0,1.2890960941935619
2266.0,1.2888810558931334
2267.0,1.2848855123202123
2268.0,1.284485337163165
2269.0,1.2843102396173893
2270.0,1.2854924520145747
2271.0,1.2894492763250214
2272.0,1.292130472122628
2273.0,1.2949885368582499
2274.0,1.296055673962748
2275.0,1.290888368870526
2276.0,1.2881657101813215
2277.0,1.2869046109224012
2278.0,1.283789509453541
2279.0,1.2846740886521666
2280.0,1.2908727729530824
2281.0,1.2927218157285663
2282.0,1.29484918807273
2283.0,1.2958483294407037
2284.0,1.2942188508034675
2285.0,1.2945395834479314
2286.0,1.2948123975098225
2287.0,1.2951481106675526
2288.0,1.298391016135903
2289.0,1.2983190798928235
2290.0,1.2976567860671049
2291.0,1.2943001103789844
2292.0,1.2837632879746288
2293.0,1.2792538854403213
2294.0,1.2749119236266544
2295.0,1.2734218876851944
2296.0,1.2747485149475104
2297.0,1.28254419271563
2298.0,1.288811087218855
2299.0,1.2937204239046263
2300.0,1.2998565263086008
2301.0,1.3028129562029929
2302.0,1.3012127883988078
2303.0,1.301964417375942
2304.0,1.3025013138612156
2305.0,1.3029129844413785
2306.0,1.306273294516741
2307.0,1.303853831079374
2308.0,1.2997470007506176
2309.0,1.2947846639233414
2310.0,1.2889140818891764
2311.0,1.2860776573560437
2312.0,1.2847808436333343
2313.0,1.2873729530564184
2314.0,1.2887541576726496
2315.0,1.2893631308152613
2316.0,1.2919320481576795
2317.0,1.293421113673958
2318.0,1.2917103457414925
2319.0,1.2915109948723231
2320.0,1.2915815200083691
2321.0,1.2902296822959376
2322.0,1.287771268922193
2323.0,1.2864677199499
2324.0,1.2844411980004053
2325.0,1.2779019368003206
2326.0,1.2768548297757585
2327.0,1.2821915422210366
2328.0,1.2813544176287925
2329.0,1.2775855288627553
2330.0,1.2792016694365411
2331.0,1.2810997287547456
2332.0,1.2805866668432349
2333.0,1.284262355758764
2334.0,1.2853242336504314
2335.0,1.2781357485427816
2336.0,1.2782099318231825
2337.0,1.285721049687591
2338.0,1.2869373809095936
2339.0,1.2886672560625578
2340.0,1.2893427930553176
2341.0,1.2855109066751371
2342.0,1.282842797747513
2343.0,1.2796709950175384
2344.0,1.276842906567331
2345.0,1.2726492991431997
2346.0,1.2715814342758545
2347.0,1.2730621818563506
2348.0,1.273831322425265
2349.0,1.2772336237888209
2350.0,1.282080343767644
2351.0,1.2836658640408338
2352.0,1.2826736651906412
2353.0,1.2783473064967599
2354.0,1.269419602265161
2355.0,1.2612176742682475
2356.0,1.2583549472023963
2357.0,1.2570955785094393
2358.0,1.2588180823915618
2359.0,1.266378575700155
2360.0,1.2690628806111188
2361.0,1.265784570439864
2362.0,1.261735431110624
2363.0,1.25485380077006
2364.0,1.2473331856766328
2365.0,1.2493248256485305
2366.0,1.254416277712235
2367.0,1.2531394122357076
2368.0,1.2540651227737347
2369.0,1.2462979837993686
2370.0,1.2350066052992237
2371.0,1.2352538332434448
2372.0,1.23732592741398
2373.0,1.2453906253074376
2374.0,1.2535095755362795
2375.0,1.2466585051394325
2376.0,1.235626285594733
2377.0,1.2348735961327306
2378.0,1.2389778305582737
2379.0,1.2444107549269177
2380.0,1.2561373872157628
2381.0,1.258179332262224
2382.0,1.2527886577149931
2383.0,1.254048773241524
2384.0,1.2493674191694162
2385.0,1.2418899028798802
2386.0,1.2373569711761065
2387.0,1.228990549838864
2388.0,1.2251545582858634
2389.0,1.2283231401711185
2390.0,1.2346346029936746
2391.0,1.2383190042898897
2392.0,1.2363671350131047
2393.0,1.2253997516227322
2394.0,1.2118783610433772
2395.0,1.2094902542728
2396.0,1.2092509782685619
2397.0,1.2180734340684536
2398.0,1.2326240179814463
2399.0,1.2352690364163579
2400.0,1.2367784311433923
2401.0,1.2360196423236813
2402.0,1.2215720453976031
2403.0,1.2029064596493941
2404.0,1.1897885754072488
2405.0,1.182467892558388
2406.0,1.1828516064782728
2407.0,1.1884788059167533
2408.0,1.1997938589531738
2409.0,1.2168844140801656
2410.0,1.2213488655171418
2411.0,1.2166520441917752
2412.0,1.207284303391798
2413.0,1.180573267680735
2414.0,1.160607152355465
2415.0,1.156916366077655
2416.0,1.161129869674319
2417.0,1.1763456743232472
2418.0,1.199357590096375
2419.0,1.2134680410090615
2420.0,1.2060348954817213
2421.0,1.191918218973577
2422.0,1.1714732539306305
2423.0,1.1537280652657402
2424.0,1.1484806361934514
2425.0,1.15186940327593
2426.0,1.1643934990073772
2427.0,1.1731623344103541
2428.0,1.1896710884934574
2429.0,1.1968590405294424
2430.0,1.1734079229590757
2431.0,1.1482444576645758
2432.0,1.1319275769164003
2433.0,1.120481102379119
2434.0,1.1244652212563528
2435.0,1.1489539499140007
2436.0,1.1623769552295191
2437.0,1.165742395630506
2438.0,1.1763942497014712
2439.0,1.1798966953717263
2440.0,1.1892067790225984
2441.0,1.198845154327941
2442.0,1.1947832384583275
2443.0,1.1854812782574755
2444.0,1.1685743037869532
2445.0,1.1620494623989632
2446.0,1.1680149501379116
2447.0,1.1661309706673368
2448.0,1.1605140317892877
2449.0,1.154607561933467
2450.0,1.1428511245853656
2451.0,1.135224151463228
2452.0,1.1449737547516587
2453.0,1.1575470506268482
2454.0,1.1548473127789252
2455.0,1.1544568451774966
2456.0,1.156170106201812
2457.0,1.151928546395955
2458.0,1.1604569393664903
2459.0,1.172329862794797
2460.0,1.1705991746932352
2461.0,1.1613223391619771
2462.0,1.15307460410412
2463.0,1.155106140910151
2464.0,1.1649539654671188
2465.0,1.168942076263151
2466.0,1.1866880050100856
2467.0,1.1808408529661765
2468.0,1.1434098835066058
2469.0,1.1346849129324927
2470.0,1.1101758504287047
2471.0,1.1094660022810747
2472.0,1.106535141736172
2473.0,1.0972387646551494
2474.0,1.093371200059045
2475.0,1.084248992011743
2476.0,1.0879261903089632
2477.0,1.0990403853946968
2478.0,1.1051563708537326
2479.0,1.1329879467467896
2480.0,1.149223441496804
2481.0,1.1541588511112506
2482.0,1.1557939779784112
2483.0,1.1469262439216708
2484.0,1.13875177915298
2485.0,1.128797905555351
2486.0,1.1188048349499087
2487.0,1.1080784293825672
2488.0,1.091813647280406
2489.0,1.073798110541858
2490.0,1.0554563960724237
2491.0,1.0281262151091475
2492.0,1.0167704148695689
2493.0,1.0026628579643475
2494.0,1.0106235763284765
2495.0,1.050810067659667
2496.0,1.059545872306708
2497.0,1.0692797611919187
2498.0,1.0737581034622565
2499.0,1.0568858411744162
2500.0,1.0804278887176721
