350.0,-0.19264133559917837
351.0,-0.19878375261431044
352.0,-0.04568678945224405
353.0,-0.03557939886339492
354.0,-0.05197288565401084
355.0,-0.04052388399188104
356.0,0.0008012913518863124
357.0,-0.03141077186104149
358.0,-0.0129685308586802
359.0,0.009858758152835703
360.0,-0.028733779114236323
361.0,-0.03392930148630739
362.0,-0.018105068528356947
363.0,0.00172566427732942
364.0,0.01068028964676998
365.0,0.002446418498605963
366.0,0.0048722323319817466
367.0,0.006577892194016146
368.0,-0.025008759085845725
369.0,-0.002826679878782805
370.0,0.008735992743112488
371.0,-0.002415367653295666
372.0,0.025911252271109485
373.0,0.010688404959533868
374.0,-0.0017998244896885948
375.0,0.011593810692192482
376.0,-0.005572683088882646
377.0,-0.0007309935423977132
378.0,0.006044559700235087
379.0,-0.0012202157783503286
380.0,0.020922739990732256
381.0,0.033498918977437606
382.0,0.030074628654357893
383.0,0.02044200311113802
384.0,0.018475557705097644
385.0,0.02167579156635136
386.0,0.023880615745056195
387.0,0.020506944837032047
388.0,0.02862579198435751
389.0,0.03711545952421886
390.0,0.03894144349383176
391.0,0.034344585217401295
392.0,0.03279670102839468
393.0,0.031034897590938953
394.0,0.028286792533626228
395.0,0.02958432738236906
396.0,0.037051512709955894
397.0,0.040861785581521565
398.0,0.036526689418240506
399.0,0.03833880420026007
400.0,0.030654655169469924
401.0,0.026676472963222914
402.0,0.03898402324234151
403.0,0.043187687133479744
404.0,0.03887487832908676
405.0,0.033460003918722434
406.0,0.03679428981488934
407.0,0.04466972519170238
408.0,0.04240835379282227
409.0,0.03353791252935285
410.0,0.038181935573358944
411.0,0.045223616380513296
412.0,0.04671345806374952
413.0,0.042229380829641165
414.0,0.042290998811885076
415.0,0.04238123547420762
416.0,0.041305126833046844
417.0,0.040097598920908854
418.0,0.04450530353074686
419.0,0.04588162266000985
420.0,0.0452199901106068
421.0,0.046703032130568645
422.0,0.04578786859959444
423.0,0.044893395278519564
424.0,0.04476220497430374
425.0,0.04446029514187773
426.0,0.04569512340077957
427.0,0.045935540608498304
428.0,0.04465843242929569
429.0,0.04509673500984703
430.0,0.04729778757358855
431.0,0.04955227233326489
432.0,0.050291375243789446
433.0,0.049653378890120455
434.0,0.0487644360285293
435.0,0.047830983996133655
436.0,0.04684309232332828
437.0,0.04751031455262216
438.0,0.048352880897702455
439.0,0.048252835280435676
440.0,0.046921463148058284
441.0,0.04796695707423642
442.0,0.04855407795978005
443.0,0.047392824142813275
444.0,0.04780276332323657
445.0,0.048164644085820725
446.0,0.04775573086880902
447.0,0.046516865524895694
448.0,0.04541218783322838
449.0,0.047791949148613254
450.0,0.05064680213910375
451.0,0.048564058032768684
452.0,0.048405332219949845
453.0,0.04863890195613314
454.0,0.04829418117100945
455.0,0.048099982493543546
456.0,0.04779783667864143
457.0,0.04820791948161078
458.0,0.04948143396712888
459.0,0.04959029513955469
460.0,0.049762934935765134
461.0,0.049746278232100316
462.0,0.04887111272510721
463.0,0.047086099904423896
464.0,0.04773657940890987
465.0,0.0503142650069265
466.0,0.05098292764499628
467.0,0.05035189659452777
468.0,0.049243606884821274
469.0,0.048428638684729866
470.0,0.048434766707457624
471.0,0.04835358177233584
472.0,0.04849237061106236
473.0,0.04916424923368673
474.0,0.04926518557928759
475.0,0.04857232829781757
476.0,0.04806120864259563
477.0,0.04909153302350389
478.0,0.04872001827544304
479.0,0.04905121172895743
480.0,0.05030336622086497
481.0,0.049091045999521174
482.0,0.04936620013348514
483.0,0.05006496671198197
484.0,0.049580774989079146
485.0,0.04893487310790041
486.0,0.0490787805522091
487.0,0.04963307943926
488.0,0.0495938495290225
489.0,0.04952434020105128
490.0,0.05000306357115702
491.0,0.05055532779115605
492.0,0.04945581902748812
493.0,0.04872247037867212
494.0,0.04866036302563566
495.0,0.04932197483155255
496.0,0.05167226011059255
497.0,0.051817414745471524
498.0,0.05022089138626255
499.0,0.04946276144781065
500.0,0.049964233172890664
501.0,0.05001974860986472
502.0,0.04956095805545145
503.0,0.05055758948676845
504.0,0.049941174006285775
505.0,0.04931088372615227
506.0,0.05006309216901665
507.0,0.05031034871958579
508.0,0.05003860797476831
509.0,0.04982080089055442
510.0,0.05029580154321643
511.0,0.05032564903165176
512.0,0.05036400945235905
513.0,0.05053256809161007
514.0,0.0504341639326739
515.0,0.050346023965286674
516.0,0.05018465173686702
517.0,0.05003197432674343
518.0,0.050734253335110474
519.0,0.0508337754557567
520.0,0.05054015874738926
521.0,0.05072601989865329
522.0,0.0506425541720297
523.0,0.050719076302395014
524.0,0.05098764908727827
525.0,0.05089866795197958
526.0,0.051667867882765346
527.0,0.051729028925259206
528.0,0.05027231930324337
529.0,0.050544820085756254
530.0,0.05116876347152204
531.0,0.05152879429882117
532.0,0.051497235961041506
533.0,0.05136924369578252
534.0,0.051306663220891384
535.0,0.05133504214289793
536.0,0.05131674697226104
537.0,0.051496203446204154
538.0,0.05157046278279543
539.0,0.05136948235769938
540.0,0.05171160417920639
541.0,0.05179836693944089
542.0,0.05148228480788163
543.0,0.05109542375306947
544.0,0.05103790994367582
545.0,0.05118585023517661
546.0,0.051453622115903215
547.0,0.051992145400992694
548.0,0.05199511595928214
549.0,0.05174330148919654
550.0,0.05171401335246472
551.0,0.05158326055692235
552.0,0.051668990536022676
553.0,0.051870536299878284
554.0,0.05179540291963789
555.0,0.05209098314677552
556.0,0.052490416605344
557.0,0.052641564768393385
558.0,0.05226187190460977
559.0,0.05210382519306195
560.0,0.0521685552097707
561.0,0.05219118897856168
562.0,0.05220283627340687
563.0,0.052171605542792376
564.0,0.05220239314447853
565.0,0.0525154992607038
566.0,0.05244946411657422
567.0,0.05241936344111172
568.0,0.05270864967626544
569.0,0.052631926356667365
570.0,0.05235197666071406
571.0,0.052172286717747186
572.0,0.052408715201028216
573.0,0.052852116790413545
574.0,0.05289307969440017
575.0,0.05249404797078717
576.0,0.05243982497358845
577.0,0.052593108371178414
578.0,0.05268371681312921
579.0,0.05257725434178427
580.0,0.052858842707879265
581.0,0.052915625072427815
582.0,0.05278574185158464
583.0,0.05292789082483107
584.0,0.05294211475794466
585.0,0.05286183984199781
586.0,0.052823989630009865
587.0,0.05306042730029072
588.0,0.053233694690722776
589.0,0.05336210771282338
590.0,0.05352960156961771
591.0,0.053483267486986494
592.0,0.053439170166999735
593.0,0.05340553131141899
594.0,0.053190062562965
595.0,0.053331887614111645
596.0,0.053623414525012215
597.0,0.05376641102595274
598.0,0.05360902034615104
599.0,0.05363190871841453
600.0,0.0537921762924028
601.0,0.05380802586227521
602.0,0.053812009601031795
603.0,0.05384891085024103
604.0,0.05390978525214743
605.0,0.053922442199751085
606.0,0.053920782318099464
607.0,0.05386651968472496
608.0,0.053829160860884684
609.0,0.054408456932034346
610.0,0.054551889538214805
611.0,0.054348267648187704
612.0,0.05465805443494732
613.0,0.054639644380631
614.0,0.05444578285372654
615.0,0.054316089365630885
616.0,0.05436072705497371
617.0,0.054521561040289684
618.0,0.05470600888731252
619.0,0.054791499852826636
620.0,0.05455724400762573
621.0,0.054623596138060164
622.0,0.05503169513526784
623.0,0.0551632865579083
624.0,0.05497314939918631
625.0,0.05480837636932564
626.0,0.05494017667595698
627.0,0.05516471368550089
628.0,0.05517474504809188
629.0,0.05516721243515661
630.0,0.0555323674662199
631.0,0.05567834358177692
632.0,0.05543313482756879
633.0,0.055059599155048336
634.0,0.05543366150838397
635.0,0.0553144132687943
636.0,0.05513374867445847
637.0,0.05553164674138469
638.0,0.055788274314841166
639.0,0.055624431114052984
640.0,0.05532389734778785
641.0,0.05556486512005916
642.0,0.055494608579664116
643.0,0.05563203638653803
644.0,0.05621119681286132
645.0,0.05629177324275598
646.0,0.05614694369962981
647.0,0.05600993431061563
648.0,0.0560403829948047
649.0,0.05576700954588322
650.0,0.05593480563896051
651.0,0.05651279136087849
652.0,0.05645232345123187
653.0,0.05666353756946115
654.0,0.056816400001323986
655.0,0.056570422113318614
656.0,0.0565137482471789
657.0,0.05651675995513761
658.0,0.056564295935350575
659.0,0.05670627011261012
660.0,0.0569402937931407
661.0,0.05722625899890521
662.0,0.05741656243118719
663.0,0.057156948357336514
664.0,0.05707447849043396
665.0,0.05714263282277025
666.0,0.05717997642812424
667.0,0.0574227132145421
668.0,0.05755879017333387
669.0,0.05753466410391829
670.0,0.0575510666903725
671.0,0.05758388767330801
672.0,0.05765151846066005
673.0,0.05779132824189007
674.0,0.05811298465776201
675.0,0.05827838769584027
676.0,0.058266807702784196
677.0,0.058226792592893706
678.0,0.058326458357721
679.0,0.05827669931318994
680.0,0.058142885806743816
681.0,0.05848350135434198
682.0,0.05872252221392235
683.0,0.05873290567094394
684.0,0.05860311212316085
685.0,0.058742551292975474
686.0,0.05865139189219351
687.0,0.0584830400540926
688.0,0.05875720510372113
689.0,0.05901053428569492
690.0,0.059125935818997145
691.0,0.05916051264634351
692.0,0.05940339564087728
693.0,0.05954291946927306
694.0,0.0594823662132294
695.0,0.05930444811633564
696.0,0.05954763978660923
697.0,0.05972013478865486
698.0,0.05975237919231906
699.0,0.05996854733248076
700.0,0.059971271213724725
701.0,0.05996659012082489
702.0,0.060127803138764896
703.0,0.06033208644384101
704.0,0.06020762672747664
705.0,0.060099565464068506
706.0,0.06049047360203149
707.0,0.060571712009699546
708.0,0.060597248697296845
709.0,0.060665547038855606
710.0,0.060606025638572564
711.0,0.06098024240416263
712.0,0.061253878929714255
713.0,0.06106092825499157
714.0,0.06136183117899032
715.0,0.061317588481370734
716.0,0.061131910470237506
717.0,0.06145616386714826
718.0,0.06142613789695744
719.0,0.061357358985016784
720.0,0.06150743893381408
721.0,0.06186596271372138
722.0,0.062094296528810496
723.0,0.062126450878231196
724.0,0.06202990283091232
725.0,0.06195824137923192
726.0,0.0621976891245319
727.0,0.06251657405705681
728.0,0.06240688674970129
729.0,0.06267014549324924
730.0,0.06283705461393818
731.0,0.06267842370738473
732.0,0.06270064327919427
733.0,0.0628027899858026
734.0,0.06290535582842004
735.0,0.06296978581967419
736.0,0.06318679896270628
737.0,0.06331406173888562
738.0,0.06337460557199248
739.0,0.0635930386974263
740.0,0.06358006713887072
741.0,0.06352547522905362
742.0,0.06359854293257758
743.0,0.06371916136318347
744.0,0.06397466924101669
745.0,0.06426552872235124
746.0,0.06443964305866179
747.0,0.064454111115006
748.0,0.06450785672353453
749.0,0.06459019813030122
750.0,0.06451435485620487
751.0,0.06478801298565084
752.0,0.06504453750925608
753.0,0.0650482304870674
754.0,0.06523319504870832
755.0,0.06537795762087904
756.0,0.065431862388813
757.0,0.0654372043242395
758.0,0.06559415121360646
759.0,0.06570030569187459
760.0,0.06578952902819907
761.0,0.06612029925457297
762.0,0.06625481907846428
763.0,0.06631479481105818
764.0,0.06643797693799103
765.0,0.06654700074614707
766.0,0.06659611839120663
767.0,0.06672482371297435
768.0,0.06703668358127944
769.0,0.06702052987063149
770.0,0.06699324566232945
771.0,0.06709428348386774
772.0,0.06724178337130696
773.0,0.06749582525133051
774.0,0.06766865642323844
775.0,0.06768050211795805
776.0,0.06779446396468652
777.0,0.06780618404453931
778.0,0.06785844900008078
779.0,0.06812810748338417
780.0,0.06828570203019323
781.0,0.06843543149622683
782.0,0.06861915110463616
783.0,0.06879711972844083
784.0,0.06886250204132877
785.0,0.06894953293869863
786.0,0.06914539338423992
787.0,0.06937200204193912
788.0,0.06944923594573711
789.0,0.06955313679826618
790.0,0.06984842257098715
791.0,0.06984840546707317
792.0,0.06986831622254576
793.0,0.07006168937591696
794.0,0.07039967643610016
795.0,0.07058354638752527
796.0,0.07062207931929741
797.0,0.07062508929658337
798.0,0.07077720841315338
799.0,0.07102819128387144
800.0,0.0712694891461496
801.0,0.07137501150097948
802.0,0.07120188872048182
803.0,0.07122161935744958
804.0,0.0715197263779
805.0,0.0718683051087523
806.0,0.07169605012268712
807.0,0.07172766601405173
808.0,0.07211248693139685
809.0,0.07211884663646527
810.0,0.07227977195001786
811.0,0.07258078543339687
812.0,0.07286425404892126
813.0,0.07290797499482483
814.0,0.07308223244222976
815.0,0.0732669653565527
816.0,0.07321401510858927
817.0,0.07319846042103673
818.0,0.07334760797099386
819.0,0.07365117249430558
820.0,0.0739678994022969
821.0,0.07406543016243552
822.0,0.07424596349661122
823.0,0.07458404913353255
824.0,0.07459817020956035
825.0,0.07445619086013801
826.0,0.07455102961780846
827.0,0.0750743550861311
828.0,0.07528146451298612
829.0,0.07552361478538565
830.0,0.07581805377689964
831.0,0.0759820907514687
832.0,0.07584782109721538
833.0,0.07578934480447223
834.0,0.07597903451138723
835.0,0.07630413072297197
836.0,0.07684264451412968
837.0,0.07706548144034171
838.0,0.07678295728417919
839.0,0.07670141829785516
840.0,0.07688111762917742
841.0,0.07711210731571629
842.0,0.07720185333285086
843.0,0.0774979741738324
844.0,0.07786430197286479
845.0,0.07814494836556672
846.0,0.07822467641578038
847.0,0.07830151677726906
848.0,0.07841857990149682
849.0,0.07861675664514406
850.0,0.07894051471510359
851.0,0.0792660309083789
852.0,0.07956558710672701
853.0,0.07976151005329961
854.0,0.07962459208794766
855.0,0.07959191297558696
856.0,0.07972467501113814
857.0,0.07993686745110272
858.0,0.08010758411963208
859.0,0.08029447149647977
860.0,0.08047663873825053
861.0,0.08061963752353331
862.0,0.0808925764947405
863.0,0.08105354604979866
864.0,0.08112331931094009
865.0,0.08137340471775946
866.0,0.08171288087220233
867.0,0.08192671293818303
868.0,0.08198371313413626
869.0,0.08215638705955104
870.0,0.08230376344925823
871.0,0.0825631131226228
872.0,0.0829116461628014
873.0,0.08267146047609973
874.0,0.08299269864761472
875.0,0.08347086442866294
876.0,0.08339207830825582
877.0,0.08339004820912425
878.0,0.08368324325099531
879.0,0.08405642786096945
880.0,0.08416245480536755
881.0,0.08478327643622764
882.0,0.08496265105882793
883.0,0.08470809623307768
884.0,0.08502451021512346
885.0,0.08514610707713625
886.0,0.0852655054846609
887.0,0.08559747382318425
888.0,0.08615812678069858
889.0,0.0862596952900367
890.0,0.08643615862139814
891.0,0.08697972407074112
892.0,0.08691211327094067
893.0,0.08671822437933187
894.0,0.08681438054766247
895.0,0.08734589978959989
896.0,0.08760807664507657
897.0,0.08771698755044484
898.0,0.08788880541540227
899.0,0.08822743652411842
900.0,0.08792397897859965
901.0,0.08816993553198464
902.0,0.08893874729535131
903.0,0.08933143026571161
904.0,0.08960059413802178
905.0,0.0897036420802983
906.0,0.08970898514165347
907.0,0.08980138452829405
908.0,0.0899519556378781
909.0,0.09030105600002203
910.0,0.0907812095275981
911.0,0.09103418550883388
912.0,0.09149758162100093
913.0,0.09155971937334155
914.0,0.09117162924666314
915.0,0.09173964477921595
916.0,0.09193597360703396
917.0,0.09215480083656696
918.0,0.09277513733884316
919.0,0.09286506359107691
920.0,0.0928195993506886
921.0,0.09296890717358637
922.0,0.09338419164251704
923.0,0.09326839736873707
924.0,0.09352732713598895
925.0,0.09406533029430751
926.0,0.09440219495027645
927.0,0.09459115462363948
928.0,0.09493117613903862
929.0,0.09508045957991205
930.0,0.0946318791454774
931.0,0.09496619089303211
932.0,0.09534048971848533
933.0,0.0955275113070955
934.0,0.09579783209555087
935.0,0.09640906735998395
936.0,0.09681149163574697
937.0,0.09672893569367647
938.0,0.09634734290390612
939.0,0.09686349899877941
940.0,0.0974031800558168
941.0,0.09769852816900204
942.0,0.09834278811429675
943.0,0.0990316731817752
944.0,0.09895715556968453
945.0,0.0984259587466408
946.0,0.09896918589888838
947.0,0.09860363603925115
948.0,0.09897841114379949
949.0,0.10038535264885931
950.0,0.10052908456699308
951.0,0.10060970930804947
952.0,0.10069766085483563
953.0,0.10069129399137962
954.0,0.10054038053535046
955.0,0.10049237869302138
956.0,0.10120993550409421
957.0,0.10236989643033162
958.0,0.10200610257318868
959.0,0.10203691125372097
960.0,0.10232854597217104
961.0,0.1025238899819548
962.0,0.10275179104277034
963.0,0.10326616612344146
964.0,0.10376872914556602
965.0,0.1038378799454689
966.0,0.10313453196228417
967.0,0.10399834991619895
968.0,0.10437208793157547
969.0,0.10326854250313547
970.0,0.10392270668413627
971.0,0.10547313408997702
972.0,0.10631893908640681
973.0,0.10588348923482357
974.0,0.1059601852901401
975.0,0.10609207029165602
976.0,0.10575956128242549
977.0,0.10529839418318766
978.0,0.10661182253094813
979.0,0.10784028560158224
980.0,0.10812082899572663
981.0,0.10772047213314695
982.0,0.10831950733120049
983.0,0.10875409637971216
984.0,0.10879520568407185
985.0,0.10873703570291195
986.0,0.10931430685203214
987.0,0.11001512433933021
988.0,0.11035940745560148
989.0,0.1102329670425967
990.0,0.11007440250902513
991.0,0.11021135468705212
992.0,0.10997021531437183
993.0,0.10971352680011885
994.0,0.11120975817123345
995.0,0.11205529127000116
996.0,0.11239248697901816
997.0,0.11279386332261176
998.0,0.11350500598291635
999.0,0.11150574430176187
1000.0,0.11119890898570818
1001.0,0.1227084141204521
1002.0,0.12108083453961876
1003.0,0.12083857312320613
1004.0,0.12110661307693157
1005.0,0.12010662588727786
1006.0,0.12127896492784515
1007.0,0.12281108113691504
1008.0,0.12246043206436438
1009.0,0.12123337764239454
1010.0,0.12093904380020964
1011.0,0.11942174017675415
1012.0,0.11846677984534597
1013.0,0.12050451549305218
1014.0,0.12188366076954339
1015.0,0.12381763414598677
1016.0,0.12492738256302026
1017.0,0.12589080541431685
1018.0,0.12727100339160785
1019.0,0.12782579639257421
1020.0,0.1279830735178909
1021.0,0.12868572764503824
1022.0,0.12836689025474524
1023.0,0.1272795659329641
1024.0,0.127320958916611
1025.0,0.12700170555693652
1026.0,0.12611848355260458
1027.0,0.126504287556453
1028.0,0.12730788576467325
1029.0,0.12817841689823609
1030.0,0.13002749251203302
1031.0,0.13122106138810882
1032.0,0.1302341366100426
1033.0,0.1289566364793583
1034.0,0.12793239480894217
1035.0,0.12844955885458886
1036.0,0.13116985719926158
1037.0,0.1338399641182372
1038.0,0.13471174621680587
1039.0,0.13407413275853955
1040.0,0.1328131448784413
1041.0,0.13162408684621107
1042.0,0.1318366450874423
1043.0,0.13210956225687565
1044.0,0.13298770576801686
1045.0,0.13367418157400654
1046.0,0.13477679562957767
1047.0,0.1349396196243872
1048.0,0.13469166138529948
1049.0,0.13498352339079064
1050.0,0.1352002801983887
1051.0,0.13558289652694994
1052.0,0.13570396216834382
1053.0,0.13589458075235064
1054.0,0.13732524302925367
1055.0,0.13813538790853272
1056.0,0.13854486052530504
1057.0,0.13955539135360506
1058.0,0.13981529154686878
1059.0,0.1386598798559757
1060.0,0.1384404526311247
1061.0,0.1380808942269574
1062.0,0.13887433775723396
1063.0,0.13972683524950302
1064.0,0.13957069515273904
1065.0,0.13986050425471686
1066.0,0.1398683034431415
1067.0,0.139836780154316
1068.0,0.1389849464858516
1069.0,0.13899122457235957
1070.0,0.139796949524369
1071.0,0.14033997035356804
1072.0,0.14051607911668013
1073.0,0.14256585765705856
1074.0,0.14412294819646942
1075.0,0.1441020359680233
1076.0,0.14436149687709457
1077.0,0.14464252943953015
1078.0,0.14517136447105586
1079.0,0.14565597574496553
1080.0,0.14633090699482623
1081.0,0.1464060601566388
1082.0,0.1451884185974471
1083.0,0.14445325487587915
1084.0,0.1443967875082999
1085.0,0.14468081409241318
1086.0,0.1448456118444647
1087.0,0.14508188822427076
1088.0,0.14669494983006778
1089.0,0.14766235419388762
1090.0,0.14763165113076931
1091.0,0.14915233387977336
1092.0,0.15031341782636065
1093.0,0.14989845397083038
1094.0,0.15086290571241986
1095.0,0.15134553598721143
1096.0,0.14989175265004884
1097.0,0.14972635608321777
1098.0,0.14980943647615594
1099.0,0.1504499572932495
1100.0,0.15229740943927164
1101.0,0.15309178702859086
1102.0,0.15350232217711263
1103.0,0.15478943485854035
1104.0,0.15517489582553978
1105.0,0.15494220751909085
1106.0,0.15531338086438615
1107.0,0.1545188453758417
1108.0,0.15395287659317003
1109.0,0.1548206922703914
1110.0,0.15641546406680873
1111.0,0.1577727238111186
1112.0,0.1584431171867639
1113.0,0.15872515907708723
1114.0,0.15895288378527514
1115.0,0.15841795400298359
1116.0,0.15871346105804482
1117.0,0.1593647584867329
1118.0,0.15989335645276093
1119.0,0.1607811344645993
1120.0,0.16139501297128925
1121.0,0.16117449371221568
1122.0,0.16110302817244726
1123.0,0.1616826865083798
1124.0,0.1622606523486395
1125.0,0.16297944541731704
1126.0,0.1642066130072054
1127.0,0.16441412370364034
1128.0,0.1633181025172469
1129.0,0.16312906916511974
1130.0,0.1626955586050574
1131.0,0.16275497624194268
1132.0,0.16358121656241253
1133.0,0.16422099486171612
1134.0,0.16507386523473241
1135.0,0.16562957071775244
1136.0,0.1662385592198967
1137.0,0.1662212046536073
1138.0,0.1668241381766955
1139.0,0.16803620511063996
1140.0,0.16924817484878157
1141.0,0.1702169966742688
1142.0,0.17082148031790906
1143.0,0.17107155273262262
1144.0,0.17115965226885413
1145.0,0.17069832118180034
1146.0,0.17069463559200326
1147.0,0.17050059332204792
1148.0,0.17060318045285813
1149.0,0.17088854896824376
1150.0,0.17168279843088408
1151.0,0.17262776539021882
1152.0,0.17288747818646205
1153.0,0.17338246127294973
1154.0,0.17468030701180887
1155.0,0.1750835673774611
1156.0,0.1756839300401186
1157.0,0.17630344281826685
1158.0,0.17669864830912893
1159.0,0.17709396671194666
1160.0,0.1776545197479132
1161.0,0.17809796973984793
1162.0,0.17849516686959777
1163.0,0.17887271351452644
1164.0,0.17914416286823226
1165.0,0.1797211455158588
1166.0,0.18060579079651154
1167.0,0.1808566659092343
1168.0,0.18175599406984388
1169.0,0.1820780594343175
1170.0,0.18176319860512452
1171.0,0.1816426834509059
1172.0,0.1821516240333244
1173.0,0.18314542898238984
1174.0,0.18360141862597412
1175.0,0.1842479176320883
1176.0,0.18491878393912237
1177.0,0.1852004282298574
1178.0,0.18566394531022026
1179.0,0.1869947626817277
1180.0,0.1874365458832888
1181.0,0.18748373504579294
1182.0,0.186564731397591
1183.0,0.18653917453958965
1184.0,0.18717887400076494
1185.0,0.18857228855810632
1186.0,0.19035765565557933
1187.0,0.19126545899969363
1188.0,0.19211093493470252
1189.0,0.1922686398537577
1190.0,0.1912240513104512
1191.0,0.19141710426634048
1192.0,0.19175624350039208
1193.0,0.19211035197835602
1194.0,0.19343247331733981
1195.0,0.19396057479380083
1196.0,0.1933616323949189
1197.0,0.19384838169011137
1198.0,0.19493910050702526
1199.0,0.195570834296138
1200.0,0.19695150849654705
1201.0,0.19825070612276177
1202.0,0.19853091244664917
1203.0,0.1988267813538721
1204.0,0.1989310733427185
1205.0,0.19856936944524023
1206.0,0.1986109310765306
1207.0,0.1984364122181939
1208.0,0.1988630438568327
1209.0,0.19967683612792547
1210.0,0.20051691196448296
1211.0,0.20230645370904662
1212.0,0.20298371108119043
1213.0,0.20287536775356074
1214.0,0.20320022139090674
1215.0,0.20293854672379702
1216.0,0.20311933108374408
1217.0,0.20433192767832256
1218.0,0.20519514041881526
1219.0,0.20584196101162128
1220.0,0.20652218106623574
1221.0,0.20695349343786493
1222.0,0.20690897519258353
1223.0,0.20735928652378355
1224.0,0.2079055232416767
1225.0,0.20855297737674058
1226.0,0.20950155825660588
1227.0,0.2101870630401599
1228.0,0.21093466316349993
1229.0,0.21145697630443516
1230.0,0.21169575802515272
1231.0,0.21204522697254063
1232.0,0.2120742731877574
1233.0,0.21247931157039734
1234.0,0.21353872925358192
1235.0,0.21464371185575282
1236.0,0.2153333336111632
1237.0,0.21623359004089662
1238.0,0.21686730129114393
1239.0,0.2169785726587636
1240.0,0.21728969519433064
1241.0,0.21771806901118992
1242.0,0.2181119508256501
1243.0,0.2181203413460767
1244.0,0.21862224897689195
1245.0,0.2197589904308408
1246.0,0.22041570263148935
1247.0,0.22095831540293873
1248.0,0.22154978658391924
1249.0,0.22189637811728455
1250.0,0.22227921633896833
1251.0,0.22259641002932365
1252.0,0.2233167505777894
1253.0,0.2238304339791782
1254.0,0.22428261258122237
1255.0,0.22478772530438967
1256.0,0.22550007577412917
1257.0,0.22577370324084461
1258.0,0.2254394720571726
1259.0,0.22600060464558427
1260.0,0.22672917583401336
1261.0,0.22757116267384273
1262.0,0.22943207471455268
1263.0,0.23038090158378569
1264.0,0.2309045084040048
1265.0,0.23133164069297604
1266.0,0.23114902673558854
1267.0,0.23133719948539172
1268.0,0.23166169452657528
1269.0,0.2317709283059813
1270.0,0.23220231983739223
1271.0,0.23283734703241624
1272.0,0.23358278260404478
1273.0,0.23453795292268628
1274.0,0.23526995596358277
1275.0,0.23618674944668236
1276.0,0.2368072671000273
1277.0,0.2371291467250158
1278.0,0.23756512680866754
1279.0,0.2379269906721138
1280.0,0.23834097708098173
1281.0,0.23858304202213454
1282.0,0.2391464113034559
1283.0,0.23997630114936086
1284.0,0.2407014740924685
1285.0,0.24169763193087015
1286.0,0.2424947532972247
1287.0,0.2432567963472981
1288.0,0.24369036748922263
1289.0,0.24427385986505232
1290.0,0.24480140963192204
1291.0,0.24534873429497267
1292.0,0.24597188105750797
1293.0,0.2463766601078341
1294.0,0.24644625811560789
1295.0,0.2470598294311066
1296.0,0.24785297113649765
1297.0,0.24855175400224366
1298.0,0.24980433959886772
1299.0,0.25046940734621076
1300.0,0.2505797630773208
1301.0,0.2509429716646645
1302.0,0.25117255989205145
1303.0,0.25152488493570496
1304.0,0.2520164596705401
1305.0,0.2524863805713497
1306.0,0.252972078906789
1307.0,0.2535005586137944
1308.0,0.2539438647223735
1309.0,0.25441145325808406
1310.0,0.25474360339242813
1311.0,0.25476898549988797
1312.0,0.2553542504762531
1313.0,0.25604944799090484
1314.0,0.25691101798606225
1315.0,0.25850420478989006
1316.0,0.2593117189447638
1317.0,0.2596416855796193
1318.0,0.2603102232021852
1319.0,0.26084564438912333
1320.0,0.2613706121904403
1321.0,0.26216426450706587
1322.0,0.26278115042933925
1323.0,0.263146156080252
1324.0,0.26355020917567
1325.0,0.26380285530357145
1326.0,0.2643165921628663
1327.0,0.26493324818149894
1328.0,0.2655870875236878
1329.0,0.2662785656533687
1330.0,0.26736701049900186
1331.0,0.26786059873413576
1332.0,0.26793673903766047
1333.0,0.26838455848907455
1334.0,0.26862688709697985
1335.0,0.2692240450562962
1336.0,0.27022663975598743
1337.0,0.2710418959492067
1338.0,0.27205273759015103
1339.0,0.2727339206231204
1340.0,0.2730969888890475
1341.0,0.2737316133359314
1342.0,0.2743549298787703
1343.0,0.2749140546460875
1344.0,0.2756812984253712
1345.0,0.2763245744662406
1346.0,0.27678196358094515
1347.0,0.2772171899019795
1348.0,0.2776589802012643
1349.0,0.2780479529138172
1350.0,0.2786496994141408
1351.0,0.27926538277369767
1352.0,0.2800038727339636
1353.0,0.28101900111087547
1354.0,0.281860299134911
1355.0,0.28284434658131297
1356.0,0.2833973163738042
1357.0,0.28360081793414915
1358.0,0.2840448995006288
1359.0,0.2842231053311511
1360.0,0.2846649670726345
1361.0,0.28529238591002604
1362.0,0.28610638603055816
1363.0,0.28715568911222733
1364.0,0.28801573296860616
1365.0,0.2892056785897458
1366.0,0.29003510530113447
1367.0,0.2905671857573018
1368.0,0.29088702522338616
1369.0,0.29144061598484317
1370.0,0.29193747198666503
1371.0,0.29250779335494387
1372.0,0.29316183199916435
1373.0,0.2939050967572271
1374.0,0.29475476180574534
1375.0,0.295390443412144
1376.0,0.29608706850411565
1377.0,0.2966517999407792
1378.0,0.2969209393933856
1379.0,0.29741898048788395
1380.0,0.29811765851937233
1381.0,0.29859209581168555
1382.0,0.2988809179405424
1383.0,0.2993843603240597
1384.0,0.299832751730657
1385.0,0.30039508238469964
1386.0,0.3011918328799712
1387.0,0.30192768381793467
1388.0,0.30254044517846196
1389.0,0.3033421560434725
1390.0,0.304422348407887
1391.0,0.3053278309948288
1392.0,0.30612529474530603
1393.0,0.30701384438110946
1394.0,0.3076254548878793
1395.0,0.30788441253163523
1396.0,0.3084243746583081
1397.0,0.30897401543461966
1398.0,0.30950899463031095
1399.0,0.3100573657384969
1400.0,0.3107302449622461
1401.0,0.31142551784820016
1402.0,0.31215162331600904
1403.0,0.3131225424197553
1404.0,0.3138415198894875
1405.0,0.31453934037179376
1406.0,0.31503850060473554
1407.0,0.3152505540585632
1408.0,0.31558900903944437
1409.0,0.31562749016993424
1410.0,0.3160384739171553
1411.0,0.31683334901073346
1412.0,0.31745801800567386
1413.0,0.3181299081448134
1414.0,0.3189186110557408
1415.0,0.3194579365696269
1416.0,0.32012418940990145
1417.0,0.320822818207057
1418.0,0.32162268701588664
1419.0,0.32237370678916344
1420.0,0.3231753703503384
1421.0,0.32382432415622986
1422.0,0.3243930085808017
1423.0,0.32502560677779685
1424.0,0.3255656127559871
1425.0,0.32618842635722767
1426.0,0.32679686049894124
1427.0,0.327604503313985
1428.0,0.3286024140582337
1429.0,0.3294531548097365
1430.0,0.33057780829207595
1431.0,0.3313173258872691
1432.0,0.33153169569247826
1433.0,0.33210173948896704
1434.0,0.3327791183738039
1435.0,0.3333622534919039
1436.0,0.33411820770604855
1437.0,0.3347731579145258
1438.0,0.3354551733829506
1439.0,0.3356564526677545
1440.0,0.3362022283506545
1441.0,0.3368442106558763
1442.0,0.3372515794496868
1443.0,0.33785494679674977
1444.0,0.33847146643480586
1445.0,0.33898793134855393
1446.0,0.33982689339698297
1447.0,0.34095877841910893
1448.0,0.3418949750639054
1449.0,0.34301771183836066
1450.0,0.3438146011422381
1451.0,0.3443542114184169
1452.0,0.34502212696943074
1453.0,0.34557686322623493
1454.0,0.3462229100452776
1455.0,0.3470482473493711
1456.0,0.34763407800385393
1457.0,0.3480545636927791
1458.0,0.3485853904649677
1459.0,0.3489590334571147
1460.0,0.34954423510958177
1461.0,0.3504338927876427
1462.0,0.351066091800956
1463.0,0.35163369705237235
1464.0,0.35222804237922073
1465.0,0.35255344340148076
1466.0,0.3531440869887508
1467.0,0.3540511662467564
1468.0,0.3547102741183865
1469.0,0.35560532499288067
1470.0,0.35648875974795724
1471.0,0.3572846098223381
1472.0,0.358101954468123
1473.0,0.3587365365981235
1474.0,0.3592258129152364
1475.0,0.3597778178891624
1476.0,0.3601205568531519
1477.0,0.3607965035347974
1478.0,0.3616996675161634
1479.0,0.36244930756635985
1480.0,0.3634408970757782
1481.0,0.36407362372022856
1482.0,0.36439744252432327
1483.0,0.36486762954451757
1484.0,0.36491588192011
1485.0,0.36566761281163584
1486.0,0.36688044956449933
1487.0,0.36798662533646054
1488.0,0.36972244950460137
1489.0,0.37087242879084037
1490.0,0.371651685463333
1491.0,0.37243316997783066
1492.0,0.3729339273887295
1493.0,0.37355885330642946
1494.0,0.37409380532468195
1495.0,0.37482304651062054
1496.0,0.37595204120634956
1497.0,0.37662433608717955
1498.0,0.3770722207520022
1499.0,0.3776157245693455
1500.0,0.3778575895993266
1501.0,0.37810309954036814
1502.0,0.3789452748474516
1503.0,0.37975785568473575
1504.0,0.38044635933200416
1505.0,0.38121570088578344
1506.0,0.38182175547960706
1507.0,0.38214195897509334
1508.0,0.3828402393251244
1509.0,0.3836677288870879
1510.0,0.38446955372724995
1511.0,0.38546554878974576
1512.0,0.38635506932237207
1513.0,0.3871660152049279
1514.0,0.3880013354646332
1515.0,0.3888802646205195
1516.0,0.3897067589910109
1517.0,0.3905642673361358
1518.0,0.39126146703245135
1519.0,0.39178557043995493
1520.0,0.3924786724096304
1521.0,0.39299192583902326
1522.0,0.3938079678467143
1523.0,0.39501658832754394
1524.0,0.39599419030515925
1525.0,0.39711860635578866
1526.0,0.39800272566299477
1527.0,0.39855582171324
1528.0,0.39930525749087653
1529.0,0.4000484513826542
1530.0,0.4007704501321675
1531.0,0.4016056770211584
1532.0,0.40238340748609214
1533.0,0.4030125162237076
1534.0,0.4037617592335328
1535.0,0.4046504089392258
1536.0,0.4054273402457915
1537.0,0.4061048021648303
1538.0,0.4068933884641679
1539.0,0.40788608593723885
1540.0,0.4087170825763896
1541.0,0.4095813132638296
1542.0,0.4106013903248295
1543.0,0.41146328181271813
1544.0,0.41214549820689106
1545.0,0.4129680380012388
1546.0,0.4139708505929722
1547.0,0.41458374316664187
1548.0,0.4149775723801854
1549.0,0.41551328071099713
1550.0,0.41578005473383417
1551.0,0.4164405023130566
1552.0,0.4173596713484387
1553.0,0.4182682018479864
1554.0,0.41935717162194514
1555.0,0.42030416426482975
1556.0,0.4213145075310253
1557.0,0.4221696820816087
1558.0,0.4229035776658853
1559.0,0.42365585850006365
1560.0,0.42429148307615894
1561.0,0.42505120962066084
1562.0,0.42594835975922907
1563.0,0.4266283764423762
1564.0,0.4271144136441065
1565.0,0.4278631339865746
1566.0,0.4287053410628709
1567.0,0.42938874417312844
1568.0,0.43017484828169555
1569.0,0.4309398719727008
1570.0,0.431403146933966
1571.0,0.4321225165030382
1572.0,0.43326587686662066
1573.0,0.4340448309046173
1574.0,0.4344739069299374
1575.0,0.4352564573052855
1576.0,0.43610762782291157
1577.0,0.43693995129703156
1578.0,0.43831296625172805
1579.0,0.4391346485111467
1580.0,0.43930608252954373
1581.0,0.4398435222912177
1582.0,0.4401829050196558
1583.0,0.4407958751174512
1584.0,0.4420178819088687
1585.0,0.442865230682046
1586.0,0.44348168779618174
1587.0,0.4442461724532211
1588.0,0.4447799204094748
1589.0,0.44554749663681614
1590.0,0.44648323724799427
1591.0,0.44779979342307513
1592.0,0.4485784361028181
1593.0,0.4492688321594245
1594.0,0.44991272668863036
1595.0,0.4502248959076695
1596.0,0.450872728951363
1597.0,0.45165749275383926
1598.0,0.45248755906658555
1599.0,0.4534514216494415
1600.0,0.45423191829982457
1601.0,0.4550322050320239
1602.0,0.4557873052659403
1603.0,0.4564139619836919
1604.0,0.45707564035692433
1605.0,0.45780883187692584
1606.0,0.45842616869098696
1607.0,0.4588392814659472
1608.0,0.45954263301424386
1609.0,0.4604262282705658
1610.0,0.4611043270504463
1611.0,0.461664205449355
1612.0,0.46262153795199734
1613.0,0.4637719212446789
1614.0,0.46459779708353754
1615.0,0.46580522967618876
1616.0,0.4664051860456524
1617.0,0.4661291920755746
1618.0,0.4666212670598318
1619.0,0.4670134776732924
1620.0,0.46810465890687586
1621.0,0.4700420139313448
1622.0,0.4714122338291794
1623.0,0.4731911138938618
1624.0,0.47432653810709174
1625.0,0.47473890427168497
1626.0,0.4755727801375922
1627.0,0.4763065431262989
1628.0,0.47719272480781627
1629.0,0.4784260703356733
1630.0,0.47927664159474087
1631.0,0.47989693502462744
1632.0,0.48067637353925313
1633.0,0.4813337162290759
1634.0,0.48205515597423804
1635.0,0.4831527618205434
1636.0,0.4837315559106498
1637.0,0.48377436624875153
1638.0,0.4842912130223005
1639.0,0.4848001125520011
1640.0,0.48527353117028377
1641.0,0.48611477076235665
1642.0,0.48668434930016313
1643.0,0.48671676551678705
1644.0,0.48735124872513014
1645.0,0.48839644422932976
1646.0,0.48924071494271965
1647.0,0.49042045373706433
1648.0,0.49125644050838685
1649.0,0.4917263188453954
1650.0,0.49231614390521394
1651.0,0.4928303140346047
1652.0,0.4933998450016846
1653.0,0.49385616108046426
1654.0,0.49461167852522503
1655.0,0.49544554580842176
1656.0,0.4964736384550819
1657.0,0.49817287304411917
1658.0,0.49919272714537943
1659.0,0.5000705598117925
1660.0,0.5007726520092521
1661.0,0.5006475026945033
1662.0,0.5011454589117511
1663.0,0.5018608319948548
1664.0,0.5026536890336232
1665.0,0.5040346766574293
1666.0,0.5049582433161467
1667.0,0.5056498439948847
1668.0,0.506341928854753
1669.0,0.5067766679554734
1670.0,0.5072754096655759
1671.0,0.507705400354753
1672.0,0.5083599629581859
1673.0,0.5090136276761859
1674.0,0.5098615793925322
1675.0,0.5111404564276771
1676.0,0.5121905387731913
1677.0,0.5132118817123217
1678.0,0.5142002411403275
1679.0,0.5151972365093488
1680.0,0.5159745654290493
1681.0,0.5164097259668673
1682.0,0.5172215467053178
1683.0,0.5180552181871662
1684.0,0.5189223578192225
1685.0,0.5201858401050949
1686.0,0.5212764072708813
1687.0,0.5221495098367144
1688.0,0.5231623481282228
1689.0,0.5244284640295399
1690.0,0.5253787255928166
1691.0,0.5260942943535376
1692.0,0.5269060133483361
1693.0,0.5275488555651677
1694.0,0.5282913880027341
1695.0,0.5290989309308535
1696.0,0.5300662590805705
1697.0,0.5310444134319792
1698.0,0.5320887928955023
1699.0,0.5336207591472839
1700.0,0.5346219566970781
1701.0,0.5353400505305376
1702.0,0.5361054312293815
1703.0,0.5364173520768454
1704.0,0.5370267628363491
1705.0,0.5380210684671884
1706.0,0.5386072177485687
1707.0,0.5387720804301983
1708.0,0.5395607707554544
1709.0,0.5405589129087459
1710.0,0.5415047122106723
1711.0,0.5429603553011264
1712.0,0.5440129564055071
1713.0,0.5447425327738222
1714.0,0.54538419494688
1715.0,0.5460825971781694
1716.0,0.546651062378041
1717.0,0.5465687146390649
1718.0,0.5471878688200089
1719.0,0.5480890507311957
1720.0,0.5490045448032449
1721.0,0.5506027373240858
1722.0,0.5515886647645541
1723.0,0.5522783122063638
1724.0,0.5530228048227398
1725.0,0.5532571715541944
1726.0,0.5541131608769899
1727.0,0.555508308823072
1728.0,0.5563499382898567
1729.0,0.557232199224647
1730.0,0.5581311153108817
1731.0,0.5585582125550952
1732.0,0.5592066999287473
1733.0,0.5601272209492137
1734.0,0.5610389496740502
1735.0,0.5619566777784324
1736.0,0.5629265430159591
1737.0,0.5640329524378573
1738.0,0.5649357397640667
1739.0,0.5657310246549647
1740.0,0.5664818922228394
1741.0,0.5672595992085256
1742.0,0.5679719344722426
1743.0,0.5685429444854065
1744.0,0.5690217898649403
1745.0,0.5693345262574813
1746.0,0.5698377236837872
1747.0,0.5702750777198584
1748.0,0.5712060662983753
1749.0,0.5727886194350217
1750.0,0.573471022864936
1751.0,0.5735753510660899
1752.0,0.5743056130637461
1753.0,0.5748454041302141
1754.0,0.5760787905281931
1755.0,0.5778534154984591
1756.0,0.5787633993851018
1757.0,0.5790941617033399
1758.0,0.5796920356699775
1759.0,0.5800935120594386
1760.0,0.5809842697026063
1761.0,0.5822664478700186
1762.0,0.5828078009174883
1763.0,0.5832091597271263
1764.0,0.5834162395603719
1765.0,0.5832602925910877
1766.0,0.5836034117802203
1767.0,0.5842588570294839
1768.0,0.5852461176089324
1769.0,0.586557193513916
1770.0,0.5873524341927444
1771.0,0.5884079994983112
1772.0,0.5899471259504621
1773.0,0.5905693513818697
1774.0,0.5912783651474146
1775.0,0.5922384195289874
1776.0,0.5925464500623665
1777.0,0.5933199125448947
1778.0,0.594511335124891
1779.0,0.5958018425462307
1780.0,0.5968565727785686
1781.0,0.5976907140349672
1782.0,0.5986953606640165
1783.0,0.5988990088055959
1784.0,0.5987864460966034
1785.0,0.5992993180005436
1786.0,0.5999494152547309
1787.0,0.6008102124592758
1788.0,0.6018714342011533
1789.0,0.6025591590318067
1790.0,0.6026437946607484
1791.0,0.6033381370221111
1792.0,0.6044806282492508
1793.0,0.6055375107781005
1794.0,0.6070405818393234
1795.0,0.6082261360407448
1796.0,0.609518339745425
1797.0,0.610409680347964
1798.0,0.6104847950449939
1799.0,0.6109017347966206
1800.0,0.6114937982460932
1801.0,0.6116820690198307
1802.0,0.6136868952635451
1803.0,0.6163695323770898
1804.0,0.6180921088183838
1805.0,0.6208834729509373
1806.0,0.6212045915840919
1807.0,0.6191500973764914
1808.0,0.6188169247105546
1809.0,0.6171078741180871
1810.0,0.6175896352085258
1811.0,0.619290766869881
1812.0,0.6225362138001226
1813.0,0.6248303271168301
1814.0,0.6268382622777985
1815.0,0.6278755106842066
1816.0,0.6267936209055687
1817.0,0.6279674972724575
1818.0,0.6302388428919339
1819.0,0.6314214936290518
1820.0,0.6337591681574055
1821.0,0.6349307938324265
1822.0,0.6347317324307529
1823.0,0.6339727745182214
1824.0,0.6342956362695283
1825.0,0.6350163237036286
1826.0,0.6355101398206937
1827.0,0.636505391844584
1828.0,0.6367023844490786
1829.0,0.6357180700006273
1830.0,0.6361249682059732
1831.0,0.6364204415709419
1832.0,0.6382536896885979
1833.0,0.6401775572416171
1834.0,0.6410944527555938
1835.0,0.6419155641590111
1836.0,0.6414239414862146
1837.0,0.6424177011446938
1838.0,0.6447391824166304
1839.0,0.6457743018566117
1840.0,0.6469521024580595
1841.0,0.6474198793775192
1842.0,0.647121353138625
1843.0,0.6466994874295964
1844.0,0.6474036784307663
1845.0,0.6490838140060685
1846.0,0.6499740123569516
1847.0,0.6513142467942099
1848.0,0.6519287860513138
1849.0,0.6510952484373934
1850.0,0.6514316733077367
1851.0,0.6525193722042832
1852.0,0.6530284933724698
1853.0,0.6525582814954867
1854.0,0.6539140711005679
1855.0,0.6548197372269584
1856.0,0.6553450593434798
1857.0,0.6561992938767238
1858.0,0.6579023135193286
1859.0,0.6587764798019481
1860.0,0.6589373974570575
1861.0,0.6597855123962378
1862.0,0.6608746307515488
1863.0,0.6615580316563853
1864.0,0.662181996377498
1865.0,0.6625463138091411
1866.0,0.6628216906719427
1867.0,0.6634089561936268
1868.0,0.6642249482202486
1869.0,0.6657229626212567
1870.0,0.6667126131628632
1871.0,0.6673706797663512
1872.0,0.6685891138180788
1873.0,0.6701577413833145
1874.0,0.6702960478926275
1875.0,0.6703855381289483
1876.0,0.6699301624400276
1877.0,0.6692750973938248
1878.0,0.6694138392516826
1879.0,0.6698704613730309
1880.0,0.6716548707900217
1881.0,0.6726765231641687
1882.0,0.6738637578762439
1883.0,0.6739952259494298
1884.0,0.6742172681244121
1885.0,0.67376853525175
1886.0,0.6727202737770662
1887.0,0.6727336901094014
1888.0,0.6730201148996169
1889.0,0.6723715340635066
1890.0,0.6722305695199206
1891.0,0.6727267834767117
1892.0,0.6722429638130749
1893.0,0.6713903078532312
1894.0,0.671154679844986
1895.0,0.6697479087367096
1896.0,0.6685774980856746
1897.0,0.6675949959036157
1898.0,0.6671726861867736
1899.0,0.6668102418464102
1900.0,0.6663223370060568
1901.0,0.6661698294379982
1902.0,0.6663663409312586
1903.0,0.6657189381413787
1904.0,0.6654849564406222
1905.0,0.6663379741406287
1906.0,0.6662337416475134
1907.0,0.6655230033733467
1908.0,0.6650033444721353
1909.0,0.663959571402834
1910.0,0.6641837285382568
1911.0,0.6654802636318076
1912.0,0.6660264179870313
1913.0,0.6668979461205781
1914.0,0.6680353578682741
1915.0,0.6689739229802693
1916.0,0.6701402071630456
1917.0,0.6724131244413435
1918.0,0.6734318815777426
1919.0,0.6737526549278576
1920.0,0.6741186855363501
1921.0,0.6740235636934392
1922.0,0.6749497007833458
1923.0,0.6757522643941585
1924.0,0.6764302943221759
1925.0,0.6768569469523945
1926.0,0.677429886694806
1927.0,0.6775832752107396
1928.0,0.6783913326516395
1929.0,0.679611379507757
1930.0,0.6807496752869222
1931.0,0.682570740698398
1932.0,0.6843031037628731
1933.0,0.6855223570927497
1934.0,0.6870604171501593
1935.0,0.688025417661659
1936.0,0.6884377995911288
1937.0,0.6890210947397976
1938.0,0.6894703530448372
1939.0,0.6892839588177929
1940.0,0.6898419860656001
1941.0,0.6913080305805115
1942.0,0.693046714642
1943.0,0.6953580583842172
1944.0,0.6967361914608828
1945.0,0.6975400775184377
1946.0,0.698651168810704
1947.0,0.6989312140799863
1948.0,0.6996747981106104
1949.0,0.7007311867306462
1950.0,0.7024299619512037
1951.0,0.7026413812915651
1952.0,0.7033346502980561
1953.0,0.705162753105503
1954.0,0.7061440016365665
1955.0,0.7074675958720812
1956.0,0.7088428157396047
1957.0,0.708911717892605
1958.0,0.7086302563252614
1959.0,0.708840974142067
1960.0,0.709181422555792
1961.0,0.7097766660066205
1962.0,0.71057978626192
1963.0,0.7114249392403938
1964.0,0.7129482962850449
1965.0,0.7142522345312655
1966.0,0.715421388046175
1967.0,0.7170413201376958
1968.0,0.7175338978543374
1969.0,0.7177690003231079
1970.0,0.718950761595664
1971.0,0.7203771429180033
1972.0,0.7218074325082982
1973.0,0.7243854310295246
1974.0,0.7257786602750554
1975.0,0.7264654146797319
1976.0,0.7270437447870142
1977.0,0.7279369286867013
1978.0,0.7289613173920984
1979.0,0.7300640853961802
1980.0,0.7308306675909563
1981.0,0.7300772180294262
1982.0,0.7295922866440564
1983.0,0.7303090489253379
1984.0,0.7306438253306449
1985.0,0.7317559014640024
1986.0,0.7346333904122122
1987.0,0.7363298878321113
1988.0,0.7379090116490272
1989.0,0.738851689616806
1990.0,0.7397584475364816
1991.0,0.7400417630772756
1992.0,0.7392090948653794
1993.0,0.7404413357363122
1994.0,0.7417918873594104
1995.0,0.742521814932285
1996.0,0.7440843350013561
1997.0,0.7469430291905833
1998.0,0.7482072204411657
1999.0,0.7487642383443152
2000.0,0.7501269953574775
2001.0,0.7515017223753355
2002.0,0.7522724894786983
2003.0,0.7534231098135068
2004.0,0.7547385828406733
2005.0,0.7549091310017458
2006.0,0.7548336923151986
2007.0,0.755739453330771
2008.0,0.757077054332651
2009.0,0.7585532993547731
2010.0,0.7611227307212655
2011.0,0.7624386920011138
2012.0,0.7630541900569853
2013.0,0.7640321180157968
2014.0,0.7648824279021226
2015.0,0.7650418337333129
2016.0,0.7656438491727942
2017.0,0.7665084687769975
2018.0,0.7667246381879026
2019.0,0.7680533642637096
2020.0,0.7703785692503506
2021.0,0.7726176655937324
2022.0,0.7746442844488901
2023.0,0.7762441120825007
2024.0,0.7775774676595247
2025.0,0.7779236612525678
2026.0,0.7791705078354619
2027.0,0.7810993839011284
2028.0,0.7820562897764162
2029.0,0.7826421166248974
2030.0,0.7835109908154404
2031.0,0.7839483902426049
2032.0,0.7849611027242507
2033.0,0.7862873596612424
2034.0,0.7871887937603292
2035.0,0.7875932030490297
2036.0,0.7875073531693009
2037.0,0.7876593932323623
2038.0,0.7877153615733377
2039.0,0.7884235810363968
2040.0,0.7893334499137051
2041.0,0.7899530037479909
2042.0,0.790661247340254
2043.0,0.7914375034854078
2044.0,0.7914274089628718
2045.0,0.7932394881376502
2046.0,0.7954805856959107
2047.0,0.797443618089114
2048.0,0.8000382034446906
2049.0,0.8016397935674467
2050.0,0.8024616749347419
2051.0,0.8024576678752301
2052.0,0.8022430950923017
2053.0,0.8003722766485118
2054.0,0.8005030323233725
2055.0,0.8017535036323085
2056.0,0.8025879427439219
2057.0,0.803645480284367
2058.0,0.805000612288793
2059.0,0.8067096352197078
2060.0,0.8072503098804726
2061.0,0.8089480448852858
2062.0,0.811654015686389
2063.0,0.812836519656108
2064.0,0.8123261603313106
2065.0,0.8114175250626816
2066.0,0.810226312906704
2067.0,0.8097857030909259
2068.0,0.8094526694614907
2069.0,0.8100671908354523
2070.0,0.811407762386651
2071.0,0.812874699466558
2072.0,0.8152956086662111
2073.0,0.8167885946661356
2074.0,0.8185120277754333
2075.0,0.8196234399816827
2076.0,0.8191949121296379
2077.0,0.8190872480645197
2078.0,0.8204373433797171
2079.0,0.8225566197166271
2080.0,0.8251239708071986
2081.0,0.8285016524298581
2082.0,0.8302244635908231
2083.0,0.8308017743451896
2084.0,0.8308762165853519
2085.0,0.8291936914971305
2086.0,0.8289990746854917
2087.0,0.8291564653302089
2088.0,0.8288786764961514
2089.0,0.8286315275048888
2090.0,0.8297577781781803
2091.0,0.8292521026170063
2092.0,0.8288086005427958
2093.0,0.8301016178657912
2094.0,0.8315921143558376
2095.0,0.8331806498247114
2096.0,0.8357650633922146
2097.0,0.837341150404866
2098.0,0.8386533573073293
2099.0,0.839788179671695
2100.0,0.8407373338332561
2101.0,0.8408073372221063
2102.0,0.8399155389505172
2103.0,0.839764404389886
2104.0,0.8389836584682724
2105.0,0.838866225050935
2106.0,0.839320640485386
2107.0,0.8401255297056431
2108.0,0.8417544210658693
2109.0,0.8439389025754401
2110.0,0.8457835055426677
2111.0,0.8486982901737223
2112.0,0.8497067341887664
2113.0,0.8495337720898003
2114.0,0.8503473548518089
2115.0,0.8513416360295913
2116.0,0.8519219457032718
2117.0,0.8528123390607958
2118.0,0.8528456563559605
2119.0,0.851134836189526
2120.0,0.851391491504436
2121.0,0.8525719223402438
2122.0,0.85407920001038
2123.0,0.857468676644704
2124.0,0.859447090336574
2125.0,0.8611585740181453
2126.0,0.8614191939774886
2127.0,0.8618779551697784
2128.0,0.8628201172859642
2129.0,0.8638578960162892
2130.0,0.8637370571824569
2131.0,0.8638260478613887
2132.0,0.8633977852573635
2133.0,0.8631413651282522
2134.0,0.8629424483160578
2135.0,0.8628508503307916
2136.0,0.8625986417696699
2137.0,0.8627869397847416
2138.0,0.8630463983584902
2139.0,0.8633962582824475
2140.0,0.8645482267359962
2141.0,0.8648230143866841
2142.0,0.8644925986078661
2143.0,0.8646882814965092
2144.0,0.8648141363449977
2145.0,0.8638643845964541
2146.0,0.863062696884563
2147.0,0.8630677516549887
2148.0,0.862877043046174
2149.0,0.8618108118118177
2150.0,0.86228718713134
2151.0,0.8630108637852191
2152.0,0.8638521708880478
2153.0,0.8657410720135765
2154.0,0.8670395904174165
2155.0,0.8682938185357275
2156.0,0.8688445901308974
2157.0,0.8685457462611909
2158.0,0.8687840904709917
2159.0,0.8686227855153249
2160.0,0.8690775037040197
2161.0,0.8700943164854236
2162.0,0.8711214661220225
2163.0,0.872837789282818
2164.0,0.8738610661896782
2165.0,0.8737751753863092
2166.0,0.8736819128263991
2167.0,0.8730830692195893
2168.0,0.8718160798414699
2169.0,0.8722037203892677
2170.0,0.872566828745378
2171.0,0.8726247396105999
2172.0,0.8732495199117494
2173.0,0.8729059292267233
2174.0,0.8711212039100937
2175.0,0.8711581861730531
2176.0,0.8711991895407803
2177.0,0.8713783495143359
2178.0,0.8730674767653263
2179.0,0.8744909942495555
2180.0,0.8765976051290681
2181.0,0.8768056334847384
2182.0,0.8759328872755064
2183.0,0.8754466056439959
2184.0,0.8730441949119861
2185.0,0.8720815401240292
2186.0,0.8734321195033432
2187.0,0.8726713213009032
2188.0,0.8722637364162314
2189.0,0.8728697575335341
2190.0,0.8721476921550261
2191.0,0.8740512873605151
2192.0,0.8770352991230047
2193.0,0.8773181312722932
2194.0,0.8777245463831364
2195.0,0.877822455905581
2196.0,0.877702085578515
2197.0,0.8762388645491406
2198.0,0.8764558385929919
2199.0,0.878236376014048
2200.0,0.8788521628803301
2201.0,0.8791137210060682
2202.0,0.8799414336991586
2203.0,0.8803672429780036
2204.0,0.8805687281817186
2205.0,0.8811603787640326
2206.0,0.8818428507221603
2207.0,0.8822072469913901
2208.0,0.882489999613738
2209.0,0.8839773370477012
2210.0,0.8849483756041938
2211.0,0.8842635174367482
2212.0,0.8849691211334192
2213.0,0.88462612150005
2214.0,0.8840674257694193
2215.0,0.884618751518122
2216.0,0.8849997308173193
2217.0,0.8858792950018407
2218.0,0.8882569149665847
2219.0,0.8885645538249809
2220.0,0.8874300815099886
2221.0,0.8879077845140235
2222.0,0.8879937231623424
2223.0,0.8883496257688431
2224.0,0.8896114686859885
2225.0,0.8916036633715481
2226.0,0.8937908023905256
2227.0,0.8958329275914741
2228.0,0.9002023062182712
2229.0,0.9017714877868421
2230.0,0.9011955183117469
2231.0,0.901041655908361
2232.0,0.8992353901653052
2233.0,0.8984736840338484
2234.0,0.8998944111497901
2235.0,0.900206877454737
2236.0,0.9013945632425491
2237.0,0.9016882639801009
2238.0,0.8997034891171258
2239.0,0.9001101679616342
2240.0,0.903431296052574
2241.0,0.9053671729950357
2242.0,0.9070333979286055
2243.0,0.9091612270995157
2244.0,0.9084860331367512
2245.0,0.9067874216448758
2246.0,0.9062121665071821
2247.0,0.9050806172362704
2248.0,0.9058569934904475
2249.0,0.9088895389012766
2250.0,0.9104364948164274
2251.0,0.9123328350937038
2252.0,0.9144466621134042
2253.0,0.9164848180801273
2254.0,0.916731543001852
2255.0,0.9167428377029564
2256.0,0.9166650989887668
2257.0,0.9133949808791139
2258.0,0.9127689187446638
2259.0,0.9148082202154296
2260.0,0.9154511118350427
2261.0,0.915790833467381
2262.0,0.9176011614692959
2263.0,0.9167859535908189
2264.0,0.9177619166158719
2265.0,0.9177088732866302
2266.0,0.9165225568284818
2267.0,0.9165865038573903
2268.0,0.9133316632236401
2269.0,0.9131168069031178
2270.0,0.9137472572011909
2271.0,0.9133160471186015
2272.0,0.9185932690448678
2273.0,0.9190390979435673
2274.0,0.9169621547154778
2275.0,0.9181514661237086
2276.0,0.9141186620578065
2277.0,0.913991738317809
2278.0,0.9173697144288042
2279.0,0.9187320676274225
2280.0,0.921053443649773
2281.0,0.9211912982108255
2282.0,0.9186789756280664
2283.0,0.9180502364696597
2284.0,0.9171064171665075
2285.0,0.9157336860716366
2286.0,0.9139374734479911
2287.0,0.9145306291087948
2288.0,0.9152068367209254
2289.0,0.9173337143410294
2290.0,0.9239598634069122
2291.0,0.927751490333509
2292.0,0.931242594038348
2293.0,0.9329410394745544
2294.0,0.9327015517012475
2295.0,0.9325747904226361
2296.0,0.9313545602890421
2297.0,0.9289964064388636
2298.0,0.9259574583836911
2299.0,0.92502493797845
2300.0,0.926281670839877
2301.0,0.9261206337318286
2302.0,0.9287394724988344
2303.0,0.9284633785744469
2304.0,0.9259028350971574
2305.0,0.92762771322674
2306.0,0.9314025796097282
2307.0,0.9351494104170951
2308.0,0.9376723105500697
2309.0,0.938195616196466
2310.0,0.9371423272610067
2311.0,0.937851649870504
2312.0,0.9389446093950893
2313.0,0.9435446416104059
2314.0,0.9464498795517777
2315.0,0.9440585600785278
2316.0,0.9465036761952165
2317.0,0.9474096779357822
2318.0,0.9498715666704698
2319.0,0.9583393599792327
2320.0,0.9598198101374805
2321.0,0.958448288654237
2322.0,0.9554714338431678
2323.0,0.946255350463039
2324.0,0.9423662913102351
2325.0,0.9386174654835474
2326.0,0.9389946533541038
2327.0,0.9450459192656762
2328.0,0.9477633594890157
2329.0,0.9525344341611958
2330.0,0.9532532853308502
2331.0,0.9496475229670556
2332.0,0.9471048602069966
2333.0,0.9435584999723077
2334.0,0.9416050748391751
2335.0,0.9383733420367382
2336.0,0.9388770463973345
2337.0,0.9420402483738558
2338.0,0.943781701129125
2339.0,0.9502747550858427
2340.0,0.9515327139844758
2341.0,0.948869032301789
2342.0,0.9488105868279869
2343.0,0.9452890078883214
2344.0,0.9440209291714133
2345.0,0.9437112666267297
2346.0,0.9463564270814709
2347.0,0.9491773015457815
2348.0,0.9589442904077592
2349.0,0.9723753246439178
2350.0,0.9756649865823077
2351.0,0.9772455676452614
2352.0,0.9770206800844164
2353.0,0.9727198700232067
2354.0,0.9739054120795722
2355.0,0.9756338534375764
2356.0,0.9756232579491059
2357.0,0.9747308805911788
2358.0,0.9705094350472234
2359.0,0.9653366887944838
2360.0,0.9615558358801019
2361.0,0.9606358306567164
2362.0,0.9638936654123266
2363.0,0.9683259513801461
2364.0,0.9694178003016019
2365.0,0.9681028440853371
2366.0,0.9652534935105506
2367.0,0.9672786843337356
2368.0,0.9720125099080157
2369.0,0.9764241891027435
2370.0,0.9812459617399575
2371.0,0.9734480264366491
2372.0,0.9679166140732487
2373.0,0.965467755611319
2374.0,0.9582785756768913
2375.0,0.9571750865909795
2376.0,0.9529150409727921
2377.0,0.9472024349865241
2378.0,0.9461193896407839
2379.0,0.9451560621710368
2380.0,0.9458495815666919
2381.0,0.9471569076393157
2382.0,0.9506864860874701
2383.0,0.9559157543947049
2384.0,0.9623190722541592
2385.0,0.9686136320998249
2386.0,0.965341909896675
2387.0,0.9649518962195871
2388.0,0.9635425118055713
2389.0,0.9568013875311917
2390.0,0.9580255297715696
2391.0,0.963819432369368
2392.0,0.9748012237160003
2393.0,0.9855173952294051
2394.0,0.9984267478586492
2395.0,0.9977352126276914
2396.0,0.9815871289671735
2397.0,0.979046085219156
2398.0,0.9736601106874133
2399.0,0.9668494546603269
2400.0,0.9726291886751179
2401.0,0.9666617779626556
2402.0,0.9615077363301624
2403.0,0.9665371976488907
2404.0,0.95824742359681
2405.0,0.9464387693568166
2406.0,0.941007647809899
2407.0,0.9386578232688969
2408.0,0.9441896437313271
2409.0,0.9633247422119805
2410.0,0.9847956326123037
2411.0,0.9926889235059029
2412.0,0.995761176348991
2413.0,0.9977801199251791
2414.0,0.9892748274087019
2415.0,0.9823050563914076
2416.0,0.9788715506002299
2417.0,0.9733155898406424
2418.0,0.9746514829934703
2419.0,0.982860696066432
2420.0,0.9914833870910653
2421.0,0.991077501718957
2422.0,0.9859555656892233
2423.0,0.9773371293698473
2424.0,0.9748012602373447
2425.0,0.98008190652783
2426.0,0.9755611911477835
2427.0,0.9753842067184757
2428.0,0.9700301264600169
2429.0,0.9613140263846407
2430.0,0.9664361407409124
2431.0,0.9804537429055185
2432.0,0.998634441882769
2433.0,1.0072888467697563
2434.0,1.0204430855770874
2435.0,1.0216454337011638
2436.0,1.0030759752250584
2437.0,0.9828595318791572
2438.0,0.9501762579697302
2439.0,0.9245265235914261
2440.0,0.905797092719075
2441.0,0.8975047879891875
2442.0,0.9151612796198149
2443.0,0.9281053418899224
2444.0,0.9398566630831318
2445.0,0.9539618243617074
2446.0,0.9503560245684229
2447.0,0.9488128040676616
2448.0,0.9549036068542376
2449.0,0.9673643830190582
2450.0,0.9760955953407348
2451.0,0.9694172071632992
2452.0,0.9684218387972371
2453.0,0.9650856164365399
2454.0,0.9678076762039497
2455.0,0.9958040543569976
2456.0,1.0058561030026363
2457.0,1.0071371818069568
2458.0,1.0052485799348696
2459.0,0.9741354870366791
2460.0,0.954420564907683
2461.0,0.9504466338863622
2462.0,0.9435920500610674
2463.0,0.9479629610902129
2464.0,0.9595547311207113
2465.0,0.9538700787569981
2466.0,0.9438599570741182
2467.0,0.9530754720648189
2468.0,0.9616996305261004
2469.0,0.9447555621459066
2470.0,0.9330964251243437
2471.0,0.8991355256500287
2472.0,0.8899703838472237
2473.0,0.9114017920943153
2474.0,0.9244251223460899
2475.0,0.9499244110654456
2476.0,0.9624043669028162
2477.0,0.9749516697876296
2478.0,0.9758045741264562
2479.0,0.9573264304107929
2480.0,0.9504114436778922
2481.0,0.9226225662748736
2482.0,0.9226378508624437
2483.0,0.955791285311452
2484.0,0.9660090289097321
2485.0,0.9852974642648602
2486.0,0.9965325855679557
2487.0,0.9913968726853722
2488.0,0.9865243476037842
2489.0,0.9681747545484198
2490.0,0.9740282492243771
2491.0,0.9936204943391078
2492.0,0.9943470635670093
2493.0,1.0162462487302841
2494.0,1.0195685769312235
2495.0,0.9871213203560323
2496.0,0.9725760022620922
2497.0,0.9542545480565443
2498.0,0.9528094485901091
2499.0,0.9635940569149206
2500.0,0.9806943185954964
