350.0,-0.138372042502098
351.0,-0.12801235226627158
352.0,-0.10196630976788235
353.0,-0.14551432377588547
354.0,-0.09438986416432082
355.0,-0.004841598845508441
356.0,0.022589216877219553
357.0,-0.06702813086888897
358.0,-0.047573794302859546
359.0,-0.006156358008016215
360.0,-0.06681327425910881
361.0,-0.01667221142772967
362.0,0.020148359178500618
363.0,0.022547616607877415
364.0,0.020267755162040938
365.0,-0.015667468195720194
366.0,-0.022607374143691076
367.0,-0.00445409967786041
368.0,-0.008362924911970064
369.0,0.0075645821411592425
370.0,0.024892057213268648
371.0,0.03296535539754513
372.0,0.03287889908008904
373.0,0.030429617686317707
374.0,0.032658709662720595
375.0,0.03406664148722152
376.0,0.007376327078102072
377.0,-0.003615258069894191
378.0,0.004652215328361055
379.0,0.01916820509972048
380.0,0.015421311046028558
381.0,0.013220734123997713
382.0,0.018979640655990632
383.0,0.030319769449717118
384.0,0.0339089852754621
385.0,0.03169994920948542
386.0,0.02976697743386786
387.0,0.033423633221033054
388.0,0.028975546857099205
389.0,0.025673550725100955
390.0,0.029276144088817378
391.0,0.038371091677933206
392.0,0.03495403488778045
393.0,0.031126992296947528
394.0,0.034171300652211585
395.0,0.03803856185737036
396.0,0.03138027753357827
397.0,0.03174846206201278
398.0,0.04465085971308928
399.0,0.03120839553526001
400.0,0.033244561726866226
401.0,0.03851837407058479
402.0,0.029382373141410213
403.0,0.04595654979709932
404.0,0.04548270813219867
405.0,0.0343742346568643
406.0,0.04234631870274653
407.0,0.04202524190765794
408.0,0.03895468724130451
409.0,0.03556791667185725
410.0,0.029348275197679494
411.0,0.035235273771362055
412.0,0.04354527586069007
413.0,0.04619050085958094
414.0,0.044222916807251836
415.0,0.0415774300419786
416.0,0.040212032826743856
417.0,0.04118509922975389
418.0,0.046106876861631445
419.0,0.04556226277922214
420.0,0.04348958922910982
421.0,0.04703732594982346
422.0,0.04543455667004104
423.0,0.04294677945850283
424.0,0.041838796459360096
425.0,0.04174383309952627
426.0,0.04356920226319669
427.0,0.04549184999643533
428.0,0.04582324229339247
429.0,0.043500402201672526
430.0,0.04411852396314405
431.0,0.046138297174237806
432.0,0.046847071239097565
433.0,0.04561131732011333
434.0,0.045529552138902606
435.0,0.04636884569273799
436.0,0.0463140864884615
437.0,0.043999837788325225
438.0,0.0444028734493728
439.0,0.04672207695108388
440.0,0.04517159075189979
441.0,0.0453006871648372
442.0,0.04578508368073045
443.0,0.04573971789216126
444.0,0.04718227942472506
445.0,0.04665591528458175
446.0,0.045438673509391195
447.0,0.045354415862749395
448.0,0.044593452609326574
449.0,0.0453074980046744
450.0,0.04677487180646892
451.0,0.04681444365523604
452.0,0.04620211868910185
453.0,0.045741581474628784
454.0,0.04605524606831945
455.0,0.0474334219628209
456.0,0.046445706922368275
457.0,0.045122047227378975
458.0,0.04557414864926961
459.0,0.0472331391034048
460.0,0.04792013155798695
461.0,0.04705105663466782
462.0,0.045326917841667244
463.0,0.04570752761564314
464.0,0.04694344109369472
465.0,0.04795119887187911
466.0,0.04812302734351407
467.0,0.04792603372053248
468.0,0.047480932665771206
469.0,0.04711501617918586
470.0,0.04769493758319727
471.0,0.0472757298047817
472.0,0.0468939856844356
473.0,0.04772563397021123
474.0,0.04768946782354941
475.0,0.04705716015843346
476.0,0.04656506949268498
477.0,0.04700612565465748
478.0,0.046789303604488866
479.0,0.04783613398563804
480.0,0.04974867991811909
481.0,0.04824609322642242
482.0,0.04762757064175629
483.0,0.047733770938489566
484.0,0.047609062783309716
485.0,0.04778659111418386
486.0,0.0477294231933676
487.0,0.047877691676182166
488.0,0.048856375948341746
489.0,0.04829999666236438
490.0,0.047756495871818086
491.0,0.04786032282289023
492.0,0.04760318779245995
493.0,0.0474665148750611
494.0,0.04726956069413537
495.0,0.04707830816399038
496.0,0.048142678019109535
497.0,0.04913717845656138
498.0,0.04895823874888206
499.0,0.04727194467862888
500.0,0.047862993437913115
501.0,0.048528468144189506
502.0,0.04831014398113509
503.0,0.04831813492925892
504.0,0.04897775364156241
505.0,0.04924292934307713
506.0,0.048417385735556935
507.0,0.047461201555152564
508.0,0.04790054986110921
509.0,0.04892989013624472
510.0,0.04890577225954738
511.0,0.04901147475620404
512.0,0.04868237801415187
513.0,0.047927055872203195
514.0,0.04753644304765024
515.0,0.047951347914268555
516.0,0.04864351371576762
517.0,0.049015161177783005
518.0,0.04893249151674822
519.0,0.04877166750255263
520.0,0.04844136928067078
521.0,0.04785619506504086
522.0,0.04866009905841829
523.0,0.04943075176927891
524.0,0.049477509092828366
525.0,0.049323645781968316
526.0,0.04962780201836683
527.0,0.04981669694254637
528.0,0.049470036974487125
529.0,0.04956767346149431
530.0,0.04934639968450781
531.0,0.04928224867271619
532.0,0.05019065281450094
533.0,0.049993799507856804
534.0,0.0496040341589687
535.0,0.04960365537433388
536.0,0.049685551730038406
537.0,0.049793319749703566
538.0,0.049859232312083154
539.0,0.04989089185521175
540.0,0.05013850033688868
541.0,0.05031245965762469
542.0,0.05029660327282676
543.0,0.050123791009204124
544.0,0.049955333145923944
545.0,0.05015748666635255
546.0,0.05059342707498715
547.0,0.05024332416863884
548.0,0.05048287109844944
549.0,0.05069589820982648
550.0,0.0501291766404254
551.0,0.05014733887809348
552.0,0.0501438564745291
553.0,0.05005547603542993
554.0,0.0502953866698035
555.0,0.0510405787182968
556.0,0.05137128763011236
557.0,0.0509757350728715
558.0,0.051173965818020306
559.0,0.051270021056749465
560.0,0.051078773141179555
561.0,0.05073854119176136
562.0,0.05120778265545139
563.0,0.05128628641914979
564.0,0.05087229153585792
565.0,0.05109192974413993
566.0,0.051481042675762624
567.0,0.05159504061408212
568.0,0.051348992860680454
569.0,0.05166735437997464
570.0,0.05167934615165591
571.0,0.05142099591159366
572.0,0.05140519873030175
573.0,0.05203596576353018
574.0,0.05237768183863767
575.0,0.052078115955739704
576.0,0.05175748753551054
577.0,0.05203505701086975
578.0,0.05236285789813767
579.0,0.05218007254570203
580.0,0.05218188672339519
581.0,0.052289132094307265
582.0,0.052297778297752125
583.0,0.05200644526966709
584.0,0.05220567969511469
585.0,0.05258583263804161
586.0,0.052770983888641036
587.0,0.052535056830936316
588.0,0.052419703090370626
589.0,0.05250431254254672
590.0,0.05269601498951402
591.0,0.05296593206984091
592.0,0.05323311029816079
593.0,0.05336752738115636
594.0,0.05321688352558872
595.0,0.05318633264892247
596.0,0.053291554946980325
597.0,0.053463993093773976
598.0,0.053698251482202086
599.0,0.05352397083539547
600.0,0.05330191850518132
601.0,0.05366873444533749
602.0,0.05384601264543841
603.0,0.0539797663879409
604.0,0.05404449284210374
605.0,0.053641648443346124
606.0,0.05383868320645415
607.0,0.05438462445051206
608.0,0.05469804089136345
609.0,0.054442415134615424
610.0,0.054435863332769556
611.0,0.05464757645583633
612.0,0.05446338661319446
613.0,0.054417766993445534
614.0,0.054637310141023035
615.0,0.055001051685278385
616.0,0.05500607639521037
617.0,0.05515662124843242
618.0,0.05531600060192269
619.0,0.05521318075001568
620.0,0.05516678689465534
621.0,0.05539823524134428
622.0,0.05577872104434602
623.0,0.05583388461023489
624.0,0.055899232802401194
625.0,0.055950290531275364
626.0,0.055924030645085956
627.0,0.055851694973807466
628.0,0.055823007937798534
629.0,0.05595297175572472
630.0,0.056306104568937074
631.0,0.056476844072910884
632.0,0.05647625658367501
633.0,0.05646374573901349
634.0,0.05675540886678326
635.0,0.05686785681841385
636.0,0.05674391191770685
637.0,0.056586376210206596
638.0,0.057100580922088646
639.0,0.05734818571533346
640.0,0.05719816537070288
641.0,0.05724264257967713
642.0,0.057593051142036
643.0,0.05783571942363807
644.0,0.057761961755458974
645.0,0.05785837035512375
646.0,0.0580048281096315
647.0,0.058078857542546346
648.0,0.058003458266147896
649.0,0.05805685405962853
650.0,0.05834793828258439
651.0,0.05873386299777912
652.0,0.05880246981827843
653.0,0.05908427792836945
654.0,0.05927742874930376
655.0,0.059132590076081404
656.0,0.059235306953751045
657.0,0.05935885011012873
658.0,0.059387549562025126
659.0,0.05932502818952933
660.0,0.059620339007759045
661.0,0.05996808295380797
662.0,0.06008724345681685
663.0,0.059875380116267626
664.0,0.060060628904257805
665.0,0.060286978674811996
666.0,0.060087533589128696
667.0,0.060303775027526534
668.0,0.060732527022450015
669.0,0.061100500231164825
670.0,0.06113692681001348
671.0,0.06100885996774172
672.0,0.06112037795918361
673.0,0.061568857081392446
674.0,0.06157755702133759
675.0,0.06181878990506027
676.0,0.062114241619919595
677.0,0.06203949446883841
678.0,0.06230045428395426
679.0,0.06249876163547052
680.0,0.062483697606391865
681.0,0.06253890857961021
682.0,0.06268630003064438
683.0,0.06287575751086101
684.0,0.06304165602874515
685.0,0.06316215581890486
686.0,0.06328425148248998
687.0,0.06338842985286033
688.0,0.06344096892912325
689.0,0.06376910397863743
690.0,0.06398266247251685
691.0,0.06392727377916198
692.0,0.0640180530332432
693.0,0.06426250888960226
694.0,0.06454755111962256
695.0,0.06475281825899479
696.0,0.0650115535438645
697.0,0.06516002673499663
698.0,0.06524546918559707
699.0,0.06548901799351736
700.0,0.06551687726056507
701.0,0.06562567370797208
702.0,0.06599536264961788
703.0,0.06626529738332418
704.0,0.0664109030849442
705.0,0.06655626581840247
706.0,0.06683007573686246
707.0,0.06687804852074823
708.0,0.0668726569198248
709.0,0.06698947659106738
710.0,0.06734834446936487
711.0,0.06763759983412482
712.0,0.06787138351307316
713.0,0.06809248901741656
714.0,0.06817627961118045
715.0,0.06818634255947227
716.0,0.06832766551537536
717.0,0.0687855830308964
718.0,0.06890225090774034
719.0,0.06906223046936052
720.0,0.0694046503142417
721.0,0.06953487474190652
722.0,0.06988727736988028
723.0,0.07015827899737936
724.0,0.07008174720996616
725.0,0.07031771883902861
726.0,0.07054661001016428
727.0,0.07069172958855155
728.0,0.07087033247361357
729.0,0.0712151566157993
730.0,0.07152470552445984
731.0,0.0716845472029479
732.0,0.07180549245646108
733.0,0.07209313660674438
734.0,0.0723889560469348
735.0,0.07251063695969655
736.0,0.0727858500744271
737.0,0.07302904802777346
738.0,0.07317593178896709
739.0,0.07329363367367042
740.0,0.07359813777474904
741.0,0.07395431670901119
742.0,0.07425136522101332
743.0,0.07457466490370376
744.0,0.07469719793573698
745.0,0.07482697632349718
746.0,0.07520962628092495
747.0,0.07541081436324434
748.0,0.07560254539360547
749.0,0.0758605720089365
750.0,0.07613958022503764
751.0,0.07638227925285637
752.0,0.07656255049334901
753.0,0.07672847304235002
754.0,0.07709797562292178
755.0,0.0773493519539667
756.0,0.07760122855951551
757.0,0.07803755373242403
758.0,0.07821032338940172
759.0,0.07828762440588516
760.0,0.0784585231683903
761.0,0.07886961846448261
762.0,0.07921059350910056
763.0,0.07953090077878945
764.0,0.0798362257779725
765.0,0.07982289103206254
766.0,0.08001957092637349
767.0,0.0803948976125626
768.0,0.08072688590068006
769.0,0.08113212631352329
770.0,0.08148233867542491
771.0,0.08173997628756302
772.0,0.08197584330247648
773.0,0.08231956507242282
774.0,0.08268344747229908
775.0,0.08295126401362501
776.0,0.08300472568683381
777.0,0.08332529409609726
778.0,0.0837849466394694
779.0,0.08407862383415603
780.0,0.08433926945161803
781.0,0.08457330980321186
782.0,0.08482876084022367
783.0,0.08518460712480873
784.0,0.08560726790368563
785.0,0.0859503558316305
786.0,0.08615137135121964
787.0,0.0863231400060223
788.0,0.08670994118357939
789.0,0.0870556039877063
790.0,0.08712634521355266
791.0,0.08763832311739699
792.0,0.08800487648101035
793.0,0.08819499689805657
794.0,0.08860198555396974
795.0,0.08894049803326012
796.0,0.08922774096468039
797.0,0.08951914375733999
798.0,0.08986573850503489
799.0,0.09018451218564688
800.0,0.09043861014476705
801.0,0.09065341951261102
802.0,0.09100187089965588
803.0,0.09150533958000785
804.0,0.09191120858667795
805.0,0.09193023146450513
806.0,0.09229481386105892
807.0,0.09276439467775494
808.0,0.09313628793125071
809.0,0.09340173468684344
810.0,0.09366951654016745
811.0,0.09396667516020346
812.0,0.09430427469613367
813.0,0.09473191777783879
814.0,0.09502069938415575
815.0,0.09525053588403191
816.0,0.0956072303995302
817.0,0.09603208091393131
818.0,0.09652367398201016
819.0,0.09700205948796671
820.0,0.09733636149714416
821.0,0.097691386120204
822.0,0.0980596091760998
823.0,0.09845236189653275
824.0,0.09896890549704804
825.0,0.09935943147940468
826.0,0.09968798746461079
827.0,0.10008296485511761
828.0,0.1005518313571156
829.0,0.10094368658589987
830.0,0.10129769954491105
831.0,0.10172845458272266
832.0,0.10201705668735482
833.0,0.10229816445509655
834.0,0.1026807205986223
835.0,0.10319596722306676
836.0,0.10368078295194907
837.0,0.10409041394411124
838.0,0.10445813951528735
839.0,0.10493275479749832
840.0,0.10522008983707196
841.0,0.10561251546510174
842.0,0.10629359799995969
843.0,0.1062092888072341
844.0,0.10646687299986494
845.0,0.10709122578678712
846.0,0.10748182108351124
847.0,0.10793790083440549
848.0,0.10849457707045236
849.0,0.10897546305368111
850.0,0.10905501102614071
851.0,0.10955895439170005
852.0,0.1101879240857637
853.0,0.11063389488808074
854.0,0.11101498190439195
855.0,0.11156962030974717
856.0,0.11210464679087842
857.0,0.11238159425349148
858.0,0.11250702663010571
859.0,0.11286446690720159
860.0,0.1134367487789082
861.0,0.11400843536651059
862.0,0.11474916226440308
863.0,0.11523106523279895
864.0,0.1154933090609936
865.0,0.1160106684782546
866.0,0.11661067374104231
867.0,0.11694543866587657
868.0,0.1170596856830152
869.0,0.11761483412888722
870.0,0.11824753322518827
871.0,0.11873596133523658
872.0,0.11902378480515531
873.0,0.11938189310090956
874.0,0.11987845766795603
875.0,0.12045440275765167
876.0,0.12096826530589752
877.0,0.12119681590414134
878.0,0.12158968910803537
879.0,0.12224689071688556
880.0,0.12299148833075713
881.0,0.12353878395286881
882.0,0.12399349791521856
883.0,0.12441797864190068
884.0,0.12480339027821537
885.0,0.12532619940670087
886.0,0.12578358990648383
887.0,0.12618010409826455
888.0,0.12690525183007412
889.0,0.1276262877576097
890.0,0.12804456255959537
891.0,0.1281485742959771
892.0,0.12853855771926245
893.0,0.1289401147279772
894.0,0.12948044945997877
895.0,0.1302660850121992
896.0,0.13092534059149166
897.0,0.13149540073693375
898.0,0.13191001002306862
899.0,0.13214746917862225
900.0,0.1325675123790589
901.0,0.13327184232435038
902.0,0.1340711380135757
903.0,0.13465340662090558
904.0,0.13536878469660885
905.0,0.13620239192504308
906.0,0.13674907129918873
907.0,0.13642928953591743
908.0,0.13681470684147096
909.0,0.13745632159076818
910.0,0.13798758381508405
911.0,0.1386355993834505
912.0,0.1396825326872124
913.0,0.1403274228943882
914.0,0.14028289857569864
915.0,0.1406546154550276
916.0,0.14122390788457742
917.0,0.14208359615278449
918.0,0.14307773632326107
919.0,0.14328050964291963
920.0,0.14324406470778112
921.0,0.1433241134273955
922.0,0.1437841699309464
923.0,0.14482057243107638
924.0,0.14567546018617422
925.0,0.14652847809736125
926.0,0.1476898648279291
927.0,0.1479375920293489
928.0,0.14837060727638018
929.0,0.1486750368470709
930.0,0.14820739091998786
931.0,0.14956615218865169
932.0,0.15054586609732287
933.0,0.1510249513510354
934.0,0.15225675046106343
935.0,0.15223683413517453
936.0,0.1524610324008692
937.0,0.15318765845102836
938.0,0.1534795265924793
939.0,0.15456506729729486
940.0,0.15586447371106113
941.0,0.15676817657979988
942.0,0.1569834106394353
943.0,0.157154574346058
944.0,0.1574895312372357
945.0,0.15818360932119477
946.0,0.15937203485884416
947.0,0.15943184442031477
948.0,0.16003511452631744
949.0,0.16132825433733053
950.0,0.16078520479009803
951.0,0.16127035992174996
952.0,0.16233669614060478
953.0,0.1632639076836853
954.0,0.16398244182207256
955.0,0.16471195262829832
956.0,0.16529888186486927
957.0,0.16551533198307
958.0,0.16517952095546018
959.0,0.165764583954058
960.0,0.16722784026376736
961.0,0.16884307590498082
962.0,0.16949420608273977
963.0,0.16987770788453085
964.0,0.17018210345490253
965.0,0.17035805958847897
966.0,0.17012029976985535
967.0,0.17118035483324276
968.0,0.1727018136414372
969.0,0.17370687324669815
970.0,0.17436880218728673
971.0,0.17443662712972569
972.0,0.17498330427254571
973.0,0.1760620184889671
974.0,0.17519185138340035
975.0,0.17681308161158685
976.0,0.17893198720950831
977.0,0.17935906679214694
978.0,0.17885642052357822
979.0,0.17944932049057116
980.0,0.1802840816187001
981.0,0.18058428584312455
982.0,0.18114221569978028
983.0,0.18208167951401263
984.0,0.18341857918047735
985.0,0.18445883003791555
986.0,0.18363295535833188
987.0,0.18442726473372628
988.0,0.1853644427272595
989.0,0.18540964560823084
990.0,0.18597313710207514
991.0,0.1875052311841582
992.0,0.1885415371840052
993.0,0.18882304177672832
994.0,0.19014574485667615
995.0,0.19130331116233693
996.0,0.19187389767359778
997.0,0.19208344310384573
998.0,0.19270353927507464
999.0,0.1937168572005245
1000.0,0.19500005975818033
1001.0,0.20504400388034016
1002.0,0.20281989833213782
1003.0,0.20339324942038484
1004.0,0.20548455206901167
1005.0,0.20651339833457097
1006.0,0.20526507957325474
1007.0,0.2066624010670581
1008.0,0.20696929981161782
1009.0,0.20542846027325953
1010.0,0.20723334011897585
1011.0,0.20998436317804456
1012.0,0.2103238061035516
1013.0,0.21081302234870578
1014.0,0.2118782773725982
1015.0,0.21404087730921664
1016.0,0.21347124922563826
1017.0,0.21122247234168703
1018.0,0.2107919990272007
1019.0,0.2107478102004539
1020.0,0.21214414617143135
1021.0,0.2152269556338767
1022.0,0.21706203022749068
1023.0,0.2187732279426457
1024.0,0.21842734891394297
1025.0,0.21640787823389282
1026.0,0.21839710128385773
1027.0,0.21721866697595493
1028.0,0.21363052003390726
1029.0,0.21392873287544187
1030.0,0.216784509220993
1031.0,0.21818465253258681
1032.0,0.22030124959826733
1033.0,0.2235158812242699
1034.0,0.22320275711262913
1035.0,0.22314572343142178
1036.0,0.22490416496370338
1037.0,0.22536826393764653
1038.0,0.22624641909264803
1039.0,0.22665928810175534
1040.0,0.22512589002375857
1041.0,0.2255638378397174
1042.0,0.22733772983967931
1043.0,0.2293697604191473
1044.0,0.2317289382388853
1045.0,0.23532328231294591
1046.0,0.23790250055276554
1047.0,0.2390837188665672
1048.0,0.23977720175770512
1049.0,0.2396404403877469
1050.0,0.23956521204348097
1051.0,0.24019082327389266
1052.0,0.24047969869853394
1053.0,0.24079864618166025
1054.0,0.24184395795123914
1055.0,0.2437248164903714
1056.0,0.24483398177956067
1057.0,0.24648523633711436
1058.0,0.24632134828304506
1059.0,0.24575592882848624
1060.0,0.24556085156376878
1061.0,0.245731018272702
1062.0,0.247233321094354
1063.0,0.24925352461036615
1064.0,0.2506602781344923
1065.0,0.2522563799465521
1066.0,0.2533425543443305
1067.0,0.2533401238727435
1068.0,0.2543016722944716
1069.0,0.2543917754424262
1070.0,0.25414329945393066
1071.0,0.2540900458138739
1072.0,0.25414390349292737
1073.0,0.25375840458444526
1074.0,0.25504497162132356
1075.0,0.25592713820084134
1076.0,0.2572301169213202
1077.0,0.25892687107943774
1078.0,0.2592653845761578
1079.0,0.2594757400107832
1080.0,0.261130511856746
1081.0,0.26413978304928626
1082.0,0.26573603828797465
1083.0,0.26740073058738384
1084.0,0.269246373546614
1085.0,0.27069958530049815
1086.0,0.27151619381053854
1087.0,0.27229888048307527
1088.0,0.2735383798607965
1089.0,0.27305633485902936
1090.0,0.2725892770493767
1091.0,0.27313860771878773
1092.0,0.2736197181004686
1093.0,0.27498947943217156
1094.0,0.27615278453395053
1095.0,0.27615325376445354
1096.0,0.27692987298319843
1097.0,0.27818243254438657
1098.0,0.2788610246574969
1099.0,0.279816146186512
1100.0,0.281385298142078
1101.0,0.28285188337682565
1102.0,0.2842223673756824
1103.0,0.2852821412640054
1104.0,0.2869312059367498
1105.0,0.28688415145767315
1106.0,0.2862099035060207
1107.0,0.2869197163780361
1108.0,0.287389566002546
1109.0,0.28833358279125165
1110.0,0.2893563340041587
1111.0,0.28938008795385106
1112.0,0.28986635247802717
1113.0,0.2900415563832372
1114.0,0.29082286621738473
1115.0,0.2922429682976506
1116.0,0.29333106395968905
1117.0,0.29455820498273955
1118.0,0.29578074650555247
1119.0,0.2968401628866155
1120.0,0.2978076159901374
1121.0,0.2992824086131834
1122.0,0.3006878937774871
1123.0,0.301800790751445
1124.0,0.30313064858694955
1125.0,0.30471148623193856
1126.0,0.30582202868028796
1127.0,0.30669463490769583
1128.0,0.3075019293900848
1129.0,0.30818588958419574
1130.0,0.30819501023716317
1131.0,0.3088279865805306
1132.0,0.309704233511906
1133.0,0.310583152252023
1134.0,0.3115996670661668
1135.0,0.3128811647551123
1136.0,0.31386922290376584
1137.0,0.31451716295347726
1138.0,0.31499329145688626
1139.0,0.31560649424651593
1140.0,0.3163498233225977
1141.0,0.31731985176450256
1142.0,0.3181611542111004
1143.0,0.3188673390269568
1144.0,0.31972816788212305
1145.0,0.3207097174178032
1146.0,0.3217354596775424
1147.0,0.3230477015637336
1148.0,0.3243092611931449
1149.0,0.3256653037977277
1150.0,0.32651179759470955
1151.0,0.32766419914529876
1152.0,0.3284620021281739
1153.0,0.3291789796262414
1154.0,0.32998237357503485
1155.0,0.3312531670470958
1156.0,0.33213791224295425
1157.0,0.3332594584213312
1158.0,0.33507843045921487
1159.0,0.33604591732583233
1160.0,0.3361857273584825
1161.0,0.3371358144039081
1162.0,0.3378896959581116
1163.0,0.33882962576857356
1164.0,0.34079702635635345
1165.0,0.3420325928229785
1166.0,0.34279241756477896
1167.0,0.34362080844386955
1168.0,0.3445530292016381
1169.0,0.3455966074701707
1170.0,0.3465348998451233
1171.0,0.34750296368236255
1172.0,0.3487775427385934
1173.0,0.3500977099690229
1174.0,0.3512851346404817
1175.0,0.3529061993353796
1176.0,0.35407364008716047
1177.0,0.3549225670448246
1178.0,0.35557645410908667
1179.0,0.35577431030514806
1180.0,0.3565845609266886
1181.0,0.3575008665547764
1182.0,0.3582420880607339
1183.0,0.3596776423031539
1184.0,0.3605894502062955
1185.0,0.361395838553458
1186.0,0.3626981018520486
1187.0,0.3636566536620699
1188.0,0.36481090450995585
1189.0,0.3656660467671675
1190.0,0.3659410629341188
1191.0,0.3667200342988072
1192.0,0.3679066611753991
1193.0,0.3685757128333948
1194.0,0.36903763635335746
1195.0,0.36981157784915414
1196.0,0.37012795945666577
1197.0,0.37104766793588856
1198.0,0.37262453523102007
1199.0,0.37412283630994647
1200.0,0.37545226146143923
1201.0,0.37711385470913455
1202.0,0.37894248509199446
1203.0,0.3800970671493523
1204.0,0.38116655041504804
1205.0,0.38210462517651733
1206.0,0.38288585013236603
1207.0,0.3830935177417777
1208.0,0.3838739134179156
1209.0,0.3849830304786072
1210.0,0.38582786173334677
1211.0,0.3866290046305454
1212.0,0.38757150745959995
1213.0,0.3883994792982938
1214.0,0.3892928422189398
1215.0,0.39013315839403123
1216.0,0.39145793383087185
1217.0,0.39288150558859225
1218.0,0.3942782564962615
1219.0,0.39550090051258746
1220.0,0.3970458479089222
1221.0,0.39793414431634416
1222.0,0.39802343556444497
1223.0,0.398961957184357
1224.0,0.40002334599047507
1225.0,0.40107523248252674
1226.0,0.4024909744990403
1227.0,0.40381402668436195
1228.0,0.40511400284292304
1229.0,0.40638850659924447
1230.0,0.40800066657878975
1231.0,0.409144480967236
1232.0,0.4099655409571627
1233.0,0.410571875014258
1234.0,0.4112362709802671
1235.0,0.4120502467649318
1236.0,0.41296627346773956
1237.0,0.41414986524186337
1238.0,0.4150561378347783
1239.0,0.4157473295995647
1240.0,0.4169230657291812
1241.0,0.4185647509615225
1242.0,0.4194948546624844
1243.0,0.42020328943247254
1244.0,0.42111816777084204
1245.0,0.4215124426351281
1246.0,0.4223238604149489
1247.0,0.4237294688756914
1248.0,0.42492657957903307
1249.0,0.4259198768521722
1250.0,0.4270688272688309
1251.0,0.42820774640741904
1252.0,0.42977221849863234
1253.0,0.4309730843531418
1254.0,0.43218925479723214
1255.0,0.43324436344524614
1256.0,0.4339984180873838
1257.0,0.4350289306891198
1258.0,0.4360216098250798
1259.0,0.4372338161094322
1260.0,0.4389360959481183
1261.0,0.4401032801771865
1262.0,0.4411152922032232
1263.0,0.44208656814140435
1264.0,0.44250126464730544
1265.0,0.4433749772588737
1266.0,0.44465978041219134
1267.0,0.44571878760274836
1268.0,0.44688680629272437
1269.0,0.447907901865863
1270.0,0.4489434192126636
1271.0,0.4499069268444785
1272.0,0.450672633587696
1273.0,0.45139013991169835
1274.0,0.4520755769984063
1275.0,0.4523321385282829
1276.0,0.45315178956072794
1277.0,0.4542381115365051
1278.0,0.4553444539916892
1279.0,0.4569404314897791
1280.0,0.4579850652508788
1281.0,0.458688855462265
1282.0,0.459646623861059
1283.0,0.4602028420745831
1284.0,0.4612598382823157
1285.0,0.4630266490350849
1286.0,0.4643903480854537
1287.0,0.4658094535670951
1288.0,0.4670612066236291
1289.0,0.4683228561390096
1290.0,0.46947498300505736
1291.0,0.47037374577619506
1292.0,0.4709165195802227
1293.0,0.47217214550313047
1294.0,0.4736425475652418
1295.0,0.4747550912816179
1296.0,0.47637902602097015
1297.0,0.4775015808128023
1298.0,0.47765427891526585
1299.0,0.47855826804010027
1300.0,0.47992478577443914
1301.0,0.48110418183385867
1302.0,0.4824816296619277
1303.0,0.48367727675815775
1304.0,0.4846814814934502
1305.0,0.48576305994993074
1306.0,0.48683989965691943
1307.0,0.48790230909673304
1308.0,0.48891956042539303
1309.0,0.48987598094567547
1310.0,0.4910240924272756
1311.0,0.4922223127174091
1312.0,0.4933570940890402
1313.0,0.49447137901749355
1314.0,0.49588356297061603
1315.0,0.4976672970180551
1316.0,0.4988028744617322
1317.0,0.4999245875096358
1318.0,0.5009125823745751
1319.0,0.5012491115968501
1320.0,0.5018533912574327
1321.0,0.502410445064838
1322.0,0.5033649063564384
1323.0,0.5044678976689733
1324.0,0.5056107386739354
1325.0,0.5072986367043799
1326.0,0.5087765095043004
1327.0,0.5101599729772723
1328.0,0.5113085447647613
1329.0,0.5126647272734992
1330.0,0.5141493664183626
1331.0,0.5153675479848786
1332.0,0.5166302786034657
1333.0,0.5175764056904113
1334.0,0.5181026583820985
1335.0,0.5189438613146049
1336.0,0.5196581466425443
1337.0,0.5205914892901643
1338.0,0.5216009176577663
1339.0,0.5229172762999065
1340.0,0.5248014946494103
1341.0,0.5260878614286486
1342.0,0.5272369823014101
1343.0,0.5284576153363794
1344.0,0.5290993715613412
1345.0,0.5301687798308096
1346.0,0.5318032529123048
1347.0,0.5332823055038346
1348.0,0.5345165903835684
1349.0,0.5357938132043162
1350.0,0.5366829730188458
1351.0,0.537042630860407
1352.0,0.53792622726308
1353.0,0.5387528626566914
1354.0,0.5397976428925652
1355.0,0.5412757177076695
1356.0,0.5424558526476756
1357.0,0.543517862826689
1358.0,0.5446657504678204
1359.0,0.5458240783137774
1360.0,0.5469440578112342
1361.0,0.5480098134586293
1362.0,0.5491799607939297
1363.0,0.5504548140991543
1364.0,0.551574842863988
1365.0,0.5528456591061448
1366.0,0.553857166084534
1367.0,0.5545012962493652
1368.0,0.555148433916342
1369.0,0.5561968586057905
1370.0,0.5573672001927654
1371.0,0.5584179694420168
1372.0,0.5597919927263711
1373.0,0.560793585438759
1374.0,0.5613455496271258
1375.0,0.5623731872562098
1376.0,0.5636133144361518
1377.0,0.564754702059864
1378.0,0.5661467503988802
1379.0,0.5672003361101912
1380.0,0.5680764129095455
1381.0,0.5689289997775112
1382.0,0.5694558152720951
1383.0,0.5703078200360797
1384.0,0.5713478767464265
1385.0,0.5722408802337695
1386.0,0.5731334414025365
1387.0,0.5741467439460989
1388.0,0.5752002933456574
1389.0,0.5761724300998687
1390.0,0.5773030655487607
1391.0,0.5783062186580546
1392.0,0.579223045657729
1393.0,0.5799063522119687
1394.0,0.5807246959034124
1395.0,0.5814831550441953
1396.0,0.58251419687356
1397.0,0.583705339742565
1398.0,0.5848067814177622
1399.0,0.5862232184093942
1400.0,0.587133868487743
1401.0,0.5876773007729953
1402.0,0.5883646654978077
1403.0,0.5887577308760609
1404.0,0.5895308758843301
1405.0,0.5906206928172475
1406.0,0.5914942335247595
1407.0,0.5925669187741499
1408.0,0.5933187502933439
1409.0,0.5934985069364493
1410.0,0.5942072370264638
1411.0,0.5950696138316863
1412.0,0.5959443355932473
1413.0,0.5969970065413094
1414.0,0.5983465599054735
1415.0,0.5993120035817648
1416.0,0.6005057755900607
1417.0,0.6015556441416284
1418.0,0.6026565802644084
1419.0,0.6035787581423332
1420.0,0.6043395972733472
1421.0,0.605186745186163
1422.0,0.6059700281246172
1423.0,0.6069019794776126
1424.0,0.6079617574770833
1425.0,0.6088860801915972
1426.0,0.609668603157069
1427.0,0.6107160044968343
1428.0,0.61198705936501
1429.0,0.6129612096902192
1430.0,0.6140080265475832
1431.0,0.6149845712972573
1432.0,0.6155759703179406
1433.0,0.6164012212611893
1434.0,0.6173615029803758
1435.0,0.6184168924013914
1436.0,0.6195578283966146
1437.0,0.6206770378020027
1438.0,0.6219584158175135
1439.0,0.6230768752709199
1440.0,0.6242366107572852
1441.0,0.6257893646615194
1442.0,0.6272481365564843
1443.0,0.6286006518046765
1444.0,0.6297484412765209
1445.0,0.6305595601012577
1446.0,0.6316554275641725
1447.0,0.6327951078195407
1448.0,0.6338524303286616
1449.0,0.635045768499204
1450.0,0.6360433682898249
1451.0,0.6367071468765128
1452.0,0.6377450206748609
1453.0,0.6389271752646867
1454.0,0.6400993563529932
1455.0,0.6415961040362287
1456.0,0.6427284215051833
1457.0,0.643576159843907
1458.0,0.6445438763084949
1459.0,0.645460790230793
1460.0,0.6463416719307901
1461.0,0.6471984687435413
1462.0,0.6481748711631519
1463.0,0.6492016095935733
1464.0,0.65008885240097
1465.0,0.6509181102066819
1466.0,0.6518859633848987
1467.0,0.6527291917892837
1468.0,0.6537193694189826
1469.0,0.6549826766642324
1470.0,0.6564016573867347
1471.0,0.6576251917659137
1472.0,0.6589845864620558
1473.0,0.6598471176332598
1474.0,0.6602885338951967
1475.0,0.6612131043621199
1476.0,0.6619479798537363
1477.0,0.6629962191770086
1478.0,0.6646736700129108
1479.0,0.6657272554771386
1480.0,0.6663813358540509
1481.0,0.6674715020586618
1482.0,0.668503892433199
1483.0,0.6696869604474212
1484.0,0.6713997326874124
1485.0,0.6725714179416101
1486.0,0.6733066559467357
1487.0,0.6744607210072688
1488.0,0.6754931342875055
1489.0,0.6767651415954766
1490.0,0.6787424353288432
1491.0,0.6800514264167745
1492.0,0.6810122758740634
1493.0,0.6820907716474879
1494.0,0.6826615416479044
1495.0,0.6836731113681599
1496.0,0.6851757188772555
1497.0,0.6864387847416764
1498.0,0.6877145481099857
1499.0,0.6890238207767125
1500.0,0.6904297237211356
1501.0,0.6913918218799898
1502.0,0.6927752859804385
1503.0,0.6941734347544496
1504.0,0.6952697721847857
1505.0,0.6962635908360069
1506.0,0.6971744767255621
1507.0,0.6976536171400503
1508.0,0.6987883703468271
1509.0,0.7001519107479054
1510.0,0.7014837175950415
1511.0,0.703278562711326
1512.0,0.7045944664570744
1513.0,0.7056310481319961
1514.0,0.7068203179272008
1515.0,0.7079263515150621
1516.0,0.7090495687047009
1517.0,0.7101971921181814
1518.0,0.7113547635735308
1519.0,0.712571873872957
1520.0,0.7136200750249495
1521.0,0.7145410739197046
1522.0,0.7156273506199579
1523.0,0.7166930394279367
1524.0,0.7177104214885677
1525.0,0.7188894334302769
1526.0,0.7199447979631765
1527.0,0.7207874409174326
1528.0,0.7217243116620561
1529.0,0.7226756424010123
1530.0,0.7236876175846109
1531.0,0.7247244576608215
1532.0,0.7257761985803544
1533.0,0.7270602938605516
1534.0,0.7280915003119396
1535.0,0.7288304594303749
1536.0,0.7297697080381806
1537.0,0.7307006939498991
1538.0,0.7316355758203602
1539.0,0.7323969109120215
1540.0,0.7334777974731396
1541.0,0.7346052450380693
1542.0,0.7356057316391678
1543.0,0.7369671400503022
1544.0,0.7388457989879359
1545.0,0.740123120898154
1546.0,0.7413167428611549
1547.0,0.7423400322915598
1548.0,0.7429197077557792
1549.0,0.743995781633693
1550.0,0.7452437282410685
1551.0,0.746394321853772
1552.0,0.7476774848528742
1553.0,0.748947390858409
1554.0,0.7501239912427817
1555.0,0.7513841232681205
1556.0,0.7528532736622234
1557.0,0.7540877452905282
1558.0,0.7552006080804823
1559.0,0.7563133369399865
1560.0,0.7573075178179788
1561.0,0.758413786014704
1562.0,0.7594276461778857
1563.0,0.7606779314227229
1564.0,0.7622321143665052
1565.0,0.7634948642240641
1566.0,0.7648271504325006
1567.0,0.7659994802218812
1568.0,0.7668179328868316
1569.0,0.7678556276823195
1570.0,0.7689874896239268
1571.0,0.7700506341364535
1572.0,0.7711917274788282
1573.0,0.7722310859418423
1574.0,0.7730810960322929
1575.0,0.7741128617560883
1576.0,0.7752772530684944
1577.0,0.7762982097651806
1578.0,0.7773575176710025
1579.0,0.7783740652970501
1580.0,0.779254445270246
1581.0,0.7801372976329042
1582.0,0.7810688913636331
1583.0,0.7819311679961618
1584.0,0.7825298586333114
1585.0,0.7834084545529725
1586.0,0.7845942596907348
1587.0,0.7855438699385077
1588.0,0.7864340012863804
1589.0,0.7874498145316263
1590.0,0.7884550172175537
1591.0,0.7892955436982036
1592.0,0.790242058566273
1593.0,0.7913620241637299
1594.0,0.7924145108846982
1595.0,0.793335448140057
1596.0,0.7944059542785674
1597.0,0.7956820343327159
1598.0,0.7967184698554679
1599.0,0.7976903553580968
1600.0,0.798562900893938
1601.0,0.7993466955235478
1602.0,0.80006508655171
1603.0,0.8006157526954597
1604.0,0.8013452652154347
1605.0,0.8019346473399506
1606.0,0.8029777635629959
1607.0,0.8044999373707306
1608.0,0.8054552585505049
1609.0,0.8063683151738611
1610.0,0.8073527207755926
1611.0,0.8080347343011405
1612.0,0.8088615241958901
1613.0,0.8099534993165014
1614.0,0.8108903501507067
1615.0,0.8115050431335232
1616.0,0.8125098713820809
1617.0,0.8138408855068034
1618.0,0.814972945286657
1619.0,0.8162522540138506
1620.0,0.817233637880774
1621.0,0.8179591227257956
1622.0,0.8188382462692679
1623.0,0.8196651775606916
1624.0,0.8204408811180729
1625.0,0.8211080197385595
1626.0,0.8220907580984582
1627.0,0.8232529534522472
1628.0,0.8242022019981676
1629.0,0.8254110132987102
1630.0,0.8263142782969762
1631.0,0.826679604329742
1632.0,0.8274609400808054
1633.0,0.8283049091533097
1634.0,0.8293615146354684
1635.0,0.8307541159698386
1636.0,0.8319486098342895
1637.0,0.8333812070832228
1638.0,0.8344278381805055
1639.0,0.8350339901702303
1640.0,0.8359598952671208
1641.0,0.8368946686940011
1642.0,0.8377568685067321
1643.0,0.8388589979851981
1644.0,0.8396741161416152
1645.0,0.8400702045402924
1646.0,0.8408145806370607
1647.0,0.8415240777440857
1648.0,0.8424863471142078
1649.0,0.8440396447162979
1650.0,0.8450108730324651
1651.0,0.845911628710908
1652.0,0.8465603721390984
1653.0,0.846637789344572
1654.0,0.8469199768230032
1655.0,0.847176275401364
1656.0,0.8474832661242384
1657.0,0.8476869399329634
1658.0,0.848143543068307
1659.0,0.848770138820118
1660.0,0.8494239497444743
1661.0,0.8503339123332148
1662.0,0.8510832757021269
1663.0,0.8514416803928435
1664.0,0.8523858969344631
1665.0,0.8539282575159933
1666.0,0.8549884637887204
1667.0,0.8563591389608941
1668.0,0.8573288039606157
1669.0,0.8574530277557284
1670.0,0.8579718042027399
1671.0,0.85862007876728
1672.0,0.8592822776429564
1673.0,0.8601107675046166
1674.0,0.8608823396695747
1675.0,0.861254419828057
1676.0,0.8623500653360117
1677.0,0.8640244508900148
1678.0,0.8653863268850726
1679.0,0.8673515356505624
1680.0,0.8687411981161153
1681.0,0.8692189546400452
1682.0,0.8703374525222838
1683.0,0.8716718700695336
1684.0,0.8729748294823465
1685.0,0.8746633129696438
1686.0,0.8761376976646935
1687.0,0.8775641802302123
1688.0,0.8787429542742533
1689.0,0.8796322232699527
1690.0,0.8806997641965425
1691.0,0.8816011842897739
1692.0,0.8826357364044828
1693.0,0.8839023312355447
1694.0,0.8851289013589809
1695.0,0.8862637051777567
1696.0,0.8874883407480038
1697.0,0.888981245504994
1698.0,0.890126086065021
1699.0,0.8911094561760615
1700.0,0.8921563884389982
1701.0,0.8928829672506634
1702.0,0.8939075413731039
1703.0,0.8953673995476968
1704.0,0.8963733688028691
1705.0,0.897132001705417
1706.0,0.8980514466806928
1707.0,0.898747975864853
1708.0,0.8996300180099343
1709.0,0.9008166117252644
1710.0,0.9018219176699462
1711.0,0.9028161221700696
1712.0,0.9036323032124851
1713.0,0.9042778944037771
1714.0,0.9050890129982154
1715.0,0.9057229196609549
1716.0,0.9064411068710246
1717.0,0.9074708469081546
1718.0,0.9083995632057725
1719.0,0.909341539610286
1720.0,0.910270173174111
1721.0,0.91087768720779
1722.0,0.9117024492590431
1723.0,0.9127298866903425
1724.0,0.9136525934764099
1725.0,0.9150470174558322
1726.0,0.915755306658669
1727.0,0.9159134410898119
1728.0,0.9163231734243114
1729.0,0.9161603377670806
1730.0,0.9165620798531254
1731.0,0.9172749444349572
1732.0,0.9180376990171114
1733.0,0.9193454374861262
1734.0,0.920238480078836
1735.0,0.921079063665718
1736.0,0.921900393086141
1737.0,0.9223167064508968
1738.0,0.9230768182516467
1739.0,0.9239811194034929
1740.0,0.924990777497643
1741.0,0.9263151847577363
1742.0,0.9273208602643142
1743.0,0.9281252309190895
1744.0,0.9293203585022556
1745.0,0.9304411800563542
1746.0,0.9316612461269964
1747.0,0.9335753766873982
1748.0,0.9348625002134474
1749.0,0.9359020003775256
1750.0,0.9366294748218672
1751.0,0.9368688658389717
1752.0,0.9371793883400557
1753.0,0.9369656776612192
1754.0,0.9371872195743298
1755.0,0.9381556864669298
1756.0,0.9385478018160387
1757.0,0.9398596004884509
1758.0,0.9416304283741536
1759.0,0.94269590399195
1760.0,0.944209003139569
1761.0,0.9455283918242687
1762.0,0.9456336920267369
1763.0,0.9463527338004716
1764.0,0.9478199120192726
1765.0,0.9486673450853903
1766.0,0.9494007130342865
1767.0,0.9498813655181568
1768.0,0.9497661416711789
1769.0,0.9501428559845481
1770.0,0.9511846742270214
1771.0,0.9521288334214071
1772.0,0.9533045699849193
1773.0,0.954331520241948
1774.0,0.9552519469972168
1775.0,0.9566687452559799
1776.0,0.9572377725777008
1777.0,0.9575781785423757
1778.0,0.9585305800576392
1779.0,0.9588596427473174
1780.0,0.9595606602642518
1781.0,0.9607404015129334
1782.0,0.9613537230062299
1783.0,0.9623794799864688
1784.0,0.9636910527788137
1785.0,0.964645007103168
1786.0,0.965672350399707
1787.0,0.9664637131810684
1788.0,0.967114302138731
1789.0,0.9674452964044751
1790.0,0.9674107076104852
1791.0,0.967639530224457
1792.0,0.9673899452311027
1793.0,0.9679910276564355
1794.0,0.9692259836256495
1795.0,0.9703349192161986
1796.0,0.9721327542807872
1797.0,0.9731344823594655
1798.0,0.9737182621773767
1799.0,0.9738209551878628
1800.0,0.974341193846746
1801.0,0.9710332749783319
1802.0,0.9730191723090109
1803.0,0.9749698083795997
1804.0,0.975301799707428
1805.0,0.9751112116231865
1806.0,0.9758440397860146
1807.0,0.9754155800455517
1808.0,0.9758731349527127
1809.0,0.9785593837735264
1810.0,0.9792905596866623
1811.0,0.9783650374509656
1812.0,0.9783954479732238
1813.0,0.9793952842012792
1814.0,0.9796530577953722
1815.0,0.9807196165588475
1816.0,0.9835964909126563
1817.0,0.9845651571365759
1818.0,0.9839035974761324
1819.0,0.9847095458705089
1820.0,0.9858970546145022
1821.0,0.9869728066800065
1822.0,0.9886561821634369
1823.0,0.990294031493903
1824.0,0.9923960136066666
1825.0,0.9928757429600785
1826.0,0.9936370319261414
1827.0,0.9945741328317613
1828.0,0.9953141694378433
1829.0,0.9948318449569433
1830.0,0.9956961148760891
1831.0,0.9971189615122237
1832.0,0.9988731859450799
1833.0,1.0015620550949276
1834.0,1.0031450257420844
1835.0,1.0038174824495705
1836.0,1.003099684405333
1837.0,1.0040235132518576
1838.0,1.0045634715516953
1839.0,1.0056737447492652
1840.0,1.0085466969520651
1841.0,1.01001669174523
1842.0,1.009863129842202
1843.0,1.0104063231053566
1844.0,1.0095808992551223
1845.0,1.008368087933634
1846.0,1.0082731211324885
1847.0,1.0087095556078394
1848.0,1.008658739012215
1849.0,1.0088946169552793
1850.0,1.0095417539504676
1851.0,1.0102523658140665
1852.0,1.010576481605479
1853.0,1.0112581380483816
1854.0,1.0127052527013134
1855.0,1.0134579612313102
1856.0,1.0134498516780246
1857.0,1.0142683264324475
1858.0,1.0156347227422045
1859.0,1.0162648497054965
1860.0,1.0165060830944288
1861.0,1.017985506943714
1862.0,1.0181298794659008
1863.0,1.0184463121612661
1864.0,1.0189833114123592
1865.0,1.0186884555274305
1866.0,1.0178653920519245
1867.0,1.018127593068219
1868.0,1.0183863734061909
1869.0,1.0187097812975812
1870.0,1.019080166013936
1871.0,1.0205247343251587
1872.0,1.0200672345330166
1873.0,1.018973670307816
1874.0,1.0180916545591363
1875.0,1.017965902809301
1876.0,1.0178867966998708
1877.0,1.0178901890865881
1878.0,1.0192035406978863
1879.0,1.0188433424040562
1880.0,1.0172372082227965
1881.0,1.0157375668625634
1882.0,1.0141170258964582
1883.0,1.0107937290491897
1884.0,1.0078403786259567
1885.0,1.0062496310485327
1886.0,1.0055951699522838
1887.0,1.0054279310457468
1888.0,1.0054813105348852
1889.0,1.0030385562050315
1890.0,0.9994435708943028
1891.0,0.9938223981825157
1892.0,0.9887695389058545
1893.0,0.9835528083083775
1894.0,0.9798039285227294
1895.0,0.9782220597170537
1896.0,0.9755762975802259
1897.0,0.9722628688046147
1898.0,0.9688327850457006
1899.0,0.9645074667591864
1900.0,0.9602325620632645
1901.0,0.9556079701704076
1902.0,0.9506085801468961
1903.0,0.945600069995361
1904.0,0.9411061798847703
1905.0,0.9364480477883698
1906.0,0.9323316056340127
1907.0,0.9289253397730465
1908.0,0.9260542458005333
1909.0,0.9249109006719128
1910.0,0.9246521449749874
1911.0,0.9249036623723887
1912.0,0.9245184389076662
1913.0,0.9238502646243364
1914.0,0.9225155002557908
1915.0,0.9215670546637619
1916.0,0.9193750647824183
1917.0,0.9185474614998188
1918.0,0.9180878976326913
1919.0,0.9170160353224092
1920.0,0.9181993680693489
1921.0,0.9196797533850453
1922.0,0.9209100338726647
1923.0,0.9215010297467013
1924.0,0.9220683605465312
1925.0,0.9226185787719597
1926.0,0.922080561937345
1927.0,0.9208082354572888
1928.0,0.921351707711983
1929.0,0.9203257713847622
1930.0,0.919306038658025
1931.0,0.9203793010277301
1932.0,0.9212264469281112
1933.0,0.922595754430017
1934.0,0.9249531044857419
1935.0,0.9269339155878763
1936.0,0.9289595751228179
1937.0,0.9309472444232547
1938.0,0.9331807034818401
1939.0,0.9345835934206002
1940.0,0.9365713516960869
1941.0,0.9388763274015179
1942.0,0.9401246996081667
1943.0,0.9421134768272627
1944.0,0.9446227495732541
1945.0,0.9455552046516031
1946.0,0.9465878802742841
1947.0,0.948451864343976
1948.0,0.9495313226467851
1949.0,0.949684627934062
1950.0,0.9505558427380554
1951.0,0.9520801961588091
1952.0,0.9526185679319519
1953.0,0.9537948980099834
1954.0,0.9556451905082315
1955.0,0.9572499704490035
1956.0,0.9592535467189361
1957.0,0.9611808768529806
1958.0,0.9620365862518857
1959.0,0.9630377989334674
1960.0,0.963146186505787
1961.0,0.9642006176215404
1962.0,0.9656807089198339
1963.0,0.9673487694862526
1964.0,0.9687949763892211
1965.0,0.9701240179245633
1966.0,0.9705412301531059
1967.0,0.9715221489183693
1968.0,0.9731591229037626
1969.0,0.9746479514439135
1970.0,0.9760897185510174
1971.0,0.9777416714818066
1972.0,0.9791981272246755
1973.0,0.9800863921588074
1974.0,0.9812893013698599
1975.0,0.9826825442961609
1976.0,0.9840597331398145
1977.0,0.9856800822995213
1978.0,0.9881064750844928
1979.0,0.9905699279234274
1980.0,0.9919346957983494
1981.0,0.9920454846863832
1982.0,0.9923778478979544
1983.0,0.993163911592019
1984.0,0.9939818981439811
1985.0,0.9954171484468615
1986.0,0.9980644941011773
1987.0,0.999999389262722
1988.0,1.0019309237268188
1989.0,1.0039579844724946
1990.0,1.0050499459049607
1991.0,1.005656072012722
1992.0,1.0061522934985123
1993.0,1.0067743468757078
1994.0,1.0083162261473975
1995.0,1.0111594573134164
1996.0,1.0138714201232757
1997.0,1.0175836358348762
1998.0,1.0203015768113386
1999.0,1.0228627810691824
2000.0,1.024906629661543
2001.0,1.0265255282312515
2002.0,1.0275391290760443
2003.0,1.0282679367126317
2004.0,1.0293186871163669
2005.0,1.0302340186670114
2006.0,1.031463802414057
2007.0,1.0333062626777478
2008.0,1.0363360874638112
2009.0,1.038441798040278
2010.0,1.0409747654818475
2011.0,1.0422351354653678
2012.0,1.0417215165166778
2013.0,1.0422251807244407
2014.0,1.0426528028498814
2015.0,1.0431878942419945
2016.0,1.043979295247162
2017.0,1.0458433443215123
2018.0,1.0473932204699836
2019.0,1.0483919382049096
2020.0,1.0497342866745896
2021.0,1.0518809825823172
2022.0,1.053474002605552
2023.0,1.055294161850172
2024.0,1.0567379266093828
2025.0,1.0579597921044555
2026.0,1.0593571827053316
2027.0,1.0607088392770265
2028.0,1.061649174996281
2029.0,1.0627484959448457
2030.0,1.0630886422777837
2031.0,1.0634166062865154
2032.0,1.0643151117644267
2033.0,1.065626065729756
2034.0,1.0673958428217045
2035.0,1.0690028894210726
2036.0,1.0701560049013263
2037.0,1.0715402247561443
2038.0,1.0733216723057664
2039.0,1.0744374450376954
2040.0,1.0752274396725507
2041.0,1.0760928373220546
2042.0,1.076144121543019
2043.0,1.0770112577864908
2044.0,1.0788653352542077
2045.0,1.0793777526570847
2046.0,1.0807648420015112
2047.0,1.0818136440982091
2048.0,1.0814620491206681
2049.0,1.0827318736421334
2050.0,1.0840638258270974
2051.0,1.0850378258846392
2052.0,1.0856519959372555
2053.0,1.0854043239592712
2054.0,1.0866322421086896
2055.0,1.0881920386468753
2056.0,1.0899577591804595
2057.0,1.0940368411469101
2058.0,1.096033587664976
2059.0,1.0976937475887933
2060.0,1.0971433011065606
2061.0,1.0946826838557544
2062.0,1.094057717654566
2063.0,1.0948835989491184
2064.0,1.0963743803573285
2065.0,1.101309884694542
2066.0,1.105482481629593
2067.0,1.1069901609891954
2068.0,1.1060471954267117
2069.0,1.1063691651766236
2070.0,1.1049659461923793
2071.0,1.1050243317583255
2072.0,1.1063076389996238
2073.0,1.1078314708383676
2074.0,1.1106140010068166
2075.0,1.1106327605905828
2076.0,1.1119432340352364
2077.0,1.11233164564944
2078.0,1.1125967573226303
2079.0,1.1132441364704584
2080.0,1.1126168534690184
2081.0,1.1143809649680794
2082.0,1.1164685600378375
2083.0,1.11917489369345
2084.0,1.1210570134129947
2085.0,1.1247666624200299
2086.0,1.1259229387039242
2087.0,1.1245502972643806
2088.0,1.124669325191287
2089.0,1.1249899981349034
2090.0,1.123912690646676
2091.0,1.1252931306644363
2092.0,1.1260063701734564
2093.0,1.126694366406166
2094.0,1.1294690771504752
2095.0,1.1307451118573901
2096.0,1.1314248066734542
2097.0,1.1332047193630872
2098.0,1.1360306418778081
2099.0,1.136787054205872
2100.0,1.1381093846034422
2101.0,1.1375526315621367
2102.0,1.13285851946469
2103.0,1.1321302925492711
2104.0,1.1327035837600887
2105.0,1.1328030858327995
2106.0,1.1347336774753163
2107.0,1.1361619331061334
2108.0,1.1347798893647203
2109.0,1.134749587249626
2110.0,1.1351627692529607
2111.0,1.1349206453011815
2112.0,1.1355291497887323
2113.0,1.1369634246261173
2114.0,1.1380030867312847
2115.0,1.1390629844375146
2116.0,1.1401026569860067
2117.0,1.1412057624447782
2118.0,1.1418224325578483
2119.0,1.1427158508050161
2120.0,1.143008268119388
2121.0,1.142063575196737
2122.0,1.142238392702166
2123.0,1.1418277810713575
2124.0,1.1425765969844712
2125.0,1.1447071387318066
2126.0,1.1471456961023259
2127.0,1.1489581463764424
2128.0,1.1510076418950395
2129.0,1.150442703964633
2130.0,1.1506280619084601
2131.0,1.1517416755556784
2132.0,1.1502275793340915
2133.0,1.1496533197468852
2134.0,1.1495419119297494
2135.0,1.1486594050038261
2136.0,1.1459601693827386
2137.0,1.1466411497813622
2138.0,1.1496024671069331
2139.0,1.1509184822087144
2140.0,1.1539073810863605
2141.0,1.155013187517464
2142.0,1.1543309469541032
2143.0,1.1527133536915124
2144.0,1.1528487605700743
2145.0,1.153694314519017
2146.0,1.154515654136145
2147.0,1.156346150024392
2148.0,1.1561581461580002
2149.0,1.1555579498875195
2150.0,1.1541833531355608
2151.0,1.1509923058358633
2152.0,1.1499651391676362
2153.0,1.1492180157619278
2154.0,1.1496682191586418
2155.0,1.1523595787278196
2156.0,1.15366666552719
2157.0,1.1559551723726142
2158.0,1.156195586544474
2159.0,1.153479589636316
2160.0,1.1534846824209553
2161.0,1.1535956084223822
2162.0,1.153947961040187
2163.0,1.1553023506441482
2164.0,1.159611021570448
2165.0,1.1591266713990116
2166.0,1.1581942818486737
2167.0,1.1584432004361576
2168.0,1.1556184269647205
2169.0,1.1541438342820523
2170.0,1.153918054743077
2171.0,1.1535837139945615
2172.0,1.1534649701620008
2173.0,1.153291018845711
2174.0,1.1530737826770967
2175.0,1.1537071987381242
2176.0,1.1541239084223702
2177.0,1.1553872762673774
2178.0,1.1587479671348437
2179.0,1.1608798707017987
2180.0,1.1634984982016061
2181.0,1.1644127941630424
2182.0,1.162604253059031
2183.0,1.1633401503931757
2184.0,1.1651746421881093
2185.0,1.1656813640004138
2186.0,1.1670431494489202
2187.0,1.1678485908085394
2188.0,1.1652354258152453
2189.0,1.1634720892964736
2190.0,1.1634039029450773
2191.0,1.1612718688442936
2192.0,1.1580233520904868
2193.0,1.1567715605130968
2194.0,1.15565490347066
2195.0,1.1544159041404938
2196.0,1.154069405678513
2197.0,1.1546402903564448
2198.0,1.155180165669499
2199.0,1.1567396421003413
2200.0,1.1573681049388216
2201.0,1.158437731370747
2202.0,1.1590870449396222
2203.0,1.1581948500778658
2204.0,1.158936767675845
2205.0,1.1613970197087755
2206.0,1.160949788964025
2207.0,1.1632178338913017
2208.0,1.1639482442883526
2209.0,1.163933883721113
2210.0,1.1656752914935855
2211.0,1.1650386260101822
2212.0,1.1627009121907954
2213.0,1.1615125345152033
2214.0,1.1605103556456013
2215.0,1.1583166045229798
2216.0,1.160712761547076
2217.0,1.1627599423935415
2218.0,1.1659556781513587
2219.0,1.1668059479427502
2220.0,1.1675946405563324
2221.0,1.1680643674882403
2222.0,1.1656529525891357
2223.0,1.1659152323274071
2224.0,1.169865000983778
2225.0,1.170955348273801
2226.0,1.1713066313607108
2227.0,1.1713759509461412
2228.0,1.1691171731617804
2229.0,1.1685939757637203
2230.0,1.168168811902589
2231.0,1.1679358482511253
2232.0,1.1679563079768525
2233.0,1.1697618819875601
2234.0,1.1725579406058573
2235.0,1.1767985937707743
2236.0,1.1794079337871524
2237.0,1.1804571991619244
2238.0,1.177299078929464
2239.0,1.173251735373828
2240.0,1.171521712189084
2241.0,1.1689297625952728
2242.0,1.168250994910135
2243.0,1.1689009299684292
2244.0,1.1711650096364663
2245.0,1.1742093445322739
2246.0,1.1754613762602288
2247.0,1.1771059764942113
2248.0,1.1778441540619602
2249.0,1.175679492875353
2250.0,1.1766434266758405
2251.0,1.1797064796593901
2252.0,1.1806153189685027
2253.0,1.1810153178281815
2254.0,1.1818222683397326
2255.0,1.1821392501992074
2256.0,1.182330575985004
2257.0,1.1845158655126693
2258.0,1.1846613937966666
2259.0,1.1826382268032336
2260.0,1.180844393700636
2261.0,1.1776999665918533
2262.0,1.17495687048643
2263.0,1.175023579811174
2264.0,1.1747795496034028
2265.0,1.178278528672973
2266.0,1.1785737123246502
2267.0,1.1777202035348469
2268.0,1.1788708838126893
2269.0,1.1778954069805736
2270.0,1.1793095610223938
2271.0,1.1811280010803866
2272.0,1.18334321672166
2273.0,1.1868971345570956
2274.0,1.1881216132395653
2275.0,1.1853503971232098
2276.0,1.1825464867241455
2277.0,1.1818047881864469
2278.0,1.179970947137116
2279.0,1.1801758760965009
2280.0,1.1843280695793952
2281.0,1.1852687291496637
2282.0,1.1842426584158474
2283.0,1.1852818079764236
2284.0,1.1868215069360644
2285.0,1.1879651009484415
2286.0,1.1911366702239923
2287.0,1.1917393615388627
2288.0,1.1907187497195444
2289.0,1.1899653157613899
2290.0,1.1874886652805376
2291.0,1.1856967031054502
2292.0,1.1833209981917052
2293.0,1.1813890539590253
2294.0,1.1787226833315765
2295.0,1.1782594022347834
2296.0,1.1776451363405498
2297.0,1.1821833799691837
2298.0,1.1874725634789614
2299.0,1.19427574452642
2300.0,1.200358316285537
2301.0,1.2048329963469695
2302.0,1.2060906836275431
2303.0,1.20689033021748
2304.0,1.2085282887281343
2305.0,1.2095163199863843
2306.0,1.2120036474760787
2307.0,1.209197458862604
2308.0,1.202725535069808
2309.0,1.1961728065880066
2310.0,1.1893359358340567
2311.0,1.1847154234487547
2312.0,1.181922295379185
2313.0,1.181710222256138
2314.0,1.182851281292149
2315.0,1.1837978717683248
2316.0,1.190013222809537
2317.0,1.195741155942791
2318.0,1.195992509195278
2319.0,1.1968434024908334
2320.0,1.193819582385339
2321.0,1.183128764348857
2322.0,1.1793013192363038
2323.0,1.1740110945774727
2324.0,1.1749711862103664
2325.0,1.1833938872347933
2326.0,1.1851957240456403
2327.0,1.190905362221666
2328.0,1.1897790635518806
2329.0,1.1779684871225247
2330.0,1.1765341073991864
2331.0,1.1787884009021743
2332.0,1.178692596200417
2333.0,1.1821475441028206
2334.0,1.1848810626625157
2335.0,1.1844748317354232
2336.0,1.1844528275792963
2337.0,1.1880047031495113
2338.0,1.187948366610728
2339.0,1.1834800268086165
2340.0,1.1822940729817588
2341.0,1.1820194838195883
2342.0,1.1826441687108311
2343.0,1.1837893298442266
2344.0,1.1845846173002763
2345.0,1.18673685275821
2346.0,1.1879892392445361
2347.0,1.189456028842373
2348.0,1.19000106947654
2349.0,1.188813852567617
2350.0,1.1859091004517455
2351.0,1.1829307870389114
2352.0,1.180169547093002
2353.0,1.1779562378677546
2354.0,1.1756528934685988
2355.0,1.1715020492197445
2356.0,1.169868898290218
2357.0,1.168112873317976
2358.0,1.1670870116351975
2359.0,1.1735946950209406
2360.0,1.178740629185494
2361.0,1.1819482496647058
2362.0,1.1847978503507026
2363.0,1.1825930328355279
2364.0,1.172011107940167
2365.0,1.1645210957347079
2366.0,1.1660354231403263
2367.0,1.1633778158446333
2368.0,1.1680670700362923
2369.0,1.1697073635880473
2370.0,1.1637757739996482
2371.0,1.1639364933644827
2372.0,1.1630348476381267
2373.0,1.167609470984921
2374.0,1.1671417021659085
2375.0,1.1553938225862097
2376.0,1.1467738753372754
2377.0,1.142816785118317
2378.0,1.1468271535702421
2379.0,1.1583736687072008
2380.0,1.1748264573029945
2381.0,1.1846946534064053
2382.0,1.183827131107725
2383.0,1.178841878432139
2384.0,1.1634051800177112
2385.0,1.1463347573712623
2386.0,1.1439358562811888
2387.0,1.1504662826994527
2388.0,1.149992854342055
2389.0,1.148954186275935
2390.0,1.1433082089828643
2391.0,1.125613405803714
2392.0,1.1182058172642801
2393.0,1.1148032528267682
2394.0,1.111492744926488
2395.0,1.1206208199811543
2396.0,1.1273514762550467
2397.0,1.1354398167635624
2398.0,1.1529193824370074
2399.0,1.1614163123211596
2400.0,1.1669513157039195
2401.0,1.1742169856263736
2402.0,1.1668314574630911
2403.0,1.153203028186801
2404.0,1.1423203239751556
2405.0,1.1392049609391424
2406.0,1.1320729619720562
2407.0,1.1216302538833818
2408.0,1.1248776586415454
2409.0,1.1258726322855048
2410.0,1.1290411323258018
2411.0,1.136095975951829
2412.0,1.1321505769970996
2413.0,1.1195880955295665
2414.0,1.1066557149516443
2415.0,1.0963535709586953
2416.0,1.0956494603880795
2417.0,1.100966498790611
2418.0,1.1061406119297938
2419.0,1.1151571070600477
2420.0,1.1105682512419157
2421.0,1.102029571294651
2422.0,1.091372021591416
2423.0,1.0718268713422379
2424.0,1.0712406197875513
2425.0,1.082290994834271
2426.0,1.0923016983998135
2427.0,1.1068873906721994
2428.0,1.1216117410681525
2429.0,1.1151149116027759
2430.0,1.0997553269768425
2431.0,1.092944975882719
2432.0,1.0766252892305974
2433.0,1.0632381904715493
2434.0,1.0556680847130113
2435.0,1.054507397347227
2436.0,1.059716998327858
2437.0,1.0639679983636727
2438.0,1.0832241587140494
2439.0,1.1027307686961845
2440.0,1.1122958449047422
2441.0,1.127902977724933
2442.0,1.1457367350496095
2443.0,1.1488506362248536
2444.0,1.1404883081253747
2445.0,1.1251171615290663
2446.0,1.1047972514789803
2447.0,1.0930390354779056
2448.0,1.0824732686285916
2449.0,1.0937265809687415
2450.0,1.0974060204767073
2451.0,1.0893704523801897
2452.0,1.1086389495521978
2453.0,1.1181045031724257
2454.0,1.1222202501535905
2455.0,1.1218343069881755
2456.0,1.109396943916258
2457.0,1.1036824174108542
2458.0,1.099255740678973
2459.0,1.0943736962577697
2460.0,1.0977097850899606
2461.0,1.0963124234795578
2462.0,1.095807325934073
2463.0,1.1113744572137338
2464.0,1.1126751309123946
2465.0,1.1184740378244842
2466.0,1.128670400221417
2467.0,1.116385302878793
2468.0,1.1212655335004948
2469.0,1.1196449392089103
2470.0,1.089422322128356
2471.0,1.0917886702952089
2472.0,1.0851170205692326
2473.0,1.0863045819963217
2474.0,1.0748245911488779
2475.0,1.0298913800562126
2476.0,1.0215387875452915
2477.0,1.0203406079805606
2478.0,1.019725870227663
2479.0,1.0576622022548026
2480.0,1.0772792956672257
2481.0,1.0898892019939728
2482.0,1.0919449442596307
2483.0,1.0771194130340334
2484.0,1.0745108671779233
2485.0,1.0717682112320073
2486.0,1.0630608569699045
2487.0,1.0561110891775716
2488.0,1.0543743415214626
2489.0,1.0482912266284605
2490.0,1.0310540821104255
2491.0,1.0149096900286056
2492.0,1.0094160272106054
2493.0,0.9828664272994976
2494.0,0.9938832573221316
2495.0,1.0557703056476113
2496.0,1.0744410958149733
2497.0,1.0828329356076223
2498.0,1.0921519319456534
2499.0,1.0808410449275425
2500.0,1.100921911719157
