350.0,-0.21752738456650053
351.0,-0.08520736489000041
352.0,0.02473845068781924
353.0,-0.06429333631550374
354.0,-0.08884032884109072
355.0,-0.04868283554549532
356.0,-0.01773712553426194
357.0,-0.03669467634965763
358.0,-0.008978314305285574
359.0,0.016118626547631295
360.0,-0.019244394099437984
361.0,-0.019277045588819163
362.0,-0.003913589975201984
363.0,0.005842320557489416
364.0,-0.0016543323883738167
365.0,0.00028829484050236375
366.0,0.0064210673992636915
367.0,-0.003414834384940861
368.0,-0.046933859869287026
369.0,-0.02329419613652991
370.0,-0.004000519107390237
371.0,-0.01167759445430809
372.0,0.007734603834863015
373.0,0.013983491974131027
374.0,0.01377950452599952
375.0,0.012602557287315446
376.0,-0.0004134178401820273
377.0,0.005581696739950591
378.0,0.015443240177985245
379.0,0.013571546777617459
380.0,0.013797962765441124
381.0,0.017545844292340126
382.0,0.019460399108524266
383.0,0.014903575136975652
384.0,0.011894756299263027
385.0,0.014545944215343488
386.0,0.0216463374778277
387.0,0.02821600670713888
388.0,0.027948759732317235
389.0,0.029335793198654814
390.0,0.029754986412374472
391.0,0.01826355975758588
392.0,0.021208464638844703
393.0,0.027188353519420654
394.0,0.027933411212721696
395.0,0.02846293089516252
396.0,0.02961648499896183
397.0,0.031640888847435704
398.0,0.03314074610472261
399.0,0.028837951734671918
400.0,0.025242833878594155
401.0,0.02789142043703728
402.0,0.03709596046653527
403.0,0.036843171297897166
404.0,0.030816869834247165
405.0,0.026789585205305784
406.0,0.03201018739492855
407.0,0.034861092021134715
408.0,0.035003663744273064
409.0,0.0335213272582029
410.0,0.03180522637264781
411.0,0.029195268860434644
412.0,0.02953167355470803
413.0,0.03369254506904237
414.0,0.037210997197431046
415.0,0.03858100839447036
416.0,0.037005353587669605
417.0,0.03437788801396342
418.0,0.03976541446118803
419.0,0.03777695852723311
420.0,0.035510544923245506
421.0,0.044400228386017176
422.0,0.04061923425349025
423.0,0.036513091739051304
424.0,0.036864650353484366
425.0,0.03773491511063515
426.0,0.03520878728918068
427.0,0.035055238553890145
428.0,0.03830023884589245
429.0,0.03673802602953575
430.0,0.038417400566126726
431.0,0.04117147783688338
432.0,0.04161201846088476
433.0,0.04031285108830345
434.0,0.03866841967585589
435.0,0.03834584919382294
436.0,0.04012578749412705
437.0,0.03983637733883408
438.0,0.04007286086388142
439.0,0.040539765982312195
440.0,0.03836676585263881
441.0,0.03928542111925461
442.0,0.040347859253213963
443.0,0.03967614088843091
444.0,0.03977412405876191
445.0,0.04034144809027841
446.0,0.040800678583019195
447.0,0.04061499678762745
448.0,0.03980905457243946
449.0,0.03975828521551196
450.0,0.03960739487876386
451.0,0.03787044454452885
452.0,0.038986392180864644
453.0,0.040789147398413404
454.0,0.04174773293581
455.0,0.041984976818112016
456.0,0.04088103581205253
457.0,0.039822798286081235
458.0,0.03980713601333316
459.0,0.039768125736090315
460.0,0.040504164196504315
461.0,0.04115380279979018
462.0,0.040626475595038125
463.0,0.040194272675156406
464.0,0.04047661722822941
465.0,0.040825521247527814
466.0,0.03975499000064097
467.0,0.03938181256494817
468.0,0.039705726540170794
469.0,0.04039883953746017
470.0,0.04130433911220368
471.0,0.040923098671662335
472.0,0.039795562844253736
473.0,0.03911231227021413
474.0,0.03975467864980263
475.0,0.04019260700479601
476.0,0.04042974901596208
477.0,0.041377592742742005
478.0,0.04175435385773999
479.0,0.04173518467216579
480.0,0.041294992438613336
481.0,0.03979779779897877
482.0,0.04062014143938374
483.0,0.04233854819803188
484.0,0.04277014041807721
485.0,0.04172691036354815
486.0,0.041642946690496625
487.0,0.04195758717762689
488.0,0.04080393187412388
489.0,0.04026449605412773
490.0,0.04079636703661751
491.0,0.04196219616917006
492.0,0.042470631662837675
493.0,0.04232278769407973
494.0,0.041565286401707056
495.0,0.04073183553839774
496.0,0.04167383496159138
497.0,0.04208555845314085
498.0,0.04172020490941044
499.0,0.041483302205948244
500.0,0.04255448303669659
501.0,0.042885682437749824
502.0,0.04195506721499491
503.0,0.04130830354021409
504.0,0.04158891195128015
505.0,0.041934057596377174
506.0,0.04182999458564177
507.0,0.042884068218053524
508.0,0.04285404620721814
509.0,0.04214586217321352
510.0,0.042144067811395805
511.0,0.04149234913303581
512.0,0.04129409052407376
513.0,0.041985009815132986
514.0,0.043008984928490465
515.0,0.04314975874932645
516.0,0.042889425930921786
517.0,0.04278457819978964
518.0,0.042405578556726296
519.0,0.04189755399090263
520.0,0.041787193205193376
521.0,0.04252201443814102
522.0,0.04268132176504219
523.0,0.043093922828518254
524.0,0.043662257496111155
525.0,0.04297170050234743
526.0,0.04277041967014999
527.0,0.04282597610159036
528.0,0.04271370528877648
529.0,0.042930428718189834
530.0,0.04285083527610479
531.0,0.042918783558985096
532.0,0.043833124238065686
533.0,0.04346111363509111
534.0,0.04282117146247401
535.0,0.042701770342367745
536.0,0.04310524042112919
537.0,0.04366091797231626
538.0,0.04402068517052405
539.0,0.0440145471813767
540.0,0.0439886519147922
541.0,0.043784447993728354
542.0,0.04340263258996702
543.0,0.043023257335853896
544.0,0.04349877245411417
545.0,0.043975754572668176
546.0,0.044099195552517026
547.0,0.04474766741746776
548.0,0.04455584930328545
549.0,0.04422887737296733
550.0,0.04460374216804996
551.0,0.04418934817313156
552.0,0.0439280536590487
553.0,0.04404795110315049
554.0,0.044175637586010244
555.0,0.044964856703325784
556.0,0.045214930038564756
557.0,0.04451242123999326
558.0,0.04467790411300011
559.0,0.04482185439744431
560.0,0.044776077657421594
561.0,0.044672856916107215
562.0,0.044944107999535826
563.0,0.045164308453110584
564.0,0.0451451609882492
565.0,0.045009934449847515
566.0,0.04509843842460448
567.0,0.04521482962169797
568.0,0.04522124723837887
569.0,0.0455224857213917
570.0,0.045411421927980596
571.0,0.04514910619727084
572.0,0.04539079965430413
573.0,0.04569963243057078
574.0,0.04599814560689186
575.0,0.04607280778559157
576.0,0.04546183818357587
577.0,0.04571524887208842
578.0,0.04621676720720572
579.0,0.046137915821925696
580.0,0.04626515267553252
581.0,0.04607344905896999
582.0,0.04579162270146112
583.0,0.04609697021962435
584.0,0.04634122118862723
585.0,0.046686628608606985
586.0,0.04709230170449292
587.0,0.046915351602346174
588.0,0.04668751390202391
589.0,0.04661365310578358
590.0,0.04674709511815679
591.0,0.04699087929619155
592.0,0.047171384878604825
593.0,0.04723251094343386
594.0,0.047238336653640474
595.0,0.04725198901171387
596.0,0.04712726144935663
597.0,0.04692015653311753
598.0,0.04735275612127494
599.0,0.04793120694477977
600.0,0.048258082693424235
601.0,0.04809762236874475
602.0,0.04811830071883938
603.0,0.04802354581420345
604.0,0.047798303036690276
605.0,0.04794181403144286
606.0,0.048294108128837665
607.0,0.04852600504693624
608.0,0.048448744798176714
609.0,0.048577308966619194
610.0,0.04874591882955775
611.0,0.0488779662772032
612.0,0.04898579370533608
613.0,0.049292897386259964
614.0,0.04945760447617097
615.0,0.04934453063883652
616.0,0.049389646217782836
617.0,0.04951293402141706
618.0,0.049624438059663975
619.0,0.049647891054127674
620.0,0.04965519730247709
621.0,0.049921758315148335
622.0,0.050348739526656784
623.0,0.050442408899779335
624.0,0.05028050058307074
625.0,0.05025402361048168
626.0,0.050539954478481926
627.0,0.05045328657786018
628.0,0.05059826782655445
629.0,0.050994430214424964
630.0,0.051330148644284576
631.0,0.051535871134273215
632.0,0.0513281988314447
633.0,0.05090657023058947
634.0,0.05125030462661579
635.0,0.05138805898777012
636.0,0.051600239165162605
637.0,0.052219400864580115
638.0,0.05215845298184492
639.0,0.05201955975561014
640.0,0.052090918841815215
641.0,0.05232458192722818
642.0,0.052358437620659316
643.0,0.05259579162203358
644.0,0.05317235823872069
645.0,0.05330494570142439
646.0,0.053333804170094944
647.0,0.053400387613188556
648.0,0.053545459850021467
649.0,0.053580646148014284
650.0,0.053723600048892
651.0,0.05399351908512642
652.0,0.05413852291440388
653.0,0.054155645182998965
654.0,0.054342094779642094
655.0,0.054807884433872654
656.0,0.05482542109821287
657.0,0.054729945371068
658.0,0.05475061116073143
659.0,0.055011911952710345
660.0,0.0553358855071991
661.0,0.05555330753198587
662.0,0.055659562279468736
663.0,0.055932774366558885
664.0,0.056093468878109856
665.0,0.05616007398873184
666.0,0.056258031205904696
667.0,0.05653153794001862
668.0,0.05667254220778007
669.0,0.05672777017634
670.0,0.057052281428746694
671.0,0.057098207631562335
672.0,0.057245916073516756
673.0,0.05770432262023875
674.0,0.05782309942640973
675.0,0.057991541504211194
676.0,0.058155137812034165
677.0,0.05813966240916325
678.0,0.0583345410480036
679.0,0.05863769964800146
680.0,0.05893726585570664
681.0,0.05917018199242426
682.0,0.05946676488756378
683.0,0.05958607143383808
684.0,0.05944918488600255
685.0,0.05983910828530607
686.0,0.06022650801755556
687.0,0.06041793105145728
688.0,0.06048916492102299
689.0,0.060787666331458254
690.0,0.06091775632200215
691.0,0.060810841323039835
692.0,0.06115510419348673
693.0,0.06155118178016401
694.0,0.0618022160765754
695.0,0.06188661144931279
696.0,0.06229927094617226
697.0,0.06266865306569203
698.0,0.06283797336996456
699.0,0.06289111383746333
700.0,0.06300575363093251
701.0,0.06320375496313546
702.0,0.0634967408844728
703.0,0.06401044527548454
704.0,0.0642195136960749
705.0,0.06426342013256714
706.0,0.06451465978090713
707.0,0.06477813398887138
708.0,0.06507792552945217
709.0,0.0653376523963571
710.0,0.06535831642405981
711.0,0.06565051028887903
712.0,0.06604140099589233
713.0,0.06630351793198704
714.0,0.06657709136881806
715.0,0.06664033661005478
716.0,0.0667036308119769
717.0,0.06714802161349466
718.0,0.06761436211591464
719.0,0.06797922785361189
720.0,0.06825895083623199
721.0,0.06863580424502318
722.0,0.06894599997809557
723.0,0.06904299829549684
724.0,0.06897726877672514
725.0,0.06950909068677318
726.0,0.0698858881221271
727.0,0.07000481349658695
728.0,0.07023896283246248
729.0,0.07051360586236194
730.0,0.07088038717889342
731.0,0.07126346770271351
732.0,0.07130953900429361
733.0,0.07170683988663949
734.0,0.07220301663061501
735.0,0.07240723845815232
736.0,0.07283697732047616
737.0,0.07313093911272715
738.0,0.07327991291916769
739.0,0.07357317776382458
740.0,0.07383539446375632
741.0,0.07408893292607388
742.0,0.07443557691549561
743.0,0.07512248501495612
744.0,0.07553585208133821
745.0,0.07574700425685811
746.0,0.07603605395073243
747.0,0.07631750200580709
748.0,0.076486428644616
749.0,0.0767026311402822
750.0,0.0773238150367438
751.0,0.07771171192184559
752.0,0.07805748222120865
753.0,0.07846988573533259
754.0,0.07846657231379811
755.0,0.07875237812862039
756.0,0.07925262756632018
757.0,0.07963786516480195
758.0,0.08000402845875292
759.0,0.08047749763710611
760.0,0.08093947097279475
761.0,0.08106983267806449
762.0,0.08146061594001376
763.0,0.08186574382335264
764.0,0.0820830579031684
765.0,0.08237785596661978
766.0,0.08278859481360384
767.0,0.08320584239278479
768.0,0.08351192540224738
769.0,0.08397969416568107
770.0,0.08432736579213819
771.0,0.08462966742592722
772.0,0.085287590779093
773.0,0.08558399829383243
774.0,0.08584055580001625
775.0,0.08633244223294487
776.0,0.0868224049267333
777.0,0.08701925193262089
778.0,0.08725287216384225
779.0,0.08791972576557971
780.0,0.08839863588690966
781.0,0.08884848370755391
782.0,0.08928112977478962
783.0,0.08956726662639701
784.0,0.09003227035858187
785.0,0.09042297119509955
786.0,0.09066509563083665
787.0,0.09123948613572512
788.0,0.09181340571366009
789.0,0.09231488600585627
790.0,0.09275406413135608
791.0,0.09309128809353497
792.0,0.09346609451863548
793.0,0.09390488595096888
794.0,0.09433246655800741
795.0,0.09460546618889788
796.0,0.09498530900629391
797.0,0.09556286294020681
798.0,0.0960617968069315
799.0,0.09643798932050729
800.0,0.09674594251888222
801.0,0.09709566097977422
802.0,0.09765878388033072
803.0,0.0981296522337053
804.0,0.09857348355957943
805.0,0.09922620415190044
806.0,0.09974557496061295
807.0,0.10016016352988216
808.0,0.1005669783828733
809.0,0.10109456529856264
810.0,0.10151358474294919
811.0,0.1018971068859111
812.0,0.10236474781695978
813.0,0.10299105534535014
814.0,0.10349727994194277
815.0,0.10391381236235632
816.0,0.10437548858325674
817.0,0.10476118757369003
818.0,0.10528432288193901
819.0,0.10587161503499873
820.0,0.10622274407539843
821.0,0.10680265792114257
822.0,0.10747473333363602
823.0,0.10803275935034469
824.0,0.10831618641765373
825.0,0.10881064357183895
826.0,0.1094096804162671
827.0,0.10988290449658565
828.0,0.11021472207214039
829.0,0.1110033428903246
830.0,0.11184893456054228
831.0,0.11198250394149013
832.0,0.11231317823027992
833.0,0.1128966346556918
834.0,0.11365120969226786
835.0,0.11442352173680807
836.0,0.11511475852667488
837.0,0.11560217098363858
838.0,0.11595892684894557
839.0,0.11666293592075276
840.0,0.11723104222298737
841.0,0.11765190303478104
842.0,0.11810302368907656
843.0,0.11884786065515737
844.0,0.11957653845018658
845.0,0.1201084338301257
846.0,0.12045356132713061
847.0,0.12127842430334625
848.0,0.12180751482732245
849.0,0.12198248917081789
850.0,0.12265968121828227
851.0,0.12355938520553678
852.0,0.12434446594112177
853.0,0.12483620821262983
854.0,0.12519193553212193
855.0,0.1257068701542502
856.0,0.12633132857092527
857.0,0.12692936459130522
858.0,0.1275299272482782
859.0,0.12819735692596368
860.0,0.1288859861617267
861.0,0.12949675048752377
862.0,0.13003218635624286
863.0,0.13053120795269385
864.0,0.13112390976358887
865.0,0.13197239129090413
866.0,0.13272022439667716
867.0,0.13326572807737846
868.0,0.1336987811569548
869.0,0.13431559063897278
870.0,0.1349437447011285
871.0,0.13573962506650794
872.0,0.13667790336086802
873.0,0.13701072077134688
874.0,0.13765701340645387
875.0,0.13850269984383046
876.0,0.1391423689135944
877.0,0.13973863451005877
878.0,0.14025267720200554
879.0,0.1408648536373876
880.0,0.14178249977484456
881.0,0.14245914047499333
882.0,0.1431027661482249
883.0,0.1438077016287584
884.0,0.14447588806998085
885.0,0.14494841302492778
886.0,0.1454343653905725
887.0,0.14609873759354675
888.0,0.1469371941101836
889.0,0.1476640856071501
890.0,0.14845914884932304
891.0,0.1493765116888276
892.0,0.14990759502995735
893.0,0.1504001407415492
894.0,0.15077199531480892
895.0,0.15106212558453475
896.0,0.15223511279629523
897.0,0.15330244033682822
898.0,0.1540941893922344
899.0,0.1548143988853718
900.0,0.15520918405300424
901.0,0.15560651083090954
902.0,0.1562896485769814
903.0,0.15736373499642822
904.0,0.15815501582358457
905.0,0.1591059371310591
906.0,0.16007991487790588
907.0,0.16034342178445732
908.0,0.16063319069076976
909.0,0.16148408987108454
910.0,0.16267011542770535
911.0,0.1630509325135688
912.0,0.16411754249492289
913.0,0.16525971150969482
914.0,0.16587273232622035
915.0,0.16623288958005672
916.0,0.16699086417680617
917.0,0.16791647329818343
918.0,0.1686722131874438
919.0,0.16937754082691567
920.0,0.17016356916220776
921.0,0.17095782154857778
922.0,0.17170870994810397
923.0,0.1727990015131743
924.0,0.17303001047195968
925.0,0.17351308805511617
926.0,0.17551671652572126
927.0,0.17607898387214846
928.0,0.17668598945273636
929.0,0.17735160153787657
930.0,0.17748782011405828
931.0,0.17864579729617183
932.0,0.17964367235622955
933.0,0.18035329016974486
934.0,0.1814159327856536
935.0,0.18229271356380633
936.0,0.18291735172525017
937.0,0.1834279421310348
938.0,0.1840930362127236
939.0,0.18499652166245878
940.0,0.1860088531067862
941.0,0.18705149561518458
942.0,0.18812481733386013
943.0,0.1890857503460399
944.0,0.189899306940695
945.0,0.1905182811373892
946.0,0.190887312174304
947.0,0.19140161959718938
948.0,0.19255399419495456
949.0,0.19400788357959764
950.0,0.19444224521516815
951.0,0.1954623265914348
952.0,0.19624213249878814
953.0,0.1964088113289394
954.0,0.19698831517575455
955.0,0.19809014705236883
956.0,0.1992715068277678
957.0,0.20026558413953965
958.0,0.20134136136883288
959.0,0.2018545890079721
960.0,0.20265695584045473
961.0,0.20408401069845558
962.0,0.20494706092167553
963.0,0.20596164828534533
964.0,0.20699120411492442
965.0,0.20776469036006592
966.0,0.20816274212766336
967.0,0.20911634478136915
968.0,0.21009455167291488
969.0,0.2106478546403541
970.0,0.2112577794179078
971.0,0.21236937410521078
972.0,0.21340420384231013
973.0,0.2140275579702078
974.0,0.21489599116580002
975.0,0.21575581309718472
976.0,0.2163693754752987
977.0,0.21705554075071984
978.0,0.21907432552455627
979.0,0.22004301245265553
980.0,0.22040640751762205
981.0,0.22117750403329015
982.0,0.22290514806937156
983.0,0.22320162927107262
984.0,0.22323521108023428
985.0,0.22434264391003245
986.0,0.2264796847638319
987.0,0.22731237506353924
988.0,0.2274348522982303
989.0,0.22805178970081844
990.0,0.2299466532795812
991.0,0.2297477899652682
992.0,0.23037120818661358
993.0,0.23274087106036873
994.0,0.2335496814177072
995.0,0.23469475866895204
996.0,0.23545506380138875
997.0,0.23582531733557183
998.0,0.23704074492524005
999.0,0.23886759210254876
1000.0,0.23995326558772273
1001.0,0.24852308560948222
1002.0,0.24596170112131546
1003.0,0.2462418370214279
1004.0,0.2453962561113485
1005.0,0.24716762654067537
1006.0,0.2510513649304075
1007.0,0.2526603678815992
1008.0,0.24987482724841648
1009.0,0.2490929595815299
1010.0,0.24916673513996732
1011.0,0.25072211613374523
1012.0,0.2550949678822002
1013.0,0.25559557130844074
1014.0,0.25628460006095505
1015.0,0.25550997522184327
1016.0,0.25659433739187054
1017.0,0.25704315768424557
1018.0,0.26017999578300854
1019.0,0.2657692770222408
1020.0,0.26927013711363657
1021.0,0.2694226452551479
1022.0,0.2679955928628459
1023.0,0.26553109965412447
1024.0,0.2628219707550533
1025.0,0.2624997016795808
1026.0,0.26460514460419693
1027.0,0.26643646221611383
1028.0,0.26862996916369175
1029.0,0.27122106206342717
1030.0,0.275111280480228
1031.0,0.2774290813821856
1032.0,0.27859769477663915
1033.0,0.27918518169208006
1034.0,0.2793403408000654
1035.0,0.2804871263538386
1036.0,0.28180680924417745
1037.0,0.2820819444067679
1038.0,0.28222679714881455
1039.0,0.2826884417888166
1040.0,0.2837126057959487
1041.0,0.2863699226027453
1042.0,0.2879016848907572
1043.0,0.28915748384236534
1044.0,0.2898700624459187
1045.0,0.2906981990475426
1046.0,0.291038495787459
1047.0,0.29281043051395006
1048.0,0.29421321937822614
1049.0,0.29510286087963444
1050.0,0.29640536765829906
1051.0,0.29769782252375704
1052.0,0.299320208461377
1053.0,0.300134815522624
1054.0,0.3006947249484893
1055.0,0.30187257245450155
1056.0,0.3029210151128967
1057.0,0.3038227671173732
1058.0,0.305245044734391
1059.0,0.30602439509086676
1060.0,0.3053848123313606
1061.0,0.3055546629004694
1062.0,0.30706826783132707
1063.0,0.30833995088684213
1064.0,0.31013492573600343
1065.0,0.3116213598220428
1066.0,0.31211191886948747
1067.0,0.3136868859686307
1068.0,0.3147005683333123
1069.0,0.31585644435101373
1070.0,0.317217093799925
1071.0,0.31822458867127
1072.0,0.31833245708685565
1073.0,0.32052252645600526
1074.0,0.3233242811298857
1075.0,0.3250126909526574
1076.0,0.32722501296104706
1077.0,0.3280516410138042
1078.0,0.3276825134214406
1079.0,0.3287028521623337
1080.0,0.3295492402272903
1081.0,0.33143401545449236
1082.0,0.3329566836356119
1083.0,0.333079421686402
1084.0,0.33433032002475654
1085.0,0.33579116653094254
1086.0,0.3371815193402622
1087.0,0.3391583554541394
1088.0,0.3410737124581893
1089.0,0.34161960530645774
1090.0,0.3421905518908842
1091.0,0.34216941251844046
1092.0,0.3423268285803431
1093.0,0.3431497300844649
1094.0,0.34420572579567577
1095.0,0.34599153036338876
1096.0,0.3476028069169111
1097.0,0.34942336952918074
1098.0,0.351817209501684
1099.0,0.3533075013816437
1100.0,0.35448997845452157
1101.0,0.35542188626936305
1102.0,0.35598862296220746
1103.0,0.3556485002465697
1104.0,0.3566179524115509
1105.0,0.3584496605168935
1106.0,0.36033726118389925
1107.0,0.36333792368075474
1108.0,0.3655547961645095
1109.0,0.3669237424261294
1110.0,0.36804794311444344
1111.0,0.3679503838204659
1112.0,0.36858338154939396
1113.0,0.36883554207881014
1114.0,0.36976302760079965
1115.0,0.3714976672532558
1116.0,0.37297593325567835
1117.0,0.3745375161827102
1118.0,0.3758654768263685
1119.0,0.37715439608477047
1120.0,0.37826940573435064
1121.0,0.37930970010657933
1122.0,0.3804022681833456
1123.0,0.3816612638882437
1124.0,0.382761200950305
1125.0,0.38377943457349134
1126.0,0.38519018924181025
1127.0,0.38662173498100316
1128.0,0.38823008590666735
1129.0,0.3895300519861984
1130.0,0.39080051430309926
1131.0,0.3921222976776679
1132.0,0.39333491459099545
1133.0,0.3945978938753021
1134.0,0.39617491813123173
1135.0,0.397282522030811
1136.0,0.39795810646065105
1137.0,0.39889905884866805
1138.0,0.4000243574534877
1139.0,0.4010852562890581
1140.0,0.40282161474793915
1141.0,0.4041013421112395
1142.0,0.405151483715433
1143.0,0.40591600869201505
1144.0,0.4070133651640577
1145.0,0.4078650167041795
1146.0,0.40909204073650574
1147.0,0.4108686586896078
1148.0,0.41222616304243814
1149.0,0.4134145752129128
1150.0,0.4145810423093962
1151.0,0.4164420482656507
1152.0,0.41770934911893715
1153.0,0.4188443632487835
1154.0,0.4201745201518661
1155.0,0.42068875985061727
1156.0,0.4214996224658105
1157.0,0.4228125175345502
1158.0,0.42490119305622454
1159.0,0.42625716885056836
1160.0,0.42743040272148464
1161.0,0.428927483357626
1162.0,0.4302828716333509
1163.0,0.43164122009530875
1164.0,0.43360381866603426
1165.0,0.43507402205484375
1166.0,0.43608753238673376
1167.0,0.4368544619658705
1168.0,0.4386374014683631
1169.0,0.4401282636158001
1170.0,0.44157288885128615
1171.0,0.44375970017984434
1172.0,0.4451247235891326
1173.0,0.4457819525593986
1174.0,0.446940638323094
1175.0,0.4481364308242508
1176.0,0.4490779783648158
1177.0,0.450152067450675
1178.0,0.4511043825317911
1179.0,0.45153290746992303
1180.0,0.45240840562574713
1181.0,0.45352037937981216
1182.0,0.45458280300872195
1183.0,0.45571616617744
1184.0,0.4574892016461888
1185.0,0.45898533440427763
1186.0,0.4602784834390939
1187.0,0.4615591777458757
1188.0,0.4625776148216958
1189.0,0.46385767396806366
1190.0,0.4651200878249024
1191.0,0.46660064188171135
1192.0,0.4683506112400044
1193.0,0.46991503497140263
1194.0,0.47178309496380655
1195.0,0.47326045353978624
1196.0,0.474381720861306
1197.0,0.47567400258941667
1198.0,0.4769789248422426
1199.0,0.4779287430136108
1200.0,0.47907648858826263
1201.0,0.48036044523487315
1202.0,0.48183944815005525
1203.0,0.4828316526919486
1204.0,0.4839157247289195
1205.0,0.4848993145596922
1206.0,0.4861096480092242
1207.0,0.4872209775535889
1208.0,0.48861536628316116
1209.0,0.49035936602959507
1210.0,0.49187983412762265
1211.0,0.493507947077253
1212.0,0.49496081540741765
1213.0,0.4962248781630334
1214.0,0.4976850379425092
1215.0,0.4991893017489378
1216.0,0.5004883145810877
1217.0,0.5024613675616344
1218.0,0.5038262428170426
1219.0,0.505399979131883
1220.0,0.507165439463393
1221.0,0.5084666969813671
1222.0,0.5096864612200298
1223.0,0.5105731199688498
1224.0,0.5106998954247467
1225.0,0.5116472661085228
1226.0,0.5126250511743657
1227.0,0.5138649890993522
1228.0,0.5157202629672436
1229.0,0.5173385577762485
1230.0,0.5191349155529463
1231.0,0.5206232932287561
1232.0,0.5219369812424745
1233.0,0.523298243717667
1234.0,0.5244311565139165
1235.0,0.5256091328514375
1236.0,0.5271351095139243
1237.0,0.529085928782614
1238.0,0.5306034671972656
1239.0,0.5322792448819035
1240.0,0.5334954145365611
1241.0,0.5342685475044912
1242.0,0.5352337876649976
1243.0,0.535872214199193
1244.0,0.5369411739355654
1245.0,0.5383238593256393
1246.0,0.539550023894057
1247.0,0.540935572882363
1248.0,0.5422419050742957
1249.0,0.5428336227506503
1250.0,0.5443569183242662
1251.0,0.5467857926155949
1252.0,0.5489599357365053
1253.0,0.5506417296187108
1254.0,0.5526307161574671
1255.0,0.5542126134236824
1256.0,0.554894074411732
1257.0,0.5561679392650416
1258.0,0.5576065304576938
1259.0,0.559357219558278
1260.0,0.561459312483665
1261.0,0.5630848856577064
1262.0,0.565004004435862
1263.0,0.5665619787465219
1264.0,0.5673785196836499
1265.0,0.5685087857064589
1266.0,0.5700103597930752
1267.0,0.5711418586799378
1268.0,0.5720217374821708
1269.0,0.5727034307681151
1270.0,0.5739862452267611
1271.0,0.575306545487198
1272.0,0.5767763060233254
1273.0,0.5790195161931214
1274.0,0.580294886501884
1275.0,0.5809015734497616
1276.0,0.5820759162273712
1277.0,0.5831547282050938
1278.0,0.5843147729467085
1279.0,0.5857239273161865
1280.0,0.5871685323898731
1281.0,0.5885622265691312
1282.0,0.5899749609884146
1283.0,0.5918017466684887
1284.0,0.5932226539269715
1285.0,0.594263872228301
1286.0,0.5954196202380884
1287.0,0.5963224441266777
1288.0,0.5973549507429516
1289.0,0.5988506740331143
1290.0,0.6007007973743469
1291.0,0.6023137188459768
1292.0,0.6045179746377963
1293.0,0.6057157242306054
1294.0,0.6060674246542325
1295.0,0.6071063014853799
1296.0,0.6078825222308062
1297.0,0.6090255556882224
1298.0,0.6106769721811038
1299.0,0.6122179661205465
1300.0,0.6137641675868407
1301.0,0.6153297272567669
1302.0,0.616968115127855
1303.0,0.6187104629093577
1304.0,0.6206367018500232
1305.0,0.6223288713233405
1306.0,0.6239656335687191
1307.0,0.6256940488151045
1308.0,0.6272406963534991
1309.0,0.6286193199777741
1310.0,0.6298257987227867
1311.0,0.6308137788795866
1312.0,0.632116926159959
1313.0,0.6332845335168019
1314.0,0.6346054431397256
1315.0,0.6363836185069179
1316.0,0.6377783841892188
1317.0,0.6386879340364809
1318.0,0.6401458698922277
1319.0,0.6418448424069335
1320.0,0.6434939949300745
1321.0,0.6455837573048367
1322.0,0.6473041438598631
1323.0,0.6485636820187197
1324.0,0.6501725672594166
1325.0,0.6522202933906853
1326.0,0.6537113185823594
1327.0,0.655019013720938
1328.0,0.6562735723036759
1329.0,0.6575947042972486
1330.0,0.6585603467384618
1331.0,0.6596104387272032
1332.0,0.660901875547147
1333.0,0.6620292109090242
1334.0,0.6627978686210413
1335.0,0.6637999401903862
1336.0,0.6648214519419894
1337.0,0.6661800655694612
1338.0,0.6678027099843385
1339.0,0.6692229508584262
1340.0,0.670819701229778
1341.0,0.6724579766055278
1342.0,0.6739728664847625
1343.0,0.6754298070899059
1344.0,0.6770753170236822
1345.0,0.6786355178732473
1346.0,0.6799134885695108
1347.0,0.6813173598514449
1348.0,0.6827420784150887
1349.0,0.6843080424854944
1350.0,0.6857128892687028
1351.0,0.6869770655687581
1352.0,0.688456820664512
1353.0,0.6900541817198923
1354.0,0.6915160803979261
1355.0,0.693082433893097
1356.0,0.6944792299450161
1357.0,0.6955881926573687
1358.0,0.6969454641728114
1359.0,0.6983521606525872
1360.0,0.6998207407902793
1361.0,0.7015341606342983
1362.0,0.703028954433155
1363.0,0.7045774656974233
1364.0,0.7058498152512889
1365.0,0.7065806954993509
1366.0,0.7077257436013145
1367.0,0.708876077116401
1368.0,0.710174761522277
1369.0,0.711586877268946
1370.0,0.7134235168978912
1371.0,0.7148244661646166
1372.0,0.7161290860865084
1373.0,0.7173274314314699
1374.0,0.7182955149635335
1375.0,0.7194269740370723
1376.0,0.7204754191117002
1377.0,0.7216875866252009
1378.0,0.7231852689119012
1379.0,0.7244366731640792
1380.0,0.725521613352894
1381.0,0.7267740633844864
1382.0,0.7279292760917491
1383.0,0.7292338599723487
1384.0,0.7310731067494662
1385.0,0.7323240767542561
1386.0,0.7330313151169848
1387.0,0.7341026458585805
1388.0,0.7349201196885748
1389.0,0.7360115163861178
1390.0,0.7374895689109257
1391.0,0.7391286195190591
1392.0,0.740545796275856
1393.0,0.7419028622101244
1394.0,0.7433106154844021
1395.0,0.7447136545207297
1396.0,0.7460650934467932
1397.0,0.747363017813161
1398.0,0.7487356851668632
1399.0,0.7502892164060305
1400.0,0.7514410343615768
1401.0,0.7523867794162055
1402.0,0.7534517760357953
1403.0,0.7541817134720877
1404.0,0.7551751602845005
1405.0,0.7567041790500104
1406.0,0.757699325976008
1407.0,0.758134597419656
1408.0,0.7590942818836023
1409.0,0.7600129903040835
1410.0,0.7610781247406929
1411.0,0.7627216062938649
1412.0,0.7641159379801539
1413.0,0.7653577998068918
1414.0,0.7666035038229561
1415.0,0.7679677267042659
1416.0,0.7689665276413385
1417.0,0.7702340977547741
1418.0,0.771471509897202
1419.0,0.7728751628829946
1420.0,0.7745936117451199
1421.0,0.7758432165328613
1422.0,0.7769364111845755
1423.0,0.7780991339819725
1424.0,0.7788966420301607
1425.0,0.7801191968510938
1426.0,0.7817279883916262
1427.0,0.7830265810992313
1428.0,0.7842773477153671
1429.0,0.7855861801034711
1430.0,0.7868398294357563
1431.0,0.7880782248250008
1432.0,0.7894629544549251
1433.0,0.7906728701420215
1434.0,0.7914392884167344
1435.0,0.7926754296841549
1436.0,0.7944263372173503
1437.0,0.7956750410339362
1438.0,0.7967580816294259
1439.0,0.798059109068761
1440.0,0.7991684239428237
1441.0,0.8000054297200462
1442.0,0.8014631401274949
1443.0,0.8031430536879658
1444.0,0.8046105465520097
1445.0,0.8062168454681052
1446.0,0.8073190559838095
1447.0,0.808033364035329
1448.0,0.8091426608222141
1449.0,0.8099350013502585
1450.0,0.811239730185969
1451.0,0.8131498668788348
1452.0,0.8146670162648513
1453.0,0.8160383989972742
1454.0,0.8176754605343524
1455.0,0.8194944270278545
1456.0,0.8210911177149988
1457.0,0.8227950811607654
1458.0,0.8243338748934897
1459.0,0.825498608478803
1460.0,0.8269332828248597
1461.0,0.8286912964726063
1462.0,0.8301242608481436
1463.0,0.8316204602544757
1464.0,0.8327433654331997
1465.0,0.8332315265013128
1466.0,0.8340934903201211
1467.0,0.8347822265380307
1468.0,0.8358062599145494
1469.0,0.8370512593482898
1470.0,0.8385386022732104
1471.0,0.8400951071847713
1472.0,0.8419330601644515
1473.0,0.8433133324115711
1474.0,0.8446740803750517
1475.0,0.8459346189686543
1476.0,0.846579342244546
1477.0,0.8482358277260994
1478.0,0.8506001008304764
1479.0,0.852273522154665
1480.0,0.8543381612841632
1481.0,0.8557651543966923
1482.0,0.8565066973752045
1483.0,0.8573714507565731
1484.0,0.8576516863055342
1485.0,0.8588700703245148
1486.0,0.8604386447476282
1487.0,0.8619776237389161
1488.0,0.8644464587693452
1489.0,0.8661734283866598
1490.0,0.8673042944228964
1491.0,0.8686272950176672
1492.0,0.8698385702062114
1493.0,0.8710961333507686
1494.0,0.8722968237107543
1495.0,0.8736224998211244
1496.0,0.8750553446688553
1497.0,0.8764499894354257
1498.0,0.8779495306821632
1499.0,0.8794009129869191
1500.0,0.8808863786696112
1501.0,0.8821356040408855
1502.0,0.8835048835016028
1503.0,0.8848376396295475
1504.0,0.8863709530070584
1505.0,0.8881541831087812
1506.0,0.8893686955134428
1507.0,0.890405346310794
1508.0,0.8916251700105218
1509.0,0.8924540127244733
1510.0,0.8937178700693943
1511.0,0.8955206102248442
1512.0,0.8969057368133057
1513.0,0.8980531793580879
1514.0,0.8994130174103157
1515.0,0.9007439476529968
1516.0,0.902201529757659
1517.0,0.9038535780516964
1518.0,0.9053740509712174
1519.0,0.9070081707936181
1520.0,0.9084181207285045
1521.0,0.9095895723983473
1522.0,0.9109473054231828
1523.0,0.9121847496224774
1524.0,0.9135847666917382
1525.0,0.9153134784579485
1526.0,0.9167752155131397
1527.0,0.9182302097806082
1528.0,0.9195510646419376
1529.0,0.9204972517671771
1530.0,0.9217486052520416
1531.0,0.9230913985111371
1532.0,0.9244273985648576
1533.0,0.9261418526185997
1534.0,0.927498915592497
1535.0,0.9284240046677031
1536.0,0.9296386634979535
1537.0,0.9309640200340387
1538.0,0.9320713782184189
1539.0,0.9332153714024776
1540.0,0.934658972302423
1541.0,0.9361492407147272
1542.0,0.9376581607540958
1543.0,0.9390123682710771
1544.0,0.9406343022386952
1545.0,0.9417856229287371
1546.0,0.9424818247197625
1547.0,0.9434312509325337
1548.0,0.9442267793377326
1549.0,0.9454331564695118
1550.0,0.9468805335934378
1551.0,0.9481148643708536
1552.0,0.9495443054249008
1553.0,0.9508371805233627
1554.0,0.951830735245652
1555.0,0.9531355116903363
1556.0,0.95478095657436
1557.0,0.9560289286547287
1558.0,0.956995995023622
1559.0,0.958326184829902
1560.0,0.9597010658288918
1561.0,0.9610223486920959
1562.0,0.9626938223688872
1563.0,0.9640304194980985
1564.0,0.9648986705739712
1565.0,0.9661320871498136
1566.0,0.9676029845715467
1567.0,0.9688464168818692
1568.0,0.9700998018804671
1569.0,0.9713356742767891
1570.0,0.9722541174959362
1571.0,0.9734944194181971
1572.0,0.9751184865555838
1573.0,0.9764456157638155
1574.0,0.9775788605964281
1575.0,0.9789955243710776
1576.0,0.9805344480453422
1577.0,0.981899296865014
1578.0,0.9835255687177572
1579.0,0.9849067371838205
1580.0,0.9858040499126945
1581.0,0.9869266206906764
1582.0,0.9880119555825423
1583.0,0.9892918745103493
1584.0,0.9909492535852437
1585.0,0.9922912506537453
1586.0,0.9933834551909847
1587.0,0.994785203964513
1588.0,0.9963093811825705
1589.0,0.9976377776267819
1590.0,0.9989790058375805
1591.0,1.0007184782601832
1592.0,1.0016679633579837
1593.0,1.0020123895776847
1594.0,1.0028213443919411
1595.0,1.003471223392797
1596.0,1.0043981833004694
1597.0,1.0054682014951837
1598.0,1.006829612723502
1599.0,1.008418275136947
1600.0,1.0098916713019948
1601.0,1.0117018602347263
1602.0,1.0131287981424952
1603.0,1.0142541926269566
1604.0,1.0155725835198073
1605.0,1.016913993774598
1606.0,1.0182107269952048
1607.0,1.0196270691791858
1608.0,1.0207061044255867
1609.0,1.0216576007148184
1610.0,1.0224415909811562
1611.0,1.022683621041018
1612.0,1.023663540584839
1613.0,1.0249136697821535
1614.0,1.0260740187686448
1615.0,1.0277453990805843
1616.0,1.0288787494858702
1617.0,1.0295517253505901
1618.0,1.0305384047606998
1619.0,1.0313898062639453
1620.0,1.0325949941299923
1621.0,1.0343261414058365
1622.0,1.0354191384535572
1623.0,1.036497969106635
1624.0,1.0373103443188707
1625.0,1.0371571190380728
1626.0,1.0381469631338558
1627.0,1.0399010811104332
1628.0,1.0410387492513062
1629.0,1.0424375588249357
1630.0,1.043653754181077
1631.0,1.0443144323787632
1632.0,1.0452685306009615
1633.0,1.0465663649743264
1634.0,1.0476508191973046
1635.0,1.0484605600682093
1636.0,1.049515698860057
1637.0,1.050579214584011
1638.0,1.0519267383481998
1639.0,1.0537318581971569
1640.0,1.055039824574976
1641.0,1.0564412968375667
1642.0,1.0574966613105345
1643.0,1.0576910624392861
1644.0,1.0586872708122943
1645.0,1.0601406244127807
1646.0,1.0613398001594245
1647.0,1.062990646779622
1648.0,1.0641386934814905
1649.0,1.0648000866976965
1650.0,1.065508238545291
1651.0,1.0659488803289867
1652.0,1.0666038871263703
1653.0,1.0672464356841291
1654.0,1.0679848631918816
1655.0,1.0689060599783498
1656.0,1.0697839637414708
1657.0,1.0706337571037396
1658.0,1.07158191453681
1659.0,1.072610056462508
1660.0,1.0736843286693751
1661.0,1.0749257207649068
1662.0,1.075996978312177
1663.0,1.0770563270714824
1664.0,1.077987279294041
1665.0,1.0786923797383126
1666.0,1.0795172547124368
1667.0,1.0801429142202883
1668.0,1.0811490246680537
1669.0,1.0826621440233948
1670.0,1.0837427785497844
1671.0,1.0845746689577436
1672.0,1.0857489852625892
1673.0,1.0871002410823312
1674.0,1.088076618679229
1675.0,1.089095790796362
1676.0,1.0902318488980078
1677.0,1.0907574424431128
1678.0,1.0918177442916988
1679.0,1.0936296443871167
1680.0,1.0950368515443527
1681.0,1.0962648368249703
1682.0,1.0976825443991534
1683.0,1.0991180770556013
1684.0,1.1005803856064065
1685.0,1.1023331062043207
1686.0,1.103816435703229
1687.0,1.1051849801682923
1688.0,1.106390196499157
1689.0,1.107446262479726
1690.0,1.1083655988062782
1691.0,1.1087848436825547
1692.0,1.1096965218943329
1693.0,1.1108290105693697
1694.0,1.111909225666395
1695.0,1.1133902611046438
1696.0,1.1146113940332394
1697.0,1.1153698520691475
1698.0,1.116527637966891
1699.0,1.1177661802553134
1700.0,1.11922368366972
1701.0,1.1213531447362275
1702.0,1.1229358083267336
1703.0,1.1243766418386085
1704.0,1.1256374116196035
1705.0,1.126438949601964
1706.0,1.1272919083655615
1707.0,1.1278692740509515
1708.0,1.128992327930828
1709.0,1.1306804324058268
1710.0,1.1317454244528264
1711.0,1.1327613715599143
1712.0,1.1337767139986585
1713.0,1.1341504101014137
1714.0,1.1348767308267378
1715.0,1.1360219464662662
1716.0,1.1371566648158982
1717.0,1.1382749576202957
1718.0,1.1394633428832368
1719.0,1.1407743681292173
1720.0,1.1420566451985112
1721.0,1.1433627772875263
1722.0,1.1444864178020302
1723.0,1.1460523203493587
1724.0,1.1469654902978443
1725.0,1.147044371767077
1726.0,1.1477050215767481
1727.0,1.1479964176468282
1728.0,1.1485814624579997
1729.0,1.1497408095067183
1730.0,1.1507181864078293
1731.0,1.1518086841433834
1732.0,1.152738819540632
1733.0,1.1538382191200194
1734.0,1.1546258554943878
1735.0,1.1547654076640363
1736.0,1.1555778101966752
1737.0,1.1564860302328301
1738.0,1.157390291550379
1739.0,1.1589342867675556
1740.0,1.1599623804162429
1741.0,1.1608002895491805
1742.0,1.1614463881499761
1743.0,1.161659478106482
1744.0,1.1622286736175194
1745.0,1.162653716077644
1746.0,1.1633041254214391
1747.0,1.164144962441581
1748.0,1.1654954898148377
1749.0,1.1673843974898206
1750.0,1.1684518636141568
1751.0,1.1696484742009596
1752.0,1.1703948233538979
1753.0,1.170260853537292
1754.0,1.1715231845548166
1755.0,1.1721855976725892
1756.0,1.1730734520390784
1757.0,1.1738251633470975
1758.0,1.1744578572510729
1759.0,1.1755711778291935
1760.0,1.1767966930488527
1761.0,1.1782305075347228
1762.0,1.1789330896843688
1763.0,1.1798540767873007
1764.0,1.180374078880694
1765.0,1.1803632908925887
1766.0,1.1811774874097973
1767.0,1.181426365879892
1768.0,1.1820421002916623
1769.0,1.1837500841374928
1770.0,1.1849080509227432
1771.0,1.1860417637616243
1772.0,1.1881896190555181
1773.0,1.1893080524579567
1774.0,1.1902699696079673
1775.0,1.1921351894910173
1776.0,1.192784092668853
1777.0,1.1934287614663344
1778.0,1.1949495260596368
1779.0,1.196174138958658
1780.0,1.1967973313959162
1781.0,1.1975096980964837
1782.0,1.1979284662007597
1783.0,1.198148115004336
1784.0,1.199423240569281
1785.0,1.200574009820792
1786.0,1.2015175635935331
1787.0,1.2027222538930449
1788.0,1.2033780561595588
1789.0,1.204359300559113
1790.0,1.2051185240029452
1791.0,1.2063768951386529
1792.0,1.208462583473774
1793.0,1.2099672614869246
1794.0,1.211839207466619
1795.0,1.2136869219864987
1796.0,1.215041084528189
1797.0,1.2160893864661986
1798.0,1.2168856677010547
1799.0,1.2168291660377215
1800.0,1.2179661361802612
1801.0,1.2099167337496761
1802.0,1.2105052452533112
1803.0,1.2114441367595017
1804.0,1.2123653162096246
1805.0,1.2135165318697556
1806.0,1.2141256559821207
1807.0,1.2143452000053252
1808.0,1.2151888178672179
1809.0,1.2159583443260784
1810.0,1.2170503216205701
1811.0,1.2184090181729959
1812.0,1.220858120029411
1813.0,1.2216170740190992
1814.0,1.2218920770834643
1815.0,1.22263101065461
1816.0,1.2221187029031046
1817.0,1.223558494509103
1818.0,1.226931420513829
1819.0,1.2287156073227457
1820.0,1.230874944030195
1821.0,1.2326871817412806
1822.0,1.2338146052794383
1823.0,1.2345196173193753
1824.0,1.2352416661569505
1825.0,1.2363040436240593
1826.0,1.236775451547731
1827.0,1.2361563508886284
1828.0,1.23655436642245
1829.0,1.2372337598647332
1830.0,1.237940447275013
1831.0,1.2388886824355088
1832.0,1.2405413505372962
1833.0,1.2406556196727343
1834.0,1.2404053539551363
1835.0,1.2415264708260991
1836.0,1.242825003322165
1837.0,1.2435991477904427
1838.0,1.2455209845041035
1839.0,1.2471235601549233
1840.0,1.2480275366032423
1841.0,1.2485150821375008
1842.0,1.2509428811025534
1843.0,1.2532181677368315
1844.0,1.2533111359388907
1845.0,1.2553518135501849
1846.0,1.2563089614164207
1847.0,1.256247407245743
1848.0,1.256435558996496
1849.0,1.2565300209523707
1850.0,1.2562305877106705
1851.0,1.255498214047118
1852.0,1.2555027148634095
1853.0,1.2545429633340635
1854.0,1.2556842148607386
1855.0,1.2571087771793519
1856.0,1.258521487270867
1857.0,1.2592468782990225
1858.0,1.2590858119721158
1859.0,1.2603023740679635
1860.0,1.2620752520166012
1861.0,1.2628807853987607
1862.0,1.2651366333497285
1863.0,1.2662465153939757
1864.0,1.2658234324407216
1865.0,1.2663234484397121
1866.0,1.2665615911198087
1867.0,1.267786615477483
1868.0,1.2691571007176823
1869.0,1.2719647768878153
1870.0,1.272605397864633
1871.0,1.2726117733810336
1872.0,1.2721921706450383
1873.0,1.2716235008641514
1874.0,1.2697640970587332
1875.0,1.266870949548435
1876.0,1.2650416614980755
1877.0,1.2632175925435336
1878.0,1.261957655094468
1879.0,1.2611425174583881
1880.0,1.262845566868251
1881.0,1.2619415202739115
1882.0,1.2601673386404966
1883.0,1.2573061245323338
1884.0,1.2544130139920158
1885.0,1.251876227934142
1886.0,1.24844257341901
1887.0,1.246158107073308
1888.0,1.2438131134751804
1889.0,1.240165697743582
1890.0,1.237362924910806
1891.0,1.2358195117457356
1892.0,1.2319230309934932
1893.0,1.2276744845728929
1894.0,1.2245371631466426
1895.0,1.218595187518258
1896.0,1.2138288545403273
1897.0,1.2093004557925549
1898.0,1.2042398598231594
1899.0,1.1999034379659248
1900.0,1.1950363389567045
1901.0,1.1910414320226728
1902.0,1.1873021564813386
1903.0,1.1840320586351811
1904.0,1.1814505498459045
1905.0,1.1796861024305807
1906.0,1.1767128599215888
1907.0,1.1716578303059881
1908.0,1.1665048096079604
1909.0,1.1627913653422821
1910.0,1.1600761847122019
1911.0,1.1593042996185925
1912.0,1.1590203150821146
1913.0,1.1587034218240972
1914.0,1.158282285072646
1915.0,1.158928549154497
1916.0,1.1591317229541789
1917.0,1.1600477863548855
1918.0,1.1604700474329135
1919.0,1.1593171799048216
1920.0,1.1582682225156804
1921.0,1.156807598733392
1922.0,1.156586067310198
1923.0,1.157174108404256
1924.0,1.157749673262875
1925.0,1.158873165242411
1926.0,1.1604426632803901
1927.0,1.1613985742745392
1928.0,1.1618777623810486
1929.0,1.1628786149634807
1930.0,1.1647148649898356
1931.0,1.1670023003871248
1932.0,1.1696800580610816
1933.0,1.171945596263415
1934.0,1.1732150613521206
1935.0,1.1737409398446166
1936.0,1.1740441095396084
1937.0,1.1747138583947112
1938.0,1.1751108115982218
1939.0,1.1765593909605472
1940.0,1.179005475036663
1941.0,1.1809938185447122
1942.0,1.1832060540569243
1943.0,1.185393130282632
1944.0,1.1865937083965628
1945.0,1.1880373917841653
1946.0,1.1907312801326433
1947.0,1.1931930185205646
1948.0,1.1948569367613342
1949.0,1.1961387627294031
1950.0,1.197755298767544
1951.0,1.198278092140745
1952.0,1.1992675944227467
1953.0,1.203012866517945
1954.0,1.206460823885563
1955.0,1.2085317986193884
1956.0,1.2097531156041845
1957.0,1.20933580612375
1958.0,1.208482092694575
1959.0,1.208347534521349
1960.0,1.2088602581263437
1961.0,1.209246076008625
1962.0,1.2097055694189875
1963.0,1.2097816246255584
1964.0,1.211003399009219
1965.0,1.2134187113951906
1966.0,1.215220212235014
1967.0,1.2174046895016029
1968.0,1.2188395987841265
1969.0,1.2190024768847285
1970.0,1.2204125330764597
1971.0,1.2221171728652138
1972.0,1.2241225246827656
1973.0,1.227667790487439
1974.0,1.2297801739075824
1975.0,1.2313149670156767
1976.0,1.2326753549109537
1977.0,1.2339548846969493
1978.0,1.234519725880008
1979.0,1.2356030897159085
1980.0,1.2369630537882441
1981.0,1.2378718894935197
1982.0,1.2394575119096392
1983.0,1.2418377391080706
1984.0,1.244257988916708
1985.0,1.2461953629061948
1986.0,1.2483562330056184
1987.0,1.2497494067049155
1988.0,1.2506379841355688
1989.0,1.2503774892545079
1990.0,1.2508057590405803
1991.0,1.2526429820001814
1992.0,1.2540833132586933
1993.0,1.2568302124219002
1994.0,1.2588627917140185
1995.0,1.2593850188741345
1996.0,1.26080161985377
1997.0,1.261988071536476
1998.0,1.2634414320569156
1999.0,1.2652267956704617
2000.0,1.267200281061029
2001.0,1.2692817491667525
2002.0,1.2713420801338655
2003.0,1.2731677159693189
2004.0,1.2763967553796687
2005.0,1.2783755255472036
2006.0,1.278769762041892
2007.0,1.280785216548
2008.0,1.2820605504676006
2009.0,1.2834651369623316
2010.0,1.2857488816155327
2011.0,1.2875340301919083
2012.0,1.2881035725741614
2013.0,1.2897552558094423
2014.0,1.2927060012337386
2015.0,1.2934702089116852
2016.0,1.2939700037589532
2017.0,1.2958712537401573
2018.0,1.2962206681148578
2019.0,1.2969772835968778
2020.0,1.299640499262068
2021.0,1.3021134880794822
2022.0,1.3039198482896297
2023.0,1.3058444843503607
2024.0,1.3072232450706573
2025.0,1.3074314478262012
2026.0,1.3085050619074883
2027.0,1.309452174920963
2028.0,1.3109625325223166
2029.0,1.3136758942317013
2030.0,1.3147719556335786
2031.0,1.3155683915952647
2032.0,1.317260362901082
2033.0,1.3163315640655375
2034.0,1.316253276917158
2035.0,1.3177532649453683
2036.0,1.3172966582071668
2037.0,1.3177267580593441
2038.0,1.3186132949285727
2039.0,1.320003633066139
2040.0,1.3218101995237683
2041.0,1.323675993356529
2042.0,1.3270892244233419
2043.0,1.328610413631492
2044.0,1.328690521943755
2045.0,1.328710917628029
2046.0,1.3296554859082572
2047.0,1.3308857783298544
2048.0,1.334500636715172
2049.0,1.3375720865426306
2050.0,1.3379303361153196
2051.0,1.33829048056589
2052.0,1.3386127119994469
2053.0,1.336463773991954
2054.0,1.3375288836193375
2055.0,1.3416942711721134
2056.0,1.3430259811012961
2057.0,1.343920562405988
2058.0,1.3454029147108133
2059.0,1.3456387567892913
2060.0,1.3461628708362865
2061.0,1.3490455971256916
2062.0,1.3516701692797384
2063.0,1.3529736016276859
2064.0,1.3531427718776465
2065.0,1.3525609721875398
2066.0,1.3522892857803193
2067.0,1.3520058108499438
2068.0,1.351036440295019
2069.0,1.3517062132036302
2070.0,1.3534196508846967
2071.0,1.3543602184076087
2072.0,1.3563959775537178
2073.0,1.3574629466793173
2074.0,1.3574039089373766
2075.0,1.357694409125068
2076.0,1.358757881185565
2077.0,1.3597452700481452
2078.0,1.3620104906555026
2079.0,1.36449417285669
2080.0,1.3672578833118394
2081.0,1.3694876121952178
2082.0,1.3702196130329778
2083.0,1.3699544080652972
2084.0,1.369342063421817
2085.0,1.3667482406362137
2086.0,1.3657875803414667
2087.0,1.364921035211579
2088.0,1.3641006635722845
2089.0,1.363873317636358
2090.0,1.3635280997378425
2091.0,1.3623269598905314
2092.0,1.3633135607749516
2093.0,1.3665042504702674
2094.0,1.3694307732044961
2095.0,1.3732364926292562
2096.0,1.378045364531531
2097.0,1.3802411508084764
2098.0,1.3807459392625299
2099.0,1.3809950545938927
2100.0,1.3799478949974666
2101.0,1.3790099598490038
2102.0,1.3768315905356339
2103.0,1.3760671131856654
2104.0,1.3749548043096442
2105.0,1.3747074884296404
2106.0,1.3753720963262759
2107.0,1.3767276461474156
2108.0,1.37870101711668
2109.0,1.382071529720427
2110.0,1.384563732177327
2111.0,1.3867616555461955
2112.0,1.387823743524024
2113.0,1.3871632669329477
2114.0,1.3875870990565138
2115.0,1.3881528871674913
2116.0,1.3886235714515265
2117.0,1.389408945335655
2118.0,1.3896190754784927
2119.0,1.388940611923876
2120.0,1.3886706824010173
2121.0,1.3877617112224554
2122.0,1.3887432476983628
2123.0,1.3916631956991958
2124.0,1.3931998790890843
2125.0,1.3950693603247455
2126.0,1.3971509483633797
2127.0,1.3976536951048266
2128.0,1.3965025375819293
2129.0,1.3959831979238515
2130.0,1.3940375505759428
2131.0,1.3905712842451046
2132.0,1.3878325088903625
2133.0,1.3874342628626792
2134.0,1.3887787195003296
2135.0,1.3895546802693421
2136.0,1.3933324330490657
2137.0,1.3940013324269538
2138.0,1.3922652708890717
2139.0,1.3916758020675606
2140.0,1.3903593794474303
2141.0,1.3897462640487481
2142.0,1.389835908612785
2143.0,1.3892592146741143
2144.0,1.3904847617434322
2145.0,1.391424703851466
2146.0,1.3925319310442135
2147.0,1.3938031839052059
2148.0,1.3930947828112703
2149.0,1.3909929470841507
2150.0,1.3903079698852372
2151.0,1.3891890553319288
2152.0,1.3872081703564312
2153.0,1.3844690932409196
2154.0,1.3839306526051598
2155.0,1.3830938797912669
2156.0,1.3827713120782263
2157.0,1.385355987319559
2158.0,1.3855985616754194
2159.0,1.3833970871578782
2160.0,1.383380018428702
2161.0,1.3840635231623362
2162.0,1.3845235576078962
2163.0,1.3860133863992328
2164.0,1.3872067459087434
2165.0,1.3861657120868136
2166.0,1.3865872349557453
2167.0,1.387229022925593
2168.0,1.3869574140784338
2169.0,1.3879529482603714
2170.0,1.3885508308044088
2171.0,1.3889992174186065
2172.0,1.3888838194136506
2173.0,1.38888644209235
2174.0,1.3889314648954891
2175.0,1.388793242680478
2176.0,1.3877328581937924
2177.0,1.3886529690339788
2178.0,1.391386396843581
2179.0,1.3930625732514104
2180.0,1.3959632661327857
2181.0,1.396746276490788
2182.0,1.3952460004697835
2183.0,1.394256668968232
2184.0,1.3929928071615305
2185.0,1.3912438766757738
2186.0,1.3888506404515657
2187.0,1.3865731405122352
2188.0,1.3868510940675562
2189.0,1.3880788591956126
2190.0,1.3886770525670213
2191.0,1.3898968878082534
2192.0,1.3878312932730361
2193.0,1.3854577134868329
2194.0,1.384606018459046
2195.0,1.3847229727095136
2196.0,1.3852449584178341
2197.0,1.3867014871723482
2198.0,1.3870566777295912
2199.0,1.3879409521045436
2200.0,1.3881935581457288
2201.0,1.3876165601453003
2202.0,1.3876185324593031
2203.0,1.3868912785414205
2204.0,1.3867441086162955
2205.0,1.3866069573598963
2206.0,1.3881470781033993
2207.0,1.3878740655702788
2208.0,1.3881720583473753
2209.0,1.3896782763353035
2210.0,1.3880082309998607
2211.0,1.3867708527896874
2212.0,1.3876598317861313
2213.0,1.3843312967189971
2214.0,1.3810957670337607
2215.0,1.3789067374242376
2216.0,1.3776324015084302
2217.0,1.3786424195343114
2218.0,1.3834471624035074
2219.0,1.384716634907949
2220.0,1.3859510354784494
2221.0,1.3861749662642655
2222.0,1.3841260981000771
2223.0,1.3839374307041121
2224.0,1.3847140680050196
2225.0,1.3853744331262652
2226.0,1.3856798938154546
2227.0,1.3866027488150094
2228.0,1.3888985131652556
2229.0,1.389873309322239
2230.0,1.389962553701753
2231.0,1.3904669508847807
2232.0,1.390150860339663
2233.0,1.3916321399201117
2234.0,1.3900910455899051
2235.0,1.3900666395593935
2236.0,1.389083023760483
2237.0,1.3857432776359913
2238.0,1.385816215233034
2239.0,1.3882339425619075
2240.0,1.3908387668887479
2241.0,1.39139583040926
2242.0,1.3916872958733406
2243.0,1.3908212376096567
2244.0,1.3898465397014959
2245.0,1.3887438577180389
2246.0,1.388503525611029
2247.0,1.3884348678393903
2248.0,1.389864627204439
2249.0,1.3936748704544453
2250.0,1.395609365164106
2251.0,1.3978953224356434
2252.0,1.398796002793134
2253.0,1.3980760336861338
2254.0,1.3965058741739051
2255.0,1.3940283367098858
2256.0,1.3921624462762103
2257.0,1.38879699585714
2258.0,1.386209806969812
2259.0,1.384243332615139
2260.0,1.3828026539179679
2261.0,1.3798730241478363
2262.0,1.3816874143968978
2263.0,1.3841608202697415
2264.0,1.3856165483922158
2265.0,1.3883043158319657
2266.0,1.3894101443825049
2267.0,1.3888989354992336
2268.0,1.3872780065105532
2269.0,1.3860613384180065
2270.0,1.3850086261413876
2271.0,1.3843967878656236
2272.0,1.387428458377936
2273.0,1.3862971554957397
2274.0,1.3809335206822464
2275.0,1.3818712990219648
2276.0,1.3806741396631275
2277.0,1.3821141501554453
2278.0,1.3909208894706517
2279.0,1.3931365293439864
2280.0,1.3917917663319697
2281.0,1.3908217807330672
2282.0,1.3877775119530986
2283.0,1.38416089660487
2284.0,1.379424419152958
2285.0,1.377290853511589
2286.0,1.3729151394046706
2287.0,1.3728197039780157
2288.0,1.3774335940375793
2289.0,1.3801381866641336
2290.0,1.3872545233180935
2291.0,1.3887988959284503
2292.0,1.3843752179115751
2293.0,1.3841294819675185
2294.0,1.3833296975220486
2295.0,1.3821976975301322
2296.0,1.3823109771875646
2297.0,1.386130810511405
2298.0,1.382896418479304
2299.0,1.3823211979639278
2300.0,1.3865957646124352
2301.0,1.385351123391277
2302.0,1.3847492941000092
2303.0,1.3797127968043565
2304.0,1.3717205082375916
2305.0,1.3703339618828407
2306.0,1.374281918612783
2307.0,1.3784776053055368
2308.0,1.385156346639367
2309.0,1.388843086997911
2310.0,1.3857621130119167
2311.0,1.389910381542865
2312.0,1.3914557834604322
2313.0,1.3938300017463687
2314.0,1.399291691533351
2315.0,1.3976165710102963
2316.0,1.3988865248032034
2317.0,1.4010700798168478
2318.0,1.4045283791843177
2319.0,1.411067878944292
2320.0,1.4117718625216293
2321.0,1.4111221967981722
2322.0,1.405522486925166
2323.0,1.391344192809451
2324.0,1.384589857000452
2325.0,1.3756102104392325
2326.0,1.375144283575202
2327.0,1.3852604054250812
2328.0,1.3867011929635145
2329.0,1.3870190337150177
2330.0,1.3885751136260887
2331.0,1.3861593563199563
2332.0,1.3864578544818988
2333.0,1.3935505337882366
2334.0,1.3947275197451598
2335.0,1.3912388187430007
2336.0,1.388630560002113
2337.0,1.383200112270505
2338.0,1.3807384782015375
2339.0,1.3785336803728265
2340.0,1.3796626000296344
2341.0,1.3869122082498686
2342.0,1.389639844671141
2343.0,1.390241363511045
2344.0,1.390631555338906
2345.0,1.3886050987173995
2346.0,1.3875487989847082
2347.0,1.3855810260697328
2348.0,1.3887421878790822
2349.0,1.395172251853015
2350.0,1.3953846401270529
2351.0,1.39896333205893
2352.0,1.4042194472389962
2353.0,1.3988698919680287
2354.0,1.3921969056311922
2355.0,1.388849293664156
2356.0,1.389226289283214
2357.0,1.3894819550501447
2358.0,1.390119097094557
2359.0,1.3864689601720774
2360.0,1.3738903193912722
2361.0,1.3693692484717126
2362.0,1.3731160200026884
2363.0,1.3770905635852828
2364.0,1.383223855920246
2365.0,1.3859908543972839
2366.0,1.3853746112274241
2367.0,1.3878845044255148
2368.0,1.3946307371346973
2369.0,1.4049686049803862
2370.0,1.4096328437460393
2371.0,1.4001945597364645
2372.0,1.3885968673886073
2373.0,1.382985770711866
2374.0,1.3741076979312685
2375.0,1.3777303450365357
2376.0,1.390106623350132
2377.0,1.3791671787064887
2378.0,1.3733118105496642
2379.0,1.3714405151932034
2380.0,1.3553107439805814
2381.0,1.345276457077542
2382.0,1.3430284241915666
2383.0,1.3419292023615652
2384.0,1.3447449982129922
2385.0,1.357086131088384
2386.0,1.3590726965793962
2387.0,1.355355292322111
2388.0,1.353104315379441
2389.0,1.3494898518380356
2390.0,1.3511516271070108
2391.0,1.358432222856118
2392.0,1.3665115130371726
2393.0,1.3664591036291183
2394.0,1.370010605563417
2395.0,1.355979554220634
2396.0,1.3358330121814186
2397.0,1.3308534148370619
2398.0,1.3225537045312061
2399.0,1.3274994034792644
2400.0,1.3356281710136433
2401.0,1.3374888395862277
2402.0,1.34555879069392
2403.0,1.3491595460492802
2404.0,1.3479536718242173
2405.0,1.334561325970347
2406.0,1.3182027370050209
2407.0,1.3130420209681908
2408.0,1.305547882180727
2409.0,1.308899242747333
2410.0,1.3247517896203433
2411.0,1.3320118721768222
2412.0,1.3386959418258755
2413.0,1.3519721615616047
2414.0,1.3520415085643505
2415.0,1.3468092697590546
2416.0,1.3490286045782405
2417.0,1.3530104299532095
2418.0,1.3666807422125509
2419.0,1.3761106232652074
2420.0,1.3745991713699874
2421.0,1.360529900141174
2422.0,1.3458111628684508
2423.0,1.3320478525897343
2424.0,1.3214048207490232
2425.0,1.3339403059782826
2426.0,1.3201809770504778
2427.0,1.3021027869236355
2428.0,1.3115071583506617
2429.0,1.309857952585321
2430.0,1.3135481653660317
2431.0,1.3266722676559268
2432.0,1.3257044969900909
2433.0,1.3166475659005643
2434.0,1.3132127308504271
2435.0,1.3125436236865584
2436.0,1.3070383506932313
2437.0,1.286105424915631
2438.0,1.2588970473508125
2439.0,1.2358241111200126
2440.0,1.2149862187474634
2441.0,1.2144457146729113
2442.0,1.2389648867415153
2443.0,1.2538619980019834
2444.0,1.259833621705234
2445.0,1.2642200094056573
2446.0,1.257305951632188
2447.0,1.257859597604626
2448.0,1.2541119560018121
2449.0,1.2517561685608973
2450.0,1.2443310462718058
2451.0,1.2227883398319705
2452.0,1.229451019529407
2453.0,1.2479162417794296
2454.0,1.257145306467793
2455.0,1.290442861178806
2456.0,1.3080828100530881
2457.0,1.2845300535440995
2458.0,1.2804768780982538
2459.0,1.2622092368195827
2460.0,1.2389532830334882
2461.0,1.2537966958964695
2462.0,1.2503426154452242
2463.0,1.240618654188608
2464.0,1.2338274775179126
2465.0,1.231564538933232
2466.0,1.2278008239031881
2467.0,1.2092900061971577
2468.0,1.2198168121495356
2469.0,1.1968888693065314
2470.0,1.1891783296088103
2471.0,1.190015182694067
2472.0,1.196840344588566
2473.0,1.216228054510768
2474.0,1.229695029253699
2475.0,1.2721838794347649
2476.0,1.2844213718943103
2477.0,1.2830578192718964
2478.0,1.2787122439084708
2479.0,1.241734564459066
2480.0,1.2194938026174271
2481.0,1.181739817602051
2482.0,1.1748861390547445
2483.0,1.197973097014008
2484.0,1.208551054202561
2485.0,1.2433246333420434
2486.0,1.2597669856963152
2487.0,1.2554957810656189
2488.0,1.2467598204281027
2489.0,1.2219986351921164
2490.0,1.223239811584867
2491.0,1.2413476181729048
2492.0,1.2360588911041521
2493.0,1.2424425158523373
2494.0,1.2404769647310203
2495.0,1.2009186181492884
2496.0,1.1936130007348043
2497.0,1.1942675456926235
2498.0,1.2053432600792398
2499.0,1.2360643069590893
2500.0,1.2628823662530348
