350.0,-0.11159463020045488
351.0,-0.1697091722281538
352.0,-0.18820707807363954
353.0,-0.04752932506742334
354.0,-0.008330326358699585
355.0,-0.045333451919644004
356.0,-0.06912162022819886
357.0,-0.04135957130505234
358.0,-0.008698031729712364
359.0,-0.02431572778374226
360.0,-0.08241144135430083
361.0,-0.017758263380282975
362.0,-0.003024355216959561
363.0,-0.023146726710574064
364.0,0.006262246281119881
365.0,-0.031050334193188544
366.0,-0.029819631114556964
367.0,0.005409609312152717
368.0,-0.0055837011980658866
369.0,0.009653435199933431
370.0,0.008303892788265222
371.0,-0.008858086247211062
372.0,0.01776156951601609
373.0,0.029106680896540196
374.0,0.016458433656700116
375.0,-0.005852351239868391
376.0,-0.0002985633989042454
377.0,0.0010453563243433357
378.0,0.010044047914143601
379.0,0.03078899573189957
380.0,0.01627118484856632
381.0,0.012208518373675877
382.0,0.013203471324206191
383.0,0.0061728971340126925
384.0,0.028707088844497117
385.0,0.03988356557515769
386.0,0.030925873094592132
387.0,0.016904903916371766
388.0,0.02112311978590123
389.0,0.027625217563983378
390.0,0.030445719757941386
391.0,0.036159745146289765
392.0,0.034428493704961115
393.0,0.030424369926664314
394.0,0.02891660714153453
395.0,0.030616063152439844
396.0,0.028229825156351383
397.0,0.031284268450723844
398.0,0.041763188009393284
399.0,0.035125517212225114
400.0,0.03783812554756057
401.0,0.041869545284330706
402.0,0.03545311976541623
403.0,0.04206392438316954
404.0,0.040001349766363
405.0,0.03321009947623964
406.0,0.03806522607549329
407.0,0.043161610177948014
408.0,0.044155247602434854
409.0,0.04061993286979796
410.0,0.035537668159677155
411.0,0.03692053906990587
412.0,0.043227531957693036
413.0,0.04860121824500467
414.0,0.04269202638606781
415.0,0.04363063031160388
416.0,0.04615770514106804
417.0,0.043129598725266165
418.0,0.040587929494192584
419.0,0.04072269295138952
420.0,0.0441766135461321
421.0,0.04963919202557534
422.0,0.05118460354010251
423.0,0.04906874103986547
424.0,0.04539913146270208
425.0,0.043084578114401216
426.0,0.04218936809790344
427.0,0.044820398028553185
428.0,0.04912082139966683
429.0,0.04712337776118044
430.0,0.048177225420722475
431.0,0.05002386577117736
432.0,0.049272896161452896
433.0,0.04773304187039414
434.0,0.046755132449573515
435.0,0.04801702117448538
436.0,0.05166197632876566
437.0,0.04896051937815521
438.0,0.04775166361666206
439.0,0.048949907104391024
440.0,0.046651448058752085
441.0,0.04644315768688015
442.0,0.04826805530022033
443.0,0.05052089455754836
444.0,0.050584566175504685
445.0,0.04969438058836226
446.0,0.048566574887802826
447.0,0.04751947515774681
448.0,0.045354773514823726
449.0,0.0468408725194855
450.0,0.049980898205932926
451.0,0.04963291587744596
452.0,0.0500572280339711
453.0,0.04959764852771374
454.0,0.04809905912893993
455.0,0.047797681580919855
456.0,0.048475928565101266
457.0,0.04920348011118763
458.0,0.049441657215872827
459.0,0.050188769602920555
460.0,0.05020587460481134
461.0,0.049287801887617944
462.0,0.047983660592085225
463.0,0.04811902382390154
464.0,0.049042085594407814
465.0,0.050475606598736775
466.0,0.05233423249787557
467.0,0.05017959597264605
468.0,0.048762331274732285
469.0,0.050294920635411806
470.0,0.04955933844492077
471.0,0.04934572875318839
472.0,0.04987180902197382
473.0,0.05050455663412796
474.0,0.05041806990205643
475.0,0.04973255484471634
476.0,0.04908939960220503
477.0,0.04930097756455636
478.0,0.04947931984693485
479.0,0.05019126855105702
480.0,0.050936801382957565
481.0,0.04944198916907365
482.0,0.04957209256815013
483.0,0.050565755605172284
484.0,0.0508007452619136
485.0,0.05009217725813252
486.0,0.04997188802277272
487.0,0.05022647089544258
488.0,0.049859079076410365
489.0,0.05014611833517144
490.0,0.05046768607579534
491.0,0.05044769949671151
492.0,0.05026007595040186
493.0,0.05013369748446745
494.0,0.04948364578043469
495.0,0.0486097069886674
496.0,0.05123367071289319
497.0,0.05155820418067584
498.0,0.05019762676626766
499.0,0.050513295118072794
500.0,0.05076902445071957
501.0,0.05063668481913207
502.0,0.05039450732851312
503.0,0.0508558587918492
504.0,0.051377978576554004
505.0,0.051259160096799525
506.0,0.050436174708252235
507.0,0.050547398319541734
508.0,0.05056879928011524
509.0,0.05069888332266839
510.0,0.05148306821880928
511.0,0.05192851227566004
512.0,0.051764393046527385
513.0,0.05127175048450817
514.0,0.05124525010002825
515.0,0.05140565750941165
516.0,0.05122195331058431
517.0,0.050707901013533056
518.0,0.05158994350067852
519.0,0.052195108563540454
520.0,0.051798186207453606
521.0,0.0505463685351567
522.0,0.050849089534210745
523.0,0.05167465977185984
524.0,0.05208891875342862
525.0,0.05170742445015494
526.0,0.05198784774557348
527.0,0.05230025689844611
528.0,0.051970454753241434
529.0,0.05167980891537562
530.0,0.05150353299323385
531.0,0.05163507474631544
532.0,0.052191255010170454
533.0,0.05239821349990408
534.0,0.05215669422673895
535.0,0.051769878716228374
536.0,0.05196341536348507
537.0,0.0520142054499002
538.0,0.052078055017518034
539.0,0.05236797260629733
540.0,0.05250858826313662
541.0,0.052530089499676025
542.0,0.0524112602693361
543.0,0.05214060912873521
544.0,0.05206406474920332
545.0,0.05231463002813297
546.0,0.05273163688851435
547.0,0.052732565421935315
548.0,0.052799130254643604
549.0,0.05304468702824943
550.0,0.05328955597818786
551.0,0.05258508527162988
552.0,0.05210268495741897
553.0,0.05215870604591791
554.0,0.05234565522648741
555.0,0.05322727808326435
556.0,0.053793920363963424
557.0,0.053500183603787776
558.0,0.05321133045463229
559.0,0.05301678846060377
560.0,0.052924518150403464
561.0,0.052914684602064534
562.0,0.05325148752448699
563.0,0.0534198826313155
564.0,0.05326429097772345
565.0,0.05305532683162421
566.0,0.053144045898030796
567.0,0.05334232604975452
568.0,0.05344225534793401
569.0,0.05353627809301175
570.0,0.05361515827686915
571.0,0.05357105368867584
572.0,0.05336347827035864
573.0,0.05391158667519296
574.0,0.05402308233155111
575.0,0.05341062142941403
576.0,0.053305702211553986
577.0,0.053453856934918935
578.0,0.053689882694728505
579.0,0.053873931213036345
580.0,0.05401498642879307
581.0,0.05392521103773681
582.0,0.05367733435052258
583.0,0.05354697934511109
584.0,0.05385177812990118
585.0,0.054214283600180255
586.0,0.054332918781792736
587.0,0.05421643322223291
588.0,0.05417001931884608
589.0,0.05426319917499985
590.0,0.05444201395298514
591.0,0.05455563545048619
592.0,0.05458032377904226
593.0,0.05450878335336397
594.0,0.05436296116469594
595.0,0.054728551151834344
596.0,0.054987531140488446
597.0,0.0547631917648171
598.0,0.05502380188527636
599.0,0.054959775614837156
600.0,0.05477803443331364
601.0,0.05505265703375179
602.0,0.05499704303073547
603.0,0.05527402832038648
604.0,0.05572474914361049
605.0,0.05485860093146172
606.0,0.05499306773009505
607.0,0.0554419628869709
608.0,0.05521080513542208
609.0,0.055463873040823404
610.0,0.05563679552046059
611.0,0.05566958120802311
612.0,0.055850452304112834
613.0,0.05572710864708757
614.0,0.05571470259171964
615.0,0.055990987702307864
616.0,0.05599043098653193
617.0,0.056096723151241805
618.0,0.05634423241153444
619.0,0.05658069407619438
620.0,0.05631051848727558
621.0,0.056439462926032594
622.0,0.05691937329743325
623.0,0.05664087794099433
624.0,0.0564007041853198
625.0,0.05636117621184489
626.0,0.05653216449963193
627.0,0.05695175481847741
628.0,0.057027265326637766
629.0,0.05691045516917434
630.0,0.05709524259127026
631.0,0.05701194932515487
632.0,0.05696989808135
633.0,0.05712848786504926
634.0,0.05726929657096853
635.0,0.057341467429985554
636.0,0.057329474759880386
637.0,0.057293207757072945
638.0,0.05752487789924077
639.0,0.05763996692702544
640.0,0.05761466618252607
641.0,0.057735664984437524
642.0,0.057932887189875486
643.0,0.05794792401303516
644.0,0.05778668355660076
645.0,0.05820725171017612
646.0,0.05817080054234318
647.0,0.05791730518909293
648.0,0.05809095012299988
649.0,0.0581400133077169
650.0,0.05827514761123821
651.0,0.058566136028483505
652.0,0.05884792938124147
653.0,0.05878989012228721
654.0,0.058715465110987464
655.0,0.05889174055230889
656.0,0.05881658093738963
657.0,0.058866982730962907
658.0,0.059021133042925826
659.0,0.059039452677143
660.0,0.059241878223326695
661.0,0.05939687827217354
662.0,0.05941539125139757
663.0,0.05956724966668459
664.0,0.05988881633253808
665.0,0.05999738965550759
666.0,0.059637367582066156
667.0,0.059805970375068476
668.0,0.06015030877484913
669.0,0.060454167983297155
670.0,0.060671116345925764
671.0,0.06038612609429243
672.0,0.06031360243120371
673.0,0.06079628039917648
674.0,0.060721687405068836
675.0,0.0608022463617713
676.0,0.060982195940636336
677.0,0.06096605902353034
678.0,0.061284103125377895
679.0,0.061632175131419116
680.0,0.061734979254496315
681.0,0.06145249040896375
682.0,0.06158436424896049
683.0,0.06184318478695933
684.0,0.06183177348680241
685.0,0.061801806228550284
686.0,0.06186595205610973
687.0,0.062016608717507964
688.0,0.06216122677981636
689.0,0.06227637402484625
690.0,0.06236118879415203
691.0,0.06242424195950179
692.0,0.0624700040634447
693.0,0.06267633189632611
694.0,0.06294105741293454
695.0,0.06309173700625363
696.0,0.0631004363100904
697.0,0.0632505170854306
698.0,0.0635028856790629
699.0,0.063551338377636
700.0,0.06395023512696704
701.0,0.06423618533270883
702.0,0.0641556126394128
703.0,0.06441328630961746
704.0,0.06435808758382694
705.0,0.0642208104395402
706.0,0.06447582597801292
707.0,0.06458839389707852
708.0,0.06486997685541637
709.0,0.06523188002403318
710.0,0.06507227758695469
711.0,0.06519340863223573
712.0,0.06539900669801169
713.0,0.06544957470818862
714.0,0.06573486377834421
715.0,0.06577092942838957
716.0,0.06578806877425827
717.0,0.06627711581527403
718.0,0.06630433746884912
719.0,0.06626698879990951
720.0,0.06639778497285326
721.0,0.06646430690683015
722.0,0.06677396736236936
723.0,0.06707443004218216
724.0,0.06712307389869734
725.0,0.06734628056935307
726.0,0.06739386988376748
727.0,0.06729193507776682
728.0,0.06734441383538016
729.0,0.06769287241147556
730.0,0.06798407775250308
731.0,0.06808906525527678
732.0,0.06841419900295626
733.0,0.06864344307203855
734.0,0.06876716624186466
735.0,0.06888674857759733
736.0,0.06914854550304213
737.0,0.06924488398057504
738.0,0.06924682486342797
739.0,0.06951805337525005
740.0,0.06967505448700485
741.0,0.0698751555285975
742.0,0.07016554828765474
743.0,0.07016501307804769
744.0,0.07024404000778003
745.0,0.07044595468974829
746.0,0.0706953740350797
747.0,0.07099337244104433
748.0,0.07109222431924196
749.0,0.07115928698379544
750.0,0.07168994267644047
751.0,0.0717764651611754
752.0,0.07171332534243938
753.0,0.07186737682325288
754.0,0.0722916520649528
755.0,0.0725843160758388
756.0,0.0727528255212357
757.0,0.07293407095055746
758.0,0.07293747044719649
759.0,0.07316749532917581
760.0,0.07355956718189044
761.0,0.073600185104034
762.0,0.0738105770352708
763.0,0.07408787628146478
764.0,0.07430327738333423
765.0,0.07456356025859548
766.0,0.07463052357065379
767.0,0.07473889938022726
768.0,0.07515406313212086
769.0,0.07520111739375658
770.0,0.07537330662497949
771.0,0.07572543178355877
772.0,0.07585097771476347
773.0,0.07613717946310215
774.0,0.07630977989036436
775.0,0.07629486551647788
776.0,0.07678558257489924
777.0,0.07688200896150942
778.0,0.07686354376531856
779.0,0.07725746341472696
780.0,0.0773956336121973
781.0,0.0776109130895907
782.0,0.07796056801492995
783.0,0.07822072854455867
784.0,0.07845388073798873
785.0,0.07867467892224869
786.0,0.07888586695845597
787.0,0.07906221574276458
788.0,0.07937269447937145
789.0,0.07963712789683951
790.0,0.07969251413347639
791.0,0.08001092911279113
792.0,0.0803248158869731
793.0,0.08061417455132927
794.0,0.0810279662182159
795.0,0.08114591524035634
796.0,0.08131659327969863
797.0,0.0816740373539539
798.0,0.08181760591371375
799.0,0.08205417503012657
800.0,0.08233647100034622
801.0,0.08255791508597726
802.0,0.08276509821494651
803.0,0.08305005496321463
804.0,0.083342001867008
805.0,0.08350621374593517
806.0,0.08373305182590471
807.0,0.08397421551556615
808.0,0.08425751929743062
809.0,0.08472823010134631
810.0,0.08493406485845123
811.0,0.0851850193864429
812.0,0.08567969036931848
813.0,0.0858407349668426
814.0,0.08594607184489685
815.0,0.08615528079010852
816.0,0.08653307611983502
817.0,0.08690032414939551
818.0,0.08714737698130832
819.0,0.08737104604208064
820.0,0.08780296077091253
821.0,0.08797568045939252
822.0,0.08815586048712834
823.0,0.08848518119517222
824.0,0.08866589116088103
825.0,0.089033712682643
826.0,0.08940975067717055
827.0,0.08959870878814118
828.0,0.08989227723095755
829.0,0.09038276409144047
830.0,0.09077683893706902
831.0,0.09071365135017287
832.0,0.09092807391995163
833.0,0.09130145789824602
834.0,0.09169052243534978
835.0,0.09202270385808918
836.0,0.09244253671303228
837.0,0.09277602978086641
838.0,0.09294299006222509
839.0,0.09316226251929839
840.0,0.09366512586479654
841.0,0.09413881180124495
842.0,0.0942694331549796
843.0,0.09450313421381226
844.0,0.09491180153500954
845.0,0.0952561197860881
846.0,0.09525375430259984
847.0,0.0957642509476868
848.0,0.09624841229398756
849.0,0.09648663573414347
850.0,0.0967729568862746
851.0,0.0971826629708335
852.0,0.09765192406765896
853.0,0.09798778707307966
854.0,0.09777764416530854
855.0,0.09815390649824107
856.0,0.09884804795872207
857.0,0.09925574258292036
858.0,0.09929129645470056
859.0,0.09963348273597623
860.0,0.10020797394190152
861.0,0.1005606181484679
862.0,0.10076139358925494
863.0,0.10088564913412867
864.0,0.10108394535369472
865.0,0.10153638189432326
866.0,0.10206599081467484
867.0,0.10248788004675484
868.0,0.10276052487743637
869.0,0.10305318403130632
870.0,0.10342035376496227
871.0,0.10384244938292794
872.0,0.10423969979397109
873.0,0.10439883641172477
874.0,0.10494597713532354
875.0,0.1055551944201116
876.0,0.10572909856042847
877.0,0.10585148442794404
878.0,0.10646940776461071
879.0,0.10720809972881218
880.0,0.10732599276357896
881.0,0.10780853357307639
882.0,0.1082005753669099
883.0,0.10845647610534143
884.0,0.10900654422046847
885.0,0.10950168024912287
886.0,0.10992972817616177
887.0,0.11028627316107927
888.0,0.1105069351484817
889.0,0.11095186465842624
890.0,0.11146881719920065
891.0,0.1118506626384487
892.0,0.11205724334264112
893.0,0.11239700526185216
894.0,0.11274901273398429
895.0,0.1130035929672991
896.0,0.11365172626359037
897.0,0.1143160487852517
898.0,0.11460470485315255
899.0,0.1144310959048703
900.0,0.11509485743503137
901.0,0.11607921641834526
902.0,0.11683572656225757
903.0,0.1170065101553366
904.0,0.11712471728493337
905.0,0.11750639286685725
906.0,0.11799067707813887
907.0,0.1180582280613922
908.0,0.11861467635156193
909.0,0.11929250422889777
910.0,0.1197134100159251
911.0,0.11981685063919705
912.0,0.1205537092890716
913.0,0.12117803586554553
914.0,0.12131024260075413
915.0,0.12198912873660415
916.0,0.12249042817248805
917.0,0.12288474864005534
918.0,0.1233726739536153
919.0,0.12396410843095797
920.0,0.12397797247038547
921.0,0.12416959377004567
922.0,0.12521499982267104
923.0,0.12572708408125619
924.0,0.12590787137674542
925.0,0.12598608003196274
926.0,0.12624730075166216
927.0,0.1270943556842055
928.0,0.12766104602928943
929.0,0.12791775188303148
930.0,0.12831994850898015
931.0,0.12878853963513925
932.0,0.12969040690885314
933.0,0.13033078018990243
934.0,0.12973554565880432
935.0,0.13056380526958822
936.0,0.1311563425411521
937.0,0.1312260465310008
938.0,0.13194027982194578
939.0,0.13289601305191087
940.0,0.1336280011101066
941.0,0.134108758960611
942.0,0.1347571438279068
943.0,0.13550857741404185
944.0,0.13583140528394333
945.0,0.13593782282540542
946.0,0.13684602808929888
947.0,0.13665203543071264
948.0,0.13681489884418851
949.0,0.1379466308888917
950.0,0.1387046179356345
951.0,0.1391786556862306
952.0,0.1396619895519926
953.0,0.1401068669526999
954.0,0.13989487455187782
955.0,0.14005851268444733
956.0,0.14100196441801338
957.0,0.14221206972555597
958.0,0.1420333886260757
959.0,0.14243568544513815
960.0,0.14309872707257387
961.0,0.14371928877900123
962.0,0.1449957635627286
963.0,0.14513136889641426
964.0,0.14515353790114724
965.0,0.14588802561237507
966.0,0.14638648889685063
967.0,0.1472138909273157
968.0,0.14748930984729539
969.0,0.14714483464045747
970.0,0.14825987384258457
971.0,0.14971922070749435
972.0,0.1506822872225601
973.0,0.15072491730913556
974.0,0.1501156453600776
975.0,0.15074251662363536
976.0,0.1518221411554406
977.0,0.1523942192547021
978.0,0.15263255988543192
979.0,0.1529118091777052
980.0,0.15337884746782698
981.0,0.1540682217247049
982.0,0.1549268489379312
983.0,0.1550747088937867
984.0,0.1555687742630628
985.0,0.15684824541793096
986.0,0.15756011649545004
987.0,0.15845957334999924
988.0,0.15852571580142427
989.0,0.15778614429478535
990.0,0.1582987718725901
991.0,0.15933590782778667
992.0,0.16063702472533942
993.0,0.1619955913051362
994.0,0.16316366213620248
995.0,0.16256443597605758
996.0,0.1621743935226466
997.0,0.16289503213196532
998.0,0.163606211788503
999.0,0.16522806168631066
1000.0,0.16652322245471407
1001.0,0.174013811512569
1002.0,0.17428674537428446
1003.0,0.17493566226930624
1004.0,0.17703751297217005
1005.0,0.17695333846666747
1006.0,0.17644558475073852
1007.0,0.17702756220788607
1008.0,0.17529173731761918
1009.0,0.17367072610953416
1010.0,0.17361110407515884
1011.0,0.17324085992010554
1012.0,0.17467946330783057
1013.0,0.1776435224075101
1014.0,0.1786901621495476
1015.0,0.17906064603993405
1016.0,0.17913267171101796
1017.0,0.17770988535265822
1018.0,0.1771233543905484
1019.0,0.17852455885058433
1020.0,0.17909920253192432
1021.0,0.18147978635921033
1022.0,0.18234725767142082
1023.0,0.18245948807840645
1024.0,0.18369334876505883
1025.0,0.18267154167665067
1026.0,0.18189073097788225
1027.0,0.18284754989386381
1028.0,0.18422578461055142
1029.0,0.185981013625725
1030.0,0.18930562078423546
1031.0,0.1922705236426348
1032.0,0.19284312579365295
1033.0,0.19259993987474572
1034.0,0.1907983515630384
1035.0,0.19042876972716197
1036.0,0.1907368906032876
1037.0,0.19139199217609323
1038.0,0.19423590157779713
1039.0,0.19556995089901666
1040.0,0.19689159052759259
1041.0,0.19848389122732582
1042.0,0.1991843419527241
1043.0,0.19956799618092255
1044.0,0.19966006765821973
1045.0,0.1997842630383754
1046.0,0.20128266850191398
1047.0,0.20289687877522888
1048.0,0.20384480432099517
1049.0,0.20507448424238772
1050.0,0.20567422855723239
1051.0,0.205565407966829
1052.0,0.20538534639629807
1053.0,0.2067560453325612
1054.0,0.2081292904023258
1055.0,0.20780600541058925
1056.0,0.2080630318895873
1057.0,0.20891155803005704
1058.0,0.20943324285006198
1059.0,0.20918745699139582
1060.0,0.2092825939442775
1061.0,0.20974474810227284
1062.0,0.2111859750174195
1063.0,0.2127761998472353
1064.0,0.21399651182898305
1065.0,0.21556347211174856
1066.0,0.21582117204020457
1067.0,0.21489405610885712
1068.0,0.21598640209212797
1069.0,0.21828634651591416
1070.0,0.21947835167978388
1071.0,0.2199232282008408
1072.0,0.22034623673525142
1073.0,0.22009218024484223
1074.0,0.2187374366497061
1075.0,0.21879307837188672
1076.0,0.22052202249492536
1077.0,0.22111974943232066
1078.0,0.22152433323682674
1079.0,0.22281769111941865
1080.0,0.2242766338062424
1081.0,0.22658259190715455
1082.0,0.2288558686770277
1083.0,0.22996715009629107
1084.0,0.23052650972696215
1085.0,0.22942103113072598
1086.0,0.2295907056282619
1087.0,0.22994005135699247
1088.0,0.23025534227502314
1089.0,0.23094687477799905
1090.0,0.23261228520883945
1091.0,0.2339937764136428
1092.0,0.23567949259230406
1093.0,0.23666560087488175
1094.0,0.2362552604817707
1095.0,0.23605106064198159
1096.0,0.23563864174118287
1097.0,0.23586937818690332
1098.0,0.23792759157736823
1099.0,0.23942994904285314
1100.0,0.2415841058065826
1101.0,0.24257379843074922
1102.0,0.2434177461623934
1103.0,0.24321282742463096
1104.0,0.242873331111096
1105.0,0.24380150257914487
1106.0,0.24536709832459366
1107.0,0.24639381294795562
1108.0,0.24678185573918252
1109.0,0.24721591116028482
1110.0,0.24784147112906482
1111.0,0.24842469423440783
1112.0,0.24918548940424906
1113.0,0.25056083759393677
1114.0,0.25155995796919794
1115.0,0.2523367552202952
1116.0,0.25317036786500174
1117.0,0.2541133796837226
1118.0,0.25501955439689344
1119.0,0.2557452476948431
1120.0,0.25634200459064066
1121.0,0.2576817257406868
1122.0,0.2586906698903136
1123.0,0.2591339269873526
1124.0,0.2602886310962667
1125.0,0.261629202891598
1126.0,0.26254799384573474
1127.0,0.26355172493182766
1128.0,0.26479947090982964
1129.0,0.2657023829293472
1130.0,0.26624886569404016
1131.0,0.26724727088368117
1132.0,0.26886965967971027
1133.0,0.2695813758961355
1134.0,0.27010896492024467
1135.0,0.2700755584465401
1136.0,0.2695652072212438
1137.0,0.26918210463742465
1138.0,0.2706890889037666
1139.0,0.27222034334158746
1140.0,0.2731550198383205
1141.0,0.27528980560757405
1142.0,0.2765761866869931
1143.0,0.2769406592613377
1144.0,0.2778107674373251
1145.0,0.27886582471690824
1146.0,0.2797099646463367
1147.0,0.2807066408191917
1148.0,0.28144064160006954
1149.0,0.2820094707845734
1150.0,0.2825735233826817
1151.0,0.28292776567033584
1152.0,0.2830764553886572
1153.0,0.2842213313871529
1154.0,0.285558998765464
1155.0,0.2866940314158118
1156.0,0.28851963896925426
1157.0,0.28939689627531356
1158.0,0.28919185101915623
1159.0,0.29005314383373904
1160.0,0.2911810998670506
1161.0,0.2919692590139665
1162.0,0.29297501035677914
1163.0,0.2942264815821217
1164.0,0.29547441383149864
1165.0,0.2964622071250499
1166.0,0.29741200586744093
1167.0,0.29902568036840393
1168.0,0.3000737521529782
1169.0,0.3003971637347431
1170.0,0.3007535806368118
1171.0,0.30083588407141043
1172.0,0.30141200831595777
1173.0,0.30173366697578274
1174.0,0.3025073112271515
1175.0,0.30422301581079747
1176.0,0.30516326313619674
1177.0,0.3053904984910938
1178.0,0.30637241006960403
1179.0,0.30747578585330526
1180.0,0.3088839107753475
1181.0,0.31096686885717156
1182.0,0.3128691710353834
1183.0,0.3143989108193935
1184.0,0.31520976659070554
1185.0,0.3155683300842094
1186.0,0.31623132972385976
1187.0,0.317096434388622
1188.0,0.31819919401429964
1189.0,0.31915999999709616
1190.0,0.3203104571204235
1191.0,0.3211310792450195
1192.0,0.321696200846175
1193.0,0.32237088766893923
1194.0,0.32304767832464476
1195.0,0.3236324188031314
1196.0,0.32411839384747493
1197.0,0.3247556630123832
1198.0,0.32549508051879567
1199.0,0.3258832517734085
1200.0,0.3263701327382443
1201.0,0.3272362439230233
1202.0,0.32844296952773605
1203.0,0.3295855126428378
1204.0,0.3306124674363634
1205.0,0.33182308798200305
1206.0,0.3329605601516027
1207.0,0.33387591421961704
1208.0,0.33491386123477035
1209.0,0.33641553277213315
1210.0,0.3373690416050777
1211.0,0.3375266519818514
1212.0,0.3383772547744825
1213.0,0.3396064301216853
1214.0,0.3404725679642038
1215.0,0.341161786511578
1216.0,0.3425785007161404
1217.0,0.34348203492654866
1218.0,0.34423769031311324
1219.0,0.3451629235447116
1220.0,0.3462417450683051
1221.0,0.347452061858208
1222.0,0.3489743333382742
1223.0,0.34981773185612236
1224.0,0.3504765377854558
1225.0,0.3513096724244976
1226.0,0.3513933960764571
1227.0,0.35219582919551673
1228.0,0.35378453175705377
1229.0,0.35502974342854293
1230.0,0.3564117696149247
1231.0,0.35754242070186676
1232.0,0.3582942096375426
1233.0,0.3596075385627786
1234.0,0.36026086964152576
1235.0,0.36059376308233115
1236.0,0.36157079926215235
1237.0,0.3627186633991105
1238.0,0.36377385517868344
1239.0,0.3653425084253868
1240.0,0.3663954813300209
1241.0,0.36690240607422825
1242.0,0.36783761726483566
1243.0,0.3688887819421028
1244.0,0.36983573038517376
1245.0,0.3709579681492597
1246.0,0.37192940981490247
1247.0,0.372706079935795
1248.0,0.37363561537960566
1249.0,0.374486566915107
1250.0,0.3754864902822012
1251.0,0.3765048949976556
1252.0,0.3777387774249038
1253.0,0.3790255874804096
1254.0,0.3806953819306693
1255.0,0.3817250555015635
1256.0,0.3824800223804672
1257.0,0.3834059741629572
1258.0,0.38385954501929576
1259.0,0.38488359058601057
1260.0,0.38659624337658716
1261.0,0.38769580342410914
1262.0,0.3885324023977356
1263.0,0.3896084730611008
1264.0,0.39039728788862327
1265.0,0.3914859061559084
1266.0,0.3931090214072368
1267.0,0.3944253871477636
1268.0,0.39569402217397837
1269.0,0.39681255598746085
1270.0,0.39806413938292357
1271.0,0.39940913539025524
1272.0,0.40030437401632946
1273.0,0.401105607752258
1274.0,0.4018215162073639
1275.0,0.4019822880145037
1276.0,0.40265482377318196
1277.0,0.40360946192844116
1278.0,0.40446535938983685
1279.0,0.40532018623501564
1280.0,0.4063388046144209
1281.0,0.407585311752349
1282.0,0.40858170082866807
1283.0,0.40940080586504085
1284.0,0.41052203896166656
1285.0,0.41183852292538564
1286.0,0.4128663598734096
1287.0,0.41398287152688623
1288.0,0.41494273262018183
1289.0,0.4162804162685264
1290.0,0.4175610806720959
1291.0,0.4186992676823299
1292.0,0.4204176424663516
1293.0,0.4212643370443338
1294.0,0.42107597700110944
1295.0,0.4217850300461456
1296.0,0.42267515642663966
1297.0,0.42352244457511096
1298.0,0.4246606903030358
1299.0,0.42574041628051795
1300.0,0.4267163170891234
1301.0,0.427738732161183
1302.0,0.42892714334450915
1303.0,0.43005185730771056
1304.0,0.4309333109999996
1305.0,0.43207446817596673
1306.0,0.4333403214820469
1307.0,0.4347486172864292
1308.0,0.43615367003126077
1309.0,0.43775386575506825
1310.0,0.4391587733133076
1311.0,0.44058067262302303
1312.0,0.44179264911320654
1313.0,0.44292334375119335
1314.0,0.44390498720479205
1315.0,0.44454374424670207
1316.0,0.44549304798705297
1317.0,0.44635396039712755
1318.0,0.4474806273480558
1319.0,0.4491032035069601
1320.0,0.4502865981520584
1321.0,0.45134714547035676
1322.0,0.45244170444977944
1323.0,0.4533343534716612
1324.0,0.4542499339043557
1325.0,0.45517017471194715
1326.0,0.45618325625867734
1327.0,0.4572141978550605
1328.0,0.45810200955426
1329.0,0.4593012844512105
1330.0,0.4608318247477897
1331.0,0.46200069848829495
1332.0,0.46322948961659755
1333.0,0.46421210861502427
1334.0,0.4647029860767791
1335.0,0.4657533719557812
1336.0,0.4670075553103158
1337.0,0.4681860174868377
1338.0,0.46969369577415876
1339.0,0.47095519547907083
1340.0,0.4717242677495657
1341.0,0.4730341040779288
1342.0,0.4748492373027163
1343.0,0.47624622822584833
1344.0,0.477804277848907
1345.0,0.47917092489379626
1346.0,0.48007000347444506
1347.0,0.48103979024945254
1348.0,0.4821707670947248
1349.0,0.4834415730233477
1350.0,0.4845822499557894
1351.0,0.48578467941823084
1352.0,0.4868483149527393
1353.0,0.487838744168399
1354.0,0.48879700652690095
1355.0,0.48969511892834633
1356.0,0.4904928066265748
1357.0,0.49102747871679786
1358.0,0.49193428987306953
1359.0,0.4928337339113493
1360.0,0.4940167579976389
1361.0,0.4958688394910621
1362.0,0.4971142219860125
1363.0,0.49825884339721943
1364.0,0.499196418279712
1365.0,0.4994052558316632
1366.0,0.5001503221047472
1367.0,0.5008864679562505
1368.0,0.5020986228544534
1369.0,0.5032418091700763
1370.0,0.5049206126112865
1371.0,0.5056865197412419
1372.0,0.505832103143375
1373.0,0.5068139729237011
1374.0,0.5075386955401131
1375.0,0.5089519491283436
1376.0,0.5115070614378123
1377.0,0.5131018781319506
1378.0,0.5146476982599605
1379.0,0.5157873312149077
1380.0,0.5162769714677544
1381.0,0.5171583059342977
1382.0,0.5179437239754142
1383.0,0.5188220817745038
1384.0,0.5199251910436244
1385.0,0.5208983582451107
1386.0,0.5216840233539389
1387.0,0.522646897122549
1388.0,0.5238084553302046
1389.0,0.5247850791583926
1390.0,0.5258196966304448
1391.0,0.5266424514467417
1392.0,0.5276682472151031
1393.0,0.5286191333584312
1394.0,0.5296325578929613
1395.0,0.5308096890406739
1396.0,0.5318821360489305
1397.0,0.5329739569240449
1398.0,0.5338234503597095
1399.0,0.5345198408508893
1400.0,0.5353598959196585
1401.0,0.5359291913023969
1402.0,0.5368068339120342
1403.0,0.5380410049583465
1404.0,0.5391588628195535
1405.0,0.5404209311898047
1406.0,0.5414075006814131
1407.0,0.5422436692033322
1408.0,0.5430645802033444
1409.0,0.5434495296674476
1410.0,0.5443130522909484
1411.0,0.5456346884358373
1412.0,0.5466921254984906
1413.0,0.5476581789540986
1414.0,0.548946692598879
1415.0,0.5501153707450248
1416.0,0.5512094660442177
1417.0,0.5524149787799458
1418.0,0.5539757451330694
1419.0,0.5549941359711019
1420.0,0.5556858536346784
1421.0,0.5565873436860825
1422.0,0.5570883783287011
1423.0,0.5583703799447907
1424.0,0.5603037792568075
1425.0,0.561674794724207
1426.0,0.5633691172628589
1427.0,0.564586657146719
1428.0,0.5650639122518636
1429.0,0.5660376495430822
1430.0,0.5672011545618806
1431.0,0.5682406835806768
1432.0,0.56942026399357
1433.0,0.5704203694745531
1434.0,0.571062294352941
1435.0,0.572052895106012
1436.0,0.5732252269600134
1437.0,0.5743436951302993
1438.0,0.5756292783438737
1439.0,0.5768368911266013
1440.0,0.5782465627259777
1441.0,0.5795469488824909
1442.0,0.5806806457600092
1443.0,0.5818822177585125
1444.0,0.5828346481309512
1445.0,0.5833132713075513
1446.0,0.5842355434304555
1447.0,0.5852434314445876
1448.0,0.586365859249433
1449.0,0.5876787200733381
1450.0,0.5889161236834276
1451.0,0.5902820278042318
1452.0,0.5915369657911805
1453.0,0.5926061236468679
1454.0,0.5939292890268574
1455.0,0.5955467630505156
1456.0,0.5967345508136203
1457.0,0.5977222917575263
1458.0,0.5989100365656987
1459.0,0.5998552512089402
1460.0,0.6010094617974187
1461.0,0.6027028740951831
1462.0,0.6039655382595959
1463.0,0.6048796406261988
1464.0,0.6059255772813391
1465.0,0.6066530751363554
1466.0,0.6077578147823126
1467.0,0.6092100413200279
1468.0,0.6106820420435785
1469.0,0.6119407753364935
1470.0,0.613347706091615
1471.0,0.6145428421910076
1472.0,0.6154689375569414
1473.0,0.6165830837256334
1474.0,0.6177853873129575
1475.0,0.6188778144747952
1476.0,0.6198405806946572
1477.0,0.6210388377863104
1478.0,0.6224089152569589
1479.0,0.6234922831688647
1480.0,0.6245573258434629
1481.0,0.6256455296216511
1482.0,0.6264049692230191
1483.0,0.6275586428287632
1484.0,0.6290955555132163
1485.0,0.6303919944346715
1486.0,0.6316134841269061
1487.0,0.6329955992505519
1488.0,0.634378227597063
1489.0,0.6357910703353978
1490.0,0.6375392620949604
1491.0,0.638915061343837
1492.0,0.640074404619329
1493.0,0.6412268543905082
1494.0,0.6419943408965257
1495.0,0.6431480510962572
1496.0,0.644575451602466
1497.0,0.645870952250694
1498.0,0.6474154688220475
1499.0,0.6487095720336359
1500.0,0.6496828754070206
1501.0,0.6507453520913414
1502.0,0.652061850274317
1503.0,0.6533101656845666
1504.0,0.6543963281373932
1505.0,0.6554957414806755
1506.0,0.6566621531725211
1507.0,0.6575413931052502
1508.0,0.6588320588122343
1509.0,0.6605612256585319
1510.0,0.661905815640384
1511.0,0.6632979234785298
1512.0,0.6644400018126662
1513.0,0.6652314109281592
1514.0,0.6663195168555736
1515.0,0.6673325754207401
1516.0,0.6685331789238641
1517.0,0.6698485653962102
1518.0,0.6713466034725663
1519.0,0.6731603017641432
1520.0,0.6747008059865932
1521.0,0.6765452041926803
1522.0,0.6778491126510352
1523.0,0.6784827520984108
1524.0,0.679520810809114
1525.0,0.6803901912320551
1526.0,0.6815041756895518
1527.0,0.6830736641394151
1528.0,0.68437841036813
1529.0,0.6856940047353343
1530.0,0.6868577286127578
1531.0,0.6877041999000214
1532.0,0.6887883813590249
1533.0,0.6898302499680612
1534.0,0.6910363096411083
1535.0,0.6928377649355135
1536.0,0.6940491921885695
1537.0,0.6949751059485773
1538.0,0.6957818851870723
1539.0,0.6963636614640852
1540.0,0.6971330981902165
1541.0,0.6983030231898707
1542.0,0.6999494180202447
1543.0,0.7012736937916867
1544.0,0.7028018451800013
1545.0,0.7039550702578072
1546.0,0.7047508946321881
1547.0,0.7059813511295038
1548.0,0.7072259848833649
1549.0,0.7085378662516995
1550.0,0.7101945572339157
1551.0,0.7115392405469669
1552.0,0.7125999165716967
1553.0,0.7139882842327377
1554.0,0.7156143157735126
1555.0,0.7168749285146466
1556.0,0.7181264279437112
1557.0,0.7192936649887
1558.0,0.719961959707042
1559.0,0.7211987671567969
1560.0,0.722906134105663
1561.0,0.7242318650622019
1562.0,0.7255977811804408
1563.0,0.7268853871672516
1564.0,0.727862795012171
1565.0,0.7290704301270089
1566.0,0.7304584377820141
1567.0,0.7317694152570972
1568.0,0.7331532338758248
1569.0,0.7343853475874772
1570.0,0.7355934874029437
1571.0,0.7366803097602007
1572.0,0.7374949873166738
1573.0,0.7385102301996935
1574.0,0.7395422298622233
1575.0,0.7406180801050244
1576.0,0.7416736286889469
1577.0,0.7429678846189126
1578.0,0.7446038825548095
1579.0,0.7459260831081401
1580.0,0.7472984039667026
1581.0,0.7485968985221726
1582.0,0.7494421467243796
1583.0,0.75058150397311
1584.0,0.7521227713999518
1585.0,0.7533663153718481
1586.0,0.7545856775641117
1587.0,0.7556938172523312
1588.0,0.7565078155255751
1589.0,0.7573741216333698
1590.0,0.7582283235546142
1591.0,0.7590234426942772
1592.0,0.7600266760954183
1593.0,0.7610003214402895
1594.0,0.7623363983559233
1595.0,0.7639687027944703
1596.0,0.765502567273412
1597.0,0.767315948292117
1598.0,0.7686942332972552
1599.0,0.769837082043878
1600.0,0.7711861917189262
1601.0,0.7724407584784623
1602.0,0.7737265035651487
1603.0,0.7752591925174651
1604.0,0.7763816344935655
1605.0,0.7770951150176105
1606.0,0.7782812849667723
1607.0,0.7796333407989768
1608.0,0.7806937961243436
1609.0,0.7819052555624451
1610.0,0.782899476539544
1611.0,0.7833402247897052
1612.0,0.7843947373650374
1613.0,0.7858305304928642
1614.0,0.7870156685181511
1615.0,0.7882722797679871
1616.0,0.7895518313465223
1617.0,0.7908801162351654
1618.0,0.7919252360847425
1619.0,0.792904329406788
1620.0,0.7938906345140717
1621.0,0.7944111449172196
1622.0,0.7955091531534478
1623.0,0.797223990342206
1624.0,0.7983390289118734
1625.0,0.7993073503368379
1626.0,0.8003760795120325
1627.0,0.801215564455586
1628.0,0.80209197161078
1629.0,0.8031444538290902
1630.0,0.8041079577955953
1631.0,0.8047196337266523
1632.0,0.8057058477054747
1633.0,0.8070874205534322
1634.0,0.8081949495429313
1635.0,0.809383040834522
1636.0,0.8103648157603826
1637.0,0.8107837552266679
1638.0,0.811924930105181
1639.0,0.8136000779001911
1640.0,0.8148013444084419
1641.0,0.8162726292698422
1642.0,0.8174274701663805
1643.0,0.8178444340625198
1644.0,0.8187871941506913
1645.0,0.8200440828066852
1646.0,0.8212121500256194
1647.0,0.8223964455895932
1648.0,0.8237142846577334
1649.0,0.8253603079682821
1650.0,0.8265423415695854
1651.0,0.8275533808157393
1652.0,0.8285883815855457
1653.0,0.8291657347661443
1654.0,0.8300547531681031
1655.0,0.8313287498646306
1656.0,0.8323321695918879
1657.0,0.8332472287008762
1658.0,0.8341723884599626
1659.0,0.8348558706377172
1660.0,0.835795092278977
1661.0,0.8370589763800947
1662.0,0.8379819357030628
1663.0,0.8386188821678182
1664.0,0.8396884029879415
1665.0,0.8409762508297449
1666.0,0.8419405080804112
1667.0,0.8431140138001368
1668.0,0.8441282888031427
1669.0,0.8444716445032944
1670.0,0.845316298231831
1671.0,0.8467580641202619
1672.0,0.8477590589440779
1673.0,0.8485452470329103
1674.0,0.8495251956322345
1675.0,0.8500171513690976
1676.0,0.8512426490488818
1677.0,0.8532639401276441
1678.0,0.8550058682980105
1679.0,0.8571912148775744
1680.0,0.8589195347409402
1681.0,0.8602194912513129
1682.0,0.8616063649248792
1683.0,0.8628801354437292
1684.0,0.8641827512559725
1685.0,0.8654317207828836
1686.0,0.8667596391364649
1687.0,0.8681216755605957
1688.0,0.8693733327424055
1689.0,0.8706818431541811
1690.0,0.8718936321401406
1691.0,0.8727941026504429
1692.0,0.8740832580184964
1693.0,0.8757119828716027
1694.0,0.8770688058524491
1695.0,0.8784980360273774
1696.0,0.8798310918843532
1697.0,0.8810107769121179
1698.0,0.8820986047346152
1699.0,0.8831046665326286
1700.0,0.8841347014413026
1701.0,0.8847933137739223
1702.0,0.8858141373244698
1703.0,0.8874317359841434
1704.0,0.8885767871529483
1705.0,0.8895789256000244
1706.0,0.8906126273258139
1707.0,0.8911076223987736
1708.0,0.8920212594564505
1709.0,0.8933819896491767
1710.0,0.8944691496804502
1711.0,0.895730607785932
1712.0,0.8968601172955573
1713.0,0.8976919361338177
1714.0,0.8987850844965005
1715.0,0.8998178798700698
1716.0,0.9008425604763177
1717.0,0.9022850348910701
1718.0,0.903277372829731
1719.0,0.9038051630943488
1720.0,0.9049556429305156
1721.0,0.9060998338888192
1722.0,0.9070961103718805
1723.0,0.9086417481913627
1724.0,0.9097052505939544
1725.0,0.9103692592316776
1726.0,0.9111671815694413
1727.0,0.9118127718036857
1728.0,0.9128103904057194
1729.0,0.9139210250990222
1730.0,0.9146144844072042
1731.0,0.915263694273423
1732.0,0.9160957287576321
1733.0,0.9166859694307244
1734.0,0.9177046163545383
1735.0,0.9192536234041917
1736.0,0.9205410882624608
1737.0,0.9218129440196594
1738.0,0.9226783057817285
1739.0,0.9232544820601581
1740.0,0.9242153440122076
1741.0,0.925057053709421
1742.0,0.9261677411394132
1743.0,0.9278324454278067
1744.0,0.9290685291192542
1745.0,0.9299580792577644
1746.0,0.93117928935546
1747.0,0.932464204566638
1748.0,0.9337531510500283
1749.0,0.9352778543074222
1750.0,0.9365220304297524
1751.0,0.9377435231185873
1752.0,0.9387019333433829
1753.0,0.9394306361265164
1754.0,0.9398119488624765
1755.0,0.9402664252975621
1756.0,0.9408053110649074
1757.0,0.9415165118983301
1758.0,0.9421810974948556
1759.0,0.9427035191702204
1760.0,0.943375957283353
1761.0,0.944123445935517
1762.0,0.9448706851441379
1763.0,0.9463930021572406
1764.0,0.9484854334444437
1765.0,0.9496794277809432
1766.0,0.9510005897422977
1767.0,0.9524233624476096
1768.0,0.952794270171079
1769.0,0.9541223631415334
1770.0,0.9555106098050699
1771.0,0.9559857418845233
1772.0,0.9574722267869784
1773.0,0.9586545867400622
1774.0,0.9591642353037569
1775.0,0.9608384362315947
1776.0,0.9623555490217944
1777.0,0.9630181773666138
1778.0,0.9647942640849947
1779.0,0.966519988731587
1780.0,0.967380148986178
1781.0,0.9688198400233067
1782.0,0.9696547285372217
1783.0,0.970399159265051
1784.0,0.9721524007748864
1785.0,0.9735457953648513
1786.0,0.9755082128374231
1787.0,0.9771169571614394
1788.0,0.9775506657016632
1789.0,0.9785259105181289
1790.0,0.9791120437466456
1791.0,0.9800705092094276
1792.0,0.9813382289968295
1793.0,0.9823717541523888
1794.0,0.9829648661471796
1795.0,0.9842837281810692
1796.0,0.9865973740688677
1797.0,0.9876803607618346
1798.0,0.9889312819407909
1799.0,0.988903932265535
1800.0,0.9880229369475253
1801.0,0.9867401939728324
1802.0,0.9881832091746913
1803.0,0.9883188575611906
1804.0,0.9883083005158482
1805.0,0.9871298363669778
1806.0,0.9880852724269239
1807.0,0.9890328100496663
1808.0,0.990935963205445
1809.0,0.9957757389929326
1810.0,0.9979575524108211
1811.0,0.998859215158233
1812.0,1.0010081857780961
1813.0,1.0009510181402177
1814.0,0.9997315666223959
1815.0,0.9996787416999638
1816.0,0.999022411250496
1817.0,0.9998385399876067
1818.0,1.002053551237516
1819.0,1.0033933426786514
1820.0,1.00556284053997
1821.0,1.0069344325108498
1822.0,1.0076405170642588
1823.0,1.00794003163183
1824.0,1.0086425886997605
1825.0,1.009028601005145
1826.0,1.010476834285473
1827.0,1.0133469660655379
1828.0,1.014659271615123
1829.0,1.0155226605851246
1830.0,1.0171099846790175
1831.0,1.0182524669905295
1832.0,1.0194280538965925
1833.0,1.0213694970559222
1834.0,1.0222856150202326
1835.0,1.0233679783328224
1836.0,1.0233265897523454
1837.0,1.0243932285917539
1838.0,1.0261916678613319
1839.0,1.0278326016682235
1840.0,1.030236754679371
1841.0,1.031093459773197
1842.0,1.0316743290427741
1843.0,1.0338353663396367
1844.0,1.0348091412585674
1845.0,1.0348501493385875
1846.0,1.034833276741467
1847.0,1.0336299176826749
1848.0,1.0340411960667577
1849.0,1.0347196338777354
1850.0,1.0359086138663107
1851.0,1.038793310301807
1852.0,1.0408254671946862
1853.0,1.0404033302184388
1854.0,1.0415825913201002
1855.0,1.0428132132455192
1856.0,1.0432303719054135
1857.0,1.0440202475451394
1858.0,1.0448417351951453
1859.0,1.04576504133228
1860.0,1.046495674438316
1861.0,1.048249399936179
1862.0,1.0482936671356868
1863.0,1.049743694336009
1864.0,1.0509793298763213
1865.0,1.0501891930624883
1866.0,1.0501363530064185
1867.0,1.051090655348455
1868.0,1.0509890544421026
1869.0,1.0493346921969482
1870.0,1.0493620349513164
1871.0,1.050193154021823
1872.0,1.0499315584231326
1873.0,1.0513032708410506
1874.0,1.0517841261079617
1875.0,1.0520538090697882
1876.0,1.0537849758043625
1877.0,1.0544459370160042
1878.0,1.0540919264314648
1879.0,1.053431329909581
1880.0,1.0518276459407443
1881.0,1.050009205742121
1882.0,1.0472752392994826
1883.0,1.0457735252915086
1884.0,1.043680416665272
1885.0,1.042590762590298
1886.0,1.0425129565071787
1887.0,1.042143490354812
1888.0,1.0422615033078533
1889.0,1.040406864256311
1890.0,1.0382504657430596
1891.0,1.0353419481427368
1892.0,1.0320572434468351
1893.0,1.0277075413294245
1894.0,1.0243973030632214
1895.0,1.0210063858696403
1896.0,1.0174585108673253
1897.0,1.014635607187618
1898.0,1.0115848931560731
1899.0,1.0083331954298866
1900.0,1.005124725244447
1901.0,1.001577027027325
1902.0,0.9975625309059942
1903.0,0.9939193112067498
1904.0,0.9912292022801482
1905.0,0.9882958852709596
1906.0,0.9853022243385701
1907.0,0.9833502406202059
1908.0,0.9811729854270897
1909.0,0.9790729838042419
1910.0,0.979349457358974
1911.0,0.9801843057644131
1912.0,0.9792901230606325
1913.0,0.9788691938386354
1914.0,0.9790068477195123
1915.0,0.9782040133877408
1916.0,0.9756415226919978
1917.0,0.975141432163472
1918.0,0.9744200525632413
1919.0,0.9741025460964753
1920.0,0.9762328025762605
1921.0,0.9788107172157481
1922.0,0.9822787366273116
1923.0,0.9842266221616123
1924.0,0.9860891341894518
1925.0,0.9875593505214803
1926.0,0.9892731023442914
1927.0,0.9898616019071326
1928.0,0.9913630920171072
1929.0,0.9914844114153782
1930.0,0.9908476144025545
1931.0,0.9910580988310033
1932.0,0.9908813671178556
1933.0,0.9915568572214596
1934.0,0.993270056060574
1935.0,0.9947211065890836
1936.0,0.9972209377710454
1937.0,0.9994386263011682
1938.0,1.0025209844079674
1939.0,1.003841706449937
1940.0,1.0053388093367155
1941.0,1.0070262898077669
1942.0,1.0077218824674143
1943.0,1.0084372865642675
1944.0,1.0105811003379677
1945.0,1.0117347032985577
1946.0,1.0117789165094357
1947.0,1.0137644824443852
1948.0,1.015088241164134
1949.0,1.0157611930633268
1950.0,1.015976687159798
1951.0,1.0179860283607325
1952.0,1.0189907763006305
1953.0,1.0199917118099548
1954.0,1.0223061966320388
1955.0,1.023862404151858
1956.0,1.0260889965448727
1957.0,1.0285196078158838
1958.0,1.030471397074469
1959.0,1.0325387200548815
1960.0,1.0347083824936012
1961.0,1.0365754402571479
1962.0,1.038461476698697
1963.0,1.0400321713039338
1964.0,1.0411105075443563
1965.0,1.0423816482495485
1966.0,1.042708004959503
1967.0,1.0433172126500234
1968.0,1.045091336675166
1969.0,1.0473254015427382
1970.0,1.0501191065033135
1971.0,1.052016889020969
1972.0,1.0535116408304954
1973.0,1.0537034784564492
1974.0,1.054459833630713
1975.0,1.0544010371965966
1976.0,1.0567034416381906
1977.0,1.0589188171252018
1978.0,1.0610737537994388
1979.0,1.0637458632457228
1980.0,1.0649475792562786
1981.0,1.0665653267524442
1982.0,1.0678450707098248
1983.0,1.0687230266893655
1984.0,1.070051284505254
1985.0,1.0712347487173182
1986.0,1.0718418001932557
1987.0,1.0732598508933175
1988.0,1.075375924290954
1989.0,1.0770935149982281
1990.0,1.0786454540537556
1991.0,1.079054714519027
1992.0,1.079891751464253
1993.0,1.0816703255546278
1994.0,1.0838682581336818
1995.0,1.0868784979846426
1996.0,1.0888307602307585
1997.0,1.0903645987879542
1998.0,1.0915629061414018
1999.0,1.0913285725352506
2000.0,1.0927559759758771
2001.0,1.0952272138037815
2002.0,1.0970730381266034
2003.0,1.0985068833157072
2004.0,1.0999568078041975
2005.0,1.0995965293986438
2006.0,1.1010369813992296
2007.0,1.104819774841761
2008.0,1.108695311391676
2009.0,1.111142756808109
2010.0,1.1140396809352207
2011.0,1.115194132183479
2012.0,1.1131671234585518
2013.0,1.1135834152666884
2014.0,1.114573599565106
2015.0,1.1155570956518346
2016.0,1.117479639557749
2017.0,1.1204940688310887
2018.0,1.122642389967167
2019.0,1.1246214375848735
2020.0,1.1272494131356632
2021.0,1.1299871416412626
2022.0,1.1313647440515762
2023.0,1.13356394035239
2024.0,1.135027170470478
2025.0,1.1351644022206078
2026.0,1.1362183500386243
2027.0,1.137552406898949
2028.0,1.1386679770176045
2029.0,1.1402022458088616
2030.0,1.1411117393603938
2031.0,1.1421783091183453
2032.0,1.1433130221441132
2033.0,1.1437712894142045
2034.0,1.1457454967863325
2035.0,1.1468332096208127
2036.0,1.1479489290381215
2037.0,1.14955899049193
2038.0,1.1517068479601256
2039.0,1.1530576400984822
2040.0,1.1549238218683757
2041.0,1.155740357194679
2042.0,1.15474454670685
2043.0,1.1554531517950912
2044.0,1.1564408650138196
2045.0,1.1573047105596939
2046.0,1.1605221943114152
2047.0,1.1634152479158117
2048.0,1.165433625144939
2049.0,1.167427385784812
2050.0,1.1673024900240458
2051.0,1.167487996727637
2052.0,1.1680550413912838
2053.0,1.1678914219395882
2054.0,1.1690037290035251
2055.0,1.1713502538970741
2056.0,1.1732441908207574
2057.0,1.1766447241171083
2058.0,1.178049867751201
2059.0,1.178714444064687
2060.0,1.178597883302895
2061.0,1.1766140114670862
2062.0,1.174856369764939
2063.0,1.1749192121531227
2064.0,1.1761054738819774
2065.0,1.1795034605801795
2066.0,1.182964777751377
2067.0,1.184168010543821
2068.0,1.1834944358404964
2069.0,1.1842163720515266
2070.0,1.18383381204815
2071.0,1.1842955040484522
2072.0,1.1865527197804382
2073.0,1.1879798602727307
2074.0,1.1893016047064433
2075.0,1.188644047086228
2076.0,1.190090824269457
2077.0,1.1913080697347258
2078.0,1.1926985470663172
2079.0,1.1953605266815106
2080.0,1.1956059425444285
2081.0,1.196438187794841
2082.0,1.1985460006183655
2083.0,1.2016371963356027
2084.0,1.2029013731132865
2085.0,1.2053202383674337
2086.0,1.2059964268217973
2087.0,1.203460138021747
2088.0,1.2027402690883322
2089.0,1.2024006485176826
2090.0,1.202431518232552
2091.0,1.203438030784936
2092.0,1.2040305429981373
2093.0,1.205341594703677
2094.0,1.2077681684430197
2095.0,1.2080972445354123
2096.0,1.208369045075983
2097.0,1.2101288560473606
2098.0,1.2124119481642324
2099.0,1.2141727059211864
2100.0,1.2179311374760236
2101.0,1.219398997659493
2102.0,1.2185320318495856
2103.0,1.2191168910582064
2104.0,1.2199942912608703
2105.0,1.2200850999078163
2106.0,1.22059312712959
2107.0,1.2202781207267928
2108.0,1.2181835531710856
2109.0,1.2159510015901407
2110.0,1.2142100566994012
2111.0,1.2131323317446259
2112.0,1.2132054980934883
2113.0,1.2152335075019893
2114.0,1.2167873625571457
2115.0,1.2196121378768172
2116.0,1.2206960260969983
2117.0,1.22036219755485
2118.0,1.2215485228313363
2119.0,1.2238365435045833
2120.0,1.2243824984977483
2121.0,1.2241325745197367
2122.0,1.2250422138059611
2123.0,1.2236266698765705
2124.0,1.2249521812719675
2125.0,1.2291472368221583
2126.0,1.2346705727536618
2127.0,1.236815676679704
2128.0,1.239297405722053
2129.0,1.2390609810660373
2130.0,1.2391428125919464
2131.0,1.2410057535066725
2132.0,1.2401561211479233
2133.0,1.2397481081790591
2134.0,1.2389621796414743
2135.0,1.2376296470094617
2136.0,1.2345880259091389
2137.0,1.2343412126760134
2138.0,1.2352553001374011
2139.0,1.2361536365577184
2140.0,1.2403192378882357
2141.0,1.2409028938003186
2142.0,1.2397457685485613
2143.0,1.2373502701121986
2144.0,1.2345991556922578
2145.0,1.2326423152200852
2146.0,1.2339184574039799
2147.0,1.2356243941155844
2148.0,1.2377472591937597
2149.0,1.2405805897673707
2150.0,1.2402010795556624
2151.0,1.2391652399090753
2152.0,1.2388640245338272
2153.0,1.236650074464612
2154.0,1.2373374665224257
2155.0,1.240788603400642
2156.0,1.2423970147972656
2157.0,1.2459015017117967
2158.0,1.2462117169216385
2159.0,1.2425795857113953
2160.0,1.2419138073456866
2161.0,1.2407525534992752
2162.0,1.2401232081583824
2163.0,1.24067032826614
2164.0,1.2431500212924325
2165.0,1.243819406128937
2166.0,1.244357157698507
2167.0,1.2457891457815704
2168.0,1.2465325063961072
2169.0,1.2455957756182205
2170.0,1.24457130983621
2171.0,1.244251182519592
2172.0,1.243921063549151
2173.0,1.2433876945443425
2174.0,1.2433044091173986
2175.0,1.243220718704666
2176.0,1.241975183543021
2177.0,1.2415999726681346
2178.0,1.2424377962641449
2179.0,1.2427787652111062
2180.0,1.2434783435551695
2181.0,1.2436083383333199
2182.0,1.242315711989441
2183.0,1.2435097050966115
2184.0,1.246489326473089
2185.0,1.2476905647947383
2186.0,1.2501492240877106
2187.0,1.2517037055584865
2188.0,1.2501269003839468
2189.0,1.2501830729421
2190.0,1.2507205293639012
2191.0,1.2479293447049864
2192.0,1.2437181973349305
2193.0,1.2404781556506317
2194.0,1.2393405948039689
2195.0,1.2388095691667182
2196.0,1.239847128101499
2197.0,1.2446990671915847
2198.0,1.2462280287313583
2199.0,1.2477472011800026
2200.0,1.247547163588576
2201.0,1.2443208942591397
2202.0,1.243990195147271
2203.0,1.2443196228249878
2204.0,1.2445771264303516
2205.0,1.2467168961840822
2206.0,1.246333860698846
2207.0,1.2484933634981918
2208.0,1.2491843286959048
2209.0,1.2504465000333942
2210.0,1.2520215737787805
2211.0,1.2519185574139489
2212.0,1.250161139664006
2213.0,1.2487743077333464
2214.0,1.2519206408948675
2215.0,1.2516868025127592
2216.0,1.2539287300399977
2217.0,1.2555378494967278
2218.0,1.2564072109106634
2219.0,1.2567758665618227
2220.0,1.2576326554088901
2221.0,1.257191684884317
2222.0,1.2552740779997742
2223.0,1.2554179923787936
2224.0,1.2563730078432882
2225.0,1.2578769290396385
2226.0,1.2612785305521579
2227.0,1.2621555869855106
2228.0,1.2608470396913
2229.0,1.2612582814784992
2230.0,1.2612853636969952
2231.0,1.2620977554457689
2232.0,1.2656215430489255
2233.0,1.2667693232827513
2234.0,1.266718019344552
2235.0,1.267657000255994
2236.0,1.268761508146447
2237.0,1.2699630128025425
2238.0,1.2681921809106833
2239.0,1.2671951316197962
2240.0,1.2638911785051958
2241.0,1.259092747249238
2242.0,1.2592344526912436
2243.0,1.258627297039557
2244.0,1.259998397364524
2245.0,1.2617138271473662
2246.0,1.262232833711757
2247.0,1.2619398443805516
2248.0,1.2621910306679933
2249.0,1.2626586039530003
2250.0,1.2628458434885699
2251.0,1.2633746373364532
2252.0,1.261983039684209
2253.0,1.256474981369002
2254.0,1.2561793597348294
2255.0,1.2589443847538926
2256.0,1.259305668804199
2257.0,1.2627493335192395
2258.0,1.2640059504664611
2259.0,1.2611652096775603
2260.0,1.2605982004246195
2261.0,1.2611957354134975
2262.0,1.2615050572256934
2263.0,1.2629795608914067
2264.0,1.2618830362018965
2265.0,1.2603585732277711
2266.0,1.256700331753952
2267.0,1.2534851833329788
2268.0,1.2535316752897687
2269.0,1.2547714647551154
2270.0,1.2593374584125703
2271.0,1.2637644106963037
2272.0,1.2658257678013134
2273.0,1.269296393827796
2274.0,1.2710933665851938
2275.0,1.2688213079449007
2276.0,1.26877061870315
2277.0,1.2681892149131364
2278.0,1.264472986387011
2279.0,1.2652321521933811
2280.0,1.269486366760755
2281.0,1.2710857986255237
2282.0,1.2750790562902674
2283.0,1.276092895045856
2284.0,1.2741705864260262
2285.0,1.2737210663396399
2286.0,1.2719138836815564
2287.0,1.270739678265175
2288.0,1.2707864801055644
2289.0,1.2693438679605211
2290.0,1.2681446588770604
2291.0,1.2661729905045864
2292.0,1.2613351575972886
2293.0,1.258913005854441
2294.0,1.2553631368966311
2295.0,1.2546642401955246
2296.0,1.2554543051930673
2297.0,1.261187028546916
2298.0,1.2660552468186368
2299.0,1.2727138081340916
2300.0,1.2790243275087896
2301.0,1.2835923464315389
2302.0,1.285709964222041
2303.0,1.2874620028797001
2304.0,1.28834133634524
2305.0,1.2876571025392947
2306.0,1.2880573834796438
2307.0,1.2819580097426162
2308.0,1.276252639779404
2309.0,1.2721441172533687
2310.0,1.2656373461471733
2311.0,1.2650944930724406
2312.0,1.2665803053312317
2313.0,1.268755454218001
2314.0,1.2726965905994074
2315.0,1.2754267707275424
2316.0,1.2781339851751934
2317.0,1.2772879841792308
2318.0,1.2746262867961555
2319.0,1.278103876955846
2320.0,1.2785425806528965
2321.0,1.2770120326563636
2322.0,1.2773442951142868
2323.0,1.276915152802544
2324.0,1.2778835751935098
2325.0,1.2811614769853978
2326.0,1.2810827096813389
2327.0,1.2833572678546354
2328.0,1.2799606375746173
2329.0,1.268554297220163
2330.0,1.2666916574144107
2331.0,1.2651481506477702
2332.0,1.2656249749104904
2333.0,1.2731104602872918
2334.0,1.2778122335596165
2335.0,1.283104271047101
2336.0,1.2852985903997367
2337.0,1.2878895801782841
2338.0,1.286492422087254
2339.0,1.2778893266408584
2340.0,1.2743080026712246
2341.0,1.2702062332497333
2342.0,1.271309617910622
2343.0,1.2772346893115334
2344.0,1.2816173229613317
2345.0,1.2914737351218102
2346.0,1.2940946340165584
2347.0,1.2933252713143129
2348.0,1.2894084009338316
2349.0,1.2844426767570536
2350.0,1.2835156139818296
2351.0,1.2837269174436539
2352.0,1.2841606796947596
2353.0,1.283000142081665
2354.0,1.2794951503600067
2355.0,1.2757067671767757
2356.0,1.2778943598907446
2357.0,1.280822675619481
2358.0,1.279147247179902
2359.0,1.2854985075709329
2360.0,1.2877709174863363
2361.0,1.2859030423106614
2362.0,1.2904737936391493
2363.0,1.2849351016546322
2364.0,1.2740289875284099
2365.0,1.2715606274877977
2366.0,1.2723840301285818
2367.0,1.2674119241840804
2368.0,1.2684199476633604
2369.0,1.2716410862106216
2370.0,1.263951342678712
2371.0,1.2663637127607075
2372.0,1.2749972662757059
2373.0,1.2762543846880963
2374.0,1.2826442352555445
2375.0,1.276948185240536
2376.0,1.266052673145291
2377.0,1.267216957230913
2378.0,1.2599600489970848
2379.0,1.2636642647302374
2380.0,1.278315727697882
2381.0,1.2756640503499428
2382.0,1.2737223688318295
2383.0,1.2720539478781938
2384.0,1.2598348185261188
2385.0,1.254742814078685
2386.0,1.2542097677627102
2387.0,1.254424104502712
2388.0,1.2540060521514935
2389.0,1.253990041326904
2390.0,1.2618101901613576
2391.0,1.2615998030199547
2392.0,1.2635416409237294
2393.0,1.263382136277708
2394.0,1.2499174016228665
2395.0,1.2474488609460663
2396.0,1.2458955590471152
2397.0,1.248194336428661
2398.0,1.2591872341546415
2399.0,1.2627952833007898
2400.0,1.2656278426694132
2401.0,1.2704189303812004
2402.0,1.2631280420791637
2403.0,1.2460165436061073
2404.0,1.237724660716336
2405.0,1.232238737114528
2406.0,1.2299517149472805
2407.0,1.2438241590212977
2408.0,1.258585902799174
2409.0,1.2627515778850833
2410.0,1.2635563115645922
2411.0,1.2582705232501015
2412.0,1.2472634746216744
2413.0,1.2421453470154098
2414.0,1.239329564345756
2415.0,1.2359464158104463
2416.0,1.237862137251492
2417.0,1.2340571348398346
2418.0,1.2328192456649698
2419.0,1.2352428503398383
2420.0,1.2275995525673546
2421.0,1.2288804320044833
2422.0,1.2261312753788693
2423.0,1.2156440832360678
2424.0,1.2224290820432748
2425.0,1.230895746890588
2426.0,1.2351114652698045
2427.0,1.2405246636746512
2428.0,1.2478321296503339
2429.0,1.234623007039065
2430.0,1.2096315027909141
2431.0,1.209879913906855
2432.0,1.2038095702929272
2433.0,1.1916176889157999
2434.0,1.1933620592730119
2435.0,1.1971710276397989
2436.0,1.1957408398583664
2437.0,1.1989297026046475
2438.0,1.2186143775541736
2439.0,1.2297476190974146
2440.0,1.2252532882470664
2441.0,1.2228001821572634
2442.0,1.2311116026536495
2443.0,1.2430280444589874
2444.0,1.248549215473993
2445.0,1.2626502992696658
2446.0,1.2671229029942264
2447.0,1.2388053824254908
2448.0,1.2258104456073402
2449.0,1.2310813468840451
2450.0,1.2104248689546484
2451.0,1.194509397743598
2452.0,1.192590652869043
2453.0,1.1761726045339416
2454.0,1.15445219509921
2455.0,1.1547544588903205
2456.0,1.1602422428985955
2457.0,1.1610869152198866
2458.0,1.1896596920173643
2459.0,1.2101448418409846
2460.0,1.2175400351145047
2461.0,1.2169714454759113
2462.0,1.1984260549224686
2463.0,1.204776880278079
2464.0,1.206590449692704
2465.0,1.2093210751068129
2466.0,1.236642781983715
2467.0,1.2339876196681792
2468.0,1.2249196236518443
2469.0,1.2196562906209312
2470.0,1.1924960147333523
2471.0,1.163835085398225
2472.0,1.1554054904773001
2473.0,1.1746009753581994
2474.0,1.1818898115953094
2475.0,1.1942733185713819
2476.0,1.2084111740473593
2477.0,1.2018263910705567
2478.0,1.2005024507200723
2479.0,1.2196424757591744
2480.0,1.2256113348872677
2481.0,1.229098824626701
2482.0,1.2257036524671225
2483.0,1.2123284673093049
2484.0,1.2032852480882616
2485.0,1.1873157965029812
2486.0,1.1681564706656784
2487.0,1.144097208579222
2488.0,1.1276834524054287
2489.0,1.113138565073271
2490.0,1.1086706628446024
2491.0,1.1113556642699982
2492.0,1.12103332392445
2493.0,1.125401672190442
2494.0,1.1537099345182678
2495.0,1.2193935881967097
2496.0,1.2489871728831137
2497.0,1.2817342095564568
2498.0,1.3017719203779838
2499.0,1.292084123976461
2500.0,1.3114421915222914
