350.0,-0.15468606422564102
351.0,-0.11074298410647924
352.0,-0.13222889513037897
353.0,-0.04934647590209347
354.0,-0.017176237486329637
355.0,-0.02008799993885896
356.0,-0.02406425095631969
357.0,-0.024079479222470432
358.0,-0.009860555348371694
359.0,-0.02152618841765452
360.0,-0.07981396742275662
361.0,-0.03262501780615157
362.0,-0.006657741372488748
363.0,-0.0037039063841631014
364.0,0.022014844046748347
365.0,0.020227931734298935
366.0,0.014980975651515637
367.0,0.004820259936700803
368.0,-0.029573034344229168
369.0,-0.01963998083662116
370.0,-0.0040409545680508965
371.0,0.0012633115399525783
372.0,0.018045530591419577
373.0,0.023805552358078415
374.0,0.02251420500701332
375.0,0.016519219082410483
376.0,-0.003953010005466764
377.0,-0.0017718599565161722
378.0,0.013183002327309196
379.0,0.024031810677416315
380.0,0.026737759153039973
381.0,0.0338919708763656
382.0,0.035513724776991384
383.0,0.021397893414242617
384.0,0.017157815298724385
385.0,0.01738821221289244
386.0,0.01840563009683872
387.0,0.018914671625024793
388.0,0.023000764493145
389.0,0.028703628834934058
390.0,0.03148982143234076
391.0,0.026588223889148763
392.0,0.0265809813139151
393.0,0.025118655576687153
394.0,0.020765876761367808
395.0,0.022701609350912408
396.0,0.030494361695770415
397.0,0.037438727345557705
398.0,0.03764469353441801
399.0,0.029863641954085127
400.0,0.022745475963964933
401.0,0.02196496442481387
402.0,0.02888435464762728
403.0,0.03619362096516478
404.0,0.03504900228423904
405.0,0.032560444136035656
406.0,0.040678278008715894
407.0,0.03645547986765113
408.0,0.03251699797922539
409.0,0.033829598589082556
410.0,0.035335271077320894
411.0,0.03711539742813785
412.0,0.039947539145818556
413.0,0.04267603603930213
414.0,0.040372040806128724
415.0,0.03832363899529049
416.0,0.03543520681629552
417.0,0.032253928118804585
418.0,0.04059205505900023
419.0,0.040325383805897466
420.0,0.03740077113280178
421.0,0.044686989993084396
422.0,0.043715181200545745
423.0,0.03832180990905327
424.0,0.03439356774163313
425.0,0.03695295896936556
426.0,0.03800610762138401
427.0,0.03831639564288138
428.0,0.03869221276371648
429.0,0.03782766509460541
430.0,0.04034218258191547
431.0,0.043479013539841765
432.0,0.043778720876618195
433.0,0.040681659935722696
434.0,0.04046651244911546
435.0,0.04237072841874244
436.0,0.042520852448055056
437.0,0.03978981221199784
438.0,0.04009051333809815
439.0,0.04267882911928343
440.0,0.041037034402657546
441.0,0.04164456911509911
442.0,0.04220537169162444
443.0,0.04116814922380299
444.0,0.04073503379177945
445.0,0.04097862023621675
446.0,0.04185237455115112
447.0,0.04278711102887552
448.0,0.04170360290617965
449.0,0.04131429019775069
450.0,0.041373256457714
451.0,0.040354290489325255
452.0,0.04204335876428678
453.0,0.04220952987156243
454.0,0.04028684247455709
455.0,0.04086394121129122
456.0,0.04096925052857559
457.0,0.04111982530673732
458.0,0.04186527701832945
459.0,0.04194078646591686
460.0,0.04290902272578428
461.0,0.0430210525631536
462.0,0.04043945891592065
463.0,0.039894040829048225
464.0,0.04070757246263536
465.0,0.04180952008794667
466.0,0.04219866122850904
467.0,0.043000835188527584
468.0,0.043040190014018445
469.0,0.04204491866491082
470.0,0.04199661186929676
471.0,0.04230769748465088
472.0,0.04231630614539046
473.0,0.04176275403183916
474.0,0.04225092032135854
475.0,0.04215252341228759
476.0,0.04178021061780641
477.0,0.042551649973265694
478.0,0.04283496489778735
479.0,0.04284935859448823
480.0,0.04289586139062809
481.0,0.043058901187626245
482.0,0.042742289278777455
483.0,0.04276776445170699
484.0,0.043597028814203756
485.0,0.043373152585754936
486.0,0.042775488657647354
487.0,0.042040825684441535
488.0,0.041335490034715844
489.0,0.042190077163276336
490.0,0.043189246651676616
491.0,0.04340956792138487
492.0,0.042963702480398706
493.0,0.04210903976759315
494.0,0.04140216211724245
495.0,0.04152818294564941
496.0,0.04371988128016046
497.0,0.044072050791196624
498.0,0.04306231913871471
499.0,0.04313446013539339
500.0,0.0435437395162273
501.0,0.04360922918403355
502.0,0.04329935246552499
503.0,0.043323961600482346
504.0,0.043353755168587506
505.0,0.04368296516980824
506.0,0.04433670430537198
507.0,0.044307876558000725
508.0,0.044044971585823184
509.0,0.04379593720703782
510.0,0.04365253067087951
511.0,0.04320833591497818
512.0,0.04312354583498889
513.0,0.043618290820231595
514.0,0.044305191602874716
515.0,0.04390692755574963
516.0,0.043492685692573585
517.0,0.04388364957278112
518.0,0.04374173088162829
519.0,0.04348569329001284
520.0,0.04357797708630279
521.0,0.04427666009373589
522.0,0.04422580429620875
523.0,0.04432999408360163
524.0,0.044702698840495596
525.0,0.04428689923822617
526.0,0.04426908431562467
527.0,0.044323818454748504
528.0,0.0441508682270265
529.0,0.04462221837833449
530.0,0.045143556626965016
531.0,0.04533266500591514
532.0,0.045007039247536185
533.0,0.04440845008964824
534.0,0.044131860923693596
535.0,0.044389235242227765
536.0,0.044837105653772774
537.0,0.04563964487928646
538.0,0.04601871750288535
539.0,0.045491104643577786
540.0,0.045298093444126705
541.0,0.045251022821396286
542.0,0.045325604033963934
543.0,0.04556374343892124
544.0,0.04559811647985966
545.0,0.045556817806249754
546.0,0.04551006389795772
547.0,0.045301506268824
548.0,0.04530607481848343
549.0,0.04548475287099933
550.0,0.045630301149859685
551.0,0.04544316981925112
552.0,0.04521993170941462
553.0,0.04531493936066493
554.0,0.04602480871161346
555.0,0.04660666594690065
556.0,0.046590415497428164
557.0,0.046027037644260596
558.0,0.04585428674010835
559.0,0.04616199142800812
560.0,0.0465769215123711
561.0,0.04661772804466598
562.0,0.046499993468398504
563.0,0.04630515993264204
564.0,0.04620573273245158
565.0,0.04644434154971521
566.0,0.046410290909311036
567.0,0.04649418061162021
568.0,0.04696920297116742
569.0,0.047251911221354595
570.0,0.04729257573455405
571.0,0.04714309648197037
572.0,0.046961576587848955
573.0,0.04709702759392247
574.0,0.047254493327529866
575.0,0.04729812181891997
576.0,0.047407971853439264
577.0,0.04745013498930293
578.0,0.04762852950711101
579.0,0.04800009761256223
580.0,0.04776398492008294
581.0,0.04754378309360614
582.0,0.047538982443083085
583.0,0.0476477802222578
584.0,0.04820853982266659
585.0,0.048492945517016245
586.0,0.048230424604538545
587.0,0.048228487064583166
588.0,0.048471746578025304
589.0,0.048639384324738036
590.0,0.04846785018503879
591.0,0.04865735652301223
592.0,0.048931216724932614
593.0,0.04898422383668288
594.0,0.048581259762997424
595.0,0.048729487963330195
596.0,0.04901733109347817
597.0,0.04903497346825093
598.0,0.04916319677931919
599.0,0.04955183022585388
600.0,0.049849666037742525
601.0,0.04958892603813917
602.0,0.049536869049994374
603.0,0.049705442567345104
604.0,0.049862027011734984
605.0,0.04953710324278907
606.0,0.04998247364458286
607.0,0.0506003325777649
608.0,0.05057048534406424
609.0,0.050235667121637496
610.0,0.050180172397167294
611.0,0.05049319818810419
612.0,0.050862067307040654
613.0,0.0510069046765477
614.0,0.05106557124954987
615.0,0.05116847377568692
616.0,0.05129148610424785
617.0,0.051286536195676025
618.0,0.05135476826447456
619.0,0.0517049458621946
620.0,0.05181563289525052
621.0,0.05190006543099772
622.0,0.052046916623754415
623.0,0.05216305935624254
624.0,0.05219577560815351
625.0,0.0522144996232485
626.0,0.05229936232122932
627.0,0.05247245282214128
628.0,0.05272023294819951
629.0,0.052979745235101294
630.0,0.05317663649824078
631.0,0.05340798674759119
632.0,0.05346540240306941
633.0,0.05338452554804944
634.0,0.05364103335688974
635.0,0.05354585565174099
636.0,0.053622169601671404
637.0,0.05433704444189204
638.0,0.05430091021505565
639.0,0.0542904805574787
640.0,0.0544537864200959
641.0,0.054403275953078166
642.0,0.05485415928604866
643.0,0.05516595672789032
644.0,0.0550021889364025
645.0,0.05530848600366819
646.0,0.05523499645385535
647.0,0.05510880313510041
648.0,0.05554716299723006
649.0,0.05564645120437131
650.0,0.056006038632839386
651.0,0.05655388909560675
652.0,0.056301391652153275
653.0,0.056439242066553916
654.0,0.05680765944612601
655.0,0.057000230085401477
656.0,0.056939341587813545
657.0,0.05685304222420451
658.0,0.056939728968738106
659.0,0.05732310945295869
660.0,0.057694561824233125
661.0,0.05794897392131575
662.0,0.05807367371641835
663.0,0.058136592421502535
664.0,0.05843359141790398
665.0,0.05881563261044339
666.0,0.05901866570968179
667.0,0.05900540381398671
668.0,0.05917576143141585
669.0,0.05958064824588139
670.0,0.05993352791071554
671.0,0.06018222224630316
672.0,0.0603295913838438
673.0,0.060442055718212054
674.0,0.0607091389244744
675.0,0.0608276546724774
676.0,0.06098461620044513
677.0,0.061444096580338226
678.0,0.06131935188766578
679.0,0.06141970798000765
680.0,0.061873840951803136
681.0,0.061769072050716356
682.0,0.06207256552800686
683.0,0.06234624600330546
684.0,0.06221001304257727
685.0,0.06275292034051703
686.0,0.06305983310367409
687.0,0.06312783617142577
688.0,0.06350716416406546
689.0,0.06374960303920453
690.0,0.06377988822161593
691.0,0.06375237592477595
692.0,0.06413274073881978
693.0,0.06476235635014184
694.0,0.06521615275742694
695.0,0.06517282831213066
696.0,0.06519695854314783
697.0,0.06550804236454179
698.0,0.06591929244863234
699.0,0.06594872160094192
700.0,0.06639097755937845
701.0,0.06693470893273394
702.0,0.06722068474532497
703.0,0.06722786568481831
704.0,0.06733468450569668
705.0,0.06759882280236376
706.0,0.06792123263146027
707.0,0.0682354706310302
708.0,0.06860731580108545
709.0,0.06896814961473101
710.0,0.06908853160738748
711.0,0.0693293114478193
712.0,0.06962011634722354
713.0,0.06984582915032106
714.0,0.07006406182262866
715.0,0.07039414575458929
716.0,0.07074150608293962
717.0,0.07093816984175369
718.0,0.0713036716867858
719.0,0.07168786062118657
720.0,0.07197979877164945
721.0,0.07219807149068884
722.0,0.0726368273013953
723.0,0.07295549382717721
724.0,0.07293613699085004
725.0,0.07355383978094454
726.0,0.07392870788533823
727.0,0.07394632648433445
728.0,0.07407423117990428
729.0,0.07450934025824532
730.0,0.07502857393774977
731.0,0.07545213297139075
732.0,0.0757927245104735
733.0,0.07614867880309117
734.0,0.07652807375313077
735.0,0.07688783144936212
736.0,0.07711405854745651
737.0,0.07739381618932112
738.0,0.07773756486717737
739.0,0.0780125412596535
740.0,0.0783898616851056
741.0,0.07887078954850645
742.0,0.07936035307274329
743.0,0.07962483519787181
744.0,0.0797648316079441
745.0,0.08002664527188423
746.0,0.08057663475134622
747.0,0.08088166935692373
748.0,0.08125722967886799
749.0,0.08171556909816419
750.0,0.08197543143201445
751.0,0.08237681727019444
752.0,0.08276820277093226
753.0,0.08307008505981928
754.0,0.0836028489877612
755.0,0.08390601325756351
756.0,0.08420716785119906
757.0,0.08483776493716579
758.0,0.08512239632195194
759.0,0.08549573960496372
760.0,0.08599040223037704
761.0,0.0862170646434211
762.0,0.08666564047477929
763.0,0.08723158587772879
764.0,0.0877265294065222
765.0,0.08802256160018541
766.0,0.08834885233340051
767.0,0.0886854232999627
768.0,0.08896903351694264
769.0,0.08949684030919104
770.0,0.08997999482314813
771.0,0.09037173477839032
772.0,0.0908827521327028
773.0,0.0913722555393962
774.0,0.09177280198570668
775.0,0.0921283773451447
776.0,0.09274100513394665
777.0,0.09305092050526712
778.0,0.09327080875412076
779.0,0.09378536588734947
780.0,0.0942163715830336
781.0,0.09466409414366064
782.0,0.09519103042070674
783.0,0.09579277700861002
784.0,0.09634811520173603
785.0,0.09674607418192877
786.0,0.09702604009256804
787.0,0.09749722200892876
788.0,0.09809780333101706
789.0,0.09870852668777245
790.0,0.09922173737371377
791.0,0.09972946122266485
792.0,0.10009055858663363
793.0,0.10043430681197174
794.0,0.10104965119178393
795.0,0.10152501972025726
796.0,0.10206205622050694
797.0,0.1026898587435199
798.0,0.10301123289362284
799.0,0.10347845546198478
800.0,0.10397569046885902
801.0,0.1043540467448194
802.0,0.10497162547484219
803.0,0.10552366633276739
804.0,0.1060327668786686
805.0,0.1066629946158064
806.0,0.10697255104936483
807.0,0.10734663670427091
808.0,0.1079069085210299
809.0,0.10834567285303227
810.0,0.10893949720981796
811.0,0.10956576620511446
812.0,0.11009127806981099
813.0,0.11061417191365655
814.0,0.11100429794263694
815.0,0.11140001673424962
816.0,0.11198438930304296
817.0,0.11251460668031443
818.0,0.11310724658961313
819.0,0.11376657982417576
820.0,0.1143816506425709
821.0,0.11497876724119803
822.0,0.11563838576444872
823.0,0.11628095873507327
824.0,0.11651323135741788
825.0,0.11712599517857386
826.0,0.1179401593545159
827.0,0.11857078580603594
828.0,0.11901293221410682
829.0,0.11968887769917948
830.0,0.12050264411043769
831.0,0.12107796844901987
832.0,0.12135192332976141
833.0,0.12178538862161038
834.0,0.1225025214577644
835.0,0.12320427971118723
836.0,0.12394741720986324
837.0,0.12456996930340346
838.0,0.12502446689873434
839.0,0.125566855947221
840.0,0.12614573386119263
841.0,0.1267415632163091
842.0,0.12735247064925528
843.0,0.12804258524725629
844.0,0.12874866983744496
845.0,0.1293314027973866
846.0,0.12971111889635806
847.0,0.13053703727553467
848.0,0.13122409902365928
849.0,0.1316091266950001
850.0,0.13213369839091715
851.0,0.132962213624898
852.0,0.13394808602433003
853.0,0.1347746094581757
854.0,0.13491613906494265
855.0,0.13546347530977002
856.0,0.1362641958824726
857.0,0.1369009828311699
858.0,0.1375706305856185
859.0,0.13814061353573726
860.0,0.13879365342930777
861.0,0.13976408997085882
862.0,0.14058094718869996
863.0,0.1411254470120411
864.0,0.14153977098585674
865.0,0.14216516439174842
866.0,0.14306220173873957
867.0,0.14371394837272164
868.0,0.1440818049981938
869.0,0.14497143062445364
870.0,0.14597494887193596
871.0,0.146699838741511
872.0,0.14706492665259746
873.0,0.14780471070214743
874.0,0.1485081846974075
875.0,0.14921468367777058
876.0,0.1500280987999125
877.0,0.15062318323080898
878.0,0.15137798095557
879.0,0.15212544140012746
880.0,0.15252416569673288
881.0,0.15354274643812055
882.0,0.15444923560600526
883.0,0.15509637975117543
884.0,0.15601019685860176
885.0,0.15685487169065818
886.0,0.15737100786162925
887.0,0.157789387025745
888.0,0.15900289998673062
889.0,0.1598757429187407
890.0,0.16053773441723565
891.0,0.16125257075863828
892.0,0.16182008224582234
893.0,0.16275836153529605
894.0,0.16364059962823962
895.0,0.16405220968801326
896.0,0.16479661083184832
897.0,0.16558265664846025
898.0,0.16640575650485642
899.0,0.16733655520096888
900.0,0.16807356868201648
901.0,0.16883295380895938
902.0,0.16954895660528627
903.0,0.1700251611375157
904.0,0.1707748630429799
905.0,0.1717636045898669
906.0,0.17267869311453443
907.0,0.17310230367991816
908.0,0.17401537509192674
909.0,0.17499334243663608
910.0,0.17568264129602262
911.0,0.17617146102102704
912.0,0.1768966733979818
913.0,0.17784669533368364
914.0,0.17889432424226495
915.0,0.17992283596495695
916.0,0.1808493113612257
917.0,0.18157304921000966
918.0,0.1820738433684693
919.0,0.18249956965281153
920.0,0.1829670565051879
921.0,0.18389717497418762
922.0,0.18539903557199905
923.0,0.186259053824671
924.0,0.18714255753539344
925.0,0.18789417042041098
926.0,0.18826474082776865
927.0,0.18922300358729946
928.0,0.19056992666206268
929.0,0.19163297299782253
930.0,0.1918983661236653
931.0,0.19310445505709609
932.0,0.19404625951576968
933.0,0.19439746070409758
934.0,0.19471103057074624
935.0,0.19587617400437557
936.0,0.1970351046810367
937.0,0.1979336012510795
938.0,0.19900243746452373
939.0,0.2003156890925399
940.0,0.2012714642550653
941.0,0.20170424610610016
942.0,0.20208118664291264
943.0,0.20361519370820214
944.0,0.20484273922159366
945.0,0.2053459730664111
946.0,0.2063856578979249
947.0,0.20682369732309072
948.0,0.2076110522996048
949.0,0.2088380819284979
950.0,0.20907024357208862
951.0,0.20983943619645964
952.0,0.2108785907905026
953.0,0.21187314669098664
954.0,0.212975359113629
955.0,0.21344370023211556
956.0,0.21437314631028362
957.0,0.21597737640589773
958.0,0.21639835681813518
959.0,0.2173540071701001
960.0,0.2186500221425638
961.0,0.21979361790289284
962.0,0.220618884065738
963.0,0.22153554662116848
964.0,0.22271457267287087
965.0,0.22383546732893236
966.0,0.22384014844207142
967.0,0.2243713427276444
968.0,0.2253466983059556
969.0,0.22646940414402314
970.0,0.22794272430861978
971.0,0.2297032736999132
972.0,0.23078134800063474
973.0,0.23098046011704373
974.0,0.23195025282797263
975.0,0.23267466776365014
976.0,0.23333377970150754
977.0,0.23409072897448896
978.0,0.23453113591227803
979.0,0.2357673055638583
980.0,0.23732332504788592
981.0,0.23854766989995962
982.0,0.23929578881548555
983.0,0.23962878204814325
984.0,0.2400265217454638
985.0,0.24107565023642677
986.0,0.2432421188362216
987.0,0.24442571022450707
988.0,0.2450667413682363
989.0,0.2456941344946335
990.0,0.24604912565335005
991.0,0.2462197772318385
992.0,0.24739773413108937
993.0,0.24967673237206991
994.0,0.2514264094156002
995.0,0.25183597945912994
996.0,0.25215822882135863
997.0,0.2533186618321218
998.0,0.2550980726229092
999.0,0.25539838395651804
1000.0,0.25737715858593846
1001.0,0.26846442703043943
1002.0,0.27125437429253463
1003.0,0.2726519009598384
1004.0,0.2740931488274114
1005.0,0.2727420827077618
1006.0,0.27214834305255764
1007.0,0.27217772872423157
1008.0,0.27225884234686615
1009.0,0.27314657813329846
1010.0,0.2739083258175952
1011.0,0.27470030371743714
1012.0,0.27488528331180573
1013.0,0.27603124237945975
1014.0,0.2782618295315128
1015.0,0.2818352332228457
1016.0,0.2836367726825785
1017.0,0.2856100903320446
1018.0,0.28766864462820946
1019.0,0.2905854101810755
1020.0,0.29128292767869085
1021.0,0.2922998745496548
1022.0,0.29267015079457553
1023.0,0.28881281298032246
1024.0,0.2873866105441626
1025.0,0.28963389296343045
1026.0,0.29155504722353787
1027.0,0.29444244085975996
1028.0,0.29910170071506087
1029.0,0.30178058456136847
1030.0,0.30310802644704793
1031.0,0.3046342005785116
1032.0,0.30598310200755857
1033.0,0.3056450989972165
1034.0,0.3048742727778955
1035.0,0.3038754759808934
1036.0,0.3051406200417377
1037.0,0.3076080037653396
1038.0,0.30887232255051683
1039.0,0.308770578183314
1040.0,0.3098684644868925
1041.0,0.3114100636667805
1042.0,0.312019450072365
1043.0,0.3125842989185679
1044.0,0.31492947308975106
1045.0,0.31566956552965675
1046.0,0.3145917695913631
1047.0,0.31468579512793543
1048.0,0.31626418304096243
1049.0,0.316882145013639
1050.0,0.3161982163667771
1051.0,0.3167013408250351
1052.0,0.31786376445944187
1053.0,0.3188071337775083
1054.0,0.3214470818292055
1055.0,0.32387131536403707
1056.0,0.3253240458553487
1057.0,0.3260295100862159
1058.0,0.3275529407191478
1059.0,0.32807693688246775
1060.0,0.3289949291104626
1061.0,0.3298520464030385
1062.0,0.33120923308299455
1063.0,0.3332087282673784
1064.0,0.33192252206534023
1065.0,0.33240341640150634
1066.0,0.3338991665931831
1067.0,0.3328595077546416
1068.0,0.33429276861702234
1069.0,0.33644479943729066
1070.0,0.3375582982024463
1071.0,0.3392420784295916
1072.0,0.3420840629140429
1073.0,0.34437921089362555
1074.0,0.345494440028756
1075.0,0.34625676458434
1076.0,0.34637790291804565
1077.0,0.34673557380046605
1078.0,0.3467708039788202
1079.0,0.3466978724511926
1080.0,0.3483161453114635
1081.0,0.3506520971607599
1082.0,0.35355181354455323
1083.0,0.35637289870252126
1084.0,0.3581077954534961
1085.0,0.35862095594999194
1086.0,0.36002463410436836
1087.0,0.36114498193140515
1088.0,0.36229449588040996
1089.0,0.36470638497138524
1090.0,0.3658678807193602
1091.0,0.3661626934248861
1092.0,0.36724984882991185
1093.0,0.36789284092275326
1094.0,0.3684907040886629
1095.0,0.369480779876583
1096.0,0.37054927747697464
1097.0,0.37150449113224904
1098.0,0.37276687134090586
1099.0,0.37376659843878685
1100.0,0.3743478630783499
1101.0,0.3754174552582705
1102.0,0.37662221366178905
1103.0,0.37785927217208837
1104.0,0.3792206495102109
1105.0,0.38170986849489463
1106.0,0.38354546968099035
1107.0,0.3848062213054882
1108.0,0.3864617033184122
1109.0,0.3873819606188386
1110.0,0.38775332385194206
1111.0,0.38848331233457306
1112.0,0.38978363243659225
1113.0,0.39155787996640956
1114.0,0.3928379013035989
1115.0,0.39461680888923345
1116.0,0.39574953679116465
1117.0,0.39543155328243895
1118.0,0.3966492100100568
1119.0,0.3983816495676475
1120.0,0.4010516180240511
1121.0,0.40308571767136336
1122.0,0.40418742475557295
1123.0,0.4051139505854601
1124.0,0.4057008673832402
1125.0,0.4061286431030929
1126.0,0.4074797139651501
1127.0,0.40861619526089193
1128.0,0.4091621737336425
1129.0,0.41019494250897687
1130.0,0.4120148441554364
1131.0,0.41346416090370547
1132.0,0.41477239191919324
1133.0,0.4161660982014477
1134.0,0.4175663474063776
1135.0,0.4190223538009476
1136.0,0.4199645193570813
1137.0,0.4214442649002319
1138.0,0.42344297680618503
1139.0,0.42431668749060286
1140.0,0.42514861906122353
1141.0,0.42606298532970793
1142.0,0.42721299389847534
1143.0,0.42797308961424757
1144.0,0.42936955695470685
1145.0,0.43193282687813844
1146.0,0.4334487129027505
1147.0,0.43428549731695415
1148.0,0.435664057215891
1149.0,0.4369723928805084
1150.0,0.43818679727957516
1151.0,0.43968697627257897
1152.0,0.44144630645982225
1153.0,0.44284654062723733
1154.0,0.44381523552689445
1155.0,0.44534663924307966
1156.0,0.4466321463846129
1157.0,0.44793008237661114
1158.0,0.4492768980860943
1159.0,0.4506459970323245
1160.0,0.45227740391652743
1161.0,0.4533239838542326
1162.0,0.453866075765216
1163.0,0.4547611802127834
1164.0,0.45498136833907593
1165.0,0.45590325846639895
1166.0,0.45747474445728115
1167.0,0.45936215809048647
1168.0,0.4604039168047939
1169.0,0.46242064494897234
1170.0,0.46425810227676856
1171.0,0.46522400825649596
1172.0,0.4667115749002308
1173.0,0.4685141399669466
1174.0,0.4699743559960466
1175.0,0.4714747678850328
1176.0,0.47282682220528904
1177.0,0.4740689284739882
1178.0,0.47494069051167964
1179.0,0.47498712058399417
1180.0,0.47603226921069924
1181.0,0.47723205749435543
1182.0,0.4788072853588743
1183.0,0.480958561475115
1184.0,0.48301272393330125
1185.0,0.4844343813240062
1186.0,0.4857788342440524
1187.0,0.48699176038714054
1188.0,0.4879796797223871
1189.0,0.48915302192148674
1190.0,0.4900640956925027
1191.0,0.491424257208747
1192.0,0.4933189258547891
1193.0,0.49469514043918306
1194.0,0.4961349486290839
1195.0,0.49742837018171077
1196.0,0.4979684893755279
1197.0,0.4991554335118345
1198.0,0.5008553799688549
1199.0,0.5022879242823182
1200.0,0.503250132020844
1201.0,0.5051050037460589
1202.0,0.5068152016108645
1203.0,0.5077701514117259
1204.0,0.5091410293365419
1205.0,0.5108830288635462
1206.0,0.512285940068957
1207.0,0.5134996688118656
1208.0,0.5147243537162136
1209.0,0.5158390274086804
1210.0,0.5171100670267315
1211.0,0.518129800918263
1212.0,0.5195571014270898
1213.0,0.5217543986529908
1214.0,0.5231908083478012
1215.0,0.524421123917931
1216.0,0.5256390888584208
1217.0,0.5262682380163097
1218.0,0.526854316418429
1219.0,0.5279981472732282
1220.0,0.5294542255449817
1221.0,0.5309454631614378
1222.0,0.5327763294408023
1223.0,0.5343912320288307
1224.0,0.5358495824073297
1225.0,0.5376650685443152
1226.0,0.540024834715421
1227.0,0.5416687836969222
1228.0,0.5434576813401206
1229.0,0.5446292410901435
1230.0,0.5446330508953027
1231.0,0.5452864209807351
1232.0,0.5459448104831834
1233.0,0.5466267497880223
1234.0,0.5478695170660451
1235.0,0.549456393630928
1236.0,0.5508147426532886
1237.0,0.5522014564211917
1238.0,0.5538419836628596
1239.0,0.5555993769803039
1240.0,0.5571781115952246
1241.0,0.5589260425613255
1242.0,0.5606834134161726
1243.0,0.5623887096891402
1244.0,0.5639205414087551
1245.0,0.565457154208813
1246.0,0.5669872336839447
1247.0,0.5684044328122726
1248.0,0.5696509830138177
1249.0,0.5708909016268607
1250.0,0.5721767057192954
1251.0,0.5731752695359075
1252.0,0.5742095538947147
1253.0,0.5754435425670839
1254.0,0.5768474551389269
1255.0,0.5783236796960842
1256.0,0.5799882534686477
1257.0,0.5813890922796218
1258.0,0.582901322694307
1259.0,0.5842299357946064
1260.0,0.5852081284182942
1261.0,0.586418074908204
1262.0,0.587700213329205
1263.0,0.5889426143200863
1264.0,0.5900885399355661
1265.0,0.5914811226468115
1266.0,0.5931140174139597
1267.0,0.5945685126679514
1268.0,0.5962871681022316
1269.0,0.5975948611188839
1270.0,0.5989713407088153
1271.0,0.6002005822295943
1272.0,0.6013337933325383
1273.0,0.602360681899488
1274.0,0.6035392978307913
1275.0,0.6044407449208755
1276.0,0.6058380854948618
1277.0,0.6077646992761562
1278.0,0.6092600952681237
1279.0,0.6107321651323733
1280.0,0.612255898138072
1281.0,0.6137462648827895
1282.0,0.615057369627823
1283.0,0.6162240956557101
1284.0,0.6175961420478988
1285.0,0.6186374896880782
1286.0,0.6200952758197872
1287.0,0.6221353064455529
1288.0,0.6241335912214501
1289.0,0.6257311657651773
1290.0,0.6272688226466805
1291.0,0.6287305397081308
1292.0,0.6297361895626357
1293.0,0.6311860112961595
1294.0,0.6329801291860542
1295.0,0.6344403074276749
1296.0,0.6359028246671958
1297.0,0.6372199980410895
1298.0,0.6382180421293802
1299.0,0.6394601261081408
1300.0,0.6407677020400014
1301.0,0.6420592437365282
1302.0,0.6434424874780363
1303.0,0.6447967003313746
1304.0,0.6461098066981484
1305.0,0.6474280889889709
1306.0,0.6487514656552661
1307.0,0.6501061020065019
1308.0,0.6514341391227851
1309.0,0.652660298568654
1310.0,0.6541444259465437
1311.0,0.6558069331650503
1312.0,0.6572751303431669
1313.0,0.6587843784312633
1314.0,0.6602990894883466
1315.0,0.661588456679639
1316.0,0.6631592839472698
1317.0,0.6650186458914461
1318.0,0.6667175302728007
1319.0,0.6685543817382761
1320.0,0.6701573038421703
1321.0,0.6714151274146098
1322.0,0.672978467872354
1323.0,0.674832817324074
1324.0,0.6762752296837771
1325.0,0.6778023512421364
1326.0,0.6790955734333846
1327.0,0.6801347615114456
1328.0,0.6805876454724994
1329.0,0.6815195489306328
1330.0,0.6822859228793272
1331.0,0.6837022033676264
1332.0,0.6854691472092342
1333.0,0.687277205189609
1334.0,0.6899686511489952
1335.0,0.6915350338168271
1336.0,0.6925294385097733
1337.0,0.6937292372210381
1338.0,0.694229720849568
1339.0,0.695352569982238
1340.0,0.6971318681489862
1341.0,0.6984384599974538
1342.0,0.6993394147644668
1343.0,0.7007873865791316
1344.0,0.702511389771192
1345.0,0.7040138060487826
1346.0,0.7055235918560069
1347.0,0.7075876740824623
1348.0,0.7092753341301873
1349.0,0.7107008901231858
1350.0,0.7120298055358625
1351.0,0.7134219960995162
1352.0,0.7147168956464729
1353.0,0.7155792537295833
1354.0,0.7168353356255435
1355.0,0.7183261496132879
1356.0,0.7198102598783047
1357.0,0.7213858151890461
1358.0,0.7229079455556883
1359.0,0.7244596699478805
1360.0,0.7260838580444872
1361.0,0.7277003887394281
1362.0,0.7293046403441455
1363.0,0.7311307683706764
1364.0,0.7326987663206358
1365.0,0.7340039217077597
1366.0,0.7354319148449958
1367.0,0.7370822263926224
1368.0,0.7382499132170357
1369.0,0.7392822852245325
1370.0,0.7403009627559263
1371.0,0.740932989428868
1372.0,0.7409078507210283
1373.0,0.7416314681159899
1374.0,0.7424826700449747
1375.0,0.7434398341695531
1376.0,0.7444905162007427
1377.0,0.7460256181147975
1378.0,0.7479828725677959
1379.0,0.7496263561265526
1380.0,0.7517809530797015
1381.0,0.7534869127542718
1382.0,0.7547323331173278
1383.0,0.7559760864802026
1384.0,0.7570867098161115
1385.0,0.7582423528473735
1386.0,0.759161147788984
1387.0,0.7602532210917634
1388.0,0.7618465136388841
1389.0,0.7629123897367959
1390.0,0.7635016814950076
1391.0,0.7643179630215444
1392.0,0.7652977997076612
1393.0,0.7660004082986873
1394.0,0.7672094518641236
1395.0,0.769134302479084
1396.0,0.7702368393593212
1397.0,0.7711416859975967
1398.0,0.7719673148820438
1399.0,0.7722017715876955
1400.0,0.7731351901963234
1401.0,0.7743391217029298
1402.0,0.7755369826578771
1403.0,0.7772414543445099
1404.0,0.7784711068829756
1405.0,0.7794849295835005
1406.0,0.7804435718677563
1407.0,0.7811779007285762
1408.0,0.7819486051196097
1409.0,0.7824873736189891
1410.0,0.7833927846131664
1411.0,0.7844376101151397
1412.0,0.7855351910599417
1413.0,0.7869320480454938
1414.0,0.7882755690876194
1415.0,0.7894398987273988
1416.0,0.7908866526818125
1417.0,0.7921219928718434
1418.0,0.7933498826420661
1419.0,0.7945342575276433
1420.0,0.7956380602266954
1421.0,0.7966602533049251
1422.0,0.7974578672429202
1423.0,0.7987092934466886
1424.0,0.8002553758604568
1425.0,0.8014642543818363
1426.0,0.8027760692206807
1427.0,0.8040524501529879
1428.0,0.8048618866626555
1429.0,0.8061405838327796
1430.0,0.807827090340573
1431.0,0.809428727841831
1432.0,0.8112170085137114
1433.0,0.8127936811057779
1434.0,0.8143634279486706
1435.0,0.8158326336388503
1436.0,0.8171876487299017
1437.0,0.8184133563664648
1438.0,0.8193854178167087
1439.0,0.8205920927098077
1440.0,0.8217701773436242
1441.0,0.8229567746476066
1442.0,0.8243084963657742
1443.0,0.8257869583807269
1444.0,0.8271339097377156
1445.0,0.8283728410747273
1446.0,0.8297612799844933
1447.0,0.8312202655144242
1448.0,0.8326113378257465
1449.0,0.8341648330077673
1450.0,0.8353598794614819
1451.0,0.836203138600274
1452.0,0.8374092380836393
1453.0,0.8385758690883504
1454.0,0.8398418912598543
1455.0,0.8415458449692126
1456.0,0.8428155435221514
1457.0,0.8436680188491228
1458.0,0.8448681861467959
1459.0,0.8461331898221264
1460.0,0.8473182037201876
1461.0,0.8485842750834263
1462.0,0.8499367937322244
1463.0,0.851177082113626
1464.0,0.8525790394177145
1465.0,0.8544119629284095
1466.0,0.8558958255311322
1467.0,0.8573227568436775
1468.0,0.8584426670097475
1469.0,0.859593799170539
1470.0,0.8608960440755377
1471.0,0.8622112085640056
1472.0,0.8635464872006702
1473.0,0.8652415652086247
1474.0,0.8672015553582313
1475.0,0.8687982857545167
1476.0,0.870609106189617
1477.0,0.8720693207134758
1478.0,0.8729599416161744
1479.0,0.874351135611526
1480.0,0.8759361311294855
1481.0,0.8775234194888812
1482.0,0.8793482511612756
1483.0,0.8808925985462958
1484.0,0.8824210099132738
1485.0,0.883726811250341
1486.0,0.8847466446881421
1487.0,0.8858931463999313
1488.0,0.8869303675128694
1489.0,0.8880453391573772
1490.0,0.8891051683210103
1491.0,0.8903645590055007
1492.0,0.8917670646109552
1493.0,0.893174863523372
1494.0,0.8948165698259141
1495.0,0.8963286417645332
1496.0,0.8978585086596773
1497.0,0.8992191321683561
1498.0,0.9003118734144154
1499.0,0.9015996069981755
1500.0,0.9030117871062351
1501.0,0.9042108120945292
1502.0,0.9053587355686983
1503.0,0.9066762082165645
1504.0,0.9078691140640143
1505.0,0.9086964954423783
1506.0,0.9101736795488177
1507.0,0.9119270050945613
1508.0,0.9137991475190578
1509.0,0.9162198669331694
1510.0,0.9179754269566717
1511.0,0.9196580063701808
1512.0,0.9210785092205827
1513.0,0.9219138836430014
1514.0,0.9232612186467838
1515.0,0.9248153732020392
1516.0,0.926120430336821
1517.0,0.9275852532901411
1518.0,0.9287617911460511
1519.0,0.929479846610317
1520.0,0.9305649647926433
1521.0,0.9317338879082597
1522.0,0.932900193574079
1523.0,0.934149160877094
1524.0,0.9354736914462218
1525.0,0.9367145139938653
1526.0,0.9382067572456695
1527.0,0.9400906010162067
1528.0,0.9416873246504474
1529.0,0.9433897581983006
1530.0,0.9448666734298328
1531.0,0.9459048139647891
1532.0,0.9472449485714336
1533.0,0.9487365745844818
1534.0,0.9500892081972055
1535.0,0.951559339547172
1536.0,0.9528997288823412
1537.0,0.9539917964988819
1538.0,0.955150960127366
1539.0,0.9564276797172264
1540.0,0.9577275024097496
1541.0,0.9589111709078015
1542.0,0.9600581615336617
1543.0,0.9613043826517725
1544.0,0.9624930861584252
1545.0,0.9637515558350351
1546.0,0.965137511020071
1547.0,0.9665108138047628
1548.0,0.9678373241965783
1549.0,0.9692227785674663
1550.0,0.9707349882230746
1551.0,0.9721511853127006
1552.0,0.973460657377184
1553.0,0.9749156921528095
1554.0,0.9764559721426854
1555.0,0.9779368134412766
1556.0,0.979506147838509
1557.0,0.9809575498449274
1558.0,0.9822526432704979
1559.0,0.9837128089094911
1560.0,0.9852284403270573
1561.0,0.9867162550716477
1562.0,0.9882916166284492
1563.0,0.9898034080890419
1564.0,0.991298622540449
1565.0,0.9926957763090469
1566.0,0.9941858092678636
1567.0,0.9953757558147892
1568.0,0.9961595598387095
1569.0,0.9972412850750115
1570.0,0.998164075515492
1571.0,0.9993585852713617
1572.0,1.000984888677445
1573.0,1.0023701398619438
1574.0,1.0038729082613165
1575.0,1.0051442346297295
1576.0,1.0061440013575076
1577.0,1.0072320155528538
1578.0,1.0081619236806065
1579.0,1.0092017524766437
1580.0,1.0101491225517254
1581.0,1.0114185096349555
1582.0,1.0131213333193683
1583.0,1.014528819478629
1584.0,1.016018647569562
1585.0,1.0174544512068728
1586.0,1.01858848419642
1587.0,1.0197966493696813
1588.0,1.0210233195517013
1589.0,1.0223830884314067
1590.0,1.0238039052118035
1591.0,1.0253748630309234
1592.0,1.026399737366985
1593.0,1.0273577305240802
1594.0,1.0281972667116368
1595.0,1.028394464189956
1596.0,1.0294483510986894
1597.0,1.0310253955142914
1598.0,1.03211133541972
1599.0,1.033283613801143
1600.0,1.034350240547883
1601.0,1.034873637411714
1602.0,1.0363851676004183
1603.0,1.0387328390699395
1604.0,1.0399962696361869
1605.0,1.0413112994918956
1606.0,1.0423263766492012
1607.0,1.0422992824497292
1608.0,1.0432793793720065
1609.0,1.0448872163470155
1610.0,1.0460959138732766
1611.0,1.0474046217445552
1612.0,1.048546673418235
1613.0,1.0494941353505087
1614.0,1.0505503058568064
1615.0,1.0515909480223853
1616.0,1.0526843145215157
1617.0,1.053841073607351
1618.0,1.0549095816132927
1619.0,1.0559666675633483
1620.0,1.0570102589660302
1621.0,1.0579600689791775
1622.0,1.0590181734387285
1623.0,1.0600889926511177
1624.0,1.0612690745428792
1625.0,1.0626696151294244
1626.0,1.0637752859097436
1627.0,1.0647567463354033
1628.0,1.0658681705144344
1629.0,1.0667857931175153
1630.0,1.0679176410334348
1631.0,1.069421350956962
1632.0,1.070562147880343
1633.0,1.0714648311308408
1634.0,1.0725849143101227
1635.0,1.0737431291001613
1636.0,1.0748016116381556
1637.0,1.0759134792750904
1638.0,1.077014625971403
1639.0,1.0780378199134413
1640.0,1.0789818519060415
1641.0,1.0801054741681517
1642.0,1.080909245859585
1643.0,1.081222651694481
1644.0,1.08188521049899
1645.0,1.082393935216449
1646.0,1.0832920835488455
1647.0,1.0847269180259784
1648.0,1.0858534336086612
1649.0,1.0871789056766414
1650.0,1.0882287591402884
1651.0,1.0888251927085857
1652.0,1.0897383506777163
1653.0,1.090875189029454
1654.0,1.091680632039651
1655.0,1.092402249916768
1656.0,1.093162690636909
1657.0,1.0936028951050696
1658.0,1.0942516607101846
1659.0,1.095282318637857
1660.0,1.0959853767864067
1661.0,1.096356903858201
1662.0,1.0970071130896981
1663.0,1.0974352341118463
1664.0,1.098366096521249
1665.0,1.1000158384671037
1666.0,1.1012214399844167
1667.0,1.1026649970917675
1668.0,1.1036446099060424
1669.0,1.1040085269471038
1670.0,1.1045962456587108
1671.0,1.10480814825504
1672.0,1.1055606800266575
1673.0,1.106764379439989
1674.0,1.1078411849847085
1675.0,1.1091539653630909
1676.0,1.110418153108892
1677.0,1.1115212045010632
1678.0,1.1127851930175092
1679.0,1.1144044709545986
1680.0,1.1157380571696023
1681.0,1.116810431399152
1682.0,1.1180721172580548
1683.0,1.1194911618655785
1684.0,1.1205582528344737
1685.0,1.121515548769414
1686.0,1.12260015522294
1687.0,1.1232348416344209
1688.0,1.124311810212089
1689.0,1.1258524453535488
1690.0,1.127243516563372
1691.0,1.1286631404971526
1692.0,1.1301557676857303
1693.0,1.1318849123422965
1694.0,1.133308659738794
1695.0,1.1346417699998206
1696.0,1.135899649035524
1697.0,1.1367205548773254
1698.0,1.1378701491430059
1699.0,1.139054224457733
1700.0,1.140569852479366
1701.0,1.142731207096025
1702.0,1.1442886968678656
1703.0,1.1458275262969253
1704.0,1.1472258245387377
1705.0,1.147931765517488
1706.0,1.1490472246990522
1707.0,1.1505588629538746
1708.0,1.151646033670294
1709.0,1.1527778238417856
1710.0,1.1536229831660871
1711.0,1.1536314348247654
1712.0,1.1544819375789066
1713.0,1.1559095198380331
1714.0,1.1568374862622461
1715.0,1.158302329540451
1716.0,1.1591672834817928
1717.0,1.1588046942913617
1718.0,1.159345294684442
1719.0,1.1602133907827021
1720.0,1.1610523022090793
1721.0,1.1627017954786831
1722.0,1.163352504098854
1723.0,1.1631358224375603
1724.0,1.1636375546400146
1725.0,1.163846651856601
1726.0,1.1645429751653336
1727.0,1.166072301531401
1728.0,1.167102500464496
1729.0,1.1682163976716247
1730.0,1.168812805936975
1731.0,1.1687812844840502
1732.0,1.1692884666762462
1733.0,1.1695076244027915
1734.0,1.1702814987797197
1735.0,1.1720157358343501
1736.0,1.173319681173909
1737.0,1.1744893331954376
1738.0,1.1755325387452373
1739.0,1.1763217225828804
1740.0,1.1773993018308555
1741.0,1.1787396841678057
1742.0,1.179799155238662
1743.0,1.1808002963893538
1744.0,1.1818705584332962
1745.0,1.1827477624507217
1746.0,1.183430739183705
1747.0,1.1842224829465635
1748.0,1.1848731096436405
1749.0,1.1850996717464395
1750.0,1.1862662755328233
1751.0,1.1882348545580557
1752.0,1.1889882101721005
1753.0,1.18918505839408
1754.0,1.1895304523631112
1755.0,1.1900773972484473
1756.0,1.1910153654704374
1757.0,1.192394548623287
1758.0,1.1927333467270562
1759.0,1.1932157240954344
1760.0,1.19424282235372
1761.0,1.1952821722441778
1762.0,1.196434672647294
1763.0,1.1977565947187068
1764.0,1.1985252832816047
1765.0,1.1987350440491407
1766.0,1.199842449725573
1767.0,1.2006116489717031
1768.0,1.2008231988531026
1769.0,1.2018278339294146
1770.0,1.2024933668227071
1771.0,1.2027780084139488
1772.0,1.2036784671966876
1773.0,1.205053203304583
1774.0,1.2062001425874873
1775.0,1.2070240615068635
1776.0,1.2079251860741826
1777.0,1.2087677098530722
1778.0,1.2103043403139477
1779.0,1.2127765373398152
1780.0,1.214786123742958
1781.0,1.2162998987102063
1782.0,1.2175521376494343
1783.0,1.2177059808259414
1784.0,1.2180158839529551
1785.0,1.2197866342960921
1786.0,1.2209076263932206
1787.0,1.2215278237836626
1788.0,1.2231320064308553
1789.0,1.2244070962508584
1790.0,1.2251024993743833
1791.0,1.225944653466838
1792.0,1.2269082684794965
1793.0,1.2272510648610868
1794.0,1.2272497421598902
1795.0,1.2275909732309493
1796.0,1.2272359059903
1797.0,1.2273813469070547
1798.0,1.2280100627374348
1799.0,1.2294156817655795
1800.0,1.2312045133051466
1801.0,1.2182001470691473
1802.0,1.219796885397559
1803.0,1.2208131280416132
1804.0,1.2222833825839354
1805.0,1.2236630888017015
1806.0,1.2255014003773235
1807.0,1.2286090798836677
1808.0,1.230067635340545
1809.0,1.230719479782174
1810.0,1.2318414961809399
1811.0,1.2324118768839576
1812.0,1.232951176345817
1813.0,1.233791341417983
1814.0,1.2347503147710965
1815.0,1.236341797674066
1816.0,1.2386085441373933
1817.0,1.2395116961598849
1818.0,1.2408518586863213
1819.0,1.2416626930143584
1820.0,1.240507230445407
1821.0,1.2405296652883169
1822.0,1.2406922656510588
1823.0,1.2414100534088592
1824.0,1.2437827552600693
1825.0,1.2465206069590156
1826.0,1.2481800139228887
1827.0,1.2510139402749685
1828.0,1.2515040921416964
1829.0,1.248444232936207
1830.0,1.248384956897951
1831.0,1.2475834702962172
1832.0,1.2501259134762321
1833.0,1.2544780052527662
1834.0,1.256895945195111
1835.0,1.2582870069298702
1836.0,1.2587179051327864
1837.0,1.2591621847685153
1838.0,1.2580436887147424
1839.0,1.25858733015212
1840.0,1.2604214458527214
1841.0,1.2611949060959073
1842.0,1.2615170435882237
1843.0,1.2615916749324436
1844.0,1.2611031083679929
1845.0,1.261719576036101
1846.0,1.2621501960872923
1847.0,1.2632826344771328
1848.0,1.2636803279337265
1849.0,1.2626481660329107
1850.0,1.2633016440845002
1851.0,1.2647695676637274
1852.0,1.2663866985101109
1853.0,1.2677789532209938
1854.0,1.2697175121919442
1855.0,1.2701591105197234
1856.0,1.2712340649635794
1857.0,1.2716216428347196
1858.0,1.2716354297717238
1859.0,1.271698365648037
1860.0,1.2713913701415769
1861.0,1.2709543622286077
1862.0,1.2711695120543214
1863.0,1.2717148779282654
1864.0,1.2741471744150044
1865.0,1.2746946262754342
1866.0,1.2737208288624566
1867.0,1.2734611246123557
1868.0,1.272907272255773
1869.0,1.2708849210765962
1870.0,1.2703656029661687
1871.0,1.271043829082207
1872.0,1.2711665293331693
1873.0,1.2705998909090879
1874.0,1.2689561784656738
1875.0,1.2657928514199286
1876.0,1.2626713631608806
1877.0,1.2596060758175796
1878.0,1.2564937357552977
1879.0,1.253595667452803
1880.0,1.2509924845695168
1881.0,1.248279949225551
1882.0,1.2462395600912024
1883.0,1.2421173868099848
1884.0,1.2381822156414752
1885.0,1.2360421348480815
1886.0,1.2330938130821039
1887.0,1.2293897598446297
1888.0,1.2251534637629635
1889.0,1.2184868270724778
1890.0,1.2120122900651156
1891.0,1.2037772461719751
1892.0,1.1976900052961392
1893.0,1.1918186255357204
1894.0,1.186025885834808
1895.0,1.180473902803211
1896.0,1.1740164014772099
1897.0,1.1682235706117947
1898.0,1.1623181078153038
1899.0,1.1555873909479968
1900.0,1.1492339403115779
1901.0,1.1429482944033362
1902.0,1.1363312521725093
1903.0,1.1298456252717946
1904.0,1.1242577875340707
1905.0,1.1187590634398774
1906.0,1.113008865100468
1907.0,1.1083464416718947
1908.0,1.1040724899427392
1909.0,1.100097554606311
1910.0,1.096851382666446
1911.0,1.0936758574848144
1912.0,1.0918780325580022
1913.0,1.0903767504451998
1914.0,1.0898180612499795
1915.0,1.0893008771493695
1916.0,1.0879034674468326
1917.0,1.0859964002274745
1918.0,1.0853277863051507
1919.0,1.0844089268246726
1920.0,1.0848806647611209
1921.0,1.0873106458414263
1922.0,1.0875077265598658
1923.0,1.0868709068335867
1924.0,1.0874358402134368
1925.0,1.0886125638229982
1926.0,1.0885151788838445
1927.0,1.0893242981935165
1928.0,1.092152612242735
1929.0,1.0930158286285914
1930.0,1.0939816075194029
1931.0,1.0956231575857203
1932.0,1.0950123480230094
1933.0,1.0957571482624056
1934.0,1.0977103313599776
1935.0,1.099363400798839
1936.0,1.1022174213701055
1937.0,1.1045630322598565
1938.0,1.1073201746012409
1939.0,1.1089583821481197
1940.0,1.1098948135561362
1941.0,1.1108995781789783
1942.0,1.112763618625962
1943.0,1.1140080578181368
1944.0,1.115870659561774
1945.0,1.1182695640877756
1946.0,1.1199481804384441
1947.0,1.1226254075009492
1948.0,1.1249738274314196
1949.0,1.1273054336081871
1950.0,1.1296653480201448
1951.0,1.1324140355151529
1952.0,1.1338851885453405
1953.0,1.1349045285762105
1954.0,1.136127462360234
1955.0,1.1377355685588197
1956.0,1.1394649643788197
1957.0,1.1415056206430534
1958.0,1.1439005744296058
1959.0,1.1455300898248792
1960.0,1.1459633140978893
1961.0,1.1474761337672443
1962.0,1.1495392775936564
1963.0,1.150618831742224
1964.0,1.1523621183971575
1965.0,1.1542694567388796
1966.0,1.1548148821620432
1967.0,1.1555542771864449
1968.0,1.156656207127081
1969.0,1.1582588335939084
1970.0,1.1616680540875401
1971.0,1.165639429772011
1972.0,1.1682425935370966
1973.0,1.1709573613175135
1974.0,1.1725699024695326
1975.0,1.1724293225453628
1976.0,1.1726422199196136
1977.0,1.173844600571779
1978.0,1.1749394265973525
1979.0,1.1772037481993707
1980.0,1.1801274893042522
1981.0,1.1830893007187573
1982.0,1.1856319348105857
1983.0,1.1872708794734819
1984.0,1.1888034196765607
1985.0,1.190544088987184
1986.0,1.1921344842244006
1987.0,1.1938046909103535
1988.0,1.195971772190761
1989.0,1.197547037680994
1990.0,1.1986673305745017
1991.0,1.1993253758758486
1992.0,1.2004927992569034
1993.0,1.2017743023400662
1994.0,1.2028085005621003
1995.0,1.2053089179025358
1996.0,1.2073147070818195
1997.0,1.2092997393296598
1998.0,1.2111479179710036
1999.0,1.2133299272202174
2000.0,1.214449394832157
2001.0,1.2143229053514641
2002.0,1.2163011170955293
2003.0,1.2168808531885036
2004.0,1.2182158466797721
2005.0,1.222117896429794
2006.0,1.2238406254250567
2007.0,1.2262180044636966
2008.0,1.22956420113542
2009.0,1.232651712827208
2010.0,1.236266766441081
2011.0,1.2388433172173674
2012.0,1.2409850914983995
2013.0,1.2434839168554292
2014.0,1.2457865809510418
2015.0,1.2465525600179705
2016.0,1.2491869511262317
2017.0,1.250948015145387
2018.0,1.2501618131391585
2019.0,1.2504826798200968
2020.0,1.2509511976027565
2021.0,1.2516770910433483
2022.0,1.2543426443797272
2023.0,1.256939014820152
2024.0,1.259007366737365
2025.0,1.2611274225944422
2026.0,1.263146421707059
2027.0,1.2649008254807694
2028.0,1.2662283901855047
2029.0,1.2677218560048167
2030.0,1.2683894191980347
2031.0,1.2679675220909639
2032.0,1.268866344417741
2033.0,1.2708260737340082
2034.0,1.2727917272682592
2035.0,1.2745876966570246
2036.0,1.2756850872103607
2037.0,1.2768430982037764
2038.0,1.2768983790287094
2039.0,1.2780787287505988
2040.0,1.2799619047246158
2041.0,1.281845916001535
2042.0,1.2846167077280626
2043.0,1.286156257217428
2044.0,1.2869492418315742
2045.0,1.2882175274328298
2046.0,1.2893779611352132
2047.0,1.290741531946073
2048.0,1.2926103291156055
2049.0,1.293233641563872
2050.0,1.293373919624127
2051.0,1.2932830468772636
2052.0,1.2937224835774148
2053.0,1.2948839646733687
2054.0,1.2957703538925969
2055.0,1.2971754373981483
2056.0,1.297614963189827
2057.0,1.2960665434958472
2058.0,1.2965861352432393
2059.0,1.2977568972040538
2060.0,1.2990723799292432
2061.0,1.3009545518763304
2062.0,1.3051691411448256
2063.0,1.3072377952172933
2064.0,1.3075208006672958
2065.0,1.3084777999046666
2066.0,1.3072238840215238
2067.0,1.306154578210221
2068.0,1.3036984376291498
2069.0,1.3029575909137827
2070.0,1.3025120368964151
2071.0,1.3026183192449978
2072.0,1.3035666363730876
2073.0,1.3043593529622772
2074.0,1.3054910045256445
2075.0,1.3064626445585332
2076.0,1.307214952462658
2077.0,1.3091872447896817
2078.0,1.3094733459429326
2079.0,1.3093648701241387
2080.0,1.3092836411509818
2081.0,1.3091704587950181
2082.0,1.310299829368501
2083.0,1.312892499951889
2084.0,1.3142719278110675
2085.0,1.3163294428020773
2086.0,1.3174552603983354
2087.0,1.3172386550793074
2088.0,1.3179290923108122
2089.0,1.3189261589354337
2090.0,1.3189973913907271
2091.0,1.321391150341775
2092.0,1.323956093803077
2093.0,1.3250991041009155
2094.0,1.327467787772198
2095.0,1.326914686600989
2096.0,1.3245440570633675
2097.0,1.3238295319261544
2098.0,1.3223937307660802
2099.0,1.322712282713834
2100.0,1.324736281886725
2101.0,1.3258156303414608
2102.0,1.32842606380286
2103.0,1.3288730990857813
2104.0,1.3273775709736235
2105.0,1.3276149023092705
2106.0,1.3276756711306763
2107.0,1.3272396110446474
2108.0,1.3296279266346611
2109.0,1.3297940740416303
2110.0,1.3304659373329288
2111.0,1.3316045917132386
2112.0,1.3313763425790517
2113.0,1.3333981244740896
2114.0,1.33508912557541
2115.0,1.3372078764893733
2116.0,1.3384245277512234
2117.0,1.3396283588992657
2118.0,1.3407220468797616
2119.0,1.341243659164483
2120.0,1.3419940748704882
2121.0,1.3434603690573084
2122.0,1.3439998457038018
2123.0,1.3429028243675207
2124.0,1.342684797814048
2125.0,1.3428623616018065
2126.0,1.3431361879041186
2127.0,1.3420129461157047
2128.0,1.3448405011200146
2129.0,1.3446224383032759
2130.0,1.3426035234364944
2131.0,1.3413639330144695
2132.0,1.338137998888677
2133.0,1.3368646285448882
2134.0,1.3364583012534763
2135.0,1.3357271261958652
2136.0,1.335500090906639
2137.0,1.3357800076203517
2138.0,1.3361764436007753
2139.0,1.3361609186302397
2140.0,1.3368959846813862
2141.0,1.3374501551594724
2142.0,1.3367764741670123
2143.0,1.3374478309426974
2144.0,1.3393241818875534
2145.0,1.3396524232547133
2146.0,1.3389616063177316
2147.0,1.3383316045433116
2148.0,1.3391084576616554
2149.0,1.3394491901540344
2150.0,1.3397436247370318
2151.0,1.3396094510280174
2152.0,1.3383303557076573
2153.0,1.3335393303518175
2154.0,1.3334141446155963
2155.0,1.3347572031308228
2156.0,1.3366605949895487
2157.0,1.3430025817366016
2158.0,1.345537044819148
2159.0,1.3473310008086252
2160.0,1.3472002313711882
2161.0,1.3430008953121986
2162.0,1.3411527560974195
2163.0,1.3388242628550202
2164.0,1.3371185859445653
2165.0,1.3380546385496017
2166.0,1.339522664116038
2167.0,1.338245053576401
2168.0,1.3380870056738539
2169.0,1.3385544395058666
2170.0,1.3378890516858886
2171.0,1.338376232114079
2172.0,1.3408518896251913
2173.0,1.3415954761362798
2174.0,1.3416446440392755
2175.0,1.3419166338059703
2176.0,1.3414109775497578
2177.0,1.3412297430698221
2178.0,1.3418937798096937
2179.0,1.3416893476945433
2180.0,1.3418601014478335
2181.0,1.3409406644501507
2182.0,1.3379284662658046
2183.0,1.335642752660497
2184.0,1.3320971431638713
2185.0,1.330374019743966
2186.0,1.331292481331666
2187.0,1.3326945791643723
2188.0,1.3350279960920972
2189.0,1.3366713868562314
2190.0,1.3362009098949224
2191.0,1.3344594444778095
2192.0,1.3329005923768302
2193.0,1.3331577962117007
2194.0,1.3327312170802095
2195.0,1.3321826293556704
2196.0,1.3326405032829887
2197.0,1.3332384829438315
2198.0,1.334273165099741
2199.0,1.337866654763699
2200.0,1.339262859809076
2201.0,1.3396867005012945
2202.0,1.3396831358709118
2203.0,1.3366061647368226
2204.0,1.336340019061218
2205.0,1.3380474116811836
2206.0,1.338562392680081
2207.0,1.3395355338643329
2208.0,1.3417266331773507
2209.0,1.3399796716169297
2210.0,1.3366685193873216
2211.0,1.3337118019665088
2212.0,1.3308525770536188
2213.0,1.3286158015657759
2214.0,1.3283524423634652
2215.0,1.3283005341534906
2216.0,1.327639025697845
2217.0,1.3301037889530822
2218.0,1.3363820412494232
2219.0,1.338551745478365
2220.0,1.3422549198759604
2221.0,1.3430734884975242
2222.0,1.3383523948819747
2223.0,1.3360767734311563
2224.0,1.3337901406050099
2225.0,1.3327634367353711
2226.0,1.3320495837149005
2227.0,1.3329313024728486
2228.0,1.3360793605821644
2229.0,1.3382844908710316
2230.0,1.342185477058737
2231.0,1.3434898427446196
2232.0,1.3435332359175196
2233.0,1.342935891835112
2234.0,1.3395027569781626
2235.0,1.339347822386944
2236.0,1.3382542422356296
2237.0,1.334949867149759
2238.0,1.336897678423091
2239.0,1.3353505303442017
2240.0,1.33399036586585
2241.0,1.3352644899061366
2242.0,1.3344178609965651
2243.0,1.3351892022417593
2244.0,1.3367098934559158
2245.0,1.3364728232265963
2246.0,1.3366072019485997
2247.0,1.335316363607605
2248.0,1.3351040668206295
2249.0,1.336356998612146
2250.0,1.3367518530703428
2251.0,1.337351847106252
2252.0,1.3365043836797097
2253.0,1.3348668361863714
2254.0,1.3325076565832525
2255.0,1.3270452857813917
2256.0,1.3249082496713425
2257.0,1.3236275563296962
2258.0,1.3228451510539492
2259.0,1.3266382637914196
2260.0,1.3263089644491555
2261.0,1.3231054228942656
2262.0,1.3212592167177386
2263.0,1.3182167239076708
2264.0,1.316300212464346
2265.0,1.3169317586646636
2266.0,1.3157110375361767
2267.0,1.3167033093194718
2268.0,1.31778806608984
2269.0,1.3183374447898026
2270.0,1.3225671460922108
2271.0,1.3267320510696623
2272.0,1.3291693586538982
2273.0,1.330271393694133
2274.0,1.3290254436750153
2275.0,1.3269184083327632
2276.0,1.323467502001156
2277.0,1.3235273090702069
2278.0,1.3292306078891132
2279.0,1.3277452039319513
2280.0,1.3242587824973266
2281.0,1.3217650217610801
2282.0,1.3131990811980006
2283.0,1.311880461126439
2284.0,1.316016506704122
2285.0,1.3172814059555922
2286.0,1.3210455431735024
2287.0,1.3216473601869565
2288.0,1.31944972008684
2289.0,1.3185298926925288
2290.0,1.316761902596263
2291.0,1.316068096563904
2292.0,1.3168769445785846
2293.0,1.3167332195788666
2294.0,1.3160284642424305
2295.0,1.3152518919256666
2296.0,1.3140515142731402
2297.0,1.3130554766602742
2298.0,1.3102980536651776
2299.0,1.31045628611017
2300.0,1.3093622908541642
2301.0,1.3090472009585434
2302.0,1.3139897316137705
2303.0,1.3137801427371918
2304.0,1.3114278118709546
2305.0,1.3101887883920844
2306.0,1.3050255005151286
2307.0,1.3041354407111763
2308.0,1.307429592722721
2309.0,1.3069226262950429
2310.0,1.307180847113165
2311.0,1.3100061717609914
2312.0,1.3113215193215462
2313.0,1.3115860187312678
2314.0,1.3128656954693159
2315.0,1.3106828721635846
2316.0,1.3044410383979002
2317.0,1.3014765333552216
2318.0,1.2989741271800006
2319.0,1.2970997103183057
2320.0,1.2987644318951956
2321.0,1.3050964175972026
2322.0,1.3097742529963121
2323.0,1.3161274701265955
2324.0,1.322313649273867
2325.0,1.330308706054578
2326.0,1.3343409378362485
2327.0,1.3373609240494198
2328.0,1.336897794513527
2329.0,1.3320085736764276
2330.0,1.3313086778882308
2331.0,1.3306405371926717
2332.0,1.3300050184195475
2333.0,1.3302051472023595
2334.0,1.3281270511893024
2335.0,1.3229984650004278
2336.0,1.3220788043088774
2337.0,1.322924626418944
2338.0,1.323164952427582
2339.0,1.327880396645649
2340.0,1.3273183690139234
2341.0,1.324304148071317
2342.0,1.321330800702257
2343.0,1.3143169591893111
2344.0,1.3078465801603383
2345.0,1.2996410584166622
2346.0,1.2951639172247802
2347.0,1.2878010023897806
2348.0,1.2922757190677472
2349.0,1.3014867079304022
2350.0,1.3067464467763368
2351.0,1.3118221736630182
2352.0,1.309667005698114
2353.0,1.3072480272961933
2354.0,1.3039826309236726
2355.0,1.305898088602008
2356.0,1.312050935023108
2357.0,1.3127109125016065
2358.0,1.3133826335105465
2359.0,1.3122912868685477
2360.0,1.3040538089813631
2361.0,1.2966275958296338
2362.0,1.2945441849873605
2363.0,1.2863235055350049
2364.0,1.2831439280703938
2365.0,1.2895512715394792
2366.0,1.2864385103606277
2367.0,1.2893616955553573
2368.0,1.2984166600843938
2369.0,1.297434128966045
2370.0,1.3037087878948312
2371.0,1.3095403551482798
2372.0,1.3068154618344205
2373.0,1.3074623215705221
2374.0,1.3047560574074129
2375.0,1.3010823825106104
2376.0,1.3040374299277941
2377.0,1.3045258910166173
2378.0,1.2993398478165366
2379.0,1.2977932539388606
2380.0,1.291196085961714
2381.0,1.2808098588534766
2382.0,1.2768120705110895
2383.0,1.2684933583528728
2384.0,1.2667319168714128
2385.0,1.2726143592314045
2386.0,1.2749645488208925
2387.0,1.2815656561797744
2388.0,1.2858868739689648
2389.0,1.286003004597361
2390.0,1.2874846778839424
2391.0,1.286107465866673
2392.0,1.278588823852428
2393.0,1.2691184143402992
2394.0,1.261500386143949
2395.0,1.247417881644964
2396.0,1.2402096954923263
2397.0,1.244370035292486
2398.0,1.2373473010876384
2399.0,1.240220400152439
2400.0,1.2485887688519106
2401.0,1.2400370190862655
2402.0,1.2341601953392403
2403.0,1.222530707406015
2404.0,1.2102670545998577
2405.0,1.2012009890880295
2406.0,1.1929681717199068
2407.0,1.2056404945917174
2408.0,1.2151822337532894
2409.0,1.216016896592247
2410.0,1.227728601734748
2411.0,1.2300327547003405
2412.0,1.2197611791084362
2413.0,1.2158365246127332
2414.0,1.216271564547194
2415.0,1.2153693535676833
2416.0,1.213199792186573
2417.0,1.2137053914414433
2418.0,1.2099840205462125
2419.0,1.197305341718465
2420.0,1.1871671622412494
2421.0,1.1822680591018169
2422.0,1.1883155977477258
2423.0,1.1937419136362932
2424.0,1.205944963735336
2425.0,1.2189186211673007
2426.0,1.2134930018170986
2427.0,1.2218190840326704
2428.0,1.2161070270417724
2429.0,1.1930941487337958
2430.0,1.1850433525197979
2431.0,1.1780570488616713
2432.0,1.179115281068412
2433.0,1.188728822660573
2434.0,1.1981264762707564
2435.0,1.2022615983746507
2436.0,1.2076081985637237
2437.0,1.2133890257631592
2438.0,1.2165544391955418
2439.0,1.2133395919979428
2440.0,1.193610326829326
2441.0,1.1784743357761056
2442.0,1.170210215111395
2443.0,1.1612972983638739
2444.0,1.1521776916117386
2445.0,1.1471445041609034
2446.0,1.1415089761402335
2447.0,1.1336885461380035
2448.0,1.1374401149105593
2449.0,1.1418785510580414
2450.0,1.1550386884176462
2451.0,1.1688091460439618
2452.0,1.1691083620017908
2453.0,1.1795916200224779
2454.0,1.1891598304022257
2455.0,1.2005239410109512
2456.0,1.233873588842515
2457.0,1.2490244745581494
2458.0,1.2189590705661195
2459.0,1.160144944129784
2460.0,1.108285234288513
2461.0,1.0755740287292082
2462.0,1.0718987941935112
2463.0,1.1145870456659006
2464.0,1.155082956853467
2465.0,1.1827033815044241
2466.0,1.1916328722716505
2467.0,1.1736250992869683
2468.0,1.1397210905045814
2469.0,1.1057217200384062
2470.0,1.1148533351084855
2471.0,1.1103048560995212
2472.0,1.1115521077318788
2473.0,1.1216819406484428
2474.0,1.115955336781752
2475.0,1.1039320944904765
2476.0,1.105187111611862
2477.0,1.1067129532566813
2478.0,1.1047302727261723
2479.0,1.111264702879199
2480.0,1.1147543202938552
2481.0,1.1019672910726634
2482.0,1.1071952031594396
2483.0,1.1383703795012723
2484.0,1.1567106534333074
2485.0,1.1907085347387676
2486.0,1.1812728973514606
2487.0,1.1262593236527205
2488.0,1.0979179303227387
2489.0,1.0425672725998467
2490.0,1.0324581828665351
2491.0,1.0780012251215576
2492.0,1.0803747123153569
2493.0,1.0880160310355187
2494.0,1.082884702016638
2495.0,1.0235830056330608
2496.0,1.0269564608451065
2497.0,1.066820196146841
2498.0,1.0859674911620338
2499.0,1.1460822028692117
2500.0,1.1369759744478707
