350.0,-0.1797810873390426
351.0,-0.1552972474827243
352.0,-0.13352514607862162
353.0,-0.07874785189445353
354.0,-0.0825524289199458
355.0,-0.06796083041388096
356.0,-0.004738255072067799
357.0,-0.07125464365672725
358.0,-0.04953205736290801
359.0,0.007803164012708782
360.0,0.00037564471427540814
361.0,0.0039082043615275746
362.0,-0.008922840060267414
363.0,-0.025948486765124876
364.0,-0.020697694542987047
365.0,-0.026187461121542098
366.0,-0.016382236637173905
367.0,-0.0018172629921816888
368.0,-0.015249847263005057
369.0,-0.007715679566791233
370.0,0.00028432024150636673
371.0,-0.0008984066131305544
372.0,-5.917706491235241e-05
373.0,0.009117910469446181
374.0,0.016043848047354852
375.0,0.01323486988441924
376.0,0.002140118470374541
377.0,0.010693825026420817
378.0,0.01867495764318358
379.0,0.009333091541995199
380.0,0.009244900473942897
381.0,0.013558130610511945
382.0,0.02194187722205014
383.0,0.03140691268022009
384.0,0.023698809212344758
385.0,0.021141616509486955
386.0,0.02901204116252036
387.0,0.03688348796481999
388.0,0.012405564913989031
389.0,0.009143991329592796
390.0,0.032415880228509275
391.0,0.03816404820810077
392.0,0.03309600312230116
393.0,0.02336025588691875
394.0,0.018901421224531204
395.0,0.033688260901096945
396.0,0.029053379756699124
397.0,0.020859141511076
398.0,0.025215850600822914
399.0,0.02747629176645521
400.0,0.026224084392521572
401.0,0.02729462138086198
402.0,0.03438358685690556
403.0,0.03253977031463957
404.0,0.032779563897316094
405.0,0.037051095676454225
406.0,0.040867239049843844
407.0,0.038486138027037445
408.0,0.038017356978818403
409.0,0.03961689712559817
410.0,0.03560734505975448
411.0,0.03619618672120012
412.0,0.04155534222453541
413.0,0.046322708187643946
414.0,0.03879940239785703
415.0,0.03472929428178713
416.0,0.03679089512074407
417.0,0.04230907177345918
418.0,0.04553076402908245
419.0,0.04206399835673502
420.0,0.03915308221586823
421.0,0.045405837280109315
422.0,0.046292259075193846
423.0,0.043724663135217556
424.0,0.04026058742059212
425.0,0.037856546826316964
426.0,0.036736537779745164
427.0,0.03995819475462351
428.0,0.04558738459155206
429.0,0.04378979166654142
430.0,0.045087610500937805
431.0,0.047257381621362636
432.0,0.04645092366086832
433.0,0.04319176566202337
434.0,0.04215737885390557
435.0,0.04372848770715519
436.0,0.04567238308735624
437.0,0.04412739878163635
438.0,0.04376317622721746
439.0,0.04491395352308764
440.0,0.04376429067152078
441.0,0.04311157283277664
442.0,0.044353912626526604
443.0,0.04646567409886393
444.0,0.04439410784175999
445.0,0.045127118635365136
446.0,0.046119094821574884
447.0,0.04409290230788687
448.0,0.043592673258224565
449.0,0.04406750412080376
450.0,0.04457454447035907
451.0,0.04430907309778095
452.0,0.045546650557284
453.0,0.044755482328205545
454.0,0.04269700687275252
455.0,0.045588582530938164
456.0,0.04568189962719736
457.0,0.04462328341844015
458.0,0.04473601665179138
459.0,0.044641365874940615
460.0,0.045789962883940404
461.0,0.04635700589793114
462.0,0.04433912779663972
463.0,0.04385062434130814
464.0,0.044532597565615936
465.0,0.04547128477660178
466.0,0.045653542644325626
467.0,0.046453430806882606
468.0,0.04648043385833074
469.0,0.045428752816559725
470.0,0.045818471439115355
471.0,0.04518760086045403
472.0,0.044569093590782004
473.0,0.04530647108341346
474.0,0.04564682955750362
475.0,0.045723407509798565
476.0,0.0456813156912656
477.0,0.04561796558774287
478.0,0.04503949786741226
479.0,0.04567935804692888
480.0,0.04716952074445092
481.0,0.045786100879852555
482.0,0.04528198096741285
483.0,0.04554854818143943
484.0,0.045775956651615865
485.0,0.04648142426067891
486.0,0.04648161312761903
487.0,0.04595684703651975
488.0,0.04586480917462653
489.0,0.04672438348378652
490.0,0.04642089354961764
491.0,0.04527908772024324
492.0,0.0468899342701412
493.0,0.04750543577719687
494.0,0.046612898881477134
495.0,0.04525233531818045
496.0,0.046767096037371975
497.0,0.04649974295106186
498.0,0.045464921462251166
499.0,0.04683316520883774
500.0,0.04770347272404664
501.0,0.04792609743177835
502.0,0.04774886541195171
503.0,0.047581185818673634
504.0,0.04715152213437939
505.0,0.046232450858225534
506.0,0.04530901015099693
507.0,0.04698348842466104
508.0,0.0476816558613812
509.0,0.047434772616096146
510.0,0.047792281608015054
511.0,0.048003311055866
512.0,0.0476469444460813
513.0,0.04700703300974864
514.0,0.04710299660565718
515.0,0.04757107467595354
516.0,0.04790365658889319
517.0,0.0477986052380154
518.0,0.04755244201753494
519.0,0.04757147154223118
520.0,0.04774536111052146
521.0,0.047757063665177735
522.0,0.04788134377887196
523.0,0.04784787360192374
524.0,0.047813215187124815
525.0,0.04847781990502754
526.0,0.04850918454980704
527.0,0.048053137046820765
528.0,0.04766758369983864
529.0,0.048020288865182906
530.0,0.048358890982161486
531.0,0.048631335933046096
532.0,0.04905879319567487
533.0,0.04870857487737915
534.0,0.04859782927099553
535.0,0.048969519129296646
536.0,0.04874238316352813
537.0,0.04883902203796274
538.0,0.04914565354397197
539.0,0.04932000694386046
540.0,0.04919151772646172
541.0,0.04907047348434761
542.0,0.04917282268011201
543.0,0.04954703378436674
544.0,0.04930052923310592
545.0,0.0493765779050618
546.0,0.05001136578209863
547.0,0.04989407553701273
548.0,0.049809611824740266
549.0,0.049846468234074744
550.0,0.04988682092813145
551.0,0.049828622758622765
552.0,0.04977360501936493
553.0,0.049751157979677066
554.0,0.04974445485946116
555.0,0.050058386528593755
556.0,0.05038735850422715
557.0,0.050486363049412265
558.0,0.05041510925050772
559.0,0.050418343080105905
560.0,0.05059844123483472
561.0,0.05089940948507504
562.0,0.050785625163226426
563.0,0.05080051089408824
564.0,0.05095434380331733
565.0,0.050675406917653695
566.0,0.050726159615412374
567.0,0.05102645199936174
568.0,0.05134244008809154
569.0,0.05155844435080579
570.0,0.05159855098223598
571.0,0.05149644216432562
572.0,0.051385289521298796
573.0,0.051609923902778534
574.0,0.051832495132809395
575.0,0.05185128760131158
576.0,0.051745728800602624
577.0,0.05190889039914111
578.0,0.052209999407529954
579.0,0.05240839274152941
580.0,0.05248987248516586
581.0,0.05236421321190046
582.0,0.052196552581007805
583.0,0.052298769153456326
584.0,0.05249770994263935
585.0,0.052819895487083234
586.0,0.053124293288555655
587.0,0.05286582793997962
588.0,0.05292955079432258
589.0,0.05319354857606615
590.0,0.053261124355473956
591.0,0.05323062884806494
592.0,0.05346811662899918
593.0,0.05381453156860213
594.0,0.05362656897149029
595.0,0.05349059580270864
596.0,0.05364013014601134
597.0,0.05402047735349441
598.0,0.05401040023336596
599.0,0.054058416839116816
600.0,0.05423472789010657
601.0,0.054430920216367994
602.0,0.05472212510245816
603.0,0.05476668589618191
604.0,0.05458062695407325
605.0,0.05471607781937238
606.0,0.054955012974405894
607.0,0.05519562111146295
608.0,0.05538510834366055
609.0,0.05560160844649676
610.0,0.05551278522258167
611.0,0.055418247630182084
612.0,0.055963633361895304
613.0,0.05600620748799918
614.0,0.05586665281280014
615.0,0.05590593446838711
616.0,0.05612325159065655
617.0,0.056248653111383724
618.0,0.05642751770166362
619.0,0.05684621164701893
620.0,0.05698348914936884
621.0,0.057102767106985655
622.0,0.057313841937758486
623.0,0.057506469307544786
624.0,0.05748183697745974
625.0,0.05744525676545169
626.0,0.05759974017354253
627.0,0.05789707510136682
628.0,0.05801276771106438
629.0,0.058064158778734415
630.0,0.05836648094437549
631.0,0.05858842034749925
632.0,0.058685088613915574
633.0,0.058692651656822886
634.0,0.0587146975435138
635.0,0.058816037468380745
636.0,0.05903318141814469
637.0,0.05935465180559088
638.0,0.0596812835969125
639.0,0.05983080855527919
640.0,0.05990146839450774
641.0,0.06019710714007851
642.0,0.060344228972740104
643.0,0.060483291133407786
644.0,0.06072238490913687
645.0,0.06089587875388204
646.0,0.06101941710069474
647.0,0.06118380555806834
648.0,0.061451579955115576
649.0,0.061446365993848145
650.0,0.06152958263452353
651.0,0.06187043911821352
652.0,0.06233342124506533
653.0,0.062432309288949696
654.0,0.06253744657132314
655.0,0.06294067728744647
656.0,0.06293458866980595
657.0,0.06289026791866512
658.0,0.0630822129580299
659.0,0.06362066495859542
660.0,0.06369382935599514
661.0,0.06377665267193601
662.0,0.06411963185455494
663.0,0.0642753794614145
664.0,0.06465537929071408
665.0,0.0649522767572175
666.0,0.06484616781026928
667.0,0.06506902961650522
668.0,0.06539054203669263
669.0,0.06574699343516462
670.0,0.0662308968106077
671.0,0.06612669172270948
672.0,0.0661329572639053
673.0,0.06668916255451036
674.0,0.06694125172687099
675.0,0.06715181189717763
676.0,0.06738739882540064
677.0,0.06763846261914339
678.0,0.06787755911884134
679.0,0.06811077805052361
680.0,0.0683418419800094
681.0,0.06856927965892776
682.0,0.06882059942748249
683.0,0.06898739651775022
684.0,0.06908870199074346
685.0,0.06974663163246364
686.0,0.06999605844574036
687.0,0.06992220448867423
688.0,0.0702568517939942
689.0,0.07061126934339536
690.0,0.07084249337002976
691.0,0.07096680030852659
692.0,0.07121793276826038
693.0,0.07164657518641128
694.0,0.07206300166860598
695.0,0.07228064872203546
696.0,0.07254920128213205
697.0,0.07287073964387654
698.0,0.07320087688610331
699.0,0.07346633553714242
700.0,0.0737040032600315
701.0,0.07395604705020013
702.0,0.07428458077202015
703.0,0.07484588993649163
704.0,0.0751011652644342
705.0,0.07518961031569901
706.0,0.07549991449268617
707.0,0.07593786051944115
708.0,0.07636222971566078
709.0,0.0766846204922156
710.0,0.07688940942608051
711.0,0.07727172272617534
712.0,0.07764330902715938
713.0,0.07784631056922153
714.0,0.07818651466732231
715.0,0.07840444512524058
716.0,0.07860361834227829
717.0,0.07904560108220578
718.0,0.07950123234737312
719.0,0.07983613594587124
720.0,0.08009098769167684
721.0,0.08054544400917929
722.0,0.08092929664654237
723.0,0.08123044452852049
724.0,0.08153918914470731
725.0,0.08207048352146686
726.0,0.08236358295275936
727.0,0.08248109983754592
728.0,0.0828363849827897
729.0,0.08320361617061964
730.0,0.08364089467618502
731.0,0.08411422442658775
732.0,0.08434957060301959
733.0,0.08466453454179618
734.0,0.08509164254408941
735.0,0.08555590491622535
736.0,0.08598531451673243
737.0,0.08627845430986965
738.0,0.0865898943808307
739.0,0.08723171385810022
740.0,0.08760613950274397
741.0,0.0879659072435865
742.0,0.08846112093227841
743.0,0.08871315285347524
744.0,0.08907176538243569
745.0,0.08946593584653054
746.0,0.08976003409959223
747.0,0.09031330951442502
748.0,0.09085219240860704
749.0,0.09122739896895093
750.0,0.09146206632248431
751.0,0.09189897572416308
752.0,0.09231594197596617
753.0,0.0926082532670813
754.0,0.09321165776445603
755.0,0.09370489152045426
756.0,0.09412312148317603
757.0,0.09461410791005434
758.0,0.09487777767874975
759.0,0.09541573089067705
760.0,0.09613842378763465
761.0,0.09638924617319124
762.0,0.09685764869485688
763.0,0.09741289139021063
764.0,0.09789740015544025
765.0,0.09848644965041921
766.0,0.0988267683268046
767.0,0.09910018956346493
768.0,0.09962710558761154
769.0,0.10022435005393537
770.0,0.10078420261660469
771.0,0.10127139969153685
772.0,0.10172050189525889
773.0,0.10208432729680303
774.0,0.10250374675536837
775.0,0.10304581584920611
776.0,0.10355156845837263
777.0,0.10396406878124383
778.0,0.10448050189336973
779.0,0.10523736517812003
780.0,0.10550987938861398
781.0,0.10582560346834521
782.0,0.10644071993874185
783.0,0.10725947038101526
784.0,0.10766650152479817
785.0,0.1080682460577268
786.0,0.10871554591567079
787.0,0.10917289692612316
788.0,0.10966893388600364
789.0,0.11020147210370938
790.0,0.11070833285343554
791.0,0.1111979039516113
792.0,0.11165017828776246
793.0,0.11211437370650389
794.0,0.11268408883134638
795.0,0.11331280216519309
796.0,0.11388216071790597
797.0,0.11440025856105357
798.0,0.11510421186473944
799.0,0.11562409177161982
800.0,0.11600719050487598
801.0,0.11643429498650734
802.0,0.1170919560542834
803.0,0.11774215887055754
804.0,0.11825530243226474
805.0,0.11863530880293009
806.0,0.11928172942792876
807.0,0.11984268842430315
808.0,0.12029201136831469
809.0,0.12110261567173884
810.0,0.12183892092379413
811.0,0.12245297104491276
812.0,0.1230059781122344
813.0,0.12360430827820004
814.0,0.1241963785490617
815.0,0.12471981751155944
816.0,0.1251590167724385
817.0,0.12578849381791998
818.0,0.12641447604047557
819.0,0.12699036908698597
820.0,0.1276224756668266
821.0,0.12830388009341964
822.0,0.12890684901331467
823.0,0.12940662364682412
824.0,0.1299854477942988
825.0,0.1306752287105971
826.0,0.13144817765587022
827.0,0.1322231811323339
828.0,0.1328523554974345
829.0,0.1334354745883094
830.0,0.13404524274066998
831.0,0.13471361990019887
832.0,0.1352804467598528
833.0,0.13601290031294344
834.0,0.13688434262903942
835.0,0.13752862194048363
836.0,0.1381830178593654
837.0,0.13877797729132146
838.0,0.1392984858802822
839.0,0.13995769546885536
840.0,0.14060698424572662
841.0,0.14127400144234292
842.0,0.14202250896058355
843.0,0.14285272920252057
844.0,0.14359875745074907
845.0,0.1441395593220193
846.0,0.1444961072788155
847.0,0.14537822692254007
848.0,0.14628621533296557
849.0,0.1470029010048545
850.0,0.14776448696394126
851.0,0.14850065331612972
852.0,0.14910170263905612
853.0,0.14960431108721609
854.0,0.15033325080977789
855.0,0.1513361266289718
856.0,0.15225076421019765
857.0,0.15277329832506736
858.0,0.15331200834463155
859.0,0.15387079223292985
860.0,0.154491177322766
861.0,0.15522701314775236
862.0,0.156164228464052
863.0,0.15695365747476764
864.0,0.1576848654315822
865.0,0.15879533087648642
866.0,0.15949550928066164
867.0,0.15996262187600788
868.0,0.1604704008033768
869.0,0.16117862570071204
870.0,0.16201500387583037
871.0,0.16299993872875992
872.0,0.16404910701428793
873.0,0.16476278218742707
874.0,0.16537232107770977
875.0,0.165922626776891
876.0,0.16646141618720064
877.0,0.16731548044837927
878.0,0.16827859153750183
879.0,0.16922296237961598
880.0,0.1700818829317507
881.0,0.17075087251741922
882.0,0.17135598307667296
883.0,0.17204830833754636
884.0,0.17293662811842456
885.0,0.1736815614298076
886.0,0.1746186620092351
887.0,0.17577193153725518
888.0,0.17656104081224888
889.0,0.17742337048015033
890.0,0.1781342850750095
891.0,0.17862913149137027
892.0,0.179585464929359
893.0,0.18019283638697356
894.0,0.1808015368279128
895.0,0.1818947370801393
896.0,0.18303053988141652
897.0,0.18386772647753138
898.0,0.18451838871355722
899.0,0.1852848171936193
900.0,0.18607845143539464
901.0,0.1869531092784729
902.0,0.18798514535441643
903.0,0.1891770880392875
904.0,0.18992780449399072
905.0,0.1907758001281383
906.0,0.19178064671141998
907.0,0.1924347700534987
908.0,0.19292506694375325
909.0,0.1938453035875347
910.0,0.1951415499878165
911.0,0.19583068368839027
912.0,0.19693516697931504
913.0,0.19783739092297414
914.0,0.19825599805939711
915.0,0.1991900808944886
916.0,0.20018287616429675
917.0,0.20124546191750697
918.0,0.20230094851144642
919.0,0.20272104696798102
920.0,0.2033283365821324
921.0,0.2042034585291994
922.0,0.20516169954974184
923.0,0.20614726837061254
924.0,0.20681808096322188
925.0,0.20754442230994188
926.0,0.20879026304124326
927.0,0.2098885375069138
928.0,0.21081136182696184
929.0,0.21173136992933292
930.0,0.21280098367989267
931.0,0.21340223620187782
932.0,0.21406006214933798
933.0,0.21498231704150314
934.0,0.21603226314284735
935.0,0.21687858988943248
936.0,0.21778985113138602
937.0,0.21877478896985386
938.0,0.21961431574444937
939.0,0.22059466352570456
940.0,0.22189586050766782
941.0,0.2232220602066291
942.0,0.2239154960974862
943.0,0.22467365387347876
944.0,0.22553301449627366
945.0,0.22662657228439365
946.0,0.22819542496842457
947.0,0.22862111959354076
948.0,0.22919849185573055
949.0,0.23031862059387684
950.0,0.23053616713740185
951.0,0.23190544355980436
952.0,0.23367117341242666
953.0,0.23494507972782566
954.0,0.23559430075878404
955.0,0.23665549463241217
956.0,0.23738326176976643
957.0,0.23767305306094186
958.0,0.23908467516467413
959.0,0.24026306132703978
960.0,0.24116713904311146
961.0,0.24222317057773332
962.0,0.24409452539818885
963.0,0.24472100023179827
964.0,0.2451123660882776
965.0,0.24614899558817152
966.0,0.24692596856733448
967.0,0.24779105667537896
968.0,0.2490263075113878
969.0,0.2505673570987885
970.0,0.25170905850160896
971.0,0.2531963998073847
972.0,0.25411287526340903
973.0,0.25422560174218306
974.0,0.2553438767308975
975.0,0.2570191530293943
976.0,0.25833333580218387
977.0,0.25876581751800465
978.0,0.2587998017641774
979.0,0.25986891983596505
980.0,0.26158911533431883
981.0,0.2630514145503861
982.0,0.26346447926060207
983.0,0.26470105429306856
984.0,0.26595611220263016
985.0,0.2666235728273042
986.0,0.26756104660914226
987.0,0.26905021696902764
988.0,0.2700835639091173
989.0,0.27045163799539135
990.0,0.2715453126281177
991.0,0.2723147871212384
992.0,0.2731190132073266
993.0,0.2743263491584988
994.0,0.27591276795914915
995.0,0.27779153057943445
996.0,0.2796439480334666
997.0,0.2810088833614264
998.0,0.28138292425840417
999.0,0.2806936803302393
1000.0,0.2814308266471355
1001.0,0.29181221644039546
1002.0,0.29163469935162445
1003.0,0.291924417670469
1004.0,0.29309280636925916
1005.0,0.2956359384457129
1006.0,0.2938099497704235
1007.0,0.29506755169996673
1008.0,0.29662760619825274
1009.0,0.2968247381395669
1010.0,0.3009929481082705
1011.0,0.30456857958604633
1012.0,0.3053294018800133
1013.0,0.3058964216688318
1014.0,0.3067318391866782
1015.0,0.30615123123075266
1016.0,0.30672015479679954
1017.0,0.30781366558013584
1018.0,0.3103066006883394
1019.0,0.31197370206718894
1020.0,0.3133693211811662
1021.0,0.3159733877340253
1022.0,0.3163834981779368
1023.0,0.3154897140793233
1024.0,0.3153064193744412
1025.0,0.3157737714493697
1026.0,0.3167222203517238
1027.0,0.31743112655302175
1028.0,0.3196670146884629
1029.0,0.32113067583931365
1030.0,0.3217707265494585
1031.0,0.3220655958084905
1032.0,0.32502222702107225
1033.0,0.3266237317963948
1034.0,0.32721709224498596
1035.0,0.3285863738406042
1036.0,0.32887641716160676
1037.0,0.32828313320876745
1038.0,0.3297595417695439
1039.0,0.3322801160506208
1040.0,0.3335433553842036
1041.0,0.3353135781042309
1042.0,0.33501088540959356
1043.0,0.335021920277429
1044.0,0.33362934874445294
1045.0,0.3350744822461204
1046.0,0.3370734179593811
1047.0,0.33998497751697726
1048.0,0.34295616875287493
1049.0,0.34445178676912486
1050.0,0.3459962607825436
1051.0,0.34744383029751935
1052.0,0.34963070517011396
1053.0,0.34970609763723853
1054.0,0.34900653668955206
1055.0,0.3503007500448643
1056.0,0.35127646922432776
1057.0,0.3517550641053563
1058.0,0.3548816404889747
1059.0,0.3575701277959811
1060.0,0.3584738735957757
1061.0,0.3603102254194768
1062.0,0.36158927813784575
1063.0,0.36282345830994744
1064.0,0.36347281280348903
1065.0,0.3647887981130494
1066.0,0.36609434319634365
1067.0,0.366946792777128
1068.0,0.36817745394625867
1069.0,0.3677373205007903
1070.0,0.3673873188219437
1071.0,0.36748566170392344
1072.0,0.3675305617155051
1073.0,0.3676451013605687
1074.0,0.36905505974711816
1075.0,0.37074041162519145
1076.0,0.37269665491277354
1077.0,0.3749484260868392
1078.0,0.37807195743586597
1079.0,0.38049668194105085
1080.0,0.38099334386054867
1081.0,0.38219458691355684
1082.0,0.3831714134810516
1083.0,0.38296214203452794
1084.0,0.3839372571182556
1085.0,0.386213362005494
1086.0,0.38779888582226724
1087.0,0.389114151581281
1088.0,0.39081561060860465
1089.0,0.3931908976433599
1090.0,0.3955986137149987
1091.0,0.39621452108015676
1092.0,0.3969172084481148
1093.0,0.3974550624135984
1094.0,0.39653600617817186
1095.0,0.3969938492251289
1096.0,0.39869755917137056
1097.0,0.4006670463045451
1098.0,0.4030947945310993
1099.0,0.40508964148925286
1100.0,0.4076428132783798
1101.0,0.4093906512585251
1102.0,0.41050324108100195
1103.0,0.4114071821576515
1104.0,0.4129346766667465
1105.0,0.4137821872555414
1106.0,0.41454994621448504
1107.0,0.41602960315206045
1108.0,0.41697702961392696
1109.0,0.41803784578963593
1110.0,0.41948088985643045
1111.0,0.42010066137272717
1112.0,0.42130748840718185
1113.0,0.422763580267325
1114.0,0.4242449288476166
1115.0,0.4259060953465345
1116.0,0.42758733932466086
1117.0,0.4296174289419957
1118.0,0.4310382477096383
1119.0,0.4323241836078339
1120.0,0.4334093340929042
1121.0,0.4339060643841092
1122.0,0.43436893144668276
1123.0,0.4353043750938595
1124.0,0.4364775001703481
1125.0,0.4382114143245903
1126.0,0.439809513222537
1127.0,0.4411363072405141
1128.0,0.442059465109682
1129.0,0.443649100834393
1130.0,0.4456048632927917
1131.0,0.44701325383115453
1132.0,0.4485784102035564
1133.0,0.44999470735617164
1134.0,0.4508050364114272
1135.0,0.451942209713401
1136.0,0.4537131445409256
1137.0,0.4551684634717928
1138.0,0.4567382833623987
1139.0,0.45793743741674
1140.0,0.458639932528446
1141.0,0.45982592441124165
1142.0,0.46113569540277116
1143.0,0.462579329485261
1144.0,0.46411088593317357
1145.0,0.46612891214010777
1146.0,0.46742108899154916
1147.0,0.46813778840031833
1148.0,0.46925854417985907
1149.0,0.46986001873000877
1150.0,0.4714693293987326
1151.0,0.4736110166936375
1152.0,0.47596292488459907
1153.0,0.4783780345593839
1154.0,0.47993630314876834
1155.0,0.48085819616446196
1156.0,0.4817504440039723
1157.0,0.48293416489439406
1158.0,0.48411569259499576
1159.0,0.48532239725066967
1160.0,0.4867978467221201
1161.0,0.4880279650487376
1162.0,0.48894815108068024
1163.0,0.4900290209259648
1164.0,0.49121332174766946
1165.0,0.4924698895795066
1166.0,0.49366946978863124
1167.0,0.49498206778510395
1168.0,0.49667358114334864
1169.0,0.4981761557009053
1170.0,0.4999467018381369
1171.0,0.5015351761514573
1172.0,0.5029623357361679
1173.0,0.5041702608538833
1174.0,0.5054961006015176
1175.0,0.5069635179188737
1176.0,0.5080465104700235
1177.0,0.5084542130452813
1178.0,0.5098429044137566
1179.0,0.5118477019828875
1180.0,0.5131632527595804
1181.0,0.5147447296090985
1182.0,0.5162920760199128
1183.0,0.5168574534279325
1184.0,0.5172808308286351
1185.0,0.5191009216983218
1186.0,0.5210037152519749
1187.0,0.5224800864539825
1188.0,0.5242930713803501
1189.0,0.5254967321896941
1190.0,0.5258715940484879
1191.0,0.526957346958075
1192.0,0.5278262623978743
1193.0,0.5294150733907893
1194.0,0.5320757961539128
1195.0,0.5337751204737838
1196.0,0.5355344789256177
1197.0,0.5370862800539267
1198.0,0.5381263400346905
1199.0,0.5387186205717008
1200.0,0.540070775629209
1201.0,0.5416570984087038
1202.0,0.5430281475155888
1203.0,0.5442640776723895
1204.0,0.5454853229342151
1205.0,0.5464548703935385
1206.0,0.5477822854222169
1207.0,0.5493783532763966
1208.0,0.5506754306284866
1209.0,0.5520793596282748
1210.0,0.5532545665877869
1211.0,0.5538475780217217
1212.0,0.5549595157693549
1213.0,0.5562803950376488
1214.0,0.5576493779501741
1215.0,0.559334420478936
1216.0,0.5610569048094173
1217.0,0.5622481938295071
1218.0,0.5631306182239473
1219.0,0.5645285761517035
1220.0,0.5656972617609198
1221.0,0.5674369601762007
1222.0,0.5702184290711331
1223.0,0.5717317049322638
1224.0,0.5725134471378954
1225.0,0.5741108457432478
1226.0,0.575577504420034
1227.0,0.5771224746870538
1228.0,0.5795161124994568
1229.0,0.5811156246482373
1230.0,0.5818304785405565
1231.0,0.5830518574196815
1232.0,0.5841628758195434
1233.0,0.5857218758181103
1234.0,0.5873110540790286
1235.0,0.589136040744551
1236.0,0.5904971291677662
1237.0,0.591565851927799
1238.0,0.593014117216038
1239.0,0.5944033475928351
1240.0,0.5958218910669393
1241.0,0.5974048346148781
1242.0,0.5991002231989611
1243.0,0.6008463504989554
1244.0,0.6024337606268212
1245.0,0.6042834711445868
1246.0,0.6058439698280405
1247.0,0.6072302180673265
1248.0,0.6083874863273817
1249.0,0.609148648408307
1250.0,0.6102104158003548
1251.0,0.6112166390960835
1252.0,0.6119829678844999
1253.0,0.6133652597848405
1254.0,0.6152458600442499
1255.0,0.6169162052243792
1256.0,0.618895021196221
1257.0,0.6204635731845612
1258.0,0.6219403108161078
1259.0,0.6232736625508719
1260.0,0.6241222038117531
1261.0,0.6254642319402609
1262.0,0.6271527170051727
1263.0,0.6284413621140502
1264.0,0.6298835104235371
1265.0,0.6310863819028392
1266.0,0.6315146042779216
1267.0,0.632558524456944
1268.0,0.6340239590043419
1269.0,0.6353140389367806
1270.0,0.6366650888977354
1271.0,0.6383074781682576
1272.0,0.6396316193251617
1273.0,0.6407581160274243
1274.0,0.6419083053303277
1275.0,0.6428705821534564
1276.0,0.6442062283525997
1277.0,0.6456167982801033
1278.0,0.6471010744594784
1279.0,0.6491382359595883
1280.0,0.6505857007313858
1281.0,0.6515810790743369
1282.0,0.6528683873984673
1283.0,0.654209933030626
1284.0,0.6553177106385237
1285.0,0.6562518678887954
1286.0,0.6574693602237726
1287.0,0.6585872677245239
1288.0,0.6596762746423245
1289.0,0.6611923270013591
1290.0,0.6632529933972834
1291.0,0.6649657301739035
1292.0,0.6667420599743257
1293.0,0.6683879313154724
1294.0,0.6700089587186596
1295.0,0.6715165346852585
1296.0,0.6730510308009708
1297.0,0.6742562254686273
1298.0,0.6751141758342639
1299.0,0.6761671977781158
1300.0,0.6767538367752539
1301.0,0.6779646463587299
1302.0,0.679583764859518
1303.0,0.6812533844375036
1304.0,0.683707589778761
1305.0,0.6854654045798346
1306.0,0.6869672086810487
1307.0,0.6881514897708815
1308.0,0.6897500163496113
1309.0,0.69102115207553
1310.0,0.6927418113770256
1311.0,0.6950847216193232
1312.0,0.6969192359815684
1313.0,0.698619304410667
1314.0,0.7002376513871741
1315.0,0.7017906663996828
1316.0,0.7032278246044286
1317.0,0.7043433073071002
1318.0,0.7057769501334857
1319.0,0.7071249902383644
1320.0,0.7087731097871031
1321.0,0.7111627708198629
1322.0,0.7128075683744453
1323.0,0.7142422895274725
1324.0,0.7155958395362056
1325.0,0.716161716887498
1326.0,0.7172070387733884
1327.0,0.7184398456832353
1328.0,0.7199795892584168
1329.0,0.7212651119836457
1330.0,0.7226422970458186
1331.0,0.7239407911493281
1332.0,0.7250651557884876
1333.0,0.7263625520360502
1334.0,0.7278612388280425
1335.0,0.7291512656600737
1336.0,0.7303622043049776
1337.0,0.7315583543986298
1338.0,0.7325724570864113
1339.0,0.733781765463362
1340.0,0.735223889695173
1341.0,0.7364196463829624
1342.0,0.7371515768119657
1343.0,0.7385677864426214
1344.0,0.7402402402627284
1345.0,0.7419222890359815
1346.0,0.7439193291318065
1347.0,0.7464014462876587
1348.0,0.748411480281542
1349.0,0.7502251583521261
1350.0,0.7520293261883293
1351.0,0.7539345935065566
1352.0,0.7554129226445796
1353.0,0.7564355741843289
1354.0,0.7578178573236263
1355.0,0.7591624238630471
1356.0,0.760477318921546
1357.0,0.7619771637484666
1358.0,0.7633771637677151
1359.0,0.7645539984684966
1360.0,0.7658654011381286
1361.0,0.7674336728556598
1362.0,0.7686820223265758
1363.0,0.7697003008918663
1364.0,0.7708194559783984
1365.0,0.7719070146911048
1366.0,0.772867539672663
1367.0,0.7735289771865019
1368.0,0.7745732999023365
1369.0,0.7759017643975442
1370.0,0.7773426252479568
1371.0,0.7787337949954269
1372.0,0.7805363487101444
1373.0,0.7819822165358078
1374.0,0.783182892889622
1375.0,0.7843545933352696
1376.0,0.7854138896144403
1377.0,0.786812894578028
1378.0,0.7883205059422775
1379.0,0.7896483692527284
1380.0,0.7912120364296692
1381.0,0.7925637693363441
1382.0,0.7933095093511751
1383.0,0.7946333759983584
1384.0,0.796712233232484
1385.0,0.7980649425711972
1386.0,0.799237871326314
1387.0,0.8003354754269622
1388.0,0.8006741496173776
1389.0,0.8014806160291885
1390.0,0.8025426336401469
1391.0,0.8037503869469133
1392.0,0.8050314432400927
1393.0,0.8066324527260956
1394.0,0.8077652039876918
1395.0,0.8089016746509456
1396.0,0.8097582600117234
1397.0,0.8100114553160246
1398.0,0.810946850265406
1399.0,0.8121180635664148
1400.0,0.8131792086071685
1401.0,0.8144611121782682
1402.0,0.8157016476683752
1403.0,0.8169522431350433
1404.0,0.8179883359824791
1405.0,0.8191026825608899
1406.0,0.8200888973186201
1407.0,0.8205282948003019
1408.0,0.8214308394549626
1409.0,0.8226201836032733
1410.0,0.8237373964221822
1411.0,0.8250940454460068
1412.0,0.8263081580707006
1413.0,0.8274091607736687
1414.0,0.8284858612807767
1415.0,0.8297640460530971
1416.0,0.8309194419095833
1417.0,0.8321255216352099
1418.0,0.8334278882384973
1419.0,0.8346752540345079
1420.0,0.8359505812219303
1421.0,0.8369963764433443
1422.0,0.8379434872415842
1423.0,0.8389223774691572
1424.0,0.8395787968481008
1425.0,0.8406653984750851
1426.0,0.8419494534303171
1427.0,0.8432657867211745
1428.0,0.8448974240229847
1429.0,0.8462897612298339
1430.0,0.847708179324678
1431.0,0.8490293086961698
1432.0,0.8500949627663014
1433.0,0.8513061029524822
1434.0,0.8524905800590106
1435.0,0.8537823903005075
1436.0,0.8553811575319159
1437.0,0.856694670058212
1438.0,0.8579928885330611
1439.0,0.859169476207481
1440.0,0.8599200143936627
1441.0,0.8602513335185704
1442.0,0.860875483634714
1443.0,0.8616267865395485
1444.0,0.8626835444966525
1445.0,0.8642099634229059
1446.0,0.8654580168407245
1447.0,0.8667997250873567
1448.0,0.8679676951597142
1449.0,0.8688666192831909
1450.0,0.8701873940765887
1451.0,0.8715470017558107
1452.0,0.8731331636763334
1453.0,0.8752652069051051
1454.0,0.8768895306966311
1455.0,0.8783694519419105
1456.0,0.8798627478385908
1457.0,0.8811288831648367
1458.0,0.8825192370200056
1459.0,0.8840912032442632
1460.0,0.8854440606362268
1461.0,0.8866104697618888
1462.0,0.8878560856458644
1463.0,0.8889400613938815
1464.0,0.8902251731225426
1465.0,0.8916872527387136
1466.0,0.8931485111935213
1467.0,0.8948257412942338
1468.0,0.896300551149077
1469.0,0.8976026744094113
1470.0,0.8989046616676319
1471.0,0.9002691677897774
1472.0,0.901508916128006
1473.0,0.9029064550378391
1474.0,0.9045209140140648
1475.0,0.9058693405058794
1476.0,0.9070300756079462
1477.0,0.9084880975035702
1478.0,0.910021029714568
1479.0,0.9114604191925195
1480.0,0.9131381092878624
1481.0,0.914505176636243
1482.0,0.9156024044114401
1483.0,0.9167844588043164
1484.0,0.9177204401463976
1485.0,0.919055794066164
1486.0,0.9205652124877882
1487.0,0.9221381365452052
1488.0,0.9242519917130068
1489.0,0.9257869316620881
1490.0,0.9270080785588338
1491.0,0.9282290559684481
1492.0,0.9289456604611105
1493.0,0.9301829405007928
1494.0,0.9317061061982937
1495.0,0.9332300456695272
1496.0,0.9351307223378315
1497.0,0.9367608747781385
1498.0,0.938173538105553
1499.0,0.9397155800025925
1500.0,0.9412661830253938
1501.0,0.9428491346893324
1502.0,0.9443206119880736
1503.0,0.9457021959327493
1504.0,0.9468749658419813
1505.0,0.9477404612021666
1506.0,0.9487991789406615
1507.0,0.9497292542518012
1508.0,0.9509624393975823
1509.0,0.9525035845451792
1510.0,0.9535717619016281
1511.0,0.9544901289801968
1512.0,0.9556479347900161
1513.0,0.9564826515227617
1514.0,0.9577626533676088
1515.0,0.959580428224083
1516.0,0.9611100173801103
1517.0,0.9626263893060624
1518.0,0.9641544139698136
1519.0,0.9657725835074126
1520.0,0.9671709870674023
1521.0,0.9684825655351755
1522.0,0.9697131703236269
1523.0,0.9705422089886296
1524.0,0.9718356385024672
1525.0,0.9735078587309398
1526.0,0.9748314362046687
1527.0,0.9763194370185996
1528.0,0.9775736184614755
1529.0,0.9782125948760206
1530.0,0.9793206529780218
1531.0,0.9807305886916757
1532.0,0.9819851698478782
1533.0,0.9834205835278705
1534.0,0.984732277389302
1535.0,0.9857897577004902
1536.0,0.986986553747088
1537.0,0.988449114877502
1538.0,0.9895127303806798
1539.0,0.9905383471536395
1540.0,0.9918239960698229
1541.0,0.9931993793037203
1542.0,0.9946066039879826
1543.0,0.996065768115055
1544.0,0.9977614906025378
1545.0,0.9992920264936784
1546.0,1.000775090580583
1547.0,1.0021308629414885
1548.0,1.0036011045978899
1549.0,1.004598173937364
1550.0,1.0050596722393812
1551.0,1.0060723644562881
1552.0,1.007119646791914
1553.0,1.0080850580384448
1554.0,1.0092156709533413
1555.0,1.010434900302663
1556.0,1.0115695946600038
1557.0,1.0127215435848798
1558.0,1.0142433546730614
1559.0,1.0154136118924948
1560.0,1.0160864036333164
1561.0,1.0171821448887022
1562.0,1.0183643966299336
1563.0,1.0196885441114252
1564.0,1.0215381767627847
1565.0,1.0227776206353723
1566.0,1.0234712377889204
1567.0,1.0247992004381
1568.0,1.0262281922041527
1569.0,1.0275021081195204
1570.0,1.0293315613170806
1571.0,1.0307586787883491
1572.0,1.0316247093506317
1573.0,1.0326661268046493
1574.0,1.033920740456898
1575.0,1.034877651550774
1576.0,1.0355444301218046
1577.0,1.036302803492048
1578.0,1.0367010529572902
1579.0,1.0375650818107274
1580.0,1.0385892339790603
1581.0,1.0398820038458327
1582.0,1.041984144219276
1583.0,1.0434913679107154
1584.0,1.0448198133527298
1585.0,1.046125634032734
1586.0,1.0470283004746244
1587.0,1.0480108082032866
1588.0,1.0491831956239428
1589.0,1.050205564201148
1590.0,1.051128737828417
1591.0,1.051835930071249
1592.0,1.0528519220601709
1593.0,1.0539341143354786
1594.0,1.0549430104990254
1595.0,1.0560610308820892
1596.0,1.0571498299461077
1597.0,1.0582015592295917
1598.0,1.0591053059561697
1599.0,1.0598594906926688
1600.0,1.0611164779123383
1601.0,1.062375826010845
1602.0,1.0638156974534003
1603.0,1.0658206168757147
1604.0,1.0674399817244475
1605.0,1.0690487080856057
1606.0,1.0701706922892307
1607.0,1.0710760568683937
1608.0,1.0720029118087349
1609.0,1.072439995065125
1610.0,1.0732015613916663
1611.0,1.074153201389552
1612.0,1.075127111325736
1613.0,1.0760596533314395
1614.0,1.0770852437190686
1615.0,1.0783009361981197
1616.0,1.0794703514776711
1617.0,1.080636571047385
1618.0,1.0817504345191038
1619.0,1.0828886889928462
1620.0,1.084039140694861
1621.0,1.0850589708340113
1622.0,1.0862639881274605
1623.0,1.0877274595262203
1624.0,1.0889153208531024
1625.0,1.0902278522455089
1626.0,1.0910887543362575
1627.0,1.091502555249444
1628.0,1.092122487926143
1629.0,1.0924453666509393
1630.0,1.0930755262630296
1631.0,1.0937375786190233
1632.0,1.094788745445493
1633.0,1.0962273558456124
1634.0,1.0974982861219118
1635.0,1.099087778035836
1636.0,1.1004570851141264
1637.0,1.1016540359092255
1638.0,1.1028198228979604
1639.0,1.1039438970070317
1640.0,1.1050621538035201
1641.0,1.1061068410502803
1642.0,1.107107866685294
1643.0,1.1081216777937895
1644.0,1.109121491754725
1645.0,1.1101690252968597
1646.0,1.1109023521583299
1647.0,1.111407211034975
1648.0,1.1120281570767505
1649.0,1.1122800910580284
1650.0,1.1129508835973367
1651.0,1.1140944926711245
1652.0,1.1149065482512248
1653.0,1.1155828943812154
1654.0,1.1165225084248473
1655.0,1.1174900952564581
1656.0,1.1184680732788437
1657.0,1.1199318860974556
1658.0,1.1208288318511654
1659.0,1.1212573948422961
1660.0,1.1218396417914698
1661.0,1.1221735906829584
1662.0,1.1226214264515084
1663.0,1.1231376510081923
1664.0,1.1237176555029438
1665.0,1.1242899021883637
1666.0,1.1249740304025886
1667.0,1.1257427537535862
1668.0,1.1266188733994598
1669.0,1.1276532804076522
1670.0,1.1286197350349436
1671.0,1.129909791782366
1672.0,1.1307324191214523
1673.0,1.130913556746985
1674.0,1.1317265746656358
1675.0,1.1322831849463473
1676.0,1.1334807827931794
1677.0,1.1361612789847744
1678.0,1.1375355756676644
1679.0,1.1383637929747434
1680.0,1.1393970535939026
1681.0,1.1392087947792797
1682.0,1.1402166674975276
1683.0,1.1423969172030453
1684.0,1.14411505321947
1685.0,1.1462412666677675
1686.0,1.1481353520030808
1687.0,1.1499130230891055
1688.0,1.151331695805458
1689.0,1.152451731621874
1690.0,1.153616350945093
1691.0,1.1544310186344875
1692.0,1.1553797220474238
1693.0,1.156479359245626
1694.0,1.1575408259782298
1695.0,1.1585077481923387
1696.0,1.1595126681562773
1697.0,1.1606676387088015
1698.0,1.1616390835266495
1699.0,1.1622658979603355
1700.0,1.1633174443110035
1701.0,1.164587153627474
1702.0,1.1658738304625085
1703.0,1.167459612458904
1704.0,1.1688149698403945
1705.0,1.1699724982806938
1706.0,1.1712399290655333
1707.0,1.1726509152239715
1708.0,1.1739144164957764
1709.0,1.1751401687948613
1710.0,1.1763280784021313
1711.0,1.177316996512986
1712.0,1.1785119204514103
1713.0,1.179763845808828
1714.0,1.1810037101788233
1715.0,1.182500186166467
1716.0,1.183507466761749
1717.0,1.1842664343673877
1718.0,1.1851440105880433
1719.0,1.1857912958422767
1720.0,1.1865837483650057
1721.0,1.1876690345965477
1722.0,1.1883380193487632
1723.0,1.1884414384209474
1724.0,1.1890686299918343
1725.0,1.1900077619906817
1726.0,1.190578635680181
1727.0,1.1911539243041283
1728.0,1.1918517690777528
1729.0,1.1919723621777296
1730.0,1.19274930448397
1731.0,1.1943461773756772
1732.0,1.1957296190003464
1733.0,1.1976850918249986
1734.0,1.198605774493331
1735.0,1.1988608764908706
1736.0,1.1991102507830116
1737.0,1.1984517410969293
1738.0,1.198848895711907
1739.0,1.1999105944117556
1740.0,1.2007220838158792
1741.0,1.201850573174179
1742.0,1.2025746136023965
1743.0,1.2027730210415701
1744.0,1.2037217897706154
1745.0,1.2049806506603364
1746.0,1.2058094451766408
1747.0,1.2069497567416585
1748.0,1.2079719339678248
1749.0,1.2086812674340357
1750.0,1.2096031031160996
1751.0,1.2109353968262153
1752.0,1.2114420969601374
1753.0,1.2112791102893226
1754.0,1.2118621987108709
1755.0,1.2117365185111766
1756.0,1.2122089520752228
1757.0,1.213563396479078
1758.0,1.2142644925227695
1759.0,1.2154389188317016
1760.0,1.2156298779234027
1761.0,1.2152694558216828
1762.0,1.2160702832753585
1763.0,1.2167580782572893
1764.0,1.218250763073049
1765.0,1.2198216441354985
1766.0,1.2206616466757423
1767.0,1.2209892513180276
1768.0,1.2213719955779134
1769.0,1.2229591969831823
1770.0,1.224383471307916
1771.0,1.2258639086565235
1772.0,1.2270008192052169
1773.0,1.2268981443323177
1774.0,1.226562670761448
1775.0,1.226955642225138
1776.0,1.2278653360141805
1777.0,1.2284883898620615
1778.0,1.2294226025717994
1779.0,1.230643103317587
1780.0,1.2317922862531738
1781.0,1.232792971679224
1782.0,1.233718411025769
1783.0,1.2348797464299939
1784.0,1.2364129367566252
1785.0,1.2381567672651321
1786.0,1.2404936220198515
1787.0,1.241932832643361
1788.0,1.2417143165900577
1789.0,1.242839075023693
1790.0,1.2433844613260265
1791.0,1.2439142445316849
1792.0,1.2446352339094264
1793.0,1.2455626363666676
1794.0,1.2468344313652602
1795.0,1.2477011576244315
1796.0,1.2489447259500543
1797.0,1.2495769624351534
1798.0,1.249304572273151
1799.0,1.2496543579842279
1800.0,1.2500214141629724
1801.0,1.242523807303912
1802.0,1.2424047556602487
1803.0,1.2429182256861353
1804.0,1.2442326199016025
1805.0,1.2458263449069789
1806.0,1.2474868698028334
1807.0,1.2502383307733838
1808.0,1.2522529064114043
1809.0,1.2542311511921365
1810.0,1.2556522828236847
1811.0,1.2575172082266652
1812.0,1.257545834776809
1813.0,1.2579174672047382
1814.0,1.2595444332607821
1815.0,1.2608895939235816
1816.0,1.2631455140871073
1817.0,1.264467114028197
1818.0,1.2659076112410854
1819.0,1.2661486918471891
1820.0,1.2644912821382785
1821.0,1.2648881469518936
1822.0,1.2659853214675925
1823.0,1.2663418010606216
1824.0,1.2681821430634455
1825.0,1.268611828807274
1826.0,1.2692880211882074
1827.0,1.2689317118407148
1828.0,1.2695057832959378
1829.0,1.270570562394767
1830.0,1.27195698619966
1831.0,1.2742070347899563
1832.0,1.2754012301198525
1833.0,1.275517966413946
1834.0,1.2764543582688985
1835.0,1.2778843482670401
1836.0,1.2789639002557147
1837.0,1.2802901774653677
1838.0,1.2832857494841403
1839.0,1.2846364086945787
1840.0,1.2847750427194196
1841.0,1.285288139003632
1842.0,1.2870426029939825
1843.0,1.2871495312106724
1844.0,1.2851351053306104
1845.0,1.2841391502483535
1846.0,1.283480310737896
1847.0,1.280798562181865
1848.0,1.2813463064894148
1849.0,1.2848504105946341
1850.0,1.2867750113895091
1851.0,1.289822253984558
1852.0,1.2918090879587742
1853.0,1.2910049456819002
1854.0,1.2918022218124101
1855.0,1.2912896491353973
1856.0,1.2893742630390042
1857.0,1.2889038489229123
1858.0,1.288685861980071
1859.0,1.288922775431007
1860.0,1.2896946748326652
1861.0,1.2913421695213219
1862.0,1.2917062710954776
1863.0,1.2914531667030422
1864.0,1.291206698149725
1865.0,1.2916792719034897
1866.0,1.291521801748633
1867.0,1.2932117808689363
1868.0,1.2937095355602972
1869.0,1.2928665902887169
1870.0,1.2924313554062286
1871.0,1.2925764934527733
1872.0,1.291260148918733
1873.0,1.290429486226527
1874.0,1.2902982623374677
1875.0,1.2902654694058662
1876.0,1.290300286320476
1877.0,1.2896197159216825
1878.0,1.28817715656755
1879.0,1.2863840809723857
1880.0,1.2833126481670505
1881.0,1.2812952068654544
1882.0,1.2796357712132318
1883.0,1.2779541083181816
1884.0,1.2747828171048892
1885.0,1.2716743324727358
1886.0,1.2683634407798654
1887.0,1.263639026853925
1888.0,1.2599683885232915
1889.0,1.255655594003154
1890.0,1.2508977670762194
1891.0,1.245347699616787
1892.0,1.239917976331606
1893.0,1.2339924952980728
1894.0,1.2285699255361593
1895.0,1.222663236456595
1896.0,1.2173176433740849
1897.0,1.212563068175222
1898.0,1.207738435553597
1899.0,1.2030215702423555
1900.0,1.1969875857536925
1901.0,1.1915597138027985
1902.0,1.186017114676519
1903.0,1.180731715781931
1904.0,1.1761585466871602
1905.0,1.1721949418955897
1906.0,1.16743838545761
1907.0,1.1632581038543839
1908.0,1.1586922066101553
1909.0,1.1554012182957003
1910.0,1.1537570178685717
1911.0,1.1516824007889666
1912.0,1.1497845052570206
1913.0,1.1477053774758432
1914.0,1.1451146371790442
1915.0,1.1429917596193686
1916.0,1.1417645607822948
1917.0,1.141691775238237
1918.0,1.14345200493467
1919.0,1.1441773062611078
1920.0,1.1447240257548004
1921.0,1.1447308906880576
1922.0,1.1430282753009038
1923.0,1.1429992767246053
1924.0,1.1432963103792315
1925.0,1.1441919855021956
1926.0,1.1443319078307557
1927.0,1.145422196974639
1928.0,1.146133401530583
1929.0,1.1462507374242734
1930.0,1.1476986293096654
1931.0,1.1496008369105843
1932.0,1.1508116925547147
1933.0,1.1517641082202994
1934.0,1.1535467146814224
1935.0,1.1553355955251314
1936.0,1.157538514706284
1937.0,1.1595697494204449
1938.0,1.1621706970120809
1939.0,1.1633766903143052
1940.0,1.1647810306620379
1941.0,1.1662403086390654
1942.0,1.1682016305310976
1943.0,1.170542724742062
1944.0,1.1719713698168872
1945.0,1.173455366909684
1946.0,1.1746044138640093
1947.0,1.1757304814288867
1948.0,1.177408341050234
1949.0,1.179679244927029
1950.0,1.1823404657374277
1951.0,1.1844911787175354
1952.0,1.1861472474617374
1953.0,1.1884422710545544
1954.0,1.1906763245399448
1955.0,1.1932017923807883
1956.0,1.1956773053579606
1957.0,1.1970789024799517
1958.0,1.197285344414874
1959.0,1.1981697045234763
1960.0,1.1983427620023743
1961.0,1.1999804319859977
1962.0,1.2026992167901787
1963.0,1.2050275662158225
1964.0,1.2077991256485938
1965.0,1.2098427127757405
1966.0,1.2109125958261562
1967.0,1.2134519993567099
1968.0,1.215710982856134
1969.0,1.2170046106199126
1970.0,1.2177788971161916
1971.0,1.2178464525000734
1972.0,1.2190688143701072
1973.0,1.2207194098908394
1974.0,1.222324035414287
1975.0,1.2246110093755689
1976.0,1.2271448344515359
1977.0,1.229087800060308
1978.0,1.229894567584992
1979.0,1.2311636472898673
1980.0,1.2328265834176708
1981.0,1.2335647092423716
1982.0,1.2349316157370442
1983.0,1.235944617754199
1984.0,1.236019072210444
1985.0,1.237069691165174
1986.0,1.2387092870342797
1987.0,1.2399916831170046
1988.0,1.2414493756442035
1989.0,1.2432921095823013
1990.0,1.2448547739318154
1991.0,1.2451009627779788
1992.0,1.2464755912082632
1993.0,1.24876515850383
1994.0,1.2499142882364895
1995.0,1.2526225559305117
1996.0,1.2548869326264054
1997.0,1.2566330652818487
1998.0,1.2585096283499888
1999.0,1.2612712060252584
2000.0,1.2626840567561186
2001.0,1.2629184091086418
2002.0,1.2645665747132986
2003.0,1.2652072088289659
2004.0,1.2662421565656279
2005.0,1.2669381978322887
2006.0,1.2666395080862707
2007.0,1.2686080222641363
2008.0,1.2694766154954782
2009.0,1.2705309812783494
2010.0,1.2729670854649318
2011.0,1.2749179971299158
2012.0,1.2748330696170953
2013.0,1.2772112172018157
2014.0,1.2819011769712763
2015.0,1.2844335998590666
2016.0,1.2871622961143512
2017.0,1.2915719615307624
2018.0,1.2931133817654712
2019.0,1.2946343605931652
2020.0,1.2966745057601021
2021.0,1.2969184569233712
2022.0,1.2978665881992828
2023.0,1.299053601904159
2024.0,1.300563436295616
2025.0,1.3029563838276592
2026.0,1.304426377680741
2027.0,1.3053049761684117
2028.0,1.3069605882423898
2029.0,1.3088225105586688
2030.0,1.309927452931249
2031.0,1.3109581508379407
2032.0,1.3131205153537295
2033.0,1.3149402211871832
2034.0,1.315949546807066
2035.0,1.3189588591989445
2036.0,1.3219999258881046
2037.0,1.3242598366631833
2038.0,1.3265885588440094
2039.0,1.3282613206171014
2040.0,1.3291186872812326
2041.0,1.3297538732852954
2042.0,1.3292112961716416
2043.0,1.3297063701263518
2044.0,1.3308968716638494
2045.0,1.3311015516942373
2046.0,1.3315674868159606
2047.0,1.3329782728687276
2048.0,1.3332073477000383
2049.0,1.3344390350939452
2050.0,1.3353332731242726
2051.0,1.3359943967657895
2052.0,1.3371817697904027
2053.0,1.3387847768945682
2054.0,1.3393577260115457
2055.0,1.3398448116306811
2056.0,1.3400686239760475
2057.0,1.338621696402894
2058.0,1.3387849942636068
2059.0,1.3394420416620727
2060.0,1.34208934311855
2061.0,1.3429791130658466
2062.0,1.3429935450744643
2063.0,1.3437448906920548
2064.0,1.3441593680255572
2065.0,1.3467062931033495
2066.0,1.349022494239581
2067.0,1.350910306933874
2068.0,1.353495710651009
2069.0,1.354334782235415
2070.0,1.3536513095582614
2071.0,1.3537672712488413
2072.0,1.3530979166954102
2073.0,1.352689187917102
2074.0,1.3515555728468318
2075.0,1.352761028459178
2076.0,1.3542587384773153
2077.0,1.3546273796347719
2078.0,1.357521422418536
2079.0,1.3585417567665643
2080.0,1.3587570750455489
2081.0,1.360056240082463
2082.0,1.3602865566435831
2083.0,1.3595058466297512
2084.0,1.3594848998437785
2085.0,1.3591359524610027
2086.0,1.3590295346339054
2087.0,1.3594313022156883
2088.0,1.3597098901247615
2089.0,1.3600934857111229
2090.0,1.3604447979797316
2091.0,1.3602304034953205
2092.0,1.3589473709472373
2093.0,1.3590816909466334
2094.0,1.3602492069646388
2095.0,1.3604312272581753
2096.0,1.3624415682809972
2097.0,1.3634087769595857
2098.0,1.3625785114410474
2099.0,1.363607285923613
2100.0,1.3659589670503314
2101.0,1.3673365206859314
2102.0,1.3700476037514548
2103.0,1.3708698276549893
2104.0,1.3700387276556447
2105.0,1.369956258389385
2106.0,1.3690705389057878
2107.0,1.3682163422356797
2108.0,1.368193962741286
2109.0,1.3689118098014363
2110.0,1.371871576411575
2111.0,1.3727025134587205
2112.0,1.3747670377417713
2113.0,1.377104994116453
2114.0,1.378101046188235
2115.0,1.3778679857661267
2116.0,1.3785884899370224
2117.0,1.379010877743778
2118.0,1.3797276347223681
2119.0,1.3811155368179089
2120.0,1.381414104679356
2121.0,1.3810912508312867
2122.0,1.3807183802795047
2123.0,1.379452407192051
2124.0,1.3793667348266991
2125.0,1.379632409484675
2126.0,1.3796194324699778
2127.0,1.382627794201205
2128.0,1.3856466468433133
2129.0,1.3871323261425983
2130.0,1.3887807631377105
2131.0,1.3897868853260433
2132.0,1.387571626184283
2133.0,1.3858286441061136
2134.0,1.383877585825272
2135.0,1.3819750885085145
2136.0,1.377815237369727
2137.0,1.3765792207834926
2138.0,1.3775659622212573
2139.0,1.377292439220748
2140.0,1.378891885599062
2141.0,1.3788397007091737
2142.0,1.376856048592481
2143.0,1.3753437544988827
2144.0,1.3755415176921277
2145.0,1.3729174598097662
2146.0,1.3733599900633116
2147.0,1.3739331943886928
2148.0,1.37396703443194
2149.0,1.3767991869686202
2150.0,1.3776530117556252
2151.0,1.3782118843834341
2152.0,1.3781706649050474
2153.0,1.3763223587428544
2154.0,1.3762314831354183
2155.0,1.376214445537916
2156.0,1.3771715436031071
2157.0,1.3805238702026443
2158.0,1.3815649371577234
2159.0,1.3831611850711436
2160.0,1.3825021528119381
2161.0,1.3781196243482896
2162.0,1.3762089817592702
2163.0,1.3737742801253905
2164.0,1.3721035210604078
2165.0,1.373753011939273
2166.0,1.3749595303567896
2167.0,1.3756722897112983
2168.0,1.3747134165387334
2169.0,1.3722300007741846
2170.0,1.370706699291226
2171.0,1.3707234942710602
2172.0,1.3728404512165426
2173.0,1.3730451154968273
2174.0,1.3734855049636785
2175.0,1.3737505738436937
2176.0,1.3719683925247732
2177.0,1.3723220580273525
2178.0,1.3752417397014842
2179.0,1.3754528904652645
2180.0,1.3752488399626033
2181.0,1.3751104804937113
2182.0,1.3726449325199106
2183.0,1.3722636591569641
2184.0,1.3744290202943317
2185.0,1.3737253041597557
2186.0,1.373175274687594
2187.0,1.3723054448020209
2188.0,1.3710594327154402
2189.0,1.3717944822111836
2190.0,1.372635042290111
2191.0,1.3747437973804948
2192.0,1.3748045427495814
2193.0,1.373306027135388
2194.0,1.3735543852159227
2195.0,1.3729073798288598
2196.0,1.3743529892676034
2197.0,1.3793182876862484
2198.0,1.3799967119036574
2199.0,1.3800840166329786
2200.0,1.379262927687877
2201.0,1.3746693896585978
2202.0,1.3736863330759248
2203.0,1.3739681309408018
2204.0,1.3739775005385564
2205.0,1.3751156253705634
2206.0,1.3762231790533896
2207.0,1.3769769119031936
2208.0,1.3776552309985999
2209.0,1.378940336176956
2210.0,1.3790709289120706
2211.0,1.378435565094739
2212.0,1.37821269635559
2213.0,1.3778248999611313
2214.0,1.3779743832627194
2215.0,1.380218915058998
2216.0,1.3830714980845127
2217.0,1.3847655977508142
2218.0,1.3867096051589307
2219.0,1.3874801923759916
2220.0,1.3862181355879712
2221.0,1.3869618866438087
2222.0,1.3901128529764366
2223.0,1.39038650552424
2224.0,1.3891819172054127
2225.0,1.3887941369050252
2226.0,1.386453767108538
2227.0,1.385035538637528
2228.0,1.3848289618261096
2229.0,1.3850756456554143
2230.0,1.386360632574633
2231.0,1.3849376302432943
2232.0,1.3818576077553477
2233.0,1.3818691493284625
2234.0,1.377232108225143
2235.0,1.37530881268281
2236.0,1.379199362122863
2237.0,1.3797840987710825
2238.0,1.3823654313180476
2239.0,1.3844348804489808
2240.0,1.3818194268331825
2241.0,1.3814305473128585
2242.0,1.3815353802213992
2243.0,1.3828779245104792
2244.0,1.384450362590307
2245.0,1.3857362970313196
2246.0,1.3863076310001587
2247.0,1.3842744085839576
2248.0,1.3834446342574465
2249.0,1.3850887424814038
2250.0,1.3826536071132827
2251.0,1.3773402036122766
2252.0,1.3761026466485062
2253.0,1.3733200866987427
2254.0,1.3717271385205623
2255.0,1.3730669287276216
2256.0,1.3735256770358037
2257.0,1.375315109766487
2258.0,1.3751185337117897
2259.0,1.374674333221689
2260.0,1.374708791631131
2261.0,1.3742554946313326
2262.0,1.369343989056681
2263.0,1.368888825632352
2264.0,1.3663610237579913
2265.0,1.3648241147897917
2266.0,1.3660934842467423
2267.0,1.367532848740981
2268.0,1.3705352308997114
2269.0,1.3679697700111852
2270.0,1.3667087091512011
2271.0,1.3680130766562877
2272.0,1.3675982363566046
2273.0,1.3691610938227585
2274.0,1.3679225464245701
2275.0,1.3654192923889932
2276.0,1.3655347735314496
2277.0,1.3666374665945942
2278.0,1.371101565757724
2279.0,1.3719768586012424
2280.0,1.371444892987637
2281.0,1.3714765219391778
2282.0,1.371000092499147
2283.0,1.369595065074522
2284.0,1.3688233373638456
2285.0,1.3664094986134958
2286.0,1.3594187475698585
2287.0,1.3570529532201427
2288.0,1.3571224896006415
2289.0,1.3580588971022662
2290.0,1.3628978099284936
2291.0,1.3634853165070602
2292.0,1.3619851879714944
2293.0,1.3611115691752376
2294.0,1.3583585547975587
2295.0,1.3570702011965332
2296.0,1.3575928357846079
2297.0,1.3570894105595106
2298.0,1.3522188500316183
2299.0,1.3498240024961565
2300.0,1.3527844556889719
2301.0,1.3537358141837326
2302.0,1.3562816537314073
2303.0,1.3597587478963629
2304.0,1.3568757762983472
2305.0,1.3520396597012163
2306.0,1.3490809690119812
2307.0,1.3460027825710021
2308.0,1.344391304030163
2309.0,1.3440410937615308
2310.0,1.3483491917533077
2311.0,1.3505610221614333
2312.0,1.349248600778038
2313.0,1.353818843222214
2314.0,1.3574764293989512
2315.0,1.3625373493147843
2316.0,1.3692145202429205
2317.0,1.3719853254132697
2318.0,1.370607255802226
2319.0,1.3667449490525185
2320.0,1.3627966149519188
2321.0,1.3544980185755928
2322.0,1.350861930924519
2323.0,1.3478067279960315
2324.0,1.3481607566306577
2325.0,1.3535300086429483
2326.0,1.35931200709471
2327.0,1.3679523667807212
2328.0,1.3747226908202868
2329.0,1.3833943374779436
2330.0,1.3855882772737067
2331.0,1.3837080919975266
2332.0,1.382728861232657
2333.0,1.3791815773472622
2334.0,1.374900988610235
2335.0,1.3692165041307318
2336.0,1.3659462550060344
2337.0,1.3587249174257572
2338.0,1.357322878329668
2339.0,1.3626421493015133
2340.0,1.3671463248691766
2341.0,1.3777424924878283
2342.0,1.3808445804178866
2343.0,1.3785320914616628
2344.0,1.3776646269128434
2345.0,1.3724397561792236
2346.0,1.3696276832409673
2347.0,1.3695246397271466
2348.0,1.3698735924302627
2349.0,1.3688962977810681
2350.0,1.3649443880241992
2351.0,1.362507083094492
2352.0,1.3623150289816868
2353.0,1.3615289852782964
2354.0,1.3639158158762663
2355.0,1.3656063498953204
2356.0,1.3677470556642453
2357.0,1.3674782484330228
2358.0,1.364511685386254
2359.0,1.3660107667577683
2360.0,1.3649709075902798
2361.0,1.3663166061051208
2362.0,1.3748315338510182
2363.0,1.3798744631978537
2364.0,1.3798921946900615
2365.0,1.3802611875638895
2366.0,1.3773445910296054
2367.0,1.3718049999389315
2368.0,1.3724849129973344
2369.0,1.3715723802185418
2370.0,1.3631430714256334
2371.0,1.3609239990931257
2372.0,1.3607585284002246
2373.0,1.3594346692479446
2374.0,1.3603703870883
2375.0,1.3543656157505533
2376.0,1.351688430095458
2377.0,1.3536968551100372
2378.0,1.3550131591737182
2379.0,1.3610689493867216
2380.0,1.3634084911487538
2381.0,1.3590542050965166
2382.0,1.358148009721356
2383.0,1.362964147987134
2384.0,1.3630207703019828
2385.0,1.364005447353769
2386.0,1.3717978956359795
2387.0,1.3687597042440276
2388.0,1.3558749490442161
2389.0,1.3421937267246622
2390.0,1.3262487138789982
2391.0,1.313919390861899
2392.0,1.3062597684032717
2393.0,1.3099864869100857
2394.0,1.313167109859491
2395.0,1.3076588414608061
2396.0,1.3146748591294548
2397.0,1.3136538851568973
2398.0,1.3077146208499453
2399.0,1.3119207413379674
2400.0,1.3106407336347667
2401.0,1.3106806354239926
2402.0,1.3165991311096326
2403.0,1.3138938793236825
2404.0,1.2926453171085923
2405.0,1.2844710925229041
2406.0,1.2807429262234846
2407.0,1.2749406277166921
2408.0,1.2990295488637702
2409.0,1.3145836451469615
2410.0,1.3068288495465603
2411.0,1.297993558410145
2412.0,1.285267275344502
2413.0,1.261731809606483
2414.0,1.2437160735305577
2415.0,1.2451821840526254
2416.0,1.246278390332239
2417.0,1.268246385066993
2418.0,1.2973355285784773
2419.0,1.2933892924617405
2420.0,1.2899956548753087
2421.0,1.279213313636803
2422.0,1.2563144465688387
2423.0,1.2584312668710222
2424.0,1.265275138402947
2425.0,1.2674562286253044
2426.0,1.278193678339496
2427.0,1.2781657812123242
2428.0,1.2803962409323302
2429.0,1.2921721133206938
2430.0,1.286441391706365
2431.0,1.2999722742415643
2432.0,1.3144809037289844
2433.0,1.2885330023279626
2434.0,1.2891061354416233
2435.0,1.2829428942361951
2436.0,1.25296983393236
2437.0,1.2705872732970807
2438.0,1.2689502304553204
2439.0,1.2402821071814105
2440.0,1.2400423721874654
2441.0,1.2258272232975134
2442.0,1.2190789679455913
2443.0,1.2399484295481935
2444.0,1.251646684486706
2445.0,1.2535790762008776
2446.0,1.2459429844824605
2447.0,1.223795655724399
2448.0,1.2239103930790827
2449.0,1.2469895864506346
2450.0,1.2683375680165443
2451.0,1.3134659105720194
2452.0,1.3296817707579918
2453.0,1.3149324150573687
2454.0,1.3011231626813784
2455.0,1.2626456851274421
2456.0,1.2514055220396685
2457.0,1.231161687552831
2458.0,1.210035363674632
2459.0,1.2235146941379016
2460.0,1.2174323021168656
2461.0,1.2401361864685316
2462.0,1.2722839643790886
2463.0,1.2694002249052398
2464.0,1.268552710669805
2465.0,1.259426623943914
2466.0,1.2488075030001928
2467.0,1.2577424678400624
2468.0,1.261237827080762
2469.0,1.246775709165591
2470.0,1.2228204153808615
2471.0,1.1587282923877167
2472.0,1.1409527849293646
2473.0,1.1462965924247868
2474.0,1.1471207319544205
2475.0,1.1795412576190087
2476.0,1.203438902616943
2477.0,1.2155732282039113
2478.0,1.227616995815631
2479.0,1.2483457718653748
2480.0,1.2552963345242611
2481.0,1.2596154840140814
2482.0,1.2498146237083023
2483.0,1.2214823954462004
2484.0,1.1985010756028647
2485.0,1.1430391950462184
2486.0,1.1249115837477728
2487.0,1.1395509025429482
2488.0,1.1451450702567123
2489.0,1.1652799100418891
2490.0,1.1948659178951835
2491.0,1.2273420837852709
2492.0,1.2528874423424003
2493.0,1.3118190035652117
2494.0,1.3111350629264518
2495.0,1.2565483700523126
2496.0,1.2505380509398656
2497.0,1.231717357004261
2498.0,1.2367248882421917
2499.0,1.281851164583283
2500.0,1.2883322260938732
