350.0,-0.23447472622204338
351.0,-0.08339023417012806
352.0,-0.08751255041955404
353.0,-0.0833411057147194
354.0,-0.032511173331585146
355.0,-0.006199105321743261
356.0,-0.036347891350524894
357.0,-0.059992647790714
358.0,-0.02231835806850427
359.0,0.011982785978250619
360.0,-0.020218529653520712
361.0,-0.0074727907045428555
362.0,0.009726534826245378
363.0,0.0024603166301985523
364.0,-0.03982492152444039
365.0,-0.042083769817364065
366.0,-0.017689189975668797
367.0,0.0038770144520127456
368.0,-0.0022516439204115497
369.0,-0.005680770057490089
370.0,-0.0029573008209968572
371.0,0.004501947597374741
372.0,0.013569970596984482
373.0,0.02160812811148926
374.0,0.017577992172046312
375.0,0.005045796162372548
376.0,0.011899890220607617
377.0,0.019616763245938133
378.0,0.015541207024692489
379.0,0.001558813823845331
380.0,0.016406897616568616
381.0,0.014229368030685243
382.0,0.010793698412323756
383.0,0.027998642986831888
384.0,0.017066621588350362
385.0,0.010190792708378705
386.0,0.015601466639929645
387.0,0.02439590959523689
388.0,0.02353772085767123
389.0,0.027893712207421047
390.0,0.03360161530521913
391.0,0.02179277450733339
392.0,0.024550647443034406
393.0,0.0238394187064747
394.0,0.01569952298977987
395.0,0.026638632445188846
396.0,0.02871260208154144
397.0,0.026081192442545035
398.0,0.02573728629797621
399.0,0.023089699178120746
400.0,0.025068762481494356
401.0,0.0265952999177421
402.0,0.02421876691740177
403.0,0.039076853773900584
404.0,0.03927998302493429
405.0,0.02868688708301612
406.0,0.029244911297253685
407.0,0.031589022615119866
408.0,0.0300017604209346
409.0,0.026782824956174348
410.0,0.030926801995426884
411.0,0.03701370573092903
412.0,0.03902527944642453
413.0,0.035695485428882
414.0,0.03306303394010001
415.0,0.032681184502758164
416.0,0.03381830371060858
417.0,0.03570546356272556
418.0,0.04049019481487825
419.0,0.04121079962856103
420.0,0.039865757502935736
421.0,0.04066185108157885
422.0,0.03544649257649946
423.0,0.03250586822074233
424.0,0.0340650431528489
425.0,0.03646183992244688
426.0,0.038246655571845686
427.0,0.038033207148212164
428.0,0.03627034841484792
429.0,0.0357698815773047
430.0,0.036497168003434256
431.0,0.03786751239342535
432.0,0.039159722150734586
433.0,0.04010507251083256
434.0,0.03885859833752508
435.0,0.037499287545514626
436.0,0.03882285113554394
437.0,0.038426843785068374
438.0,0.03895856056812151
439.0,0.03960419485709165
440.0,0.03672774115307255
441.0,0.03960866359879345
442.0,0.041643097917986795
443.0,0.039326229151447775
444.0,0.039158887598773194
445.0,0.03976941277666614
446.0,0.039725449767536176
447.0,0.038526324355979705
448.0,0.0395051846335193
449.0,0.040566697809562235
450.0,0.03999327079111112
451.0,0.03735592295288461
452.0,0.03933823083058672
453.0,0.04060248438415577
454.0,0.039585947218694864
455.0,0.040610735540434074
456.0,0.03961481937230617
457.0,0.03841170651799125
458.0,0.03891188480866358
459.0,0.0402827854760402
460.0,0.04069101609723759
461.0,0.039883439327169
462.0,0.03869519738319994
463.0,0.0393188317716579
464.0,0.04013842131142482
465.0,0.040729874745385315
466.0,0.041755158466964884
467.0,0.0407133872751994
468.0,0.04028614581093058
469.0,0.04161053839193178
470.0,0.04150181683209136
471.0,0.04060320196716032
472.0,0.0401052429311215
473.0,0.04088031680976143
474.0,0.041783105255683
475.0,0.041398080925964705
476.0,0.040714996972615526
477.0,0.041865661694955744
478.0,0.041322671665530324
479.0,0.041359837703971274
480.0,0.04240101854348307
481.0,0.04119425006167613
482.0,0.040979915270243174
483.0,0.04159541234167747
484.0,0.04200905144803497
485.0,0.04139210380631262
486.0,0.041142466202593535
487.0,0.04152215998347458
488.0,0.042135978689863886
489.0,0.0431799486844313
490.0,0.04358119088945613
491.0,0.043081710543275836
492.0,0.042576075944002256
493.0,0.042231127324475135
494.0,0.041879471288359914
495.0,0.041756495452295816
496.0,0.043829793044031805
497.0,0.04434946100111322
498.0,0.043563362190770234
499.0,0.04349672669730782
500.0,0.043292319592532505
501.0,0.04317699579617934
502.0,0.04314718558579235
503.0,0.042872547899906445
504.0,0.04382135957362336
505.0,0.044486629605072464
506.0,0.04389231441335796
507.0,0.044349249558177505
508.0,0.04401107175368415
509.0,0.043374600818727904
510.0,0.04379421407465599
511.0,0.04458957507620788
512.0,0.04470042355409477
513.0,0.04429948649724107
514.0,0.04492542071462974
515.0,0.0447347830091461
516.0,0.04445298735436898
517.0,0.04477504690840199
518.0,0.04471555566065547
519.0,0.045008134078859306
520.0,0.045202642205628696
521.0,0.04458002656070036
522.0,0.04469650109977044
523.0,0.04506424158222924
524.0,0.04538139713566875
525.0,0.045799860537335785
526.0,0.046337971504474405
527.0,0.046597165732876596
528.0,0.0463078635280885
529.0,0.04572597372944679
530.0,0.045690305854819806
531.0,0.04604574088395258
532.0,0.046175603434212044
533.0,0.046668789798140556
534.0,0.04706163777732888
535.0,0.04707757949175667
536.0,0.046825854849584195
537.0,0.04681236973002485
538.0,0.04707853417574786
539.0,0.04748306492035954
540.0,0.04780644337676701
541.0,0.04808715659796324
542.0,0.04811755949798455
543.0,0.0476553390776287
544.0,0.04763865882918136
545.0,0.048073178418737234
546.0,0.04856233174199813
547.0,0.04824612153563033
548.0,0.048176489812303165
549.0,0.048541756747302586
550.0,0.04909771976291495
551.0,0.049093018970486166
552.0,0.04866480155089506
553.0,0.048421086385941156
554.0,0.04918583985968143
555.0,0.04979681861901688
556.0,0.05010769025983455
557.0,0.050163881115579186
558.0,0.04999153351867137
559.0,0.04989875967552406
560.0,0.04998547865618065
561.0,0.05024505491918219
562.0,0.05069097558158175
563.0,0.05081234102719045
564.0,0.050598098604701575
565.0,0.050573718116132906
566.0,0.050934954870633264
567.0,0.05143602471282988
568.0,0.05177216524424098
569.0,0.051742869481388405
570.0,0.05183636183620086
571.0,0.051950594456117535
572.0,0.05181869439718034
573.0,0.05243001479979924
574.0,0.052825800856907135
575.0,0.052613721995675176
576.0,0.05243131687049204
577.0,0.05290763319629935
578.0,0.053484202539916245
579.0,0.05352392984360604
580.0,0.053426163404505636
581.0,0.05344131265222457
582.0,0.053690867513795176
583.0,0.054140194791111325
584.0,0.054204668247497846
585.0,0.05441155973682777
586.0,0.05492752752970484
587.0,0.05494459277916983
588.0,0.055002349952968724
589.0,0.05521330346741465
590.0,0.055527916968803555
591.0,0.055823120879229415
592.0,0.056188774613549514
593.0,0.056394206998189506
594.0,0.055950423884620994
595.0,0.05611553682782515
596.0,0.05658389732216503
597.0,0.0569076098350604
598.0,0.057146432644746045
599.0,0.05751138920325789
600.0,0.057852287177849425
601.0,0.05790515209279269
602.0,0.05807843537473353
603.0,0.05818386760691623
604.0,0.058208675787644264
605.0,0.058458012893800045
606.0,0.058954613609185205
607.0,0.05943627463415184
608.0,0.05968101564919969
609.0,0.05997045116829947
610.0,0.059952006566500314
611.0,0.059918738600706185
612.0,0.06053488795767438
613.0,0.06083511259628741
614.0,0.061097756270240784
615.0,0.06153456763302338
616.0,0.06186037251772472
617.0,0.061964498225572845
618.0,0.06203202418905783
619.0,0.062313662930410095
620.0,0.06264569461579021
621.0,0.06321110807291505
622.0,0.06382091331334501
623.0,0.06390181261390022
624.0,0.06405402442225488
625.0,0.06420623434633776
626.0,0.0642891923249171
627.0,0.06468476184230956
628.0,0.06510235663728574
629.0,0.0654953321343211
630.0,0.06592919820706893
631.0,0.0662015079532392
632.0,0.06638827839071822
633.0,0.06658109149487138
634.0,0.06685082304003397
635.0,0.06691975490795668
636.0,0.0670054829555451
637.0,0.06740261099199704
638.0,0.0680868155868952
639.0,0.06849815483473148
640.0,0.068692219965844
641.0,0.06920459524657048
642.0,0.06930239656599044
643.0,0.06960607075743584
644.0,0.07040337312138353
645.0,0.07069597654239039
646.0,0.07091649868617278
647.0,0.07114973624303769
648.0,0.07137407410643538
649.0,0.07168000217734771
650.0,0.07213580026461372
651.0,0.0726825846883103
652.0,0.0731182526085489
653.0,0.07352543831991021
654.0,0.0738333576811962
655.0,0.0740536898801629
656.0,0.07461485658131371
657.0,0.07482090752083437
658.0,0.07491672317900898
659.0,0.07563223980324821
660.0,0.07613632232876
661.0,0.07647972349517453
662.0,0.07687080057566321
663.0,0.07761981717441682
664.0,0.07801457899636213
665.0,0.07809388643802564
666.0,0.07818451968386571
667.0,0.07857955387408357
668.0,0.07930321710243633
669.0,0.08005358100941708
670.0,0.08028834559198793
671.0,0.0803962952678678
672.0,0.08069563091617753
673.0,0.08130083124836118
674.0,0.08189892966448778
675.0,0.08241439799325291
676.0,0.08276930996266853
677.0,0.08297658026432299
678.0,0.08351854721544208
679.0,0.0840796575587514
680.0,0.0845312805148418
681.0,0.0850784680271267
682.0,0.08568467176279417
683.0,0.08607894875382724
684.0,0.08615443555023779
685.0,0.08651311929868598
686.0,0.08710108119637008
687.0,0.08773785670157436
688.0,0.088187189230898
689.0,0.08858683682707529
690.0,0.088976939420155
691.0,0.08939682080540376
692.0,0.08989886890469447
693.0,0.09060389519374132
694.0,0.09130924031938666
695.0,0.09179134440065015
696.0,0.09225604433867264
697.0,0.09277133410589766
698.0,0.09327950697610747
699.0,0.09363784712654935
700.0,0.09422466991875321
701.0,0.09484719759316401
702.0,0.09535798944181681
703.0,0.09599155630413324
704.0,0.09647611670921531
705.0,0.09694639748050381
706.0,0.09760746747697106
707.0,0.09791233037274924
708.0,0.09845829497131857
709.0,0.09932535528978974
710.0,0.09990253594429063
711.0,0.10049576330093853
712.0,0.10096000387516868
713.0,0.10125223094930015
714.0,0.10194694636024802
715.0,0.10248568977613141
716.0,0.10291288128579454
717.0,0.1035830043915821
718.0,0.10440961932038485
719.0,0.10498093323339844
720.0,0.10529184230134288
721.0,0.10597984720804908
722.0,0.10662385727196784
723.0,0.10720402279386011
724.0,0.10779829656350272
725.0,0.10845572398485835
726.0,0.10898648009478551
727.0,0.10933484607733324
728.0,0.10961189153617906
729.0,0.11053763672375018
730.0,0.11155895399692653
731.0,0.11225816515489523
732.0,0.11276903674991887
733.0,0.11344571246858196
734.0,0.11408894667109548
735.0,0.11448933853854615
736.0,0.1153274750659853
737.0,0.116048783129302
738.0,0.11661074082072734
739.0,0.11741049183671586
740.0,0.11826916674877846
741.0,0.11899245974017701
742.0,0.11951526735162919
743.0,0.12003063073607412
744.0,0.12055448604608218
745.0,0.12121861162051867
746.0,0.12210949843902663
747.0,0.1229551521995714
748.0,0.12372874824543
749.0,0.12438350375909064
750.0,0.12486732631419065
751.0,0.12541728357288998
752.0,0.12614459381877752
753.0,0.12703126789390154
754.0,0.12785273566036912
755.0,0.12868046502640398
756.0,0.12952297879803978
757.0,0.13032571962860698
758.0,0.1307631226001853
759.0,0.13143306023062082
760.0,0.13234334371198544
761.0,0.13291610884379115
762.0,0.13377184234670364
763.0,0.13464074173071708
764.0,0.13529573176168783
765.0,0.1359959523210017
766.0,0.1366472821431884
767.0,0.13726901221940446
768.0,0.13793167374957457
769.0,0.1387714057664231
770.0,0.1397243893237944
771.0,0.14064178166386615
772.0,0.14133447418685238
773.0,0.14204763953677998
774.0,0.14285687941483408
775.0,0.14371218648221037
776.0,0.14435446458352175
777.0,0.14502946268139683
778.0,0.1458151193130171
779.0,0.14670936622704908
780.0,0.1476713673924532
781.0,0.14841962866023697
782.0,0.1490453574352941
783.0,0.14993966821368065
784.0,0.15066573111060272
785.0,0.151489891092619
786.0,0.15254279275049745
787.0,0.15344897060306864
788.0,0.1542512652066242
789.0,0.15499601434605023
790.0,0.15574618327438414
791.0,0.15655168559972354
792.0,0.1573994478719736
793.0,0.15831717501103879
794.0,0.15933860371730094
795.0,0.16016195852208706
796.0,0.16095204429620655
797.0,0.16180954434827138
798.0,0.1626106598329454
799.0,0.16357938460268293
800.0,0.16462436308206949
801.0,0.16559512244385072
802.0,0.16649673805410364
803.0,0.1672750926428111
804.0,0.16805671602366795
805.0,0.16902794860735793
806.0,0.1699289555574185
807.0,0.17079578424018108
808.0,0.1717343592564707
809.0,0.1728931372495035
810.0,0.17379521306257012
811.0,0.17450164436527646
812.0,0.17521252395845835
813.0,0.17613310004730962
814.0,0.17710497686909532
815.0,0.17817287357286843
816.0,0.17936706754118992
817.0,0.18020908882680206
818.0,0.1810512364806946
819.0,0.18202585938170224
820.0,0.183012771169893
821.0,0.18394695159127877
822.0,0.1848560672225714
823.0,0.1857883450679807
824.0,0.18678848792432787
825.0,0.18789818347829917
826.0,0.1889615012049165
827.0,0.18984109381239153
828.0,0.19067202392058472
829.0,0.1916921283882755
830.0,0.19284724991271843
831.0,0.1939231240216794
832.0,0.19488463453172203
833.0,0.1958418824206134
834.0,0.19683703439078817
835.0,0.19782396816451905
836.0,0.19884703344812282
837.0,0.1998524845918923
838.0,0.200809900914275
839.0,0.20177876177771026
840.0,0.2027625343402366
841.0,0.20376314954069333
842.0,0.2047722412861484
843.0,0.20575186579524724
844.0,0.2068369028047475
845.0,0.20793894242643526
846.0,0.20887503328031423
847.0,0.20981872649457362
848.0,0.21090937998191006
849.0,0.21208280726267542
850.0,0.21307707394885675
851.0,0.21403546720630123
852.0,0.21525688053250172
853.0,0.21663006949702965
854.0,0.21716053101457997
855.0,0.2181927097712145
856.0,0.2195978231484236
857.0,0.2208412486448011
858.0,0.22176202029068937
859.0,0.22271764905485364
860.0,0.22375163955711277
861.0,0.22478332080450783
862.0,0.22619109037426682
863.0,0.22734284346258785
864.0,0.228241380881896
865.0,0.22949007928217693
866.0,0.23067834621869687
867.0,0.23183701227838746
868.0,0.23295271708962176
869.0,0.2338440176348187
870.0,0.234862161136394
871.0,0.23611143725377937
872.0,0.23747005441726146
873.0,0.23838800113477893
874.0,0.23951357999863868
875.0,0.24079575760627314
876.0,0.24192195209892292
877.0,0.2426446644357488
878.0,0.24378822046948836
879.0,0.24520146829694972
880.0,0.2462578998165583
881.0,0.2477541539775486
882.0,0.24885514057763006
883.0,0.24959825647847947
884.0,0.2509032258728278
885.0,0.25190877624896557
886.0,0.25307769511862604
887.0,0.2545215497727703
888.0,0.2555492183811601
889.0,0.25671843882393697
890.0,0.257978705937448
891.0,0.25922246972811636
892.0,0.2605658113555612
893.0,0.26159522318797
894.0,0.2625917574687043
895.0,0.2638697763030433
896.0,0.2649470989327636
897.0,0.2663298367657463
898.0,0.2676909079539509
899.0,0.2685227465295131
900.0,0.2695670577081893
901.0,0.2708092444915508
902.0,0.27227345848400897
903.0,0.27395049009032796
904.0,0.2753349745366687
905.0,0.2763668951086717
906.0,0.2772577914437121
907.0,0.27838082339658826
908.0,0.27925651848238625
909.0,0.2805108584655192
910.0,0.28231090746967785
911.0,0.28395399224328166
912.0,0.28518398556449787
913.0,0.286309261700842
914.0,0.28760747154428823
915.0,0.28901594418151827
916.0,0.29029552567160105
917.0,0.29153241508511063
918.0,0.29280706382167393
919.0,0.2938938230980306
920.0,0.29518422547568296
921.0,0.29623171393772474
922.0,0.2968328359964747
923.0,0.298692656412675
924.0,0.3002314453075735
925.0,0.3014692064583255
926.0,0.3030152832329371
927.0,0.30450758368039715
928.0,0.30576588506546465
929.0,0.306592844854838
930.0,0.30709599362413736
931.0,0.30893231845917984
932.0,0.3105350212177176
933.0,0.3116427546124667
934.0,0.31299394689262894
935.0,0.3140898237424585
936.0,0.31530074351224324
937.0,0.3166103812897962
938.0,0.3177071944923152
939.0,0.3194198872414931
940.0,0.3208738071559837
941.0,0.3221511286503527
942.0,0.32431853058170146
943.0,0.3255482885535409
944.0,0.326242782697048
945.0,0.3271902744048929
946.0,0.32902512534726
947.0,0.32988658327158854
948.0,0.3313330783262246
949.0,0.3335063943601816
950.0,0.333994668854678
951.0,0.33537483541648044
952.0,0.33718228307232134
953.0,0.3384575758476527
954.0,0.338568614110047
955.0,0.3398372758544969
956.0,0.34176871148678356
957.0,0.34360336987838275
958.0,0.3452835830530288
959.0,0.3464525214238288
960.0,0.34740171155139665
961.0,0.34861415793083145
962.0,0.35057883133513074
963.0,0.35188804518151956
964.0,0.3527541032593309
965.0,0.35386273046475414
966.0,0.3558839989712523
967.0,0.3582134242844637
968.0,0.3589578351025893
969.0,0.3582276567361758
970.0,0.3603523945148353
971.0,0.3625554651907028
972.0,0.36396885474801294
973.0,0.36488429161792596
974.0,0.3668057810613139
975.0,0.3682682540010525
976.0,0.3692164191415747
977.0,0.37005887914162805
978.0,0.3713107537680056
979.0,0.3731785903574292
980.0,0.3753553784670234
981.0,0.3771303691669588
982.0,0.3774863346828508
983.0,0.3785559007442379
984.0,0.38007682366359274
985.0,0.3818953651000759
986.0,0.38493608420365677
987.0,0.3860422265445921
988.0,0.3868988877335957
989.0,0.388250756077806
990.0,0.3879329769215838
991.0,0.38999823372769393
992.0,0.39250652893255805
993.0,0.39400309905132064
994.0,0.3954533504628005
995.0,0.3974839676237701
996.0,0.3985744992004798
997.0,0.3988610429785067
998.0,0.4005670155836489
999.0,0.4009273039201569
1000.0,0.4024415120683136
1001.0,0.41915218603904636
1002.0,0.42138546874834487
1003.0,0.4223068289681963
1004.0,0.42284029582069194
1005.0,0.4216904099862617
1006.0,0.42155642910483815
1007.0,0.42566582868749336
1008.0,0.4274894783201747
1009.0,0.4281472573266047
1010.0,0.43001722725060015
1011.0,0.4319249407484144
1012.0,0.4340033783257082
1013.0,0.4357204631700887
1014.0,0.43760137178702335
1015.0,0.43817120662983455
1016.0,0.438936300642093
1017.0,0.43921663416374895
1018.0,0.4425218908916383
1019.0,0.44448650573764276
1020.0,0.4483812449787808
1021.0,0.4512188762643367
1022.0,0.4524455205682922
1023.0,0.45321352746008225
1024.0,0.4525260083520648
1025.0,0.4526862771547285
1026.0,0.45309456504322454
1027.0,0.4551127868196371
1028.0,0.456608654301829
1029.0,0.4573318042725936
1030.0,0.4566028929099172
1031.0,0.4590188809803146
1032.0,0.46114750373214874
1033.0,0.46312453103498324
1034.0,0.4686268570869675
1035.0,0.4714787660994826
1036.0,0.4705487534587302
1037.0,0.47154848676953615
1038.0,0.4731127580921523
1039.0,0.473144856571948
1040.0,0.47427004299942566
1041.0,0.4761721998035888
1042.0,0.47751037452696987
1043.0,0.47920507969625953
1044.0,0.48125347897217
1045.0,0.484757137193012
1046.0,0.48763144863008934
1047.0,0.4880537750713919
1048.0,0.48812355433420407
1049.0,0.48857244802362687
1050.0,0.4883934249437446
1051.0,0.4895806872135001
1052.0,0.4909272309330921
1053.0,0.4927847867532371
1054.0,0.4956872203249641
1055.0,0.49683427608447417
1056.0,0.4981166954506189
1057.0,0.4997094816502698
1058.0,0.5005159301714663
1059.0,0.5000725920846212
1060.0,0.5022058316037408
1061.0,0.5048290484785796
1062.0,0.5075087829201621
1063.0,0.5095561047537612
1064.0,0.50888454961643
1065.0,0.510740467517236
1066.0,0.513587002460721
1067.0,0.5146383400370113
1068.0,0.5186315172651353
1069.0,0.5223919051142158
1070.0,0.522908793007835
1071.0,0.5242858042215239
1072.0,0.5268334074146067
1073.0,0.528341190542979
1074.0,0.5278742623688726
1075.0,0.5291004042552575
1076.0,0.5302635760378446
1077.0,0.5320617842011508
1078.0,0.5341807309006873
1079.0,0.5354053585942934
1080.0,0.5379195984359751
1081.0,0.5406921458896228
1082.0,0.541363638204883
1083.0,0.542455764737157
1084.0,0.5438187685140072
1085.0,0.5434567683566901
1086.0,0.5450088613356816
1087.0,0.5483081671066131
1088.0,0.5509660007251679
1089.0,0.5526508777417111
1090.0,0.555446610896244
1091.0,0.5565262155602342
1092.0,0.557037004274238
1093.0,0.5578220028514079
1094.0,0.5589497032122016
1095.0,0.5616493038439304
1096.0,0.5637363450733779
1097.0,0.5656298445498682
1098.0,0.5672655584465036
1099.0,0.5685551869565343
1100.0,0.5685930532703137
1101.0,0.5697497872837151
1102.0,0.5715593164010744
1103.0,0.5730511103638277
1104.0,0.5737007638467263
1105.0,0.5751234125562027
1106.0,0.5766261702114012
1107.0,0.577818140249876
1108.0,0.5801291042825284
1109.0,0.5818591755510698
1110.0,0.5838951600962031
1111.0,0.5861433743148837
1112.0,0.5880688197309349
1113.0,0.5900704637109936
1114.0,0.59198538331824
1115.0,0.5936677384666367
1116.0,0.5952595016111552
1117.0,0.5966362799138148
1118.0,0.5980876619941482
1119.0,0.5993446759498616
1120.0,0.6009200061280666
1121.0,0.6029748453599972
1122.0,0.6046498519337338
1123.0,0.6058592828624477
1124.0,0.6072450080246581
1125.0,0.6089036510952152
1126.0,0.6113510931084897
1127.0,0.6131715324864001
1128.0,0.6151958958576713
1129.0,0.6172275058647874
1130.0,0.6187394936695751
1131.0,0.6201371595297707
1132.0,0.6222024721559901
1133.0,0.6238431574638998
1134.0,0.6247088665260804
1135.0,0.6260076919136877
1136.0,0.6276148917736857
1137.0,0.628394830487166
1138.0,0.6298593399038429
1139.0,0.6317673073921527
1140.0,0.6338839835826685
1141.0,0.6360471741096912
1142.0,0.6377724612397788
1143.0,0.6391148888931377
1144.0,0.6406460761782595
1145.0,0.6419080373986672
1146.0,0.6432902398095368
1147.0,0.6446406038833187
1148.0,0.6463320764775261
1149.0,0.6481020796652524
1150.0,0.6501593374491624
1151.0,0.6524460914880393
1152.0,0.6540351467735631
1153.0,0.6555224203247844
1154.0,0.6577418483852269
1155.0,0.6593642040188664
1156.0,0.6607582715515343
1157.0,0.6623208793386794
1158.0,0.6634154190608909
1159.0,0.6650612529894009
1160.0,0.6672081857645418
1161.0,0.6691311599317498
1162.0,0.6713495265315703
1163.0,0.6731624237158645
1164.0,0.6746126406869625
1165.0,0.6763263344534981
1166.0,0.6782979290588325
1167.0,0.679430562821724
1168.0,0.6809602588607825
1169.0,0.6829050460165293
1170.0,0.6846935265154918
1171.0,0.6869391833492338
1172.0,0.6884969043327028
1173.0,0.6896990986946941
1174.0,0.6913419848991854
1175.0,0.6927255692445938
1176.0,0.6942150828012952
1177.0,0.695849438358308
1178.0,0.6977731136740487
1179.0,0.7000562670145355
1180.0,0.7019393354264765
1181.0,0.7038678897424872
1182.0,0.7062643117915183
1183.0,0.7078428725338143
1184.0,0.7079109446042202
1185.0,0.7084831284281524
1186.0,0.7100214644864876
1187.0,0.7115681251067876
1188.0,0.7136190242731562
1189.0,0.7154261417148312
1190.0,0.7171749084462292
1191.0,0.7190662490435569
1192.0,0.7211091266194664
1193.0,0.7229794016480627
1194.0,0.7252835337568521
1195.0,0.7270327924746407
1196.0,0.7281662434163383
1197.0,0.7294475577292824
1198.0,0.7303514845755781
1199.0,0.7315105157144455
1200.0,0.7333690926780252
1201.0,0.7355337308476603
1202.0,0.7375538193767965
1203.0,0.7396129451734489
1204.0,0.7413025758151421
1205.0,0.7422422320505676
1206.0,0.7438599244088703
1207.0,0.7459106971967207
1208.0,0.7475120755052288
1209.0,0.7490316161138041
1210.0,0.750650373896376
1211.0,0.7516749781049528
1212.0,0.7533766070854448
1213.0,0.7561585035278767
1214.0,0.7580726276694182
1215.0,0.7597512694256249
1216.0,0.7614686221231328
1217.0,0.7629040774647963
1218.0,0.7638444974756894
1219.0,0.7649551916415148
1220.0,0.7661881898422346
1221.0,0.7673137847041311
1222.0,0.7678965459490689
1223.0,0.7692802461552017
1224.0,0.7712865662782559
1225.0,0.7728739967966264
1226.0,0.7746398470833287
1227.0,0.7763446144910053
1228.0,0.7778867798643831
1229.0,0.7793434191545194
1230.0,0.7807499272192675
1231.0,0.7822960086690744
1232.0,0.7834179012877115
1233.0,0.7850298695586029
1234.0,0.7875287532138773
1235.0,0.7900214601551426
1236.0,0.7925322371744288
1237.0,0.7955872142448435
1238.0,0.7979347130268268
1239.0,0.8000335681547344
1240.0,0.8019153915449364
1241.0,0.8036293049730899
1242.0,0.8050273436744629
1243.0,0.8058826832768639
1244.0,0.8071085992019124
1245.0,0.8079679860057205
1246.0,0.8093461851077041
1247.0,0.8111292000783488
1248.0,0.8129153531152783
1249.0,0.8152539377369844
1250.0,0.8171236407346975
1251.0,0.8187990075108804
1252.0,0.820418485798465
1253.0,0.8220954595453941
1254.0,0.8237304118244974
1255.0,0.8249565439436459
1256.0,0.8258935056677341
1257.0,0.8273138490926802
1258.0,0.8284103268991221
1259.0,0.8299143931859259
1260.0,0.8320616873044969
1261.0,0.8340432205299911
1262.0,0.8360903966094239
1263.0,0.8379146975446612
1264.0,0.8398477158927363
1265.0,0.8416400198941603
1266.0,0.8430596773030989
1267.0,0.8446234454620679
1268.0,0.8465279768173191
1269.0,0.847961186665489
1270.0,0.8494266129237226
1271.0,0.8506515776515026
1272.0,0.8523247713542197
1273.0,0.8541870146324978
1274.0,0.855774164168787
1275.0,0.8577313608326202
1276.0,0.8590345342557545
1277.0,0.8593926261469468
1278.0,0.8607117906935392
1279.0,0.862247688019561
1280.0,0.8638264167979289
1281.0,0.866274940335294
1282.0,0.8679225327314193
1283.0,0.8689572399806096
1284.0,0.870249842539938
1285.0,0.8708792375194888
1286.0,0.8722918703557255
1287.0,0.8743353555508241
1288.0,0.876516576041308
1289.0,0.8783302437033071
1290.0,0.8805608078075552
1291.0,0.8820794253099759
1292.0,0.8827440260141988
1293.0,0.8841943252669626
1294.0,0.885761400500069
1295.0,0.887402558349428
1296.0,0.8892427588212651
1297.0,0.8912343282471821
1298.0,0.8935315937103843
1299.0,0.8954410395290626
1300.0,0.8979512752469962
1301.0,0.8993458042952057
1302.0,0.8990937814520211
1303.0,0.9001227046932572
1304.0,0.9010336600860295
1305.0,0.9023670616567934
1306.0,0.9041959949602572
1307.0,0.907182579186936
1308.0,0.9092817024905261
1309.0,0.9113542714620649
1310.0,0.9129878324348871
1311.0,0.9143530126690824
1312.0,0.9157725690309916
1313.0,0.9168701756758527
1314.0,0.9180434264948921
1315.0,0.9190755361564532
1316.0,0.9205302030897206
1317.0,0.9219519566514043
1318.0,0.9236373128663998
1319.0,0.9260876610366846
1320.0,0.9279775127109733
1321.0,0.9295710271616283
1322.0,0.9312921457738491
1323.0,0.9330019101255088
1324.0,0.9345493211638637
1325.0,0.935890153156337
1326.0,0.9374858940109922
1327.0,0.9391270874096326
1328.0,0.9406912645808759
1329.0,0.942277882586492
1330.0,0.9440914783821083
1331.0,0.945756441301908
1332.0,0.9470859042098848
1333.0,0.9488850652779567
1334.0,0.9510985030633954
1335.0,0.9529588108969514
1336.0,0.9550303238280652
1337.0,0.9566550383643856
1338.0,0.957936904473808
1339.0,0.9591605803241049
1340.0,0.9601412794720303
1341.0,0.9611138883782847
1342.0,0.961533071490591
1343.0,0.9626602990235583
1344.0,0.9641247021723929
1345.0,0.9656149771962803
1346.0,0.9675153642780947
1347.0,0.9696663902237138
1348.0,0.9713922872482131
1349.0,0.9730178789332784
1350.0,0.9744101855544466
1351.0,0.9755053375230954
1352.0,0.9768547739871867
1353.0,0.9780600189304101
1354.0,0.9794044895080812
1355.0,0.9810799575529757
1356.0,0.9823801650874056
1357.0,0.9833260903984048
1358.0,0.9846629929815927
1359.0,0.9857504658480797
1360.0,0.9874590821063606
1361.0,0.9902801494853977
1362.0,0.9919939118568181
1363.0,0.9934408306746318
1364.0,0.994854777194941
1365.0,0.9953065251857548
1366.0,0.9962849337080149
1367.0,0.9977284725257076
1368.0,0.9992176283446742
1369.0,1.0002387916347446
1370.0,1.0010765735260896
1371.0,1.0021252436556387
1372.0,1.0028515092621844
1373.0,1.003983463082239
1374.0,1.005489581492203
1375.0,1.0068044190239471
1376.0,1.0080813454141362
1377.0,1.009530068383602
1378.0,1.0110700902467782
1379.0,1.0126283256624231
1380.0,1.014424690548131
1381.0,1.0159601406095597
1382.0,1.0172795766968556
1383.0,1.018802493241159
1384.0,1.020576732339059
1385.0,1.0217984520757282
1386.0,1.0227583236021305
1387.0,1.0238724103475578
1388.0,1.0248413942066554
1389.0,1.0255726364202546
1390.0,1.0266650157538781
1391.0,1.0269946241677392
1392.0,1.0274630867218568
1393.0,1.02730613726633
1394.0,1.0280126113642587
1395.0,1.029023452240791
1396.0,1.0301399634570774
1397.0,1.0317926008067957
1398.0,1.0328672491393804
1399.0,1.0339344919429103
1400.0,1.0346991741457514
1401.0,1.0348821283969585
1402.0,1.035544202881434
1403.0,1.0361901852389268
1404.0,1.037050834787395
1405.0,1.038316270174176
1406.0,1.0393929932722603
1407.0,1.0402926296542454
1408.0,1.0414919757606833
1409.0,1.0431442681240313
1410.0,1.0442103354469487
1411.0,1.0451569464051043
1412.0,1.0460417569258877
1413.0,1.046446643036231
1414.0,1.0468615797616478
1415.0,1.0474886546588653
1416.0,1.0487887873641528
1417.0,1.0497808293895425
1418.0,1.0508092202775936
1419.0,1.051980525179358
1420.0,1.0532399205206753
1421.0,1.054384082327577
1422.0,1.0556306881268875
1423.0,1.0568030118673934
1424.0,1.057983023503378
1425.0,1.058897132223909
1426.0,1.0595089118782903
1427.0,1.06059355673263
1428.0,1.0615748227906685
1429.0,1.0627977746061494
1430.0,1.06479657515563
1431.0,1.0660902372496603
1432.0,1.0668037623997069
1433.0,1.0679939325375625
1434.0,1.0690854279323552
1435.0,1.0703945461281363
1436.0,1.0723783750753968
1437.0,1.0738506822859628
1438.0,1.0752373612333894
1439.0,1.0763183863291406
1440.0,1.0769650185419979
1441.0,1.077479178469159
1442.0,1.0787882975419443
1443.0,1.0802979452906567
1444.0,1.0816510726649058
1445.0,1.083532264692225
1446.0,1.0848811871099977
1447.0,1.0856630303197299
1448.0,1.0868986844181145
1449.0,1.0883747729192033
1450.0,1.0897336213461812
1451.0,1.0911089973030508
1452.0,1.092453985072388
1453.0,1.0938629913819673
1454.0,1.0950117143410276
1455.0,1.0959725665218227
1456.0,1.0970604336752774
1457.0,1.0981010319932134
1458.0,1.099074830739642
1459.0,1.0998292662849314
1460.0,1.1010321855210854
1461.0,1.1023805565446374
1462.0,1.1037441553470544
1463.0,1.1057060867806179
1464.0,1.107257763159551
1465.0,1.1083906533927168
1466.0,1.109687046378442
1467.0,1.1109606627633146
1468.0,1.1121476753972497
1469.0,1.1138314729312968
1470.0,1.1155193171661357
1471.0,1.1169610593205805
1472.0,1.118464220393242
1473.0,1.119821227931959
1474.0,1.1207805753198037
1475.0,1.1222910081891
1476.0,1.1240799525934617
1477.0,1.125762104740282
1478.0,1.1277283801737663
1479.0,1.12921380623883
1480.0,1.1305257423598665
1481.0,1.1317121216719304
1482.0,1.1325428487776614
1483.0,1.1336373979860563
1484.0,1.1346603463973328
1485.0,1.1358342181745273
1486.0,1.1370750245674655
1487.0,1.1384898663446166
1488.0,1.1401493345043008
1489.0,1.1417024405629288
1490.0,1.1435045345112933
1491.0,1.144969472359054
1492.0,1.1460785380216771
1493.0,1.1473925770028324
1494.0,1.1486828287620132
1495.0,1.1499743504453335
1496.0,1.1513316630541586
1497.0,1.152716046859606
1498.0,1.1539975958069084
1499.0,1.1554011980886392
1500.0,1.156858316338186
1501.0,1.158579738448745
1502.0,1.160290067991689
1503.0,1.1616835996049064
1504.0,1.1629937425190298
1505.0,1.1640422891633
1506.0,1.1655275274233197
1507.0,1.1671663334326468
1508.0,1.1684456326295034
1509.0,1.1698113044708829
1510.0,1.1711333417957768
1511.0,1.172015279209901
1512.0,1.173305048907732
1513.0,1.1748911054751128
1514.0,1.1765110883464571
1515.0,1.178377967451256
1516.0,1.17981055283904
1517.0,1.1810616719039595
1518.0,1.1825653810775933
1519.0,1.1837843015366827
1520.0,1.1852707459807774
1521.0,1.1875820085127782
1522.0,1.1890035112705895
1523.0,1.1897318611110612
1524.0,1.1908556276444227
1525.0,1.1915841316592397
1526.0,1.1927646812419357
1527.0,1.1946729341619486
1528.0,1.1960452019846077
1529.0,1.1972280631221184
1530.0,1.1984707945856625
1531.0,1.1993661269212479
1532.0,1.2005369147175144
1533.0,1.2019813304369102
1534.0,1.2033433715358681
1535.0,1.2046817810693378
1536.0,1.2061057455279178
1537.0,1.207545195836188
1538.0,1.209122283880707
1539.0,1.2105177760067891
1540.0,1.2120571439791914
1541.0,1.2133809751149798
1542.0,1.2145127050242503
1543.0,1.2157908373060533
1544.0,1.2171157203266698
1545.0,1.2182893268527124
1546.0,1.2194580959463235
1547.0,1.2205361945982935
1548.0,1.221376037757865
1549.0,1.2224842468804042
1550.0,1.223672176748579
1551.0,1.224859621859199
1552.0,1.2262694251640633
1553.0,1.2273729976991834
1554.0,1.2282968979576103
1555.0,1.2293545344957932
1556.0,1.2302566152645604
1557.0,1.231352195842026
1558.0,1.2326286130853825
1559.0,1.2338410154276807
1560.0,1.235070045308508
1561.0,1.2363207933999065
1562.0,1.237670705102745
1563.0,1.2388662766392728
1564.0,1.240057669224269
1565.0,1.2411440958334363
1566.0,1.2419411791244275
1567.0,1.243027635868191
1568.0,1.2441998257922307
1569.0,1.2453617330674218
1570.0,1.2466794594859165
1571.0,1.2479781519523203
1572.0,1.249345120346335
1573.0,1.2505553248997863
1574.0,1.2516548935249836
1575.0,1.2528618015084108
1576.0,1.2541419886957965
1577.0,1.255167371568489
1578.0,1.2559428014907292
1579.0,1.2570647588790043
1580.0,1.258112282867636
1581.0,1.2592627159790806
1582.0,1.261015000438846
1583.0,1.2623566210372181
1584.0,1.263365899086947
1585.0,1.2644329830553989
1586.0,1.2653913070092584
1587.0,1.2663313531356213
1588.0,1.2670051579877653
1589.0,1.2680610819340499
1590.0,1.2692929026690423
1591.0,1.2706406885852846
1592.0,1.2720053250473695
1593.0,1.2738841916563668
1594.0,1.274803265361289
1595.0,1.2751298895726495
1596.0,1.2760808349812645
1597.0,1.2768908997358799
1598.0,1.2777202443756224
1599.0,1.2789279575007575
1600.0,1.2798800147513967
1601.0,1.2804043942696959
1602.0,1.2813575351186959
1603.0,1.2826712867155503
1604.0,1.2837291884144717
1605.0,1.2847254874165996
1606.0,1.2857430014742737
1607.0,1.2867164526158152
1608.0,1.2877646020153866
1609.0,1.2888635493873637
1610.0,1.2898994679002231
1611.0,1.2909603247918437
1612.0,1.2919804155296213
1613.0,1.2929669149368923
1614.0,1.2938956990389126
1615.0,1.2947919965231882
1616.0,1.2956869315009674
1617.0,1.296554544863846
1618.0,1.297330346405311
1619.0,1.2982250732643479
1620.0,1.298740163079623
1621.0,1.298774937011587
1622.0,1.299295267971208
1623.0,1.2997682819571132
1624.0,1.300415357130817
1625.0,1.3013174480455272
1626.0,1.3023859456267104
1627.0,1.3037236206346323
1628.0,1.3047546436457818
1629.0,1.3060138203801028
1630.0,1.3069548574659413
1631.0,1.3073977551734879
1632.0,1.308035075938017
1633.0,1.3087199788337507
1634.0,1.3093590137682283
1635.0,1.3099100137745672
1636.0,1.3105804228390632
1637.0,1.3112442923839938
1638.0,1.3120213715243623
1639.0,1.3128656412002202
1640.0,1.3137597411314264
1641.0,1.3150610614969245
1642.0,1.3158298950829657
1643.0,1.3162158518264753
1644.0,1.316889124464553
1645.0,1.3173722868396853
1646.0,1.3178635327869659
1647.0,1.3185143880553698
1648.0,1.3192324627031669
1649.0,1.3200078176869867
1650.0,1.3205391907361137
1651.0,1.3211468185345427
1652.0,1.3216470240659437
1653.0,1.3218208047660278
1654.0,1.32202354354064
1655.0,1.322260792456745
1656.0,1.3224990252548567
1657.0,1.3227871557733917
1658.0,1.3227745770985981
1659.0,1.3222498942821892
1660.0,1.322440103777419
1661.0,1.3228228299500928
1662.0,1.323171000309249
1663.0,1.324273788742643
1664.0,1.3249125773988784
1665.0,1.3247732918393413
1666.0,1.3252426374618471
1667.0,1.3262006180385881
1668.0,1.3268391935594217
1669.0,1.3274749493911968
1670.0,1.3283455574985432
1671.0,1.3291641444168385
1672.0,1.3298903578604062
1673.0,1.3307497261981716
1674.0,1.331741403608242
1675.0,1.3322943982902167
1676.0,1.333548641951453
1677.0,1.3359367810586282
1678.0,1.3373984761868385
1679.0,1.338772879713955
1680.0,1.3398797637687672
1681.0,1.3402009529726693
1682.0,1.340844800227221
1683.0,1.3413067903570903
1684.0,1.342280618899622
1685.0,1.3434140336958302
1686.0,1.3447469451298957
1687.0,1.3467961398241217
1688.0,1.348539356663465
1689.0,1.350494205561169
1690.0,1.3520115960434176
1691.0,1.353273583277173
1692.0,1.3543172873076248
1693.0,1.3546936159713479
1694.0,1.355433195542619
1695.0,1.3562295392854378
1696.0,1.3570742013359978
1697.0,1.3579677035720437
1698.0,1.3591410315819887
1699.0,1.3605157790595068
1700.0,1.3617488630359837
1701.0,1.3635257799370601
1702.0,1.364672592832809
1703.0,1.3652259484543716
1704.0,1.3660684441868634
1705.0,1.3664612637365772
1706.0,1.3670650522760377
1707.0,1.3680378797469988
1708.0,1.3688294495713063
1709.0,1.3699104937935744
1710.0,1.3705787894246435
1711.0,1.3707073162342083
1712.0,1.3713462279438222
1713.0,1.3718524475586409
1714.0,1.3725289228478
1715.0,1.3736754014858938
1716.0,1.3746405525994094
1717.0,1.375792797741087
1718.0,1.376387267995545
1719.0,1.3765873650352418
1720.0,1.3772131510757022
1721.0,1.3776213072104908
1722.0,1.377956637921228
1723.0,1.3785910503311598
1724.0,1.379111081726209
1725.0,1.3792636826565836
1726.0,1.379686308598141
1727.0,1.3805413322335225
1728.0,1.3810915225871745
1729.0,1.381041075302046
1730.0,1.3817518881823783
1731.0,1.3830121134652587
1732.0,1.384008162074722
1733.0,1.385480299845752
1734.0,1.386501194709224
1735.0,1.3871508905669416
1736.0,1.3874977211782125
1737.0,1.387627265188752
1738.0,1.3876885551280451
1739.0,1.387147244932734
1740.0,1.3872626465930444
1741.0,1.387978214985313
1742.0,1.3883894094423517
1743.0,1.3884613538002608
1744.0,1.3890252210681373
1745.0,1.389911357130878
1746.0,1.3903797367936963
1747.0,1.3912019628093841
1748.0,1.3917577310088465
1749.0,1.3916715712316354
1750.0,1.39202345219456
1751.0,1.392712331213113
1752.0,1.3932588375581023
1753.0,1.3936131652514336
1754.0,1.3941527747666052
1755.0,1.3945693706904647
1756.0,1.3948909336174438
1757.0,1.3957142736819
1758.0,1.3964285782315218
1759.0,1.397496343172421
1760.0,1.3985556431970827
1761.0,1.3993458715808953
1762.0,1.3999332058198122
1763.0,1.4003915496452217
1764.0,1.4002129914163746
1765.0,1.400883931853311
1766.0,1.4021751034702807
1767.0,1.402128575426955
1768.0,1.4031519585788357
1769.0,1.4041157544926952
1770.0,1.4045417223895305
1771.0,1.4064100374322182
1772.0,1.4080847665061116
1773.0,1.409533978056411
1774.0,1.410475387362882
1775.0,1.4105777396060042
1776.0,1.4108291478871053
1777.0,1.4111544257681443
1778.0,1.4118013115670183
1779.0,1.4128182008480443
1780.0,1.4132079004081972
1781.0,1.4134841051531286
1782.0,1.4142451973304868
1783.0,1.4148559243019585
1784.0,1.4165360919932137
1785.0,1.4179233484345337
1786.0,1.4180249198905344
1787.0,1.4191856019483475
1788.0,1.4198340962374203
1789.0,1.4205214264494015
1790.0,1.4232465754532737
1791.0,1.424462884981548
1792.0,1.4254892068577358
1793.0,1.4258923936325778
1794.0,1.4247858122663937
1795.0,1.4247054891274886
1796.0,1.42491794597579
1797.0,1.4252530112006199
1798.0,1.4262686666093725
1799.0,1.4269508911772966
1800.0,1.426611496217224
1801.0,1.409491967095508
1802.0,1.4095804888791303
1803.0,1.409336330558785
1804.0,1.41026163141427
1805.0,1.4130755791764493
1806.0,1.4139258127152419
1807.0,1.4136693110579615
1808.0,1.4148068298579157
1809.0,1.417227595667293
1810.0,1.4179060691264576
1811.0,1.4188087781320928
1812.0,1.417884853580795
1813.0,1.4188338223692616
1814.0,1.4180410164039465
1815.0,1.4184238829380578
1816.0,1.420441030808044
1817.0,1.4220399269535116
1818.0,1.4230051373202326
1819.0,1.4246116384737837
1820.0,1.4276706718234935
1821.0,1.4292546737050464
1822.0,1.4299126387354764
1823.0,1.430930213653527
1824.0,1.431214282817178
1825.0,1.431346418420623
1826.0,1.4317609964823943
1827.0,1.431412825876886
1828.0,1.4323059991339324
1829.0,1.4344604373996268
1830.0,1.4358898402660676
1831.0,1.4368826307377929
1832.0,1.439986325600227
1833.0,1.4431683642004487
1834.0,1.4428333296851055
1835.0,1.4430615805177678
1836.0,1.4435133753830838
1837.0,1.4435723954205422
1838.0,1.4420921832422677
1839.0,1.4416787386376912
1840.0,1.4425012497122691
1841.0,1.4412161739153186
1842.0,1.4405274683085727
1843.0,1.441823345610648
1844.0,1.442195521098494
1845.0,1.4430270671493226
1846.0,1.4435180488031865
1847.0,1.4433151105354876
1848.0,1.4437889967169306
1849.0,1.444294357380236
1850.0,1.4449695891540815
1851.0,1.4464340653920762
1852.0,1.446989544690938
1853.0,1.4470734932135854
1854.0,1.447845549797354
1855.0,1.4467984083843957
1856.0,1.444984923204352
1857.0,1.444257956856961
1858.0,1.4435668481254589
1859.0,1.4435816352242656
1860.0,1.4443025769818554
1861.0,1.4453146298918726
1862.0,1.4465990635281383
1863.0,1.4464215508485296
1864.0,1.4459429951941545
1865.0,1.446241167863636
1866.0,1.4461951260087853
1867.0,1.4452619626677456
1868.0,1.4442551550726523
1869.0,1.443096648381459
1870.0,1.4418097581670897
1871.0,1.4401621013359274
1872.0,1.4384953511148784
1873.0,1.4364753188611226
1874.0,1.4336508789798121
1875.0,1.4305080102907022
1876.0,1.4272178948460748
1877.0,1.4241922480884477
1878.0,1.4219075493106128
1879.0,1.4188762892532591
1880.0,1.4151567306095791
1881.0,1.4114993568115788
1882.0,1.40797607129409
1883.0,1.4037985581790355
1884.0,1.3985237829799921
1885.0,1.395433328406779
1886.0,1.3908921210420426
1887.0,1.3849198599585266
1888.0,1.3800734572654192
1889.0,1.3737945990194487
1890.0,1.367000079522598
1891.0,1.3597337919108854
1892.0,1.3522509273201486
1893.0,1.344561472998069
1894.0,1.3357372012678315
1895.0,1.325734661220831
1896.0,1.316364722292788
1897.0,1.305961368594651
1898.0,1.296105224299118
1899.0,1.2884439962735137
1900.0,1.282213836999858
1901.0,1.275298894672581
1902.0,1.2689671780612912
1903.0,1.2618639990992992
1904.0,1.255132589061691
1905.0,1.246330143516062
1906.0,1.238883454953586
1907.0,1.2351496265321829
1908.0,1.2296321791088307
1909.0,1.2259562954641292
1910.0,1.2231213996528285
1911.0,1.2170069071584788
1912.0,1.212506215719435
1913.0,1.2092773799275993
1914.0,1.2068021435724068
1915.0,1.2046033134775893
1916.0,1.2042030945087117
1917.0,1.2039863502722443
1918.0,1.2036105773764187
1919.0,1.2023758622198277
1920.0,1.201754279612066
1921.0,1.2016104783851058
1922.0,1.2012026472071553
1923.0,1.2026218884452309
1924.0,1.2032445493187163
1925.0,1.203670149022778
1926.0,1.2042305756469387
1927.0,1.2055510710710293
1928.0,1.205213740830528
1929.0,1.2059366654234633
1930.0,1.2073445239558056
1931.0,1.2080469040982198
1932.0,1.2096166459188047
1933.0,1.2119894541842582
1934.0,1.2138514452846565
1935.0,1.2151220534969518
1936.0,1.215654041864548
1937.0,1.216376169239334
1938.0,1.216369527142712
1939.0,1.2165220927721958
1940.0,1.218296113771615
1941.0,1.2211801549311367
1942.0,1.2228441459066397
1943.0,1.225735715488811
1944.0,1.2278781501779443
1945.0,1.2287504447154207
1946.0,1.2310405549091115
1947.0,1.2327916229758984
1948.0,1.234382181783721
1949.0,1.2355848723280083
1950.0,1.2372345002205112
1951.0,1.2387383520653303
1952.0,1.240651738829186
1953.0,1.2436467923567376
1954.0,1.2462540055070226
1955.0,1.2489299821385151
1956.0,1.2519905173775328
1957.0,1.252708748165869
1958.0,1.2530464312201832
1959.0,1.254522780570553
1960.0,1.2556854603253822
1961.0,1.2575240284799583
1962.0,1.2602165913752363
1963.0,1.2638132230456354
1964.0,1.266996326445791
1965.0,1.270412058806414
1966.0,1.2729217475290404
1967.0,1.2746828390133345
1968.0,1.275641845272987
1969.0,1.2750442556162216
1970.0,1.2757102876992783
1971.0,1.2772567832401311
1972.0,1.2788623376338393
1973.0,1.2815302473272034
1974.0,1.2840085887088328
1975.0,1.2865974476358415
1976.0,1.2887117438179194
1977.0,1.2913758008120328
1978.0,1.293464732288774
1979.0,1.2942133421083042
1980.0,1.2954283289044477
1981.0,1.296821377716246
1982.0,1.2980083742104527
1983.0,1.2995347365331495
1984.0,1.3008482222697473
1985.0,1.3023569514393587
1986.0,1.3032273456186998
1987.0,1.3050020159364812
1988.0,1.3074244556725427
1989.0,1.3098706292500255
1990.0,1.312981500243407
1991.0,1.316492720305809
1992.0,1.3193594520190646
1993.0,1.3225691181983625
1994.0,1.3245794323009419
1995.0,1.3247839061580144
1996.0,1.3258061596430495
1997.0,1.3260250640226203
1998.0,1.3276106122520743
1999.0,1.3303959735109268
2000.0,1.3327084849338062
2001.0,1.3359079286870155
2002.0,1.3373745077441743
2003.0,1.3383833271716392
2004.0,1.3396709798131416
2005.0,1.341170739952783
2006.0,1.3431867133229
2007.0,1.3465511813632853
2008.0,1.3499046586779355
2009.0,1.3529494355199525
2010.0,1.356716257992741
2011.0,1.3590371248993907
2012.0,1.3605743000779946
2013.0,1.361835854908392
2014.0,1.3616892178167532
2015.0,1.362872821632477
2016.0,1.3646154461017437
2017.0,1.3656986303451581
2018.0,1.3671005875168372
2019.0,1.3682126607296843
2020.0,1.368824719756164
2021.0,1.370444347192532
2022.0,1.3722706491724757
2023.0,1.3738496672968952
2024.0,1.3753066260246223
2025.0,1.3766118271544847
2026.0,1.3771235443134329
2027.0,1.3763403550872457
2028.0,1.3774756049557786
2029.0,1.3787469490777384
2030.0,1.3810637025120966
2031.0,1.3840917385473237
2032.0,1.386568560629027
2033.0,1.3878479584022512
2034.0,1.389353972041912
2035.0,1.3910321662367502
2036.0,1.3931853314534113
2037.0,1.395489446786375
2038.0,1.398223492062412
2039.0,1.399655058437552
2040.0,1.4010002344767256
2041.0,1.402246276408433
2042.0,1.4026536656778077
2043.0,1.4035579646488203
2044.0,1.405192756676655
2045.0,1.4053887221407966
2046.0,1.406357530684611
2047.0,1.4057665641410604
2048.0,1.4046099626961048
2049.0,1.4048701308645457
2050.0,1.4046295286164396
2051.0,1.4049955917228918
2052.0,1.4062177213475582
2053.0,1.4088817876458055
2054.0,1.4108888246089761
2055.0,1.4131236541646384
2056.0,1.4155247381667992
2057.0,1.4188004670992729
2058.0,1.420622412205116
2059.0,1.4220750664780297
2060.0,1.4233212001102644
2061.0,1.4225232317278755
2062.0,1.4209920056793124
2063.0,1.4212039887431172
2064.0,1.4208033234289619
2065.0,1.4209510804259533
2066.0,1.4214806034733467
2067.0,1.4214940671168304
2068.0,1.4207158998421028
2069.0,1.4206566325932477
2070.0,1.4207100087331783
2071.0,1.421180284796352
2072.0,1.4215645258971035
2073.0,1.4227901437352726
2074.0,1.4249435887811888
2075.0,1.4267618846474865
2076.0,1.4292577601588308
2077.0,1.4314142211015473
2078.0,1.433377832072477
2079.0,1.4360776724177444
2080.0,1.4363277004471622
2081.0,1.4371777498991973
2082.0,1.4378470891015835
2083.0,1.4372259625987163
2084.0,1.4370639017998164
2085.0,1.437789628588573
2086.0,1.4376307355150353
2087.0,1.436137570828026
2088.0,1.4360136222858781
2089.0,1.4357893795029342
2090.0,1.4374227943432925
2091.0,1.438812153313381
2092.0,1.4399253579004514
2093.0,1.4420346042707413
2094.0,1.4418844526754497
2095.0,1.4404224053494195
2096.0,1.4401734630081127
2097.0,1.4413384006770276
2098.0,1.443568476770447
2099.0,1.4445130611679329
2100.0,1.4468937610801262
2101.0,1.447896747506438
2102.0,1.4462038191932958
2103.0,1.4463442325757296
2104.0,1.4481116495636412
2105.0,1.4486174054711267
2106.0,1.4485491578781453
2107.0,1.449023612779874
2108.0,1.4482245342065312
2109.0,1.4484752673540706
2110.0,1.4511802835519205
2111.0,1.4533204054820532
2112.0,1.4537335611689373
2113.0,1.45437124188453
2114.0,1.4545263624416283
2115.0,1.4519431610747857
2116.0,1.451949149178231
2117.0,1.45398251810001
2118.0,1.454648386063027
2119.0,1.4555224317510833
2120.0,1.4558229587272202
2121.0,1.4557718002756683
2122.0,1.4555062944714532
2123.0,1.4543468607794336
2124.0,1.453998751901962
2125.0,1.454078243296111
2126.0,1.4529641330556051
2127.0,1.4541268070516462
2128.0,1.4557569477203698
2129.0,1.455595756530448
2130.0,1.4566934337949313
2131.0,1.4560694494427362
2132.0,1.4549915901987307
2133.0,1.454307464500495
2134.0,1.4539397564154835
2135.0,1.4530595180213484
2136.0,1.4509492925440657
2137.0,1.4506194468985656
2138.0,1.4513884531006056
2139.0,1.4517281909647803
2140.0,1.4530532858539316
2141.0,1.4540177527692322
2142.0,1.4548396349883619
2143.0,1.4554472514930041
2144.0,1.4538201233043295
2145.0,1.4532770215549353
2146.0,1.452254308481362
2147.0,1.4493281380148753
2148.0,1.44902728596273
2149.0,1.4485789796853696
2150.0,1.4474390491554363
2151.0,1.446526090673551
2152.0,1.4461401452181657
2153.0,1.4462269567315222
2154.0,1.4467149555670915
2155.0,1.4482721900558988
2156.0,1.4485871626742868
2157.0,1.4479689234459079
2158.0,1.4480141101349508
2159.0,1.4471902218203292
2160.0,1.4478654358195469
2161.0,1.4511783268161733
2162.0,1.4519753984521442
2163.0,1.4516791732478314
2164.0,1.4525427185030866
2165.0,1.450017454606776
2166.0,1.4493393175489804
2167.0,1.4514518603139468
2168.0,1.4502553625753218
2169.0,1.4494555972410723
2170.0,1.4485317409069318
2171.0,1.4476710492605003
2172.0,1.445887439996866
2173.0,1.4452818524442081
2174.0,1.4451400257369573
2175.0,1.4454170723898383
2176.0,1.4465004296445805
2177.0,1.446582001977514
2178.0,1.447615195798262
2179.0,1.4471964698387116
2180.0,1.4448931161989949
2181.0,1.443223316941521
2182.0,1.439878054762663
2183.0,1.4390477958998207
2184.0,1.439351610138245
2185.0,1.4403763493854211
2186.0,1.444463017308763
2187.0,1.4468111105929313
2188.0,1.4465037997828702
2189.0,1.4471534779014845
2190.0,1.44648310830675
2191.0,1.4465589246176154
2192.0,1.4463218306689425
2193.0,1.4453332213278378
2194.0,1.4443366944642604
2195.0,1.4409936034900985
2196.0,1.439870260149323
2197.0,1.44053180173833
2198.0,1.4409147698396716
2199.0,1.44199686138675
2200.0,1.4427279012459413
2201.0,1.4433150071906382
2202.0,1.4438714463344824
2203.0,1.444719913664873
2204.0,1.444131750122525
2205.0,1.4425659567179379
2206.0,1.4422145453158062
2207.0,1.4412658947676762
2208.0,1.4412438028516945
2209.0,1.4418905354137028
2210.0,1.4422783689718148
2211.0,1.4399590559508997
2212.0,1.4379252660743689
2213.0,1.4386048409125183
2214.0,1.4393906776414591
2215.0,1.4397489679333253
2216.0,1.4421548254414387
2217.0,1.4429234196494345
2218.0,1.4426303819454378
2219.0,1.4412259439551813
2220.0,1.437465736061805
2221.0,1.4384419034697224
2222.0,1.4406619491987274
2223.0,1.442862443032945
2224.0,1.449712520472782
2225.0,1.4522237802103837
2226.0,1.4524897087177078
2227.0,1.4518408861869136
2228.0,1.4497623786128018
2229.0,1.4473354116370638
2230.0,1.4404417499714646
2231.0,1.4384168715112882
2232.0,1.4379610988934104
2233.0,1.4402201395824004
2234.0,1.4438908772933532
2235.0,1.4476516005617233
2236.0,1.4483585757024224
2237.0,1.446463523671011
2238.0,1.442583396732682
2239.0,1.437039206289339
2240.0,1.435410440407005
2241.0,1.4330923678664913
2242.0,1.4309508866188614
2243.0,1.4320071352784485
2244.0,1.429924100695655
2245.0,1.4269319512655916
2246.0,1.4262323582826428
2247.0,1.4278713612819196
2248.0,1.4265719651444924
2249.0,1.425099912089626
2250.0,1.4252267129102967
2251.0,1.4250107183144
2252.0,1.4231710073774668
2253.0,1.4216150658761086
2254.0,1.4190063079343347
2255.0,1.4124735444181162
2256.0,1.4103675297285547
2257.0,1.4126326538435385
2258.0,1.4123291932267827
2259.0,1.4121850886524163
2260.0,1.4116849353388679
2261.0,1.4105965090022263
2262.0,1.4072824978277056
2263.0,1.4064545687947232
2264.0,1.404564289965631
2265.0,1.4033110140942942
2266.0,1.4043115878457433
2267.0,1.4014906976547334
2268.0,1.397470225153913
2269.0,1.396223987308204
2270.0,1.3939953211412859
2271.0,1.3940765809734437
2272.0,1.3995690135789587
2273.0,1.4010742792404756
2274.0,1.4004720628579101
2275.0,1.4047060191782381
2276.0,1.4083178974003163
2277.0,1.410486603325222
2278.0,1.4144148593113195
2279.0,1.4135017023716019
2280.0,1.4082576192083167
2281.0,1.4057045558151227
2282.0,1.400935469969208
2283.0,1.399920651957743
2284.0,1.4020166618365997
2285.0,1.401043234890385
2286.0,1.4000569563474203
2287.0,1.398155241906669
2288.0,1.3938822462841751
2289.0,1.392746345168972
2290.0,1.3941022605780642
2291.0,1.393131132743669
2292.0,1.3926125264693718
2293.0,1.3903698352609524
2294.0,1.3839145078913642
2295.0,1.381749124037533
2296.0,1.381320152951781
2297.0,1.3819177604243782
2298.0,1.383865437636157
2299.0,1.3841514753051822
2300.0,1.3820089146511811
2301.0,1.3808933543713218
2302.0,1.382519067894761
2303.0,1.3856553118445458
2304.0,1.3902409019394677
2305.0,1.3942347107354942
2306.0,1.3973706523494545
2307.0,1.4004207329187162
2308.0,1.3997013152335198
2309.0,1.3995807928086397
2310.0,1.3965642642451666
2311.0,1.3875808586439289
2312.0,1.381803370590063
2313.0,1.3786317337551615
2314.0,1.3794996289876915
2315.0,1.3884246573700172
2316.0,1.395276102578701
2317.0,1.3950138405331083
2318.0,1.3934517380609965
2319.0,1.3855686817041233
2320.0,1.3815906518187147
2321.0,1.3800262502413772
2322.0,1.378116977267261
2323.0,1.3744761917099322
2324.0,1.3770691132803552
2325.0,1.3823298070961196
2326.0,1.386628144742256
2327.0,1.396854841784682
2328.0,1.4004538211103184
2329.0,1.4024212439722425
2330.0,1.3994002106256107
2331.0,1.3889654404686382
2332.0,1.3860781450908222
2333.0,1.3795717634051277
2334.0,1.3803926939470927
2335.0,1.3926400616554602
2336.0,1.3973017640944572
2337.0,1.4010925755740344
2338.0,1.402915119422069
2339.0,1.3990671512308082
2340.0,1.3995587459094136
2341.0,1.4028811541236315
2342.0,1.405947555447765
2343.0,1.4141191768259018
2344.0,1.4146531362424957
2345.0,1.4095463945911626
2346.0,1.405622651249224
2347.0,1.3958737177030407
2348.0,1.392550973376931
2349.0,1.3896400483115388
2350.0,1.3804645929809953
2351.0,1.3771891935780507
2352.0,1.3730061485758938
2353.0,1.3753315797637389
2354.0,1.3858020328929388
2355.0,1.3840693891408864
2356.0,1.3828037836995601
2357.0,1.3840517490167203
2358.0,1.3764313237987138
2359.0,1.3799884307316612
2360.0,1.385408322625466
2361.0,1.3771820566209172
2362.0,1.3782123196668505
2363.0,1.3813625787949284
2364.0,1.3756711761780969
2365.0,1.3811777679600588
2366.0,1.390013371753614
2367.0,1.3951233952131323
2368.0,1.3964688145706567
2369.0,1.3914720331551371
2370.0,1.3821188500053827
2371.0,1.3666978783589574
2372.0,1.3590522065987416
2373.0,1.354478637984459
2374.0,1.3553567964043851
2375.0,1.3658466244796186
2376.0,1.369760927160249
2377.0,1.3708677434779553
2378.0,1.3625269818516672
2379.0,1.3456434049439783
2380.0,1.34134259145555
2381.0,1.3483729203531785
2382.0,1.358257547664317
2383.0,1.365786399259416
2384.0,1.372569458715031
2385.0,1.3826262934996962
2386.0,1.3762665442187039
2387.0,1.3610126964051248
2388.0,1.3563812278898428
2389.0,1.3449265657995926
2390.0,1.3384467880292679
2391.0,1.3453025256074203
2392.0,1.3346416421634661
2393.0,1.323330759849622
2394.0,1.3234333703816212
2395.0,1.3273090688232088
2396.0,1.340800435786201
2397.0,1.3386647448011924
2398.0,1.3284302152415974
2399.0,1.3191586870113514
2400.0,1.306482733461576
2401.0,1.3110169969919387
2402.0,1.3200480963965096
2403.0,1.3311196117115973
2404.0,1.342843165009467
2405.0,1.3487426334833341
2406.0,1.3562997136521047
2407.0,1.3535619373850554
2408.0,1.3444928909727019
2409.0,1.3241885151756232
2410.0,1.3108829603038108
2411.0,1.3072113143616009
2412.0,1.2988502605756456
2413.0,1.3076973270824714
2414.0,1.297022314174566
2415.0,1.2738885519636023
2416.0,1.2702727780694205
2417.0,1.2556523351074997
2418.0,1.2562572743903833
2419.0,1.269950438203278
2420.0,1.276315521692449
2421.0,1.285042136647474
2422.0,1.2809539544541213
2423.0,1.2861778809394466
2424.0,1.2838414590064104
2425.0,1.2881742363973638
2426.0,1.3064627331667376
2427.0,1.303562086288853
2428.0,1.3007848347034772
2429.0,1.2914532509393866
2430.0,1.2814696831307335
2431.0,1.2694281842033914
2432.0,1.266941908495039
2433.0,1.2698788976205178
2434.0,1.2675162220724294
2435.0,1.2754416980212737
2436.0,1.2707498979659808
2437.0,1.2616664698453914
2438.0,1.2610840457617225
2439.0,1.259182468670717
2440.0,1.260261563338944
2441.0,1.252359233226605
2442.0,1.2280013648657995
2443.0,1.2184163443174933
2444.0,1.2181846501950095
2445.0,1.2158899705543647
2446.0,1.2209780862507338
2447.0,1.2247951103961072
2448.0,1.2161465818392845
2449.0,1.2168478438792574
2450.0,1.2322241596307564
2451.0,1.237900987742519
2452.0,1.240744882414904
2453.0,1.2278311280621863
2454.0,1.1946445057256594
2455.0,1.1716076010987135
2456.0,1.159015085902587
2457.0,1.1599215497334692
2458.0,1.1908169059690374
2459.0,1.2119502733293206
2460.0,1.230115640205028
2461.0,1.263541750801306
2462.0,1.2634697696516501
2463.0,1.2493034497216793
2464.0,1.2274775601902685
2465.0,1.190429658358977
2466.0,1.1819005083606429
2467.0,1.210097979887084
2468.0,1.2164095297220345
2469.0,1.2056472689443203
2470.0,1.191796671248166
2471.0,1.1446600674194916
2472.0,1.1321509124756008
2473.0,1.1403699564123497
2474.0,1.1421442087246878
2475.0,1.157496381557299
2476.0,1.1656738523657608
2477.0,1.1728300548073276
2478.0,1.1718917335911756
2479.0,1.1725033847816824
2480.0,1.164820877594559
2481.0,1.1299782934690457
2482.0,1.122371887633956
2483.0,1.12436066867808
2484.0,1.1249815530409757
2485.0,1.153798266227479
2486.0,1.1636817634402163
2487.0,1.1506945974246454
2488.0,1.1612956517858235
2489.0,1.171661818037471
2490.0,1.1869203915824138
2491.0,1.2349053576420568
2492.0,1.2433027293389174
2493.0,1.2365724643674505
2494.0,1.2204618988075644
2495.0,1.1657065005220852
2496.0,1.160883238717862
2497.0,1.1815720635202183
2498.0,1.166754518533054
2499.0,1.157265202711877
2500.0,1.1028777909369039
