350.0,-0.12557907603884652
351.0,-0.09778113744183005
352.0,-0.16111353432959274
353.0,-0.13003783363931337
354.0,-0.1229217202031269
355.0,-0.10868804401077758
356.0,-0.04734554354215976
357.0,0.006951931146381837
358.0,0.022933905094764402
359.0,-0.008467051269160088
360.0,-0.06076524414884834
361.0,-0.02614885616924747
362.0,0.0016171496356470973
363.0,0.00836719938820851
364.0,0.016906228313017083
365.0,0.010831922930604473
366.0,-0.009468407395878224
367.0,-0.03000951874495524
368.0,-0.03196323975873502
369.0,-0.017108647876374724
370.0,-0.01898556953912798
371.0,-0.024118119467685523
372.0,0.030770231399582626
373.0,0.018720477892236742
374.0,-0.0023803031242122
375.0,0.004739881253470256
376.0,-0.014256055519901683
377.0,-0.005193503156706106
378.0,0.014432066894432861
379.0,0.019798383555163005
380.0,0.013009412686094873
381.0,0.007068928517174023
382.0,0.009723321042970865
383.0,0.020083190554897837
384.0,0.013729237128383545
385.0,0.019484628324757607
386.0,0.03301284329304297
387.0,0.03259870269411559
388.0,0.025127339764980754
389.0,0.021971715237053248
390.0,0.0263765943312466
391.0,0.03352491789756153
392.0,0.0375803084991335
393.0,0.034472327829813576
394.0,0.025857257551300788
395.0,0.020753069463338526
396.0,0.025156338024657363
397.0,0.03057677402334587
398.0,0.030300262639585976
399.0,0.029535191236908506
400.0,0.033509237841261
401.0,0.03235695978986092
402.0,0.020493211154157847
403.0,0.03069844130338817
404.0,0.03058640130553001
405.0,0.025078181134448454
406.0,0.03592024750064241
407.0,0.03845702791318355
408.0,0.03499776704663522
409.0,0.0302092984584515
410.0,0.028461133101737396
411.0,0.030022515099426522
412.0,0.03578029539374935
413.0,0.04345591812790338
414.0,0.04574104794605101
415.0,0.044769821972817
416.0,0.03997969249294439
417.0,0.03371664771641555
418.0,0.03909668351535725
419.0,0.04192672274249505
420.0,0.04335121369607987
421.0,0.04894828231414103
422.0,0.048383575596357274
423.0,0.04546952079881792
424.0,0.04238594701387119
425.0,0.03945846703912665
426.0,0.04115109950380756
427.0,0.04291336102708134
428.0,0.04291700727331872
429.0,0.04552528120668486
430.0,0.044710832956722124
431.0,0.042744344828635164
432.0,0.04266893630127557
433.0,0.04357457488618666
434.0,0.04412129341604542
435.0,0.04488355581660754
436.0,0.04660056087539067
437.0,0.04553067021342508
438.0,0.04394834493981205
439.0,0.04310343663784995
440.0,0.04285531918603127
441.0,0.04332986787104791
442.0,0.044243534298694175
443.0,0.04527850569600516
444.0,0.046288232962841576
445.0,0.04534454138280961
446.0,0.04387969007428622
447.0,0.04354741651143081
448.0,0.042655073884865974
449.0,0.0435987272045039
450.0,0.04564020532991774
451.0,0.04620120800130005
452.0,0.0441144324130386
453.0,0.042278949912921186
454.0,0.04236600411149829
455.0,0.04395058661803998
456.0,0.044227701256758234
457.0,0.04462033248792755
458.0,0.046157799687354145
459.0,0.0464551231819928
460.0,0.04638914553292861
461.0,0.04583376644377007
462.0,0.04458052189965297
463.0,0.043705549765067755
464.0,0.04379616339103708
465.0,0.045042607893955124
466.0,0.047026704275806644
467.0,0.04552427157443907
468.0,0.04411287694055851
469.0,0.045084493400124374
470.0,0.04607336604648843
471.0,0.045633888435945257
472.0,0.04505722171136802
473.0,0.04578591299277013
474.0,0.04605793147915123
475.0,0.045094622605790356
476.0,0.04422080725897683
477.0,0.04556593626941348
478.0,0.04476442429391213
479.0,0.044769774392381514
480.0,0.04630431252956167
481.0,0.0456245619049289
482.0,0.044376051370393785
483.0,0.04421823533391997
484.0,0.04581718304926611
485.0,0.04675359829410755
486.0,0.046974779148262244
487.0,0.04690603282280144
488.0,0.047064122584908205
489.0,0.046132200079711645
490.0,0.04580447847676866
491.0,0.04641708930841878
492.0,0.04627119964793587
493.0,0.046743935994614065
494.0,0.046644594060098625
495.0,0.04552370741123886
496.0,0.04686488768486699
497.0,0.04698459188167258
498.0,0.04636850536402973
499.0,0.04710178957936062
500.0,0.04699840479010978
501.0,0.046454995464823075
502.0,0.04631303603879466
503.0,0.047574331425599276
504.0,0.047100558681801186
505.0,0.04654170212112033
506.0,0.04726276212568523
507.0,0.04678316462850253
508.0,0.04718722563057389
509.0,0.04798406738357846
510.0,0.04776883104695095
511.0,0.04777302902417493
512.0,0.04728155217482603
513.0,0.04672495427727024
514.0,0.04791705715450228
515.0,0.04828299125836285
516.0,0.047795940093929574
517.0,0.04718737586272513
518.0,0.0476279430318203
519.0,0.04781163474451341
520.0,0.04759190579942301
521.0,0.04745226950436698
522.0,0.04792984671343538
523.0,0.0485607885989949
524.0,0.04882653566251591
525.0,0.04828178486354448
526.0,0.048299985184555624
527.0,0.048325456346007434
528.0,0.04790045584201871
529.0,0.048356076045840544
530.0,0.04818598084728033
531.0,0.0478278850461201
532.0,0.048499748331130396
533.0,0.04863127883208517
534.0,0.04842398485278226
535.0,0.0482499635462398
536.0,0.04844395074724129
537.0,0.048761564678707195
538.0,0.048730217059057744
539.0,0.048244837918496195
540.0,0.04862085596128608
541.0,0.04907065715827922
542.0,0.04917332522065961
543.0,0.04887542871421732
544.0,0.049021908929131004
545.0,0.049208489153430304
546.0,0.04917557208417284
547.0,0.04918200509961583
548.0,0.048999138974450504
549.0,0.04898237757112902
550.0,0.04940146681139537
551.0,0.049430839535373104
552.0,0.04946084861530761
553.0,0.04939321792092658
554.0,0.048825601171323084
555.0,0.049235548793818855
556.0,0.04990249720531812
557.0,0.050148026520671185
558.0,0.050131789565695764
559.0,0.050043386104856445
560.0,0.049884938266492616
561.0,0.049645682886489
562.0,0.04968288664670605
563.0,0.04974960866658878
564.0,0.04989019247477783
565.0,0.05045177773000936
566.0,0.05051054392920618
567.0,0.05048188728075429
568.0,0.05072423843000795
569.0,0.05065197589351385
570.0,0.05041842917458459
571.0,0.050268139746508816
572.0,0.05044468957438261
573.0,0.050792005216539406
574.0,0.050763301104958525
575.0,0.05042921776991495
576.0,0.050754782624354504
577.0,0.05077278720792864
578.0,0.050754769423033017
579.0,0.05108701076776448
580.0,0.05134563040596504
581.0,0.05140532440823147
582.0,0.051308849002489026
583.0,0.05122683099614835
584.0,0.0512768406487753
585.0,0.05146812395692176
586.0,0.051704804541840024
587.0,0.051726291888499344
588.0,0.05188490114393876
589.0,0.0519184718148448
590.0,0.05158124177284683
591.0,0.05179156483908978
592.0,0.052023540406211474
593.0,0.05212740514541565
594.0,0.05237649320915851
595.0,0.052568980746829586
596.0,0.05244901750381429
597.0,0.052052553172101564
598.0,0.052204460410855115
599.0,0.052425355406698834
600.0,0.05254987578866833
601.0,0.052610764201531886
602.0,0.05297238655026714
603.0,0.05329701657128619
604.0,0.05328860748087586
605.0,0.05279912789489814
606.0,0.05287211752938696
607.0,0.05321336869639881
608.0,0.053352355235592355
609.0,0.053745243056934414
610.0,0.05397122840644394
611.0,0.053827370779261474
612.0,0.053384755100493966
613.0,0.05381652777734061
614.0,0.054270141681084634
615.0,0.05419382644832231
616.0,0.05425254164713388
617.0,0.05459907399943652
618.0,0.054858570051037905
619.0,0.05463843107792405
620.0,0.05474248848608363
621.0,0.0549093604726305
622.0,0.05506473808321962
623.0,0.055387860691958925
624.0,0.055439567356420014
625.0,0.05541953812397304
626.0,0.055522778587476763
627.0,0.055474582206046556
628.0,0.0555807999686335
629.0,0.055873500751883715
630.0,0.05619105263652341
631.0,0.05616516401819861
632.0,0.05618942612124048
633.0,0.056386966772032476
634.0,0.056320116105964525
635.0,0.056151552329280034
636.0,0.05625055079822123
637.0,0.056836785039372686
638.0,0.057264657742795905
639.0,0.05752383003831696
640.0,0.05757106989844561
641.0,0.05735266478492681
642.0,0.05716006395553846
643.0,0.05733756947240118
644.0,0.05794144067185711
645.0,0.05846632246298384
646.0,0.058341776083650904
647.0,0.05815249145351789
648.0,0.05869796283643096
649.0,0.05848713310677098
650.0,0.05846257328406313
651.0,0.058921283302165506
652.0,0.059166692617825443
653.0,0.05938539671236184
654.0,0.05959975815887888
655.0,0.05975991308698776
656.0,0.05964453716918719
657.0,0.05963863351815028
658.0,0.0597856955699547
659.0,0.05992623115651472
660.0,0.060290887551337574
661.0,0.06054414162699933
662.0,0.06058562202688892
663.0,0.060845040056878345
664.0,0.06104516741975847
665.0,0.06112417973452278
666.0,0.06112833618225224
667.0,0.06122391467813691
668.0,0.061644585978155024
669.0,0.062144899629358076
670.0,0.062092704085779354
671.0,0.06206661635426258
672.0,0.0623326333136365
673.0,0.0628240877743799
674.0,0.06278899970085623
675.0,0.06293154795745952
676.0,0.06324263788934271
677.0,0.06342356714390503
678.0,0.06354607442092972
679.0,0.06388039440880813
680.0,0.06430395977595944
681.0,0.06418598523374526
682.0,0.06442225251766558
683.0,0.06469293091111981
684.0,0.06465414757196525
685.0,0.06499077092146135
686.0,0.0652671457396934
687.0,0.06540384356536154
688.0,0.06555906451907677
689.0,0.06567610032974926
690.0,0.06588306416294731
691.0,0.0662393284384256
692.0,0.06666509972294551
693.0,0.06694408995707647
694.0,0.06713283939366955
695.0,0.06737376737998767
696.0,0.06771540478981304
697.0,0.06792611732666026
698.0,0.06794397898365989
699.0,0.06788604979007362
700.0,0.06800724361629455
701.0,0.06836913172113042
702.0,0.06886921401893269
703.0,0.06914889747415477
704.0,0.06927964288554585
705.0,0.06946705856726829
706.0,0.06987600932796391
707.0,0.06993969853760158
708.0,0.07018627438203748
709.0,0.0706235889121682
710.0,0.07058063439037104
711.0,0.07092697682218846
712.0,0.07144215441102003
713.0,0.071761107884802
714.0,0.07186931034380475
715.0,0.07201464361470601
716.0,0.07229589328839625
717.0,0.07269813461318471
718.0,0.07310109581131531
719.0,0.0734108448897137
720.0,0.07361094858014584
721.0,0.0737840469798002
722.0,0.07408533062656458
723.0,0.0743523906646552
724.0,0.07449005164438012
725.0,0.07505938536789336
726.0,0.0753848484607139
727.0,0.07541171145765416
728.0,0.07555042433675675
729.0,0.07594149212722665
730.0,0.07626384071207983
731.0,0.07641855094715547
732.0,0.07683120649481465
733.0,0.07722121327420296
734.0,0.07758679984118813
735.0,0.07797364787658208
736.0,0.07824268414291992
737.0,0.07847380823370036
738.0,0.07875798633949294
739.0,0.07917218308277355
740.0,0.07961155556148485
741.0,0.07993076534812804
742.0,0.08015852920336278
743.0,0.08072482388085227
744.0,0.0809902577766548
745.0,0.08113707451023885
746.0,0.08154659340174518
747.0,0.08196503893030022
748.0,0.08233709424416422
749.0,0.08266745492520851
750.0,0.08301110138481531
751.0,0.08337136902688945
752.0,0.08370310974811136
753.0,0.08400004460968526
754.0,0.08436444035615477
755.0,0.08478532021383199
756.0,0.08527789279028886
757.0,0.08581189333554518
758.0,0.08607578779748254
759.0,0.08647589292844075
760.0,0.08694691575119133
761.0,0.08697852695886167
762.0,0.08741337415934615
763.0,0.08793742859384075
764.0,0.08827517550888292
765.0,0.08879246179496691
766.0,0.08906376952857727
767.0,0.08925971044664809
768.0,0.08971389644547978
769.0,0.09029142667384189
770.0,0.09070679053659704
771.0,0.09098804161199467
772.0,0.0914613888772568
773.0,0.09197404908922643
774.0,0.09234959335812808
775.0,0.09259855073711028
776.0,0.09319244756080435
777.0,0.09357018076381987
778.0,0.09387823144919119
779.0,0.09442510601161241
780.0,0.09489320358118537
781.0,0.09525340264891266
782.0,0.09562183651041078
783.0,0.09619873659829056
784.0,0.09665365969795563
785.0,0.09700455668031703
786.0,0.0973800415126854
787.0,0.09801028653941184
788.0,0.09853401898751689
789.0,0.09894796821824067
790.0,0.09937973626531647
791.0,0.09994854835544015
792.0,0.10033903318752231
793.0,0.10066692143451604
794.0,0.10132935079462559
795.0,0.10185300845673449
796.0,0.10227752772467032
797.0,0.10271786372616802
798.0,0.10329198685315717
799.0,0.10377004298271855
800.0,0.10416412821286267
801.0,0.10455715991967639
802.0,0.10499346588930511
803.0,0.1055156953602343
804.0,0.10607331048718477
805.0,0.10656879940121117
806.0,0.10699684508372084
807.0,0.10754439215684689
808.0,0.1082081503534566
809.0,0.10873391530874844
810.0,0.10929314635918606
811.0,0.10989809799102661
812.0,0.11048167380484307
813.0,0.11084908641386824
814.0,0.11127401553529526
815.0,0.1118417458937013
816.0,0.11250340765646248
817.0,0.1130114957826578
818.0,0.11347859336838736
819.0,0.11398963535416518
820.0,0.1145704570296345
821.0,0.11510685877452831
822.0,0.1156918005987163
823.0,0.11635635461930728
824.0,0.11696788824168065
825.0,0.11743021908439778
826.0,0.11794516164320998
827.0,0.1186471632412016
828.0,0.11907477552312808
829.0,0.11980543673649881
830.0,0.12074653425553063
831.0,0.12140864315902261
832.0,0.12143135917873346
833.0,0.12181319919955273
834.0,0.12270711508073076
835.0,0.12323519262209547
836.0,0.12385846464690936
837.0,0.12443090778281823
838.0,0.12489461599212527
839.0,0.12560087609115994
840.0,0.1262579425848872
841.0,0.12677099720508603
842.0,0.12717708362810148
843.0,0.1277242400159804
844.0,0.12846496293210902
845.0,0.12923630542680598
846.0,0.12980967917911387
847.0,0.1304981721558952
848.0,0.13116491395626437
849.0,0.13170217071835214
850.0,0.1321110106357957
851.0,0.132835648312123
852.0,0.13373056377624817
853.0,0.13451415211650825
854.0,0.13487563969917785
855.0,0.13545009353003012
856.0,0.13615663964327898
857.0,0.13675058088930706
858.0,0.13729540730760226
859.0,0.13784938332928984
860.0,0.1385319313273952
861.0,0.1394269589687023
862.0,0.14026073112151935
863.0,0.14112944886577317
864.0,0.14188061289046539
865.0,0.1421886433066811
866.0,0.14275149795016517
867.0,0.14359420261537023
868.0,0.14452878009571526
869.0,0.14522665936289614
870.0,0.14593728450642252
871.0,0.14660635877952574
872.0,0.14714769844088943
873.0,0.14752097008216436
874.0,0.14844050161851552
875.0,0.1495687879095497
876.0,0.15032497806489756
877.0,0.15098780802497205
878.0,0.1517825714005033
879.0,0.152550013982574
880.0,0.15300008593537215
881.0,0.1536590083776164
882.0,0.15449603499154504
883.0,0.15538487621181327
884.0,0.15616774408994896
885.0,0.15695090574276818
886.0,0.1576274706019555
887.0,0.15815403140209847
888.0,0.1586292162110905
889.0,0.15943762417410856
890.0,0.1604266769314426
891.0,0.16135829077014807
892.0,0.16213490202514647
893.0,0.1629054576939685
894.0,0.16361534386825485
895.0,0.16419964121699154
896.0,0.1647713443754634
897.0,0.16557255853651046
898.0,0.16652348112513338
899.0,0.16740127674715943
900.0,0.16813815896886544
901.0,0.16921025191482708
902.0,0.1703178329553141
903.0,0.17075207024938122
904.0,0.1712392947910075
905.0,0.17220772052470001
906.0,0.1733205827067706
907.0,0.1736386106013021
908.0,0.17414506073543523
909.0,0.1750568516187363
910.0,0.17612392990793885
911.0,0.17667048133717306
912.0,0.17740779659839648
913.0,0.17830485509731384
914.0,0.17922264810202523
915.0,0.18012909403857086
916.0,0.1814577013416392
917.0,0.18219184314956952
918.0,0.18192418741881716
919.0,0.182867095076521
920.0,0.18408371257168468
921.0,0.18503040392528736
922.0,0.18562323448609502
923.0,0.18703142645954746
924.0,0.18799981310422792
925.0,0.18844077533824805
926.0,0.188942130566581
927.0,0.19038408504888021
928.0,0.19144200714500895
929.0,0.19200831949641756
930.0,0.1927484212185994
931.0,0.19396112520293457
932.0,0.19481271558481675
933.0,0.19533938261621628
934.0,0.1961986543317511
935.0,0.19730416356753833
936.0,0.19806155032073433
937.0,0.19879628877817013
938.0,0.20046286122304177
939.0,0.20190673855833802
940.0,0.20259182115871996
941.0,0.20288479500272824
942.0,0.203891442885323
943.0,0.20526473934991524
944.0,0.2061042187094026
945.0,0.20659136078249798
946.0,0.2081039110738712
947.0,0.208243682455939
948.0,0.20902970247001923
949.0,0.21098165948677028
950.0,0.21163780013428976
951.0,0.21230572788221405
952.0,0.21347232043026787
953.0,0.21468976272465218
954.0,0.21445380911024242
955.0,0.21497683956875094
956.0,0.215962816433498
957.0,0.21698023142364434
958.0,0.21832293865880245
959.0,0.21946478000663033
960.0,0.2202407484685016
961.0,0.22077149983154706
962.0,0.22150334173860586
963.0,0.2229327416586679
964.0,0.22405005770345437
965.0,0.22439404345324418
966.0,0.225242159813741
967.0,0.22629154771494314
968.0,0.22744066481989375
969.0,0.22865830555520836
970.0,0.2300150363650358
971.0,0.2310900012734479
972.0,0.23149645605169722
973.0,0.2316615743989782
974.0,0.2333880965625752
975.0,0.23543308525133486
976.0,0.23651072906059836
977.0,0.2365367104014735
978.0,0.23757856461139065
979.0,0.23870542566966094
980.0,0.23953416226767232
981.0,0.2401271750896322
982.0,0.24111460559597075
983.0,0.2422481859323112
984.0,0.24353678791663877
985.0,0.24490291406123046
986.0,0.2460789047093809
987.0,0.2474858447553921
988.0,0.24815269179544547
989.0,0.24798596868695097
990.0,0.2486494012545394
991.0,0.2505988052669888
992.0,0.25263668446571635
993.0,0.25413420754448524
994.0,0.25567517462789274
995.0,0.25579301713444264
996.0,0.25549138287955253
997.0,0.25611337238163345
998.0,0.25847066043059913
999.0,0.2604628222975034
1000.0,0.26172070058740804
1001.0,0.2673577016954357
1002.0,0.2715246325175256
1003.0,0.2724274916983359
1004.0,0.27087002140312
1005.0,0.26891463589671744
1006.0,0.2693090347057064
1007.0,0.2707824703578177
1008.0,0.27487697965754126
1009.0,0.27819013692202993
1010.0,0.27784008329381366
1011.0,0.2789427711760772
1012.0,0.2799106156690428
1013.0,0.27958339797511084
1014.0,0.280816153971373
1015.0,0.2839270292008858
1016.0,0.2842478161352163
1017.0,0.2829155517009887
1018.0,0.2846073547975432
1019.0,0.28469304481279
1020.0,0.28625905578755406
1021.0,0.2873183400462519
1022.0,0.2879326812672411
1023.0,0.2914259610594172
1024.0,0.2938956494378745
1025.0,0.2953077118457202
1026.0,0.2988550073529988
1027.0,0.30281967375056856
1028.0,0.30143657806481633
1029.0,0.301449628141139
1030.0,0.302410485260251
1031.0,0.30376404707653276
1032.0,0.30107235395055776
1033.0,0.3028577344104855
1034.0,0.30518451290727855
1035.0,0.30556065132020765
1036.0,0.3068209476946753
1037.0,0.307724791845138
1038.0,0.30955522598182045
1039.0,0.31063231915397954
1040.0,0.3098087265027953
1041.0,0.3085875643898823
1042.0,0.30953458677322127
1043.0,0.31055977286736847
1044.0,0.3119938764728958
1045.0,0.313145630223221
1046.0,0.31631398119422016
1047.0,0.3188999521836386
1048.0,0.32009842044315073
1049.0,0.3228134523656433
1050.0,0.3245970329806108
1051.0,0.3238414736487857
1052.0,0.3239820691421444
1053.0,0.32380421454998104
1054.0,0.32376284960532487
1055.0,0.32554564325878366
1056.0,0.3272743116952236
1057.0,0.3290273817959043
1058.0,0.3316769321407241
1059.0,0.33388891951824456
1060.0,0.3345485813200553
1061.0,0.33340329316035405
1062.0,0.33301819813320394
1063.0,0.3344667505408751
1064.0,0.3349251663399072
1065.0,0.3379218841369096
1066.0,0.34167099433949055
1067.0,0.34241005067336566
1068.0,0.34368353544541497
1069.0,0.34602897610554784
1070.0,0.34688655523308554
1071.0,0.3474471190562159
1072.0,0.3477151784700897
1073.0,0.35002654300197306
1074.0,0.3510642510827018
1075.0,0.3507513991255788
1076.0,0.35323581360586653
1077.0,0.35503552396888177
1078.0,0.3549872557453129
1079.0,0.3553671964318294
1080.0,0.3553605160535552
1081.0,0.35654879643021437
1082.0,0.3578453868504968
1083.0,0.3591500002810794
1084.0,0.36091596657575853
1085.0,0.36298382619536845
1086.0,0.36446595256824366
1087.0,0.3659859071061912
1088.0,0.3678787960769398
1089.0,0.36844536751628676
1090.0,0.36927031159396817
1091.0,0.3696515091210479
1092.0,0.3699954016334786
1093.0,0.3718459289323833
1094.0,0.37390478832812424
1095.0,0.3758172194239679
1096.0,0.37791922682135604
1097.0,0.37968883218069077
1098.0,0.38146292472801285
1099.0,0.38290256079168494
1100.0,0.383973464075702
1101.0,0.38534909715781007
1102.0,0.3868082484357778
1103.0,0.3879911539657577
1104.0,0.3888781372157211
1105.0,0.3905002831599364
1106.0,0.3912858934076481
1107.0,0.391473267963418
1108.0,0.39269617973423876
1109.0,0.39378710856903076
1110.0,0.3953989893803818
1111.0,0.3966564500280947
1112.0,0.3979247753122445
1113.0,0.3988936043258408
1114.0,0.4005199647633454
1115.0,0.4025864160423648
1116.0,0.4045221401917532
1117.0,0.4071949255698845
1118.0,0.4087472609769982
1119.0,0.40987965214103705
1120.0,0.4101146483759628
1121.0,0.41099352070647005
1122.0,0.41133429033501584
1123.0,0.411217176870789
1124.0,0.4128589678554096
1125.0,0.41446172986324237
1126.0,0.4161490949186341
1127.0,0.4180239482654638
1128.0,0.42097477559016877
1129.0,0.4226139893502876
1130.0,0.4234010222673155
1131.0,0.42460183433474646
1132.0,0.4256542336317767
1133.0,0.42672247693056414
1134.0,0.4278290690189651
1135.0,0.42912165070588687
1136.0,0.42994503326961375
1137.0,0.4308344044653401
1138.0,0.432389100978544
1139.0,0.43402011251127964
1140.0,0.43537776691065966
1141.0,0.43680885517555423
1142.0,0.43807411587039524
1143.0,0.43855405668674463
1144.0,0.4399791775596935
1145.0,0.44205858971937423
1146.0,0.4436818391101426
1147.0,0.44571382277945726
1148.0,0.44732169649374565
1149.0,0.44850642705723603
1150.0,0.4498023073778452
1151.0,0.45080398159281104
1152.0,0.45167932529108873
1153.0,0.45279757328829484
1154.0,0.45390767598615567
1155.0,0.45520292159897985
1156.0,0.45583120511070796
1157.0,0.4568859202478242
1158.0,0.4577636698892536
1159.0,0.4590687300958738
1160.0,0.46111207951686134
1161.0,0.46235261921207915
1162.0,0.4632865546980413
1163.0,0.4643390927285593
1164.0,0.4647140047625207
1165.0,0.46585869844537037
1166.0,0.46766140427441044
1167.0,0.46901375555760166
1168.0,0.4710040194497274
1169.0,0.4732269104772843
1170.0,0.4749184079948691
1171.0,0.47691993642997577
1172.0,0.47858172840306357
1173.0,0.4797386935470464
1174.0,0.48113041656045075
1175.0,0.48267504758272844
1176.0,0.48395776669957735
1177.0,0.48523468749012355
1178.0,0.48640365010988856
1179.0,0.4872143786410837
1180.0,0.48831955137495064
1181.0,0.4896016451887842
1182.0,0.4905146417410292
1183.0,0.4918437619862643
1184.0,0.493554045454389
1185.0,0.4952085596974589
1186.0,0.49691463794285357
1187.0,0.4981318380748395
1188.0,0.498886283206258
1189.0,0.5001815856895726
1190.0,0.5012209249326018
1191.0,0.5027328365777053
1192.0,0.505181834639057
1193.0,0.5067747143072207
1194.0,0.5081049356949753
1195.0,0.5093453547924692
1196.0,0.5099044190495626
1197.0,0.5109862814158194
1198.0,0.5122173083583138
1199.0,0.5135625817769425
1200.0,0.5152336786219903
1201.0,0.5172064994153318
1202.0,0.5186513303676774
1203.0,0.5205974098177667
1204.0,0.5222704307001177
1205.0,0.5237862309441036
1206.0,0.5253169080574841
1207.0,0.5269447576179712
1208.0,0.5282939397149153
1209.0,0.5292141583660478
1210.0,0.5306198862857996
1211.0,0.532154279358194
1212.0,0.533675905650394
1213.0,0.5360283126792568
1214.0,0.5374328972957522
1215.0,0.538126530420027
1216.0,0.5388544164141635
1217.0,0.5397377016304475
1218.0,0.5402852563035013
1219.0,0.541519320274458
1220.0,0.5434991144949701
1221.0,0.5448899827997574
1222.0,0.5462430389534543
1223.0,0.5475543215463529
1224.0,0.5487710688616115
1225.0,0.5500235206519457
1226.0,0.5511468880874765
1227.0,0.552465597937418
1228.0,0.5541232363415443
1229.0,0.5552462645215173
1230.0,0.5560075758692414
1231.0,0.557183926428592
1232.0,0.5584238803100173
1233.0,0.5590628920172013
1234.0,0.5609809741298647
1235.0,0.5631568660941176
1236.0,0.5649293983154852
1237.0,0.5668932930861557
1238.0,0.5685117014979567
1239.0,0.569835756931952
1240.0,0.5710209855671229
1241.0,0.5718622921576944
1242.0,0.5730275500521379
1243.0,0.574106633313528
1244.0,0.5753387839428298
1245.0,0.5768117600431433
1246.0,0.5782550520189552
1247.0,0.5794970489755885
1248.0,0.5811106704890986
1249.0,0.5833673577855333
1250.0,0.5851049444527943
1251.0,0.5868691000915939
1252.0,0.5883037969991777
1253.0,0.5898030508814391
1254.0,0.5909826820138423
1255.0,0.5922458652394812
1256.0,0.5934957091399499
1257.0,0.5949378085374112
1258.0,0.5963125734320591
1259.0,0.597709554767592
1260.0,0.5994741242445966
1261.0,0.6009249782481543
1262.0,0.6019151520066852
1263.0,0.603333108195494
1264.0,0.6051351872624828
1265.0,0.606559300580147
1266.0,0.607840807339888
1267.0,0.6092894478186986
1268.0,0.6106931345375102
1269.0,0.6119861480926445
1270.0,0.6131353878066323
1271.0,0.6143860875380298
1272.0,0.6155797505525805
1273.0,0.6164328694262265
1274.0,0.6175245271000003
1275.0,0.6190280349266921
1276.0,0.6200493133366989
1277.0,0.6204133471919574
1278.0,0.6216485553641918
1279.0,0.6231572588404858
1280.0,0.6246694384007723
1281.0,0.6268201637046381
1282.0,0.6286283526397539
1283.0,0.6301844361508602
1284.0,0.6318032532985376
1285.0,0.6334714120226054
1286.0,0.6350981397756318
1287.0,0.6367619337247994
1288.0,0.638258447860611
1289.0,0.6396963840752155
1290.0,0.6411381644609708
1291.0,0.6423898059068941
1292.0,0.643263119808765
1293.0,0.644635582827954
1294.0,0.6460952136449971
1295.0,0.647643016547028
1296.0,0.6496549719027228
1297.0,0.6512462273767554
1298.0,0.6527679062200498
1299.0,0.6540711933125843
1300.0,0.6550299255701115
1301.0,0.656150520453052
1302.0,0.6568187348437268
1303.0,0.6581227397715682
1304.0,0.66000804834649
1305.0,0.6616629693134258
1306.0,0.6633973467554305
1307.0,0.6654955710638004
1308.0,0.6672287361138872
1309.0,0.6688951261450441
1310.0,0.6700689597063829
1311.0,0.6709136210433612
1312.0,0.6719936163460296
1313.0,0.6726636207038788
1314.0,0.6736508317306418
1315.0,0.6748391941899615
1316.0,0.6762349095232505
1317.0,0.6776033248775457
1318.0,0.6792080161064803
1319.0,0.6815171321735485
1320.0,0.6832758490088875
1321.0,0.6846935850765478
1322.0,0.6863131455028672
1323.0,0.6878006529003747
1324.0,0.6893705911009312
1325.0,0.6912362256329181
1326.0,0.6928976710479079
1327.0,0.6944668065776927
1328.0,0.69594582082017
1329.0,0.6973417933789677
1330.0,0.6986761585582619
1331.0,0.6998580134073991
1332.0,0.7007645064610041
1333.0,0.7019974893848052
1334.0,0.7031964664325817
1335.0,0.7045276812703296
1336.0,0.7063238233009936
1337.0,0.7076133520848791
1338.0,0.7085895880696214
1339.0,0.7097330309014903
1340.0,0.7107715315485166
1341.0,0.7117831267352994
1342.0,0.7126568356953069
1343.0,0.713868011704579
1344.0,0.7152110611108534
1345.0,0.7165027189196915
1346.0,0.7178946139971543
1347.0,0.7195712564824056
1348.0,0.7212132979924248
1349.0,0.7229075740991547
1350.0,0.7242720986753342
1351.0,0.7256674195243147
1352.0,0.7270121304730445
1353.0,0.7278631085146957
1354.0,0.7292128670521021
1355.0,0.7309536121667863
1356.0,0.7324989015151437
1357.0,0.7341597559650138
1358.0,0.7356177699487945
1359.0,0.7369359323387633
1360.0,0.7383237595738479
1361.0,0.7398006095535342
1362.0,0.7409384918996981
1363.0,0.7416675753800472
1364.0,0.7428308655969568
1365.0,0.7441320875322383
1366.0,0.7451907242743148
1367.0,0.7462928671069614
1368.0,0.7476532940286601
1369.0,0.7487579620334344
1370.0,0.749230396060877
1371.0,0.7507473092115687
1372.0,0.7529426567411794
1373.0,0.7545127349938653
1374.0,0.7562954758242236
1375.0,0.7578573814550211
1376.0,0.7588698416389933
1377.0,0.7604099805256921
1378.0,0.7624908646637438
1379.0,0.7639963059621239
1380.0,0.7655253736562685
1381.0,0.7666959533469354
1382.0,0.7669723827098573
1383.0,0.7681327876955772
1384.0,0.7697572423900194
1385.0,0.7709858200713353
1386.0,0.772444551786664
1387.0,0.7738625735624906
1388.0,0.7750186330534721
1389.0,0.7761194280741486
1390.0,0.7774842344138183
1391.0,0.7786238854620904
1392.0,0.7794820212849736
1393.0,0.7798268040291932
1394.0,0.7806744301205119
1395.0,0.7815488489811133
1396.0,0.7824885965815321
1397.0,0.7836362534383468
1398.0,0.7847098006810963
1399.0,0.7858412751210518
1400.0,0.786757910623293
1401.0,0.7874929585104301
1402.0,0.7884467188391222
1403.0,0.7892578117316761
1404.0,0.7903596491513839
1405.0,0.7921309146207398
1406.0,0.7931842643471984
1407.0,0.7939024251976918
1408.0,0.7946772825526455
1409.0,0.7949780202980974
1410.0,0.7955471646416985
1411.0,0.7963300307449609
1412.0,0.7970871084100665
1413.0,0.7977794251643064
1414.0,0.7985259264648901
1415.0,0.7996726150183996
1416.0,0.801135547636801
1417.0,0.8026976241790736
1418.0,0.8048428809102739
1419.0,0.8062929872803201
1420.0,0.8073988006978791
1421.0,0.8089190093587365
1422.0,0.8104233226714872
1423.0,0.8117685236211512
1424.0,0.8134863194077254
1425.0,0.8147178410757419
1426.0,0.8152903923384508
1427.0,0.81635445406889
1428.0,0.8174632202506429
1429.0,0.8187130311626598
1430.0,0.8202635586344375
1431.0,0.821605192357247
1432.0,0.8230986802548994
1433.0,0.8242923282641079
1434.0,0.8250865413475034
1435.0,0.826165212969146
1436.0,0.8271654756608199
1437.0,0.828273284748969
1438.0,0.8295781763077994
1439.0,0.8308914099341345
1440.0,0.8322061503350765
1441.0,0.8336613750445335
1442.0,0.8354621867990705
1443.0,0.8371196637036434
1444.0,0.8383701204585329
1445.0,0.8393188562788759
1446.0,0.8406068144171789
1447.0,0.8416608970825598
1448.0,0.8429001409913901
1449.0,0.8446288751672562
1450.0,0.8459130273834213
1451.0,0.8468780669752235
1452.0,0.8479602563260441
1453.0,0.8489416934660744
1454.0,0.8500502248973861
1455.0,0.8511215531173859
1456.0,0.8523518239549945
1457.0,0.8538862335264975
1458.0,0.8551246092597525
1459.0,0.8560699019331544
1460.0,0.857415966076948
1461.0,0.8590081281181703
1462.0,0.8603406291741175
1463.0,0.8619037397253883
1464.0,0.8632641798570689
1465.0,0.8640590179877092
1466.0,0.8651842625996367
1467.0,0.8664931973125263
1468.0,0.8678511656426303
1469.0,0.869255709426858
1470.0,0.8706832174612349
1471.0,0.8721728527875997
1472.0,0.8737297292431058
1473.0,0.8752094883312176
1474.0,0.8767128242258995
1475.0,0.8782515668920331
1476.0,0.8797261126079888
1477.0,0.8812805001699126
1478.0,0.8829484444730051
1479.0,0.8845356275684352
1480.0,0.8862000878250247
1481.0,0.8875708849092248
1482.0,0.888780464232484
1483.0,0.8900749261134396
1484.0,0.8911632883200288
1485.0,0.8923789449034448
1486.0,0.8936350351734962
1487.0,0.8950524256682088
1488.0,0.8966241147891473
1489.0,0.8980465072404449
1490.0,0.8995875546111086
1491.0,0.9010204418856288
1492.0,0.9022191118722771
1493.0,0.9035636013414551
1494.0,0.9050531915718709
1495.0,0.9064166820918854
1496.0,0.9077040955594311
1497.0,0.9090035937944354
1498.0,0.9103223997814108
1499.0,0.911575442856166
1500.0,0.9127526563731111
1501.0,0.9139903894476201
1502.0,0.9152905730772808
1503.0,0.9164726772190726
1504.0,0.9176455433623976
1505.0,0.9188318055940822
1506.0,0.920122922079602
1507.0,0.9214023954467304
1508.0,0.9226181620583269
1509.0,0.9238593664897554
1510.0,0.9252622631469976
1511.0,0.9265030074615056
1512.0,0.9280997553357588
1513.0,0.9303534602725801
1514.0,0.9318203878116601
1515.0,0.9332515823535562
1516.0,0.9341747895065516
1517.0,0.9341777578462245
1518.0,0.9349466702971226
1519.0,0.9356986012922989
1520.0,0.9366718973314642
1521.0,0.9382906185507143
1522.0,0.9394068878208262
1523.0,0.9401815307397555
1524.0,0.9412422726583373
1525.0,0.942180928320614
1526.0,0.9433898805985148
1527.0,0.9450843597475221
1528.0,0.9464141985037466
1529.0,0.9477043046761533
1530.0,0.9489112806903944
1531.0,0.9498442787949223
1532.0,0.9509031563442198
1533.0,0.952074308623779
1534.0,0.9531115883172782
1535.0,0.9538389981668602
1536.0,0.9549567390238032
1537.0,0.9561711300064543
1538.0,0.9575670630194705
1539.0,0.9591125705606045
1540.0,0.960795965488043
1541.0,0.9623420279273702
1542.0,0.9638407680805218
1543.0,0.9651831717367025
1544.0,0.9665072195574663
1545.0,0.9677069525443812
1546.0,0.9685867626852557
1547.0,0.9698464783265512
1548.0,0.9712108931987207
1549.0,0.972648973944283
1550.0,0.9744065902299219
1551.0,0.9757212626525142
1552.0,0.9769420045445959
1553.0,0.978031262946983
1554.0,0.9787161699102126
1555.0,0.9797981324319637
1556.0,0.9809281123985633
1557.0,0.9821880381134885
1558.0,0.9836746741608202
1559.0,0.9850985615773216
1560.0,0.9867817704084755
1561.0,0.988015911814853
1562.0,0.9889840336348088
1563.0,0.9900786038849678
1564.0,0.9908516409374956
1565.0,0.99189797448804
1566.0,0.9932404502742311
1567.0,0.9944462808089649
1568.0,0.9956205001711399
1569.0,0.996786007559676
1570.0,0.9978856673927453
1571.0,0.9991088630177091
1572.0,1.0003178997464377
1573.0,1.0016779975289125
1574.0,1.0033617966156096
1575.0,1.0047602758127443
1576.0,1.0061755303250406
1577.0,1.0074045474811895
1578.0,1.0080448390689765
1579.0,1.009262927102852
1580.0,1.01085675304692
1581.0,1.0122513347021729
1582.0,1.0141301739234025
1583.0,1.015523457196108
1584.0,1.0164644081351906
1585.0,1.0173675829458395
1586.0,1.0177858766124959
1587.0,1.018587288334985
1588.0,1.019517892169595
1589.0,1.0204732466409678
1590.0,1.02155362499006
1591.0,1.0229282701192917
1592.0,1.0241328493073099
1593.0,1.0254089359392482
1594.0,1.0262318697625665
1595.0,1.0268739960982038
1596.0,1.0276253636160921
1597.0,1.0279338553582273
1598.0,1.0288840271004958
1599.0,1.0303397024492331
1600.0,1.0313741131050806
1601.0,1.0324767106011312
1602.0,1.0333831275806764
1603.0,1.0340104991962629
1604.0,1.034875477072775
1605.0,1.0357772091190653
1606.0,1.0367033473147322
1607.0,1.0376460367307583
1608.0,1.0387256352195593
1609.0,1.0398570611037226
1610.0,1.0410556504777784
1611.0,1.0424356463005615
1612.0,1.0437191951527387
1613.0,1.0449182265515742
1614.0,1.0463092917873535
1615.0,1.0479002892304803
1616.0,1.0492158218106804
1617.0,1.050715991740948
1618.0,1.0516944441546114
1619.0,1.0520848842459276
1620.0,1.052898531097823
1621.0,1.0535191411932838
1622.0,1.0544732581756617
1623.0,1.0558027595025787
1624.0,1.0569900766806368
1625.0,1.0582092175266293
1626.0,1.0594785173321872
1627.0,1.061030372347128
1628.0,1.0620761112107928
1629.0,1.062765917933936
1630.0,1.063737477360249
1631.0,1.0647126945678076
1632.0,1.065327810459593
1633.0,1.0659377147530107
1634.0,1.0665192078530292
1635.0,1.0663802470844588
1636.0,1.066985107145553
1637.0,1.0681486851965218
1638.0,1.0692530803266134
1639.0,1.0707889687048755
1640.0,1.0718968386872796
1641.0,1.0729196325451735
1642.0,1.0737958694312046
1643.0,1.0741474138228
1644.0,1.07498713572789
1645.0,1.076298961164039
1646.0,1.0770939886128428
1647.0,1.077677193823362
1648.0,1.0784730762081116
1649.0,1.0791544462935407
1650.0,1.079675228113078
1651.0,1.0802137710615556
1652.0,1.0809567372819482
1653.0,1.0814142706017646
1654.0,1.0821644226074143
1655.0,1.0836724875246257
1656.0,1.0845749276891927
1657.0,1.0852288240031855
1658.0,1.0857520237028884
1659.0,1.085776072125682
1660.0,1.0861469854376704
1661.0,1.0864783200680617
1662.0,1.0870443256509401
1663.0,1.0879551027164371
1664.0,1.0887440900382124
1665.0,1.0895115776424467
1666.0,1.0904064705707688
1667.0,1.0913098920451003
1668.0,1.092350864390754
1669.0,1.0935877664484295
1670.0,1.094901981235992
1671.0,1.0964173517492717
1672.0,1.0977527349175384
1673.0,1.09916973028345
1674.0,1.1003483266939869
1675.0,1.1011487001198643
1676.0,1.10214441149297
1677.0,1.1032824599602014
1678.0,1.1042926500612082
1679.0,1.1050566236453312
1680.0,1.1062141173325566
1681.0,1.1074967976563113
1682.0,1.108758804842258
1683.0,1.1103293224519217
1684.0,1.1118871284392282
1685.0,1.113432353176935
1686.0,1.1148021010599145
1687.0,1.1161704549639957
1688.0,1.1176681507680133
1689.0,1.1189123869688187
1690.0,1.1204725656119272
1691.0,1.1227971002445967
1692.0,1.1242233952842269
1693.0,1.1251809457211464
1694.0,1.1261767582619215
1695.0,1.1263363991472781
1696.0,1.1272225981353996
1697.0,1.128637277471547
1698.0,1.1299980361552433
1699.0,1.1317144889351685
1700.0,1.1331076818465944
1701.0,1.1345269916143368
1702.0,1.1357271393965038
1703.0,1.1365423094827847
1704.0,1.1376425354812119
1705.0,1.138701289409054
1706.0,1.1397170543448782
1707.0,1.1410119690788771
1708.0,1.1419591998543208
1709.0,1.1428346120121171
1710.0,1.143353790092617
1711.0,1.1432201327168714
1712.0,1.1437989365667256
1713.0,1.1445792229598368
1714.0,1.1451489673489215
1715.0,1.1459642826524512
1716.0,1.1466934122303396
1717.0,1.1471155359467693
1718.0,1.1477065682530618
1719.0,1.1484082785951097
1720.0,1.1494402389354665
1721.0,1.1507503694774261
1722.0,1.1517683158426057
1723.0,1.1530736328271836
1724.0,1.1540854631099344
1725.0,1.154450319832721
1726.0,1.1551750347079868
1727.0,1.1561771345389842
1728.0,1.157110609464193
1729.0,1.1580118654814628
1730.0,1.1590664886852735
1731.0,1.1604170618666751
1732.0,1.1612303644428004
1733.0,1.1616161739602453
1734.0,1.1625235263120808
1735.0,1.1632523776799224
1736.0,1.1642521708470521
1737.0,1.1660665496601448
1738.0,1.1671578437869046
1739.0,1.1679969021603556
1740.0,1.1686874333440995
1741.0,1.1688471504522326
1742.0,1.1696511174522808
1743.0,1.1702845538860427
1744.0,1.1712304673563239
1745.0,1.1730407321931142
1746.0,1.1742516831523009
1747.0,1.1754614234746374
1748.0,1.1765463791721504
1749.0,1.1772583634011689
1750.0,1.1779681749331403
1751.0,1.1785448287241282
1752.0,1.179186509178244
1753.0,1.1797728078038547
1754.0,1.1802587576001853
1755.0,1.1808427199435092
1756.0,1.1810221782521984
1757.0,1.1815488307230018
1758.0,1.1822973581470517
1759.0,1.1834497228485465
1760.0,1.1847941564091629
1761.0,1.1859440985855763
1762.0,1.1868173518981737
1763.0,1.187430222481712
1764.0,1.1876841459783574
1765.0,1.188418594586968
1766.0,1.1898582482824576
1767.0,1.1902877630146578
1768.0,1.1913067844940128
1769.0,1.1921928912703326
1770.0,1.191984233142493
1771.0,1.193034423565006
1772.0,1.1938884110571928
1773.0,1.1949918897572522
1774.0,1.196649644186053
1775.0,1.197049435646785
1776.0,1.1972841038748054
1777.0,1.1969927750914557
1778.0,1.1968584847658983
1779.0,1.1978370603627142
1780.0,1.198490674879254
1781.0,1.1997843165546946
1782.0,1.2013169634162997
1783.0,1.2022584807604348
1784.0,1.2039783311948786
1785.0,1.20555948538491
1786.0,1.2064706725513183
1787.0,1.2073841112163082
1788.0,1.2081215273746269
1789.0,1.2091600864539687
1790.0,1.2110284827111502
1791.0,1.2122692630089689
1792.0,1.2137153392946498
1793.0,1.214319022295096
1794.0,1.2138277449109858
1795.0,1.213961643343468
1796.0,1.2141221612471202
1797.0,1.214596258964089
1798.0,1.2153836317165585
1799.0,1.2155115624489021
1800.0,1.215423769824337
1801.0,1.2085905842237277
1802.0,1.207946814155163
1803.0,1.207981146192049
1804.0,1.2088711281286943
1805.0,1.21147633463056
1806.0,1.2123001011265546
1807.0,1.2123542567747485
1808.0,1.2138548456522333
1809.0,1.2163199004931167
1810.0,1.2173694575565739
1811.0,1.2197810964839493
1812.0,1.2191022153153215
1813.0,1.2184778851377034
1814.0,1.2180966736966345
1815.0,1.2187829355609632
1816.0,1.220927377130154
1817.0,1.2226783735094389
1818.0,1.2250218096841854
1819.0,1.2267364840657027
1820.0,1.2285515226422898
1821.0,1.2294838247279047
1822.0,1.2295698535213797
1823.0,1.229898234993923
1824.0,1.2296983097107124
1825.0,1.2302892675952868
1826.0,1.2303302157249258
1827.0,1.2287323652864277
1828.0,1.2301647050985922
1829.0,1.2339064655333414
1830.0,1.2360940845040105
1831.0,1.2392979306913563
1832.0,1.242940020075748
1833.0,1.2452119956075007
1834.0,1.2442988443296057
1835.0,1.2441917753850433
1836.0,1.2440238010770883
1837.0,1.2444225969243754
1838.0,1.2436423744230167
1839.0,1.2439835391213498
1840.0,1.2460781407598496
1841.0,1.2462001855569964
1842.0,1.246787389391672
1843.0,1.2494144084195449
1844.0,1.2501156709216017
1845.0,1.2510981564498729
1846.0,1.251658440397749
1847.0,1.2507452581878158
1848.0,1.251149991981207
1849.0,1.2521095244630769
1850.0,1.252918978380356
1851.0,1.254699022515864
1852.0,1.2549986709446392
1853.0,1.2549615953489754
1854.0,1.2555681529198526
1855.0,1.255080561170805
1856.0,1.25457070886921
1857.0,1.2541082038549658
1858.0,1.25331742760205
1859.0,1.253429756140774
1860.0,1.2536749324909329
1861.0,1.2545379380067025
1862.0,1.2562088344333098
1863.0,1.2561007218177738
1864.0,1.2560683433662123
1865.0,1.255679966096928
1866.0,1.2554437790593567
1867.0,1.2559428455503556
1868.0,1.256052025384113
1869.0,1.256560239678876
1870.0,1.256643889586116
1871.0,1.2565327117666896
1872.0,1.2557774736551361
1873.0,1.2555813428966545
1874.0,1.2542356977526328
1875.0,1.2520493354828317
1876.0,1.2503250263728232
1877.0,1.247522361392281
1878.0,1.2454693640032581
1879.0,1.2434867623859116
1880.0,1.2415853473490037
1881.0,1.2391591247385458
1882.0,1.2368046117372409
1883.0,1.2345858967188343
1884.0,1.2311590280059903
1885.0,1.2288666245973767
1886.0,1.2259809308634804
1887.0,1.2214282696838488
1888.0,1.2170758679547844
1889.0,1.2136080983146045
1890.0,1.2096797825664376
1891.0,1.2060596426441414
1892.0,1.2016647438404333
1893.0,1.197004685401418
1894.0,1.190098452617596
1895.0,1.1810832001913796
1896.0,1.1738389888886482
1897.0,1.167075373866781
1898.0,1.1598157039393073
1899.0,1.1547558169918544
1900.0,1.1508480563607617
1901.0,1.1456239715257015
1902.0,1.1397484664923696
1903.0,1.1340346706358213
1904.0,1.1293950621833495
1905.0,1.1235046993063036
1906.0,1.1187717087838516
1907.0,1.1168694396362593
1908.0,1.1133787412061276
1909.0,1.1103060287372004
1910.0,1.108828318366456
1911.0,1.1057298768075146
1912.0,1.1026925103387963
1913.0,1.1007938543352964
1914.0,1.0995523078380118
1915.0,1.098180404012462
1916.0,1.0974604350655381
1917.0,1.0976306543431913
1918.0,1.0981030542231531
1919.0,1.0981005151453098
1920.0,1.0985874138145684
1921.0,1.0993321027287815
1922.0,1.1001462154372665
1923.0,1.1001724540711444
1924.0,1.1001854509317146
1925.0,1.0997313783238465
1926.0,1.1006063557656875
1927.0,1.1008150110361663
1928.0,1.1016463199173854
1929.0,1.1030078836529262
1930.0,1.1037457944189837
1931.0,1.1045583743108613
1932.0,1.1045972581385723
1933.0,1.1054887186120133
1934.0,1.1067242627667706
1935.0,1.1075710850865248
1936.0,1.108839925622167
1937.0,1.1096627572982727
1938.0,1.1099788449422643
1939.0,1.1099336698701971
1940.0,1.111525521176039
1941.0,1.112961428819037
1942.0,1.1145083145304648
1943.0,1.117977577174662
1944.0,1.1197591582873367
1945.0,1.121686444742772
1946.0,1.1251143475162277
1947.0,1.1267080212153573
1948.0,1.1284837139370765
1949.0,1.1299783642862615
1950.0,1.132082086311943
1951.0,1.1335594576262003
1952.0,1.1353348058324075
1953.0,1.13806876257596
1954.0,1.1401258616778023
1955.0,1.1413130945516432
1956.0,1.1431136783873899
1957.0,1.1439854840597565
1958.0,1.144353409758662
1959.0,1.1458967240116253
1960.0,1.1485489411794936
1961.0,1.1503585639875609
1962.0,1.1521798509168621
1963.0,1.1546100575670946
1964.0,1.156829913700441
1965.0,1.1584508091398507
1966.0,1.1598392349047386
1967.0,1.1601724044776371
1968.0,1.1593679404558148
1969.0,1.158694808842384
1970.0,1.159537617874794
1971.0,1.1613607795787944
1972.0,1.1635306363084954
1973.0,1.1677952668432463
1974.0,1.1705645932050777
1975.0,1.172924789876555
1976.0,1.1747704762889677
1977.0,1.1772820237345945
1978.0,1.1787554842113863
1979.0,1.179786266237704
1980.0,1.1817693254532242
1981.0,1.1833874487072875
1982.0,1.1844140191911816
1983.0,1.1867599274028722
1984.0,1.1885137796117622
1985.0,1.1900859899503746
1986.0,1.1914049389818073
1987.0,1.1932748431760374
1988.0,1.194956906015124
1989.0,1.1968994341281531
1990.0,1.1994601878549696
1991.0,1.2011323998846677
1992.0,1.2028764183155827
1993.0,1.2055832958057076
1994.0,1.2077601347225417
1995.0,1.2085318737883526
1996.0,1.209817807511485
1997.0,1.2100618361721251
1998.0,1.2116904113642653
1999.0,1.21470816999805
2000.0,1.2170572356346425
2001.0,1.2199129883201993
2002.0,1.2216037254386922
2003.0,1.2230768469099746
2004.0,1.2248404587584456
2005.0,1.2265364618330357
2006.0,1.2286646899024092
2007.0,1.2316707068658723
2008.0,1.2332354150998712
2009.0,1.2351874347121246
2010.0,1.2375054094258093
2011.0,1.2393161456081816
2012.0,1.2407775131317875
2013.0,1.242486600815303
2014.0,1.2439212715536516
2015.0,1.2458496422495278
2016.0,1.2479239083825595
2017.0,1.2497087202017245
2018.0,1.2518557964270944
2019.0,1.2529036049355373
2020.0,1.2540469429665573
2021.0,1.2563960098321632
2022.0,1.2565026346698105
2023.0,1.2572118523471356
2024.0,1.2584327794953651
2025.0,1.2591670152163226
2026.0,1.2594794306433097
2027.0,1.2604756395906784
2028.0,1.2616604250822785
2029.0,1.2616779027703586
2030.0,1.2635079392807373
2031.0,1.2665924300910043
2032.0,1.2683022948095803
2033.0,1.2700734642296831
2034.0,1.2728491244499682
2035.0,1.2754964748356907
2036.0,1.2773335626085747
2037.0,1.2788722972512052
2038.0,1.2796881589402007
2039.0,1.2805571294542066
2040.0,1.281235929919607
2041.0,1.2822561637367373
2042.0,1.283442386126611
2043.0,1.2844583791156237
2044.0,1.2855166749663618
2045.0,1.2857004213819534
2046.0,1.2868589232542837
2047.0,1.2880840410498358
2048.0,1.288164129910607
2049.0,1.288935016313631
2050.0,1.2902395566200884
2051.0,1.2906481763849358
2052.0,1.2914970750512114
2053.0,1.2930259672693365
2054.0,1.2944489425496823
2055.0,1.2954569845029509
2056.0,1.2972375891047556
2057.0,1.3006630960473156
2058.0,1.302103375261127
2059.0,1.3026958437153042
2060.0,1.3033337323081555
2061.0,1.3022989431276402
2062.0,1.3011859946824191
2063.0,1.3021161347685086
2064.0,1.302449485854979
2065.0,1.3030953587759744
2066.0,1.3047371099882605
2067.0,1.3058124620086051
2068.0,1.3063740986824868
2069.0,1.3068476577668013
2070.0,1.3077396166400244
2071.0,1.3082447389013985
2072.0,1.3079134120207039
2073.0,1.3086635999066047
2074.0,1.3100973475715567
2075.0,1.3102767920275038
2076.0,1.312327995028651
2077.0,1.3144352059851179
2078.0,1.3161451063973784
2079.0,1.318571612693046
2080.0,1.3189175889475082
2081.0,1.3183520832458981
2082.0,1.3186710925572687
2083.0,1.3183964066750506
2084.0,1.3181405965646118
2085.0,1.3193642347528127
2086.0,1.319112201973151
2087.0,1.3164531252109122
2088.0,1.316592753367848
2089.0,1.3175566455336318
2090.0,1.3184937873711908
2091.0,1.3217413985697049
2092.0,1.3246831601321951
2093.0,1.3265397456388994
2094.0,1.3277490033158537
2095.0,1.3280005933443142
2096.0,1.329184401585131
2097.0,1.3303774154829224
2098.0,1.3323165645698833
2099.0,1.332489774468512
2100.0,1.331616837764575
2101.0,1.331468458136399
2102.0,1.3303665989473852
2103.0,1.330218958215148
2104.0,1.3313511901350121
2105.0,1.3317522103077593
2106.0,1.331786753927796
2107.0,1.332203330370265
2108.0,1.3315451142170556
2109.0,1.3313761266646147
2110.0,1.3334271164449656
2111.0,1.3350040175336126
2112.0,1.3358738925535991
2113.0,1.3388458634550369
2114.0,1.3399014334009038
2115.0,1.338601952159616
2116.0,1.339025283997648
2117.0,1.3400970782472708
2118.0,1.340376678233529
2119.0,1.3407730538022715
2120.0,1.3412515096764421
2121.0,1.3417498674376365
2122.0,1.3416924143405269
2123.0,1.3410252943678094
2124.0,1.3411020499025448
2125.0,1.3409117903076773
2126.0,1.3408099000202285
2127.0,1.3424005028502597
2128.0,1.3441474667699567
2129.0,1.3440738334558875
2130.0,1.3441274521431166
2131.0,1.3446500225659455
2132.0,1.3445889666128992
2133.0,1.344023941725361
2134.0,1.3437923971461712
2135.0,1.3428981604832548
2136.0,1.3397648052620679
2137.0,1.3387678135261813
2138.0,1.3388537299015755
2139.0,1.3390192112521233
2140.0,1.340491771434657
2141.0,1.3411911087487909
2142.0,1.3419897765917042
2143.0,1.3425020461946828
2144.0,1.3402621559574848
2145.0,1.3393126613422128
2146.0,1.3393496491283263
2147.0,1.3368342640312187
2148.0,1.3371332832635487
2149.0,1.3371850160141712
2150.0,1.3366664020703154
2151.0,1.3381427554204537
2152.0,1.3387925698572483
2153.0,1.340658871152632
2154.0,1.341298743146418
2155.0,1.3404882454502987
2156.0,1.3403734030407615
2157.0,1.3392814365498722
2158.0,1.33922098913773
2159.0,1.3403013202740377
2160.0,1.341369872158219
2161.0,1.3438906296722428
2162.0,1.3450877061326214
2163.0,1.3453670198620766
2164.0,1.3462545855529968
2165.0,1.3456378998944214
2166.0,1.344215996904626
2167.0,1.3448301679282433
2168.0,1.3437597228467726
2169.0,1.3423086625083007
2170.0,1.342892032067552
2171.0,1.3427283875699625
2172.0,1.341744317071678
2173.0,1.3419067928821025
2174.0,1.3427058498104507
2175.0,1.343248171524841
2176.0,1.3450333489007702
2177.0,1.3451104730830197
2178.0,1.3442011553823305
2179.0,1.3438448675845014
2180.0,1.3426924557758704
2181.0,1.3416993553748924
2182.0,1.3404785806262665
2183.0,1.3403132158687536
2184.0,1.3403370403604362
2185.0,1.3405683571078395
2186.0,1.3433055978832404
2187.0,1.345008664870142
2188.0,1.3443348049734538
2189.0,1.3438191052243749
2190.0,1.3425637261190937
2191.0,1.3421653333004275
2192.0,1.342119234797548
2193.0,1.3427943952303103
2194.0,1.341889244641392
2195.0,1.338464305128728
2196.0,1.3369600107365116
2197.0,1.3355936663147123
2198.0,1.3353764622210376
2199.0,1.3363811199477584
2200.0,1.3380921590980526
2201.0,1.340364854191077
2202.0,1.3426493271803859
2203.0,1.3473240227753898
2204.0,1.3485644140778996
2205.0,1.347457151243368
2206.0,1.3489928232382178
2207.0,1.3467385114062114
2208.0,1.345255908161227
2209.0,1.3470301602949486
2210.0,1.3466735213517884
2211.0,1.3457197723158107
2212.0,1.343227166692701
2213.0,1.3412882242384163
2214.0,1.3405775740410895
2215.0,1.338748337598224
2216.0,1.34092728875788
2217.0,1.3409114800779594
2218.0,1.3399844644550252
2219.0,1.3385195459467092
2220.0,1.33439403612177
2221.0,1.3360115481560677
2222.0,1.3409447109422266
2223.0,1.343269844352354
2224.0,1.3501174459879022
2225.0,1.3519892437320435
2226.0,1.3473935808294406
2227.0,1.3471520524711165
2228.0,1.3488840724494406
2229.0,1.3482485735125325
2230.0,1.3468822139134244
2231.0,1.346922289801298
2232.0,1.3446745434211784
2233.0,1.3459287737870884
2234.0,1.3522120838718201
2235.0,1.3557683026602243
2236.0,1.3570351510550274
2237.0,1.3562164107585601
2238.0,1.3496274968646238
2239.0,1.3419348500752295
2240.0,1.3392278342972244
2241.0,1.3370675568501391
2242.0,1.3376915275106758
2243.0,1.3405881677535016
2244.0,1.34092237472966
2245.0,1.3410819621251882
2246.0,1.3406000164545144
2247.0,1.3384976843935377
2248.0,1.3386631298400518
2249.0,1.3391131807389414
2250.0,1.3403632416054556
2251.0,1.3447192412300735
2252.0,1.345930971203924
2253.0,1.3453443899195676
2254.0,1.3448309888325127
2255.0,1.3423731543245263
2256.0,1.341581013702968
2257.0,1.3435774010249317
2258.0,1.342871847365945
2259.0,1.3389397117460602
2260.0,1.3386574434400829
2261.0,1.3395415503453758
2262.0,1.3377722698240315
2263.0,1.342628302284092
2264.0,1.3466008161045704
2265.0,1.3442240691586747
2266.0,1.3438906150580248
2267.0,1.3412374757120087
2268.0,1.3374338930253697
2269.0,1.339330197719464
2270.0,1.3423207651053022
2271.0,1.3450473984525992
2272.0,1.3513438704558054
2273.0,1.3545792451921363
2274.0,1.3548611901675989
2275.0,1.3592734320517261
2276.0,1.3606358358560215
2277.0,1.360016290309813
2278.0,1.3589492810279038
2279.0,1.3559171981360139
2280.0,1.3480817981725168
2281.0,1.3453632435349798
2282.0,1.3432058530808628
2283.0,1.3432326489854074
2284.0,1.3470452412426563
2285.0,1.3465624829738905
2286.0,1.3447543455238125
2287.0,1.3441839681363545
2288.0,1.3422825977619774
2289.0,1.3428666150697075
2290.0,1.3492877512664905
2291.0,1.3479372190728762
2292.0,1.3403035109844794
2293.0,1.3370095190359932
2294.0,1.3295986052910855
2295.0,1.3272663559477365
2296.0,1.3315525212301758
2297.0,1.3342955618099155
2298.0,1.335369070712098
2299.0,1.336295873676665
2300.0,1.3327368568352431
2301.0,1.3331379212415986
2302.0,1.3334956727950535
2303.0,1.3308843230867953
2304.0,1.3330503264497933
2305.0,1.3336408807816262
2306.0,1.3322387888644254
2307.0,1.3331603239667837
2308.0,1.3301591143513938
2309.0,1.3298927136238825
2310.0,1.3328059604526166
2311.0,1.3307372608128722
2312.0,1.3322145432735224
2313.0,1.3312955482506184
2314.0,1.3292105152114577
2315.0,1.3348437835675748
2316.0,1.3375915232205748
2317.0,1.3388282170445975
2318.0,1.3377354686872447
2319.0,1.3325832679573135
2320.0,1.3289855327553655
2321.0,1.3236605986570507
2322.0,1.3216402166341406
2323.0,1.319977549475815
2324.0,1.3212388911127735
2325.0,1.326510491566691
2326.0,1.330693093064401
2327.0,1.3368144413552316
2328.0,1.3419331727865842
2329.0,1.3493761611474784
2330.0,1.3500210889413076
2331.0,1.3464278032533286
2332.0,1.3433987557670626
2333.0,1.332534994489895
2334.0,1.3320338309465312
2335.0,1.3388679874471456
2336.0,1.3417978336477103
2337.0,1.3491566673925628
2338.0,1.3498733458065635
2339.0,1.3446937066446187
2340.0,1.3434019354186388
2341.0,1.341950811622334
2342.0,1.341585625184512
2343.0,1.341261481112549
2344.0,1.339940832387229
2345.0,1.3399826207145038
2346.0,1.338306147949086
2347.0,1.332687202646149
2348.0,1.3362927588299336
2349.0,1.3362780604682045
2350.0,1.326455958871815
2351.0,1.3244966237460163
2352.0,1.3227695536938648
2353.0,1.320362152226009
2354.0,1.321537528802427
2355.0,1.31640805773729
2356.0,1.310247672797475
2357.0,1.307551014610702
2358.0,1.305292644502238
2359.0,1.3086478081976054
2360.0,1.3145854554115448
2361.0,1.3140644726788553
2362.0,1.3181695481684392
2363.0,1.322587923461604
2364.0,1.3164348531754513
2365.0,1.3164622943147226
2366.0,1.3212678790241221
2367.0,1.3271951566692233
2368.0,1.3323342084803946
2369.0,1.3377769575383223
2370.0,1.3355125440079034
2371.0,1.3211429152576686
2372.0,1.3157845716606202
2373.0,1.3081649086333453
2374.0,1.3099954658918096
2375.0,1.325430899755211
2376.0,1.3260527177330848
2377.0,1.3196701149950778
2378.0,1.3077612123307427
2379.0,1.2870122414239715
2380.0,1.2846850582710245
2381.0,1.3035894061447313
2382.0,1.3117883351601767
2383.0,1.3214609923590912
2384.0,1.3302571665468437
2385.0,1.3244361642937847
2386.0,1.3163051957456091
2387.0,1.3074856906024528
2388.0,1.299858194882021
2389.0,1.2863870546956497
2390.0,1.2812523130820828
2391.0,1.285279238821475
2392.0,1.2839648847521077
2393.0,1.2857007667495346
2394.0,1.29583881846379
2395.0,1.308610245326182
2396.0,1.3143817366564599
2397.0,1.31236948821995
2398.0,1.3021275250074833
2399.0,1.2868623415404516
2400.0,1.2771832906035059
2401.0,1.2777951486154466
2402.0,1.2840583035396445
2403.0,1.2870073330724323
2404.0,1.2822372375606823
2405.0,1.2794648172452086
2406.0,1.2790929688214352
2407.0,1.2805460807614215
2408.0,1.2814309781214301
2409.0,1.2719459261837416
2410.0,1.2726870708510198
2411.0,1.2702872506473073
2412.0,1.2640510333179997
2413.0,1.2679115368693044
2414.0,1.2558863995839153
2415.0,1.2512661748537048
2416.0,1.2580068866650225
2417.0,1.249988021071787
2418.0,1.2448741227979194
2419.0,1.2468310764739496
2420.0,1.2405364212572723
2421.0,1.2395565911319015
2422.0,1.2451517951869175
2423.0,1.240215994892826
2424.0,1.2318597754904985
2425.0,1.2379503159578904
2426.0,1.2448100124997663
2427.0,1.2432023961580074
2428.0,1.247791459797671
2429.0,1.2449647463164863
2430.0,1.2339418159678137
2431.0,1.2355650725223204
2432.0,1.2403517360163308
2433.0,1.2438752303773193
2434.0,1.2650086832539262
2435.0,1.2772096361536325
2436.0,1.266226348445854
2437.0,1.2502985932193633
2438.0,1.234391283910262
2439.0,1.2296317107911907
2440.0,1.2218629866848112
2441.0,1.209130625917691
2442.0,1.1943344594503864
2443.0,1.176754260171196
2444.0,1.1847935382748358
2445.0,1.2003293398674382
2446.0,1.2041959677912526
2447.0,1.20439767716367
2448.0,1.19599540426596
2449.0,1.194523791330813
2450.0,1.1999440389459022
2451.0,1.1997059558776846
2452.0,1.1891550676164822
2453.0,1.159334010967262
2454.0,1.1329877279670209
2455.0,1.1302660049010396
2456.0,1.1303442285836285
2457.0,1.143874597305669
2458.0,1.1683115224436376
2459.0,1.1776655962569942
2460.0,1.1982071285518379
2461.0,1.2237142744276441
2462.0,1.2381314193701154
2463.0,1.2480578002669225
2464.0,1.2362492019713798
2465.0,1.2120681573112457
2466.0,1.2038894218909226
2467.0,1.1909687410529926
2468.0,1.1575992025315227
2469.0,1.1426371355542178
2470.0,1.1230109583040524
2471.0,1.115024106530587
2472.0,1.1111378731496027
2473.0,1.1084411674249683
2474.0,1.107282548709578
2475.0,1.109417491403215
2476.0,1.1070560830410126
2477.0,1.1017716886808802
2478.0,1.0983868309940314
2479.0,1.0965186890883878
2480.0,1.0984726975023738
2481.0,1.0975843526314162
2482.0,1.110683422315234
2483.0,1.1415099731484442
2484.0,1.1488623182047943
2485.0,1.1647381285877867
2486.0,1.1637278008144867
2487.0,1.129614425537278
2488.0,1.115261294477807
2489.0,1.0973839245495753
2490.0,1.0911363559064287
2491.0,1.096326936886341
2492.0,1.09565144488836
2493.0,1.1069607660223209
2494.0,1.1002757785483401
2495.0,1.0690998062230541
2496.0,1.0844402232894763
2497.0,1.1331669563799014
2498.0,1.1324490688114495
2499.0,1.1298331689318366
2500.0,1.086138870468136
