350.0,-0.11895343988487958
351.0,-0.14087616271935133
352.0,-0.08607729842250286
353.0,-0.06926610453997258
354.0,-0.0717088039348612
355.0,-0.031208229438428763
356.0,0.043333856942091104
357.0,-0.030355479887734474
358.0,-0.02329447444853787
359.0,0.00485794809105508
360.0,-0.050932970802388365
361.0,-0.03382703975489761
362.0,0.0020058454300316856
363.0,0.02275260794026005
364.0,0.013525622041026232
365.0,-0.01899339029958478
366.0,-0.015387656015528654
367.0,0.004484085211224149
368.0,-0.028414876945820986
369.0,-0.004843553159501189
370.0,0.014667035856072614
371.0,0.008816632981535634
372.0,0.019455642880103336
373.0,0.02952808122244618
374.0,0.03391060746130353
375.0,0.031313851795693806
376.0,0.023555210906236478
377.0,0.031580007097518424
378.0,0.032547743371312346
379.0,0.013194864063658602
380.0,0.014328089679040923
381.0,0.018340956247561716
382.0,0.024001049864784914
383.0,0.032906009433211
384.0,0.0371112998470042
385.0,0.025964464778532672
386.0,0.014044949084181427
387.0,0.023470988112412428
388.0,0.025708822778322246
389.0,0.027409266652950404
390.0,0.03198505552382739
391.0,0.03662055965585492
392.0,0.03186137546882963
393.0,0.02938954021361778
394.0,0.03380897838562194
395.0,0.03581852747739145
396.0,0.03211070070807143
397.0,0.03036941962487366
398.0,0.0340717445633682
399.0,0.029667529882094125
400.0,0.029033291792753435
401.0,0.031607032932676825
402.0,0.03453092772701711
403.0,0.0458248363208441
404.0,0.043090527432526546
405.0,0.03366608415250977
406.0,0.03874550131748318
407.0,0.04195042496267244
408.0,0.04244741602946195
409.0,0.041579652406063726
410.0,0.04126106757948188
411.0,0.03998636639549782
412.0,0.041112638014593916
413.0,0.043922299769002214
414.0,0.03947341913139626
415.0,0.04100339797436273
416.0,0.042746997557528615
417.0,0.03967901126818291
418.0,0.04468378793594914
419.0,0.04419351735241451
420.0,0.042122454659428724
421.0,0.0469188997179529
422.0,0.044812276690361794
423.0,0.04117235246865017
424.0,0.04015723974812185
425.0,0.04308634761099722
426.0,0.04451601103269183
427.0,0.04548615124290677
428.0,0.04571229537990394
429.0,0.04108679270630176
430.0,0.042445643104295605
431.0,0.04564166611897936
432.0,0.045555002862902594
433.0,0.04588632278321757
434.0,0.04570696000225369
435.0,0.04571681856331461
436.0,0.04659273861220044
437.0,0.044364951701371225
438.0,0.043542697323751045
439.0,0.04474788041490431
440.0,0.04480771373147567
441.0,0.04655363728391953
442.0,0.04758696224279525
443.0,0.046758060784777
444.0,0.04649154605725486
445.0,0.0466667323822507
446.0,0.04622521911977559
447.0,0.04465589499496515
448.0,0.04429035785257207
449.0,0.04602402392907659
450.0,0.047544951794385684
451.0,0.045658384644950936
452.0,0.045615986908009006
453.0,0.04513716232728904
454.0,0.04422940510830799
455.0,0.04634592132874744
456.0,0.04558191515680139
457.0,0.045040732437798756
458.0,0.04710878071368128
459.0,0.04754730200282879
460.0,0.04650945469922431
461.0,0.044700977977670135
462.0,0.043355590609041504
463.0,0.04428232054957828
464.0,0.04566004046316936
465.0,0.046682090161202276
466.0,0.04762580306552742
467.0,0.047733223542733745
468.0,0.046828584550654105
469.0,0.04554647959911856
470.0,0.04579461703410563
471.0,0.04611707876073037
472.0,0.046562892301283444
473.0,0.047382519622087026
474.0,0.04800382264376096
475.0,0.046868480580443746
476.0,0.04527022784401692
477.0,0.045938207185337455
478.0,0.045652015044353816
479.0,0.046332062879418656
480.0,0.0479741327546387
481.0,0.046963226349556936
482.0,0.04597411785742905
483.0,0.04582445568965118
484.0,0.04644502000059189
485.0,0.04662385794425973
486.0,0.046579686541903025
487.0,0.0469718642224323
488.0,0.04829389979792944
489.0,0.0479210336434512
490.0,0.04725042753273331
491.0,0.046810072051024686
492.0,0.045529853473062196
493.0,0.04562429727532086
494.0,0.046298447055189706
495.0,0.04660185022034804
496.0,0.04746553209506183
497.0,0.04698973285227416
498.0,0.04579942027797531
499.0,0.04565963469045921
500.0,0.04665335732142848
501.0,0.0474707990893423
502.0,0.04765008047906031
503.0,0.04784703163528126
504.0,0.04689870178055905
505.0,0.04639618212935056
506.0,0.04731741742628885
507.0,0.04747500787510956
508.0,0.04730067207542653
509.0,0.04721147191988088
510.0,0.04749648796101199
511.0,0.04740529232632602
512.0,0.047386466796435024
513.0,0.047535954690531124
514.0,0.04744467117198233
515.0,0.04740816368874257
516.0,0.04736515259059067
517.0,0.047376080354852426
518.0,0.04818129334085334
519.0,0.04812097135265362
520.0,0.04740062286026138
521.0,0.04711780371445269
522.0,0.0475124382857277
523.0,0.04814766557923799
524.0,0.04833872485836933
525.0,0.04723519641928339
526.0,0.04759879033157204
527.0,0.04813208765584448
528.0,0.04753899295670355
529.0,0.04740290964487637
530.0,0.04795388377431051
531.0,0.04855106782158686
532.0,0.04826422662180979
533.0,0.04800194993722295
534.0,0.04795832943610959
535.0,0.04809534736469083
536.0,0.04817174932487509
537.0,0.048228374660213534
538.0,0.04842718364794629
539.0,0.04877930473909126
540.0,0.04864480883923211
541.0,0.04863589754403916
542.0,0.048754685582039395
543.0,0.048615420938208594
544.0,0.048194754284779755
545.0,0.04809661854259057
546.0,0.04845305379167358
547.0,0.04851057317410235
548.0,0.04847854258799462
549.0,0.04867219062270941
550.0,0.049160673734400515
551.0,0.04880216089602524
552.0,0.04838040629401331
553.0,0.04835488094345797
554.0,0.04880765077467562
555.0,0.049207615461560675
556.0,0.049436891485632545
557.0,0.0495012998097089
558.0,0.04949773359765336
559.0,0.049290152741790424
560.0,0.04907928138984475
561.0,0.04909985770343031
562.0,0.04902491340464799
563.0,0.04902994220642999
564.0,0.049153169420340696
565.0,0.049260799631347954
566.0,0.0491984148739223
567.0,0.04941126219103671
568.0,0.05001475860354658
569.0,0.049892425933883065
570.0,0.04979705501620689
571.0,0.04972600750018172
572.0,0.04942502122205281
573.0,0.049764648851240684
574.0,0.049976089617423905
575.0,0.049721556554556824
576.0,0.049471554655698295
577.0,0.04970299833848805
578.0,0.05011656175383608
579.0,0.05027703364980616
580.0,0.05018643512944591
581.0,0.04987889994542744
582.0,0.04972280779969013
583.0,0.0501770561904858
584.0,0.0499969968655936
585.0,0.05014603195304482
586.0,0.050874286663929104
587.0,0.05050700283623522
588.0,0.050245747417514024
589.0,0.05027713349405851
590.0,0.05042026727209044
591.0,0.050416164360019194
592.0,0.05060561719369196
593.0,0.05091142185220155
594.0,0.05085466774372059
595.0,0.051088008699018556
596.0,0.051171028911747726
597.0,0.05086061296147595
598.0,0.051030383770668535
599.0,0.05114260835146798
600.0,0.05123706950923672
601.0,0.0515537230419294
602.0,0.051632988191439966
603.0,0.05156870039075959
604.0,0.051442512198981376
605.0,0.051231461761573574
606.0,0.051269103650026994
607.0,0.05139808030420467
608.0,0.05148316647883795
609.0,0.05210573225857402
610.0,0.05231417372192731
611.0,0.052052733382558065
612.0,0.05194578101873842
613.0,0.05207584306327711
614.0,0.052318885387776674
615.0,0.05250257526128097
616.0,0.05241218985344314
617.0,0.052604892551637215
618.0,0.05287482040853611
619.0,0.052819362515177354
620.0,0.052659491749332876
621.0,0.052683269719453835
622.0,0.052928656414042555
623.0,0.05316246243231909
624.0,0.05335649519148264
625.0,0.05341531784419512
626.0,0.05331735540639979
627.0,0.05325413342995397
628.0,0.053210911514092935
629.0,0.05323666722131248
630.0,0.05340169898182296
631.0,0.05368782812419756
632.0,0.05402866340034664
633.0,0.054295767644803705
634.0,0.05427795799309681
635.0,0.053989429341374254
636.0,0.05381753208641762
637.0,0.05409394622823407
638.0,0.05444727345797
639.0,0.054533040244047766
640.0,0.054453379415821436
641.0,0.05464506336749089
642.0,0.05455186531495233
643.0,0.05449073986124854
644.0,0.054699197993413606
645.0,0.054909456019456605
646.0,0.055001269722631446
647.0,0.05514818670035556
648.0,0.055513252693078996
649.0,0.05525300851056151
650.0,0.05511129215632787
651.0,0.055348029997405006
652.0,0.05549403894235946
653.0,0.0556265708423636
654.0,0.05586681872374034
655.0,0.05623048176153573
656.0,0.05635062676226323
657.0,0.05633651695731939
658.0,0.056275460711668425
659.0,0.05624609646748654
660.0,0.05634467150431531
661.0,0.05644702029511322
662.0,0.05655452662361691
663.0,0.05696023268491235
664.0,0.05716013129348903
665.0,0.057212111923783254
666.0,0.057287460247191974
667.0,0.05707312183150209
668.0,0.05712781600287563
669.0,0.05757058633805303
670.0,0.05806744950236302
671.0,0.05821806861300802
672.0,0.058332762462719075
673.0,0.058583444485688974
674.0,0.05840872141621944
675.0,0.05823975164249
676.0,0.05827672292700531
677.0,0.05857334098639207
678.0,0.058977268432975835
679.0,0.05925488771405548
680.0,0.05929719226963914
681.0,0.05915882814589187
682.0,0.05941102826160164
683.0,0.05962833665216651
684.0,0.059453490455047185
685.0,0.05969861297811372
686.0,0.05989268790790914
687.0,0.05998800082606262
688.0,0.06019800017978724
689.0,0.060319200547386057
690.0,0.06043860886864398
691.0,0.060617883128712385
692.0,0.06081289434208938
693.0,0.060955590167422136
694.0,0.06107102571702742
695.0,0.06122070094022018
696.0,0.06146702870608896
697.0,0.0616694404843114
698.0,0.061813831262340746
699.0,0.06200513226694915
700.0,0.06223586829863308
701.0,0.06250551100105164
702.0,0.06276306292778597
703.0,0.06282900494637707
704.0,0.06291939306931388
705.0,0.06300454426690502
706.0,0.06301211831135911
707.0,0.063292599872315
708.0,0.06366059536426559
709.0,0.06390383674212116
710.0,0.06384215340541806
711.0,0.06399388133130272
712.0,0.06417330205736635
713.0,0.064230334120625
714.0,0.06465750158632211
715.0,0.06511121743199796
716.0,0.06536959146876425
717.0,0.06535335317166764
718.0,0.06550258382204768
719.0,0.06566726570920592
720.0,0.06576477213703864
721.0,0.0659070445745376
722.0,0.06626167220288759
723.0,0.06657513299406191
724.0,0.06664352627914233
725.0,0.06694354361049576
726.0,0.06708955711360047
727.0,0.06712704233527247
728.0,0.0673759256636663
729.0,0.06747051677096126
730.0,0.06766132512714816
731.0,0.06803717847134033
732.0,0.0682533807974374
733.0,0.06839746330280243
734.0,0.06853825050960588
735.0,0.06874721456147875
736.0,0.06911298598028376
737.0,0.06933494036899271
738.0,0.06946353457039618
739.0,0.06981785550998151
740.0,0.0700053264121021
741.0,0.0701467120445858
742.0,0.0703688668013154
743.0,0.07064293140808822
744.0,0.0708461950063891
745.0,0.07104961918892379
746.0,0.07135998446065614
747.0,0.07168385012686067
748.0,0.07185210353499288
749.0,0.07195577440297866
750.0,0.07230257511699524
751.0,0.07256238832897105
752.0,0.07278733092280215
753.0,0.07304298600833634
754.0,0.0732610074450787
755.0,0.07355613675354969
756.0,0.07381521598079092
757.0,0.07392216094532904
758.0,0.07424874179312263
759.0,0.07460498781552896
760.0,0.07487112403444778
761.0,0.07504326670602365
762.0,0.0753247703440764
763.0,0.07560931842037061
764.0,0.07584587992315643
765.0,0.0762855225558353
766.0,0.07653739454608847
767.0,0.07671740552223459
768.0,0.0770825009789431
769.0,0.07748755914209954
770.0,0.07774776204061838
771.0,0.07792904044419313
772.0,0.07831936917478108
773.0,0.07863322876737419
774.0,0.07889573392564549
775.0,0.07916041193460951
776.0,0.0794192059444066
777.0,0.07960486454895536
778.0,0.07984880745602216
779.0,0.08027392170296654
780.0,0.08056261528476849
781.0,0.08075109467408699
782.0,0.08100929865658844
783.0,0.08155646911896457
784.0,0.08178409868933788
785.0,0.08200388822372597
786.0,0.08244946045704381
787.0,0.08289280680704067
788.0,0.08313357761084816
789.0,0.08333206953293479
790.0,0.083703976848526
791.0,0.08406757442739965
792.0,0.0844097172471981
793.0,0.0847254293946042
794.0,0.08502214760799963
795.0,0.08536030415397573
796.0,0.0857125159017821
797.0,0.08607170140878584
798.0,0.08648702829113464
799.0,0.08694661501543838
800.0,0.08732890042007783
801.0,0.08757611050893128
802.0,0.08797005615211557
803.0,0.08830306129988089
804.0,0.08858985532375677
805.0,0.08895839888150457
806.0,0.0892492268146213
807.0,0.0896234917696763
808.0,0.09014319555151178
809.0,0.09070474413724518
810.0,0.09106596384280476
811.0,0.09131793130961426
812.0,0.09156918557090933
813.0,0.09169880784816603
814.0,0.09216303293502334
815.0,0.09280476310037372
816.0,0.09323070070508771
817.0,0.09338380032508062
818.0,0.09374156931932835
819.0,0.09430329358472783
820.0,0.09463586974518559
821.0,0.09493338746298978
822.0,0.09541015196920259
823.0,0.09600163470357978
824.0,0.09613596236099152
825.0,0.09656310936528535
826.0,0.09708776094189489
827.0,0.09738630806802631
828.0,0.09772764419859613
829.0,0.0981930825870064
830.0,0.09871305657621499
831.0,0.09913358064510994
832.0,0.09937436970340051
833.0,0.09971284943876098
834.0,0.10018150812947295
835.0,0.10052393685556571
836.0,0.10097322351197878
837.0,0.10150625322313471
838.0,0.10201293706503652
839.0,0.10229460089350909
840.0,0.10277099264257009
841.0,0.10324204774125448
842.0,0.10347457861774981
843.0,0.10396136570603329
844.0,0.10445145893565742
845.0,0.10485268559869647
846.0,0.10520884913351768
847.0,0.10572922024839122
848.0,0.10613234848547655
849.0,0.10638936647155751
850.0,0.10679705846744479
851.0,0.10730080598040888
852.0,0.1078697161735269
853.0,0.10838890546787774
854.0,0.10856442363190373
855.0,0.10904874934128349
856.0,0.10967016468101476
857.0,0.11012278303933475
858.0,0.11065548011173341
859.0,0.11104460914601931
860.0,0.1114431159944312
861.0,0.11210723834915756
862.0,0.11261608787930918
863.0,0.1130706808301897
864.0,0.11366987662571296
865.0,0.11458813775279222
866.0,0.11511457125705145
867.0,0.11542133559350602
868.0,0.11575111857560458
869.0,0.11621196922698507
870.0,0.11679388311440903
871.0,0.11734413697285627
872.0,0.117805859997312
873.0,0.11849471679889541
874.0,0.11903016367997045
875.0,0.1194075163555791
876.0,0.11979321292210497
877.0,0.12041403127025685
878.0,0.12108287930005243
879.0,0.1217277376976788
880.0,0.12235347485141573
881.0,0.12291525248040669
882.0,0.12320482843586207
883.0,0.1235235087744386
884.0,0.12452842405481845
885.0,0.12480741772075384
886.0,0.125125000849353
887.0,0.1258808537851299
888.0,0.12640777791920563
889.0,0.12695805016830436
890.0,0.1274467345192435
891.0,0.127842368204768
892.0,0.12840404645505812
893.0,0.12882152427080992
894.0,0.12934615535251004
895.0,0.13025185333813474
896.0,0.13126108383883736
897.0,0.13194824191584772
898.0,0.1323130310393268
899.0,0.13258069824774962
900.0,0.13274190608636074
901.0,0.13347934641004486
902.0,0.13466405219760613
903.0,0.13557028401596477
904.0,0.13594467260945392
905.0,0.13642182062565547
906.0,0.13709698575566645
907.0,0.13744445814834802
908.0,0.13756337698110313
909.0,0.1381299319990445
910.0,0.13922021295172415
911.0,0.13997838553464648
912.0,0.140752741673934
913.0,0.14138723317109844
914.0,0.14178678293660116
915.0,0.1421338681364033
916.0,0.14278517238002042
917.0,0.14350836205655867
918.0,0.14407691090301586
919.0,0.14480376334390258
920.0,0.1452034557368123
921.0,0.14564834966914272
922.0,0.14650184576725137
923.0,0.14701062550859242
924.0,0.14759680882499296
925.0,0.14848683298057813
926.0,0.1496082895434251
927.0,0.15006486906391198
928.0,0.15042740563847326
929.0,0.1508340441293759
930.0,0.15119165541742582
931.0,0.1517570153497862
932.0,0.1527094997321221
933.0,0.15381292635802032
934.0,0.1546227214832774
935.0,0.1555132509448511
936.0,0.1558339374737198
937.0,0.15584275697925734
938.0,0.1565306610367215
939.0,0.15729415877923486
940.0,0.15860487080897634
941.0,0.1600334888292143
942.0,0.16031876084108793
943.0,0.1609384405361032
944.0,0.1611569638755975
945.0,0.16103684157045658
946.0,0.16185468820206847
947.0,0.1624820562327286
948.0,0.16359888039084092
949.0,0.16517895945918948
950.0,0.16591130129423212
951.0,0.16626774649919376
952.0,0.16659115256033805
953.0,0.16708670288818045
954.0,0.16773747478732776
955.0,0.16862185997472626
956.0,0.16952814496081176
957.0,0.1703090094137214
958.0,0.17103495096047186
959.0,0.17105571160215888
960.0,0.1714320455534532
961.0,0.17275305845968233
962.0,0.17403368185267723
963.0,0.17480449696053346
964.0,0.17570226737672273
965.0,0.17683537109942027
966.0,0.17676982773892222
967.0,0.17726567490041067
968.0,0.17824345417357354
969.0,0.17928465053440476
970.0,0.1802714095204052
971.0,0.18166794993859456
972.0,0.18274355835816056
973.0,0.18282237506378768
974.0,0.18195457299432036
975.0,0.18250841988789906
976.0,0.18348767984218262
977.0,0.18400011858582116
978.0,0.18510363942475055
979.0,0.18617479891582145
980.0,0.18724690636442717
981.0,0.18808056285860836
982.0,0.1877693216909351
983.0,0.18914155242803893
984.0,0.19051313300921405
985.0,0.19093682935793196
986.0,0.1925180435122406
987.0,0.19385540480803834
988.0,0.19370360830470007
989.0,0.19251583090657712
990.0,0.19306695313941066
991.0,0.19446325782224558
992.0,0.19635147497396743
993.0,0.198019972186252
994.0,0.19841868143380403
995.0,0.19897465506412534
996.0,0.19887886251237485
997.0,0.19874339154908996
998.0,0.20086766069150516
999.0,0.2022999666665484
1000.0,0.203267950044344
1001.0,0.2109778758875173
1002.0,0.2109707485485401
1003.0,0.21244013496861017
1004.0,0.21355369312666675
1005.0,0.21544224346069957
1006.0,0.22079819330287842
1007.0,0.22237368353753548
1008.0,0.22265518656790673
1009.0,0.22421973067620804
1010.0,0.22302679875807127
1011.0,0.2226880567302203
1012.0,0.2235286472874116
1013.0,0.22416390841067785
1014.0,0.22456406065797363
1015.0,0.22496730739632637
1016.0,0.22606402439788228
1017.0,0.22768173530183689
1018.0,0.2275472605703912
1019.0,0.22852331021937736
1020.0,0.22898117278422483
1021.0,0.22685990954217428
1022.0,0.22792483037652306
1023.0,0.2301437375303539
1024.0,0.23074861746647699
1025.0,0.2336433463739611
1026.0,0.236068956464938
1027.0,0.23550524418734078
1028.0,0.236994161405406
1029.0,0.23811636645838524
1030.0,0.23890196217504278
1031.0,0.23792281425483916
1032.0,0.23981734108407846
1033.0,0.24161165110271393
1034.0,0.24101430742746954
1035.0,0.24120816037262965
1036.0,0.2421290534575012
1037.0,0.24254496200034498
1038.0,0.24354866619409646
1039.0,0.2450442191013761
1040.0,0.247072549344701
1041.0,0.24795563688144434
1042.0,0.24706894105400123
1043.0,0.2471869749541371
1044.0,0.24788640325963476
1045.0,0.2473671488383522
1046.0,0.2464412604427983
1047.0,0.24855695068856143
1048.0,0.2501123720939753
1049.0,0.25113864665807534
1050.0,0.2539385624754558
1051.0,0.2552697015927744
1052.0,0.25636752446139727
1053.0,0.25750113115253986
1054.0,0.2583122435447056
1055.0,0.25974376653427034
1056.0,0.26015301975999244
1057.0,0.2597415424737015
1058.0,0.2606308035196116
1059.0,0.2624401134916997
1060.0,0.2637790216153461
1061.0,0.26666120097793705
1062.0,0.26937420450875665
1063.0,0.2703237608158551
1064.0,0.2697326800094107
1065.0,0.269203932323978
1066.0,0.2690119122509157
1067.0,0.268131514590993
1068.0,0.2679658823026759
1069.0,0.269091983648695
1070.0,0.2703762211007461
1071.0,0.2719939556676561
1072.0,0.2741568245255286
1073.0,0.27682880345886934
1074.0,0.2787825405367401
1075.0,0.2798944141189264
1076.0,0.280804553407316
1077.0,0.28192714985922285
1078.0,0.2820445521183301
1079.0,0.28141456356174216
1080.0,0.28168824880897253
1081.0,0.2825754673605561
1082.0,0.2844158458011065
1083.0,0.2868964979668671
1084.0,0.2883166568413915
1085.0,0.2888659522287054
1086.0,0.28977727775642775
1087.0,0.29024869413360505
1088.0,0.291289764290208
1089.0,0.29233678551563874
1090.0,0.2934805310482398
1091.0,0.29385066953585054
1092.0,0.2943793719794723
1093.0,0.29614548542488084
1094.0,0.2969644713459325
1095.0,0.2979575022690629
1096.0,0.2991733006405271
1097.0,0.299761249181871
1098.0,0.3019475483247926
1099.0,0.3033266233545332
1100.0,0.30482978887558265
1101.0,0.305803380848135
1102.0,0.3066095084934763
1103.0,0.3065471236097204
1104.0,0.3065359109905245
1105.0,0.30708134689266176
1106.0,0.3080822507439643
1107.0,0.30954877772959155
1108.0,0.3110782446036287
1109.0,0.31275203029070653
1110.0,0.31458834739048563
1111.0,0.3159321975309146
1112.0,0.31657087547574086
1113.0,0.31638826846991197
1114.0,0.317050505127636
1115.0,0.31702041108141027
1116.0,0.31792121456425515
1117.0,0.32038953304711976
1118.0,0.32208594903952675
1119.0,0.32406469867785154
1120.0,0.3248150969111246
1121.0,0.3252206461187487
1122.0,0.32552208156579526
1123.0,0.3263824576610011
1124.0,0.3278829344854395
1125.0,0.3295326550539367
1126.0,0.3307732826345264
1127.0,0.33226581809095085
1128.0,0.33372532331620247
1129.0,0.33476487598548005
1130.0,0.33587609780500544
1131.0,0.337087396456528
1132.0,0.33745106499049626
1133.0,0.33856097183343964
1134.0,0.340372582078792
1135.0,0.34230211892972073
1136.0,0.3433462104298952
1137.0,0.34419064633315477
1138.0,0.3449209436158491
1139.0,0.3450698149453527
1140.0,0.3457667914063632
1141.0,0.3467314880925281
1142.0,0.3475307151939118
1143.0,0.34817415548603675
1144.0,0.3493031227376072
1145.0,0.35059316955580244
1146.0,0.35194970281743393
1147.0,0.3538865254132824
1148.0,0.35525793024449864
1149.0,0.3564123620890637
1150.0,0.35740053414221745
1151.0,0.35841673570908217
1152.0,0.35945389027800434
1153.0,0.3605973656594812
1154.0,0.36219290476444976
1155.0,0.36291462967951954
1156.0,0.36370198015453037
1157.0,0.36512542892239225
1158.0,0.36682248536667167
1159.0,0.36810523413254603
1160.0,0.3704236401055174
1161.0,0.37125991243919065
1162.0,0.3703104828107912
1163.0,0.37081383060099277
1164.0,0.3711924853394827
1165.0,0.37198142056074784
1166.0,0.3736914951437316
1167.0,0.3754789924463033
1168.0,0.37615892149273394
1169.0,0.3776343088940087
1170.0,0.3795501718994564
1171.0,0.38087819357170416
1172.0,0.38190904641098167
1173.0,0.3828465211091197
1174.0,0.3838750992774768
1175.0,0.38425276032532363
1176.0,0.3851346144228777
1177.0,0.38661271589590934
1178.0,0.38780351891415854
1179.0,0.3887095947826764
1180.0,0.3898959333095605
1181.0,0.39104110806331466
1182.0,0.3927491207002491
1183.0,0.3945662771138755
1184.0,0.39604802682034995
1185.0,0.3976578865145607
1186.0,0.3984546147166623
1187.0,0.3996366225054793
1188.0,0.40074435330763697
1189.0,0.4018864447520359
1190.0,0.4031383318026758
1191.0,0.4042465466359726
1192.0,0.40502183507571693
1193.0,0.40595864991743164
1194.0,0.40709532444900753
1195.0,0.40815119601071004
1196.0,0.40926254988595784
1197.0,0.41020223616191065
1198.0,0.41065211629592296
1199.0,0.41168827132654745
1200.0,0.4133389183057141
1201.0,0.4148268377698925
1202.0,0.4163136149718408
1203.0,0.41762559483902606
1204.0,0.41902919651212023
1205.0,0.4200235124488653
1206.0,0.4212694597961292
1207.0,0.4229910350859723
1208.0,0.42421752795908785
1209.0,0.42491256892556223
1210.0,0.426007612911434
1211.0,0.4273298649172807
1212.0,0.4284780645637105
1213.0,0.42942397060649556
1214.0,0.4306790589385146
1215.0,0.4321954930614285
1216.0,0.4334112474491015
1217.0,0.43474289559526985
1218.0,0.4359427388322823
1219.0,0.43682420629286245
1220.0,0.4369096607783065
1221.0,0.4380781284417
1222.0,0.43960947516970733
1223.0,0.44108007235642704
1224.0,0.4433158533008984
1225.0,0.44469681859479426
1226.0,0.4455532164808684
1227.0,0.4465986295601843
1228.0,0.4472849637643652
1229.0,0.44824745001727606
1230.0,0.4490848344049805
1231.0,0.4504200784181553
1232.0,0.45206958605066183
1233.0,0.4539609593183709
1234.0,0.4558709383391932
1235.0,0.4578934955141204
1236.0,0.4592649524235049
1237.0,0.4599991102922883
1238.0,0.46124127189181147
1239.0,0.4625476058067805
1240.0,0.4635529471397002
1241.0,0.46446772600904346
1242.0,0.4655499903532005
1243.0,0.4662669540373365
1244.0,0.46735850635721976
1245.0,0.4691769876092884
1246.0,0.47044181787853173
1247.0,0.4710909699585031
1248.0,0.47234700625467013
1249.0,0.47382254056496603
1250.0,0.47519458840491813
1251.0,0.47689954858137656
1252.0,0.4787218003205144
1253.0,0.4800826674712994
1254.0,0.48100671262836275
1255.0,0.48218447004472975
1256.0,0.4832965742420689
1257.0,0.48449857804866264
1258.0,0.48569230732107815
1259.0,0.4869875483176815
1260.0,0.4883899673467798
1261.0,0.489755272916163
1262.0,0.4912744415350484
1263.0,0.49259274512327234
1264.0,0.49382210635971086
1265.0,0.4949744884955545
1266.0,0.49596477655774535
1267.0,0.49699639004045676
1268.0,0.49793970924289976
1269.0,0.49897502825629986
1270.0,0.5000315759212647
1271.0,0.5010778682503132
1272.0,0.5022426580103366
1273.0,0.503521559755396
1274.0,0.5047195748932229
1275.0,0.5059349522541057
1276.0,0.5071699283165769
1277.0,0.5084950070440449
1278.0,0.5096051345423971
1279.0,0.5105680589172235
1280.0,0.5116822315710856
1281.0,0.512543695015867
1282.0,0.5137591743770984
1283.0,0.5154921490058026
1284.0,0.5168694086857759
1285.0,0.5181561787881082
1286.0,0.5195020523425246
1287.0,0.5210175715539636
1288.0,0.5219621149197508
1289.0,0.5230652979263956
1290.0,0.5241664073085448
1291.0,0.5253505052329134
1292.0,0.5264219471674773
1293.0,0.5275393851195775
1294.0,0.5287703465801119
1295.0,0.5300449781352623
1296.0,0.5313085369550319
1297.0,0.5324912083217308
1298.0,0.5338029444388065
1299.0,0.5350076673478775
1300.0,0.5358227508284024
1301.0,0.5370354200835771
1302.0,0.5384400773020753
1303.0,0.5399168648801616
1304.0,0.5418595341674991
1305.0,0.5434110409519637
1306.0,0.544831241427017
1307.0,0.5461850132702781
1308.0,0.5474498326840326
1309.0,0.5483540340261338
1310.0,0.5496704379312676
1311.0,0.5511218936906744
1312.0,0.5526093975213746
1313.0,0.5543077764198358
1314.0,0.5558166537580955
1315.0,0.5574580185575941
1316.0,0.5587181365162402
1317.0,0.559583847950973
1318.0,0.560737809762038
1319.0,0.5616909224564088
1320.0,0.5628891544171485
1321.0,0.564589141262749
1322.0,0.5658843892763655
1323.0,0.5670857485696474
1324.0,0.5681869956294884
1325.0,0.56875818867486
1326.0,0.5697744163206241
1327.0,0.5709538254302723
1328.0,0.5721405713138361
1329.0,0.5737088147174456
1330.0,0.5759224299345227
1331.0,0.5773811083610711
1332.0,0.5788323872933266
1333.0,0.5799981789235995
1334.0,0.5805715294112838
1335.0,0.581502115624228
1336.0,0.5823581813514627
1337.0,0.5834805267785523
1338.0,0.5847654672899456
1339.0,0.5860792693048306
1340.0,0.587819018779074
1341.0,0.5891401661718273
1342.0,0.5899092551113765
1343.0,0.5912486758675467
1344.0,0.5928695074293483
1345.0,0.5942465729682385
1346.0,0.5952400333948594
1347.0,0.5974676123251761
1348.0,0.5991883065108743
1349.0,0.6005485205546355
1350.0,0.6024708928662713
1351.0,0.6051416603116981
1352.0,0.6069051505183871
1353.0,0.6084775732565315
1354.0,0.609824282851833
1355.0,0.6106785844332208
1356.0,0.6116716974819946
1357.0,0.6123522964398377
1358.0,0.6135734855594817
1359.0,0.6150977981287531
1360.0,0.6163569044093288
1361.0,0.6179134195559927
1362.0,0.6192548942929462
1363.0,0.6201330249407606
1364.0,0.6212655174167406
1365.0,0.6225671073294232
1366.0,0.6238017388413182
1367.0,0.624977433542698
1368.0,0.626346907866862
1369.0,0.6274623095588214
1370.0,0.62846123656877
1371.0,0.6296424375000044
1372.0,0.6307256750322121
1373.0,0.6319851362120922
1374.0,0.6334636900964519
1375.0,0.6348152638992433
1376.0,0.6362518555719455
1377.0,0.6374976308798609
1378.0,0.6386319151566422
1379.0,0.6398860997701487
1380.0,0.6410706079814696
1381.0,0.642239465940205
1382.0,0.6434724561292011
1383.0,0.6446712324452255
1384.0,0.6456668599278295
1385.0,0.6469030574294173
1386.0,0.6485327989371116
1387.0,0.6497892047154115
1388.0,0.6510067305122541
1389.0,0.6520659994302328
1390.0,0.6528416647249043
1391.0,0.6534324910722575
1392.0,0.6543820427728293
1393.0,0.655335459248175
1394.0,0.6565919486411412
1395.0,0.6583536895646501
1396.0,0.6594338297174772
1397.0,0.6602427649240551
1398.0,0.6613878802270294
1399.0,0.6624576211684724
1400.0,0.6633404339377893
1401.0,0.6642827653004025
1402.0,0.665426437722335
1403.0,0.6663689527140051
1404.0,0.6674003192627632
1405.0,0.668811140252744
1406.0,0.6701123592308641
1407.0,0.6712206115500489
1408.0,0.6723285605856256
1409.0,0.6736945676461477
1410.0,0.6748363551187266
1411.0,0.6756721133789891
1412.0,0.6765996403888832
1413.0,0.6775679155699409
1414.0,0.6783618643180569
1415.0,0.6795667767822663
1416.0,0.6805528925030679
1417.0,0.6817886973794749
1418.0,0.6832906395631995
1419.0,0.6846050212359902
1420.0,0.6858630191273826
1421.0,0.6872137174047244
1422.0,0.6887193187266336
1423.0,0.6898903918105443
1424.0,0.6909303110800535
1425.0,0.6920237463721619
1426.0,0.6927033290292852
1427.0,0.6938899735931462
1428.0,0.6955542573311879
1429.0,0.6968759888123985
1430.0,0.69836207798899
1431.0,0.6995730693061768
1432.0,0.7002896089159469
1433.0,0.7013821751140054
1434.0,0.7027910699485693
1435.0,0.7038287763247517
1436.0,0.7046928413528615
1437.0,0.7057156951412769
1438.0,0.7065461289900711
1439.0,0.7074477355375659
1440.0,0.7085755422854184
1441.0,0.709770237655656
1442.0,0.7108670737091084
1443.0,0.7118417353506038
1444.0,0.7128979614884459
1445.0,0.7140072582576602
1446.0,0.7151205082925951
1447.0,0.7163217146282537
1448.0,0.7172704263823605
1449.0,0.7179420918863288
1450.0,0.7190854082217847
1451.0,0.7202522802254779
1452.0,0.7215117494797724
1453.0,0.7231866905643963
1454.0,0.7247094760490744
1455.0,0.7261297704614008
1456.0,0.727550681126344
1457.0,0.7290884948820083
1458.0,0.7305182703962223
1459.0,0.7317249858364702
1460.0,0.7331107731976187
1461.0,0.7346555432990075
1462.0,0.736098374389671
1463.0,0.7375348043095679
1464.0,0.739014019042116
1465.0,0.7403949251570587
1466.0,0.7418599600069786
1467.0,0.7434714886101834
1468.0,0.7450308128685101
1469.0,0.746477061885594
1470.0,0.7480076178739852
1471.0,0.749244642072966
1472.0,0.7502335669857471
1473.0,0.7514548979524549
1474.0,0.7525919976846497
1475.0,0.7538344834762761
1476.0,0.7553609432289239
1477.0,0.7564466048201447
1478.0,0.7571473067546626
1479.0,0.7583447750403722
1480.0,0.7595188005150361
1481.0,0.7608939409063138
1482.0,0.7628223210756511
1483.0,0.7642740320040982
1484.0,0.7654596241572542
1485.0,0.7668075948309587
1486.0,0.7680346275773005
1487.0,0.769432526631596
1488.0,0.7709529326921998
1489.0,0.7725256621366128
1490.0,0.7743033913480217
1491.0,0.7758561043144977
1492.0,0.7772342559331405
1493.0,0.778850584735834
1494.0,0.7806397984417176
1495.0,0.7821387203564492
1496.0,0.783840872278433
1497.0,0.7851888292162272
1498.0,0.7857917274917737
1499.0,0.7868464069630986
1500.0,0.7881061952864996
1501.0,0.7892807788186827
1502.0,0.7906162881647064
1503.0,0.7917006217254854
1504.0,0.7928357698154423
1505.0,0.7937954337267265
1506.0,0.7948191070118731
1507.0,0.7958730197357048
1508.0,0.7970459891359588
1509.0,0.7981599659341706
1510.0,0.7993631752191916
1511.0,0.8008066650305485
1512.0,0.8020371272280358
1513.0,0.8029899297839992
1514.0,0.8043921666503308
1515.0,0.8061417199142882
1516.0,0.8074821797464514
1517.0,0.8088190874636225
1518.0,0.8102231460212272
1519.0,0.8113575416919327
1520.0,0.812663387255806
1521.0,0.8142626043697097
1522.0,0.8157102952139672
1523.0,0.8169295128188876
1524.0,0.8183625902199685
1525.0,0.8200795465872466
1526.0,0.8215109655662799
1527.0,0.8228944821562871
1528.0,0.8242172630897032
1529.0,0.8251286781392523
1530.0,0.8264719933411555
1531.0,0.8281977877258622
1532.0,0.829641402970842
1533.0,0.8313182180656118
1534.0,0.8326706403436241
1535.0,0.8335199687191197
1536.0,0.8345666793418571
1537.0,0.8355619078013459
1538.0,0.836592030499419
1539.0,0.8375792808728167
1540.0,0.8389455201981771
1541.0,0.8404849289851208
1542.0,0.8422947989621344
1543.0,0.84381753650999
1544.0,0.8455847284246378
1545.0,0.8469103139646538
1546.0,0.8476902065618214
1547.0,0.8491272917197059
1548.0,0.8508831910069943
1549.0,0.8521782521122906
1550.0,0.8535532935811615
1551.0,0.8547946056993698
1552.0,0.8556402846188583
1553.0,0.8566497075344404
1554.0,0.8577974156887879
1555.0,0.8588941252313259
1556.0,0.859826759181875
1557.0,0.86089436476196
1558.0,0.8621882288905449
1559.0,0.8632873260655803
1560.0,0.864218381024192
1561.0,0.8652628271787316
1562.0,0.8663351370464621
1563.0,0.8673655689015048
1564.0,0.8685530918137006
1565.0,0.8694660574253706
1566.0,0.8697575486358865
1567.0,0.8709214462015815
1568.0,0.8724997315425396
1569.0,0.8739180711992235
1570.0,0.8760278959577655
1571.0,0.8776475066892062
1572.0,0.8787358399071685
1573.0,0.8800286430719235
1574.0,0.8814981565845541
1575.0,0.8827005424127724
1576.0,0.8837131880631902
1577.0,0.884748665913447
1578.0,0.8854654659991659
1579.0,0.8864867096323192
1580.0,0.887750939258949
1581.0,0.8889426847834714
1582.0,0.8902951562431441
1583.0,0.8915458633406652
1584.0,0.8925541241841959
1585.0,0.8937969641782795
1586.0,0.8952327463755748
1587.0,0.8965790941470196
1588.0,0.8982744674142676
1589.0,0.899554789226831
1590.0,0.9005969424345779
1591.0,0.9012905170303912
1592.0,0.9023305492734247
1593.0,0.9032049197882006
1594.0,0.9042932262937903
1595.0,0.9056642447762719
1596.0,0.9068871410024593
1597.0,0.9081355813284735
1598.0,0.9090832033478209
1599.0,0.9098351892183218
1600.0,0.9109671040241446
1601.0,0.9119733870796219
1602.0,0.9131769154625315
1603.0,0.9148480060131264
1604.0,0.9161858716261598
1605.0,0.917248668616894
1606.0,0.9186080749762271
1607.0,0.9202201193440516
1608.0,0.9215165704244472
1609.0,0.9228579648459361
1610.0,0.9238855407971476
1611.0,0.9244943594348555
1612.0,0.925444845708564
1613.0,0.926318319994928
1614.0,0.9273901752577053
1615.0,0.9286901962469921
1616.0,0.9299616052997637
1617.0,0.9312364758693937
1618.0,0.9326428439172986
1619.0,0.9343272658852754
1620.0,0.9356382952997542
1621.0,0.9369835693012841
1622.0,0.9380099258795116
1623.0,0.9385139559678045
1624.0,0.939396305531822
1625.0,0.9403642330254381
1626.0,0.941202897294037
1627.0,0.9422071159170674
1628.0,0.9429870555727214
1629.0,0.9433875470764085
1630.0,0.9440880359630611
1631.0,0.94479041460362
1632.0,0.945675913718819
1633.0,0.9466701999765292
1634.0,0.947884628803203
1635.0,0.9496135639504585
1636.0,0.9507523143382033
1637.0,0.9516670802349478
1638.0,0.9527540101924734
1639.0,0.9534263552295379
1640.0,0.9544722796811808
1641.0,0.9560667308476695
1642.0,0.9573204974607844
1643.0,0.9584404105653607
1644.0,0.9596030075488411
1645.0,0.96077063604913
1646.0,0.961789773279406
1647.0,0.9627985918989781
1648.0,0.9636925402063414
1649.0,0.9642996036321626
1650.0,0.9650814022850924
1651.0,0.9659775384517156
1652.0,0.966671337827759
1653.0,0.9672868509458636
1654.0,0.967983197511718
1655.0,0.9683930697202036
1656.0,0.9692402568702576
1657.0,0.9706383411868317
1658.0,0.9715712289759174
1659.0,0.9726154511818392
1660.0,0.9733362777845562
1661.0,0.9733306501366997
1662.0,0.9738511183556557
1663.0,0.974413929040883
1664.0,0.9752185317073788
1665.0,0.9764679824115348
1666.0,0.9776151934494024
1667.0,0.9788911680542759
1668.0,0.9800880670207035
1669.0,0.9812397065403639
1670.0,0.9824139333623856
1671.0,0.9837927338008604
1672.0,0.9847650007808122
1673.0,0.9853229485089907
1674.0,0.9862021932423554
1675.0,0.9867501551211573
1676.0,0.9877657530780192
1677.0,0.9895158358063133
1678.0,0.990841787675244
1679.0,0.9919534562248756
1680.0,0.9933635356402946
1681.0,0.9946833853566244
1682.0,0.9962708960047407
1683.0,0.9984529668599802
1684.0,1.0002487938297233
1685.0,1.0020303495996365
1686.0,1.0035971138798752
1687.0,1.0046996683839062
1688.0,1.0061435757403614
1689.0,1.0079062067138593
1690.0,1.0091431528371795
1691.0,1.0101187899017106
1692.0,1.011263341785128
1693.0,1.0121140356018976
1694.0,1.013148816655284
1695.0,1.014398843190115
1696.0,1.0157377252712603
1697.0,1.0172081218346314
1698.0,1.0183392097572974
1699.0,1.0194174284447464
1700.0,1.020655146242535
1701.0,1.0217108200796023
1702.0,1.022846772077533
1703.0,1.0242478864596065
1704.0,1.025423252443887
1705.0,1.0262018875588288
1706.0,1.0273387199699355
1707.0,1.0289610991088247
1708.0,1.0300807224566297
1709.0,1.0312023819937268
1710.0,1.0320488955791418
1711.0,1.0320329325654733
1712.0,1.0327708747782252
1713.0,1.033879331695622
1714.0,1.0348666241427538
1715.0,1.0363382218089359
1716.0,1.03729404060363
1717.0,1.0376088893016453
1718.0,1.038634902251866
1719.0,1.0400436362439807
1720.0,1.0411459797206974
1721.0,1.0426117163016329
1722.0,1.0435815683428753
1723.0,1.0436914739337542
1724.0,1.0445123734373667
1725.0,1.0458376283036817
1726.0,1.0467059953483646
1727.0,1.0474783679739283
1728.0,1.0483209237112276
1729.0,1.048698795154086
1730.0,1.0495895543910598
1731.0,1.0510425548433313
1732.0,1.0525447313745242
1733.0,1.0544438746011318
1734.0,1.0556759719040485
1735.0,1.0567394540573976
1736.0,1.057681883719433
1737.0,1.0581383730107103
1738.0,1.058844469893936
1739.0,1.059576886173657
1740.0,1.0604065362580115
1741.0,1.0611626303850263
1742.0,1.0621208045090489
1743.0,1.0634228387455924
1744.0,1.064489796366099
1745.0,1.0654807461284732
1746.0,1.0664271152533915
1747.0,1.0673802687465954
1748.0,1.0680726577958697
1749.0,1.068534713021581
1750.0,1.069151818302453
1751.0,1.0695717205048834
1752.0,1.0705046105243619
1753.0,1.071850930382718
1754.0,1.073173665681089
1755.0,1.074072180818837
1756.0,1.0740422216977925
1757.0,1.0747266861586218
1758.0,1.0758490724501646
1759.0,1.0768223875772436
1760.0,1.0778195396920478
1761.0,1.0785076185369653
1762.0,1.079240982119056
1763.0,1.0800946474470199
1764.0,1.0819349029080794
1765.0,1.0836774597477579
1766.0,1.0847936396555522
1767.0,1.086531288824408
1768.0,1.087877111041615
1769.0,1.0893728966924043
1770.0,1.0910791327155005
1771.0,1.0917188382688048
1772.0,1.091920010961479
1773.0,1.0920671958180947
1774.0,1.0918863065448945
1775.0,1.0923554205726593
1776.0,1.0934714779165786
1777.0,1.0942085023542618
1778.0,1.0954888654329418
1779.0,1.096770646452456
1780.0,1.0972120291774963
1781.0,1.0979899594416491
1782.0,1.0986997573429222
1783.0,1.0996813756050599
1784.0,1.1017052304934434
1785.0,1.1038308889121697
1786.0,1.1058628144200038
1787.0,1.1064811005411985
1788.0,1.106398333778029
1789.0,1.1074506686073233
1790.0,1.1081881798670885
1791.0,1.1090301864445293
1792.0,1.1097264982646717
1793.0,1.110526170129302
1794.0,1.1117029971716599
1795.0,1.1126159499490749
1796.0,1.1139047357799874
1797.0,1.1143931770693736
1798.0,1.1140470090973693
1799.0,1.1143329903835653
1800.0,1.1142851043554096
1801.0,1.1105529550243216
1802.0,1.1126865372528116
1803.0,1.1137991590478058
1804.0,1.1152492126588014
1805.0,1.1170669860294042
1806.0,1.1182925889313402
1807.0,1.1183657603511705
1808.0,1.1202262613495437
1809.0,1.1240383079176048
1810.0,1.1253876315542468
1811.0,1.126264794004168
1812.0,1.1269223689509995
1813.0,1.1280861740946528
1814.0,1.1283616086634298
1815.0,1.1290790278724678
1816.0,1.1310771788731562
1817.0,1.1326509896023507
1818.0,1.1336977896987133
1819.0,1.1344525575280362
1820.0,1.1358659849906143
1821.0,1.1371365025983398
1822.0,1.1381261053786647
1823.0,1.137674131137069
1824.0,1.1384246586972446
1825.0,1.1377490337820566
1826.0,1.138395428214495
1827.0,1.13908381730402
1828.0,1.1400569917142596
1829.0,1.1422800494009628
1830.0,1.143941420880355
1831.0,1.1457019723452102
1832.0,1.1463492145745875
1833.0,1.1465103399629712
1834.0,1.1469513387608838
1835.0,1.1481319590272823
1836.0,1.1489375652389564
1837.0,1.150548912048458
1838.0,1.1544503743715284
1839.0,1.155929280722179
1840.0,1.1561477285148984
1841.0,1.156935479090321
1842.0,1.158140857641149
1843.0,1.157593792702245
1844.0,1.1566517144681294
1845.0,1.1563031181159675
1846.0,1.1562457541080922
1847.0,1.1547673422532685
1848.0,1.1558611319976346
1849.0,1.1596214296902354
1850.0,1.1613966170642103
1851.0,1.1633230809129709
1852.0,1.165167411587097
1853.0,1.1649802885889398
1854.0,1.164858847051066
1855.0,1.1656268790043163
1856.0,1.165024537458254
1857.0,1.1654138004968375
1858.0,1.166524685312
1859.0,1.1677212255517109
1860.0,1.1691987225665428
1861.0,1.1709313856839905
1862.0,1.1715223851470147
1863.0,1.1711700975596788
1864.0,1.17133818067463
1865.0,1.171527797087787
1866.0,1.1719269282525957
1867.0,1.1735553200085571
1868.0,1.1741133778053883
1869.0,1.1739101490722716
1870.0,1.1735656006240047
1871.0,1.173040631119871
1872.0,1.171691107749734
1873.0,1.1716761925089725
1874.0,1.1716577643133381
1875.0,1.171333385516643
1876.0,1.1713044677436577
1877.0,1.1697006138721886
1878.0,1.1671141264713063
1879.0,1.1653835790486191
1880.0,1.1636962397298927
1881.0,1.162506167310042
1882.0,1.1619230365701696
1883.0,1.1614388126448336
1884.0,1.1598421839057296
1885.0,1.15768677165858
1886.0,1.1558534280672832
1887.0,1.1535647221621856
1888.0,1.1510751882191226
1889.0,1.1475595404303303
1890.0,1.1433382720506875
1891.0,1.1377008683213776
1892.0,1.1319197690421454
1893.0,1.1272839042600735
1894.0,1.1237078818287713
1895.0,1.1194805429389427
1896.0,1.1151669969954974
1897.0,1.1106378611587926
1898.0,1.106493225738465
1899.0,1.1029124468798492
1900.0,1.0988564284724074
1901.0,1.0953047806997542
1902.0,1.092278920261676
1903.0,1.0880387291506004
1904.0,1.0841049745987477
1905.0,1.0808622878317156
1906.0,1.0762019863003485
1907.0,1.072115707219588
1908.0,1.0685117779403743
1909.0,1.066606513353004
1910.0,1.0659221282018974
1911.0,1.0641684901378794
1912.0,1.062453232216547
1913.0,1.0614056496878443
1914.0,1.0600369371250857
1915.0,1.059103223650342
1916.0,1.0597666954256537
1917.0,1.0621673396911178
1918.0,1.064446479773592
1919.0,1.0659044641720719
1920.0,1.0683867467128276
1921.0,1.0698104688363972
1922.0,1.0685294122909121
1923.0,1.067616576537691
1924.0,1.067182588244503
1925.0,1.0662342943080039
1926.0,1.0642415039408686
1927.0,1.0652496503621232
1928.0,1.0677195434423017
1929.0,1.068350788338757
1930.0,1.0705185876845744
1931.0,1.0729758676403525
1932.0,1.0736393304322593
1933.0,1.0753416740772672
1934.0,1.0768989916765201
1935.0,1.0777568753836382
1936.0,1.0800901350490315
1937.0,1.0820582949970037
1938.0,1.0840283081426068
1939.0,1.0861581456226028
1940.0,1.0887201446684016
1941.0,1.0900868484673052
1942.0,1.0917145374300499
1943.0,1.0934947259286094
1944.0,1.095817537507967
1945.0,1.0991844063373761
1946.0,1.1011688060998364
1947.0,1.1021884508107629
1948.0,1.1032859976679965
1949.0,1.1036757606776282
1950.0,1.1033299089225157
1951.0,1.1037097072931892
1952.0,1.1052254821902556
1953.0,1.1076748681211468
1954.0,1.109536403318829
1955.0,1.1117828989509486
1956.0,1.1137584774514897
1957.0,1.1142857999524403
1958.0,1.1154824654818285
1959.0,1.1165790955937895
1960.0,1.117338184821258
1961.0,1.118990613734299
1962.0,1.121697889739931
1963.0,1.122476715516911
1964.0,1.1243537575789642
1965.0,1.1261174499560511
1966.0,1.1265449190540602
1967.0,1.1286041653210295
1968.0,1.1304313749232913
1969.0,1.132014786200721
1970.0,1.1338964836460776
1971.0,1.1346322287214774
1972.0,1.1362681500323801
1973.0,1.1383166942262979
1974.0,1.140112602076423
1975.0,1.141910374727584
1976.0,1.1446561920948917
1977.0,1.1467963265010752
1978.0,1.1481011778951968
1979.0,1.1496863806809883
1980.0,1.151187212459544
1981.0,1.1524222763363212
1982.0,1.153843212997185
1983.0,1.1550951835462717
1984.0,1.1557666361227856
1985.0,1.1570903045036407
1986.0,1.1588352508942488
1987.0,1.1601786338202917
1988.0,1.1614405055809538
1989.0,1.1633637434724142
1990.0,1.164812789339721
1991.0,1.1655970126402775
1992.0,1.1671890406005407
1993.0,1.1689348598760183
1994.0,1.1704452131715573
1995.0,1.1732428137826423
1996.0,1.1754704817394415
1997.0,1.1777623130429011
1998.0,1.1795140470560512
1999.0,1.1810285977612038
2000.0,1.1819321200771125
2001.0,1.1815321164244226
2002.0,1.183244460144789
2003.0,1.1846080425044951
2004.0,1.1865674280912102
2005.0,1.1883507729352203
2006.0,1.1885607931260693
2007.0,1.1891823326902144
2008.0,1.1887622647261311
2009.0,1.1895464224475274
2010.0,1.191773554078946
2011.0,1.1932456073330835
2012.0,1.1941728208536744
2013.0,1.1961479922444267
2014.0,1.1990377869347821
2015.0,1.2002091930105623
2016.0,1.2024043042083765
2017.0,1.205970977066724
2018.0,1.2074120433608508
2019.0,1.2100380059270226
2020.0,1.2134495142712307
2021.0,1.2147254197966952
2022.0,1.2168914683207674
2023.0,1.2190853705451221
2024.0,1.2207049944391932
2025.0,1.222103552944321
2026.0,1.223071170415782
2027.0,1.222704883089976
2028.0,1.2238019251037469
2029.0,1.225250103158047
2030.0,1.226621153589497
2031.0,1.228385259406702
2032.0,1.230143529117093
2033.0,1.2323203183100957
2034.0,1.233819553197567
2035.0,1.2359106132686575
2036.0,1.2392899918190428
2037.0,1.2414558122839392
2038.0,1.2430007125288662
2039.0,1.2444239676826203
2040.0,1.2454637034243579
2041.0,1.2460661591642428
2042.0,1.2453232700836567
2043.0,1.2459199119702524
2044.0,1.2473891466331377
2045.0,1.2484918628544028
2046.0,1.248992420883645
2047.0,1.2492701117753633
2048.0,1.248786933979789
2049.0,1.2482642035205895
2050.0,1.247671686286233
2051.0,1.2487710292960061
2052.0,1.250151819014761
2053.0,1.2527000688509629
2054.0,1.2535359438798641
2055.0,1.2543270958245294
2056.0,1.254871541695107
2057.0,1.2531798436549078
2058.0,1.2532963373825676
2059.0,1.254922407653727
2060.0,1.2567207664641555
2061.0,1.2567955223242195
2062.0,1.2573884789674998
2063.0,1.2573687342549973
2064.0,1.2574770144830658
2065.0,1.2599878986532496
2066.0,1.2619432917575952
2067.0,1.26376468940393
2068.0,1.2663971132145122
2069.0,1.268212802655381
2070.0,1.2688665232981997
2071.0,1.2703338892191174
2072.0,1.272539852545889
2073.0,1.2734308158926742
2074.0,1.2734004331642048
2075.0,1.2745142359555677
2076.0,1.2742060501339552
2077.0,1.273773170740022
2078.0,1.2751286052680644
2079.0,1.2749814618716768
2080.0,1.275958286815518
2081.0,1.2773724542704565
2082.0,1.2773850523974304
2083.0,1.2767228023507173
2084.0,1.2765495993734317
2085.0,1.2747770258284414
2086.0,1.274506839327104
2087.0,1.2745950165514106
2088.0,1.2756636482680532
2089.0,1.2779904192487315
2090.0,1.2807850953941697
2091.0,1.2822089168891233
2092.0,1.283362781562012
2093.0,1.2825716737584567
2094.0,1.2827716802764568
2095.0,1.283112223023399
2096.0,1.283537078084544
2097.0,1.2844504037253122
2098.0,1.285173027338151
2099.0,1.286185138564722
2100.0,1.2878142126850782
2101.0,1.2896477182315513
2102.0,1.2925094000624704
2103.0,1.2940369427442076
2104.0,1.2960392193377974
2105.0,1.2967057469207648
2106.0,1.2958739798940861
2107.0,1.2940850930229715
2108.0,1.29391195116859
2109.0,1.292886705911442
2110.0,1.2929429519495876
2111.0,1.2932541252392844
2112.0,1.2934027537659047
2113.0,1.2943212365514742
2114.0,1.2957957604999037
2115.0,1.2989201504751116
2116.0,1.2999885354576868
2117.0,1.3003602469492612
2118.0,1.3011960276558818
2119.0,1.300960019403765
2120.0,1.3014627257855076
2121.0,1.3037111871852134
2122.0,1.3039708352019106
2123.0,1.3023559535340226
2124.0,1.3019307117920484
2125.0,1.301153685976244
2126.0,1.3004333516462514
2127.0,1.30183441334258
2128.0,1.304570937121509
2129.0,1.3045368916761606
2130.0,1.305004052318515
2131.0,1.3055790969371859
2132.0,1.303266755555493
2133.0,1.3025016181138485
2134.0,1.3028924599757226
2135.0,1.3024694412336142
2136.0,1.300622130316397
2137.0,1.3008001896224735
2138.0,1.3021693393895344
2139.0,1.302819518171722
2140.0,1.3054792763371494
2141.0,1.3061317222519837
2142.0,1.3049199620053487
2143.0,1.3039361626482862
2144.0,1.3043956220703896
2145.0,1.3035308057270276
2146.0,1.3036681052102665
2147.0,1.3041635677619916
2148.0,1.3035999715113302
2149.0,1.302817260380743
2150.0,1.3015071001167207
2151.0,1.301325408215578
2152.0,1.3021536537565506
2153.0,1.303568140375544
2154.0,1.3049924912505881
2155.0,1.3083233849978035
2156.0,1.3102243108312186
2157.0,1.3122160409806483
2158.0,1.3125723250414896
2159.0,1.3118452663041233
2160.0,1.3104832304920364
2161.0,1.3066217760447816
2162.0,1.3043899736609952
2163.0,1.3016975457337208
2164.0,1.3010863591194475
2165.0,1.3023626246007247
2166.0,1.3023137420867357
2167.0,1.3050953736531528
2168.0,1.306574587863397
2169.0,1.3040453192479293
2170.0,1.3031699981776366
2171.0,1.3034902479771986
2172.0,1.3034803804399804
2173.0,1.3036268542160567
2174.0,1.306572269565347
2175.0,1.3068624188911104
2176.0,1.3038437093856936
2177.0,1.3040529828123846
2178.0,1.305402992762008
2179.0,1.3065177781847144
2180.0,1.309635453329799
2181.0,1.3111356594303065
2182.0,1.3117119522514065
2183.0,1.3121901575485404
2184.0,1.3129808337177646
2185.0,1.3116564553706405
2186.0,1.3095455801624778
2187.0,1.3085154252879416
2188.0,1.3069378292996934
2189.0,1.306807769638111
2190.0,1.3064937158803795
2191.0,1.3061289763435937
2192.0,1.3052171933200156
2193.0,1.3035263317388526
2194.0,1.304330370785294
2195.0,1.306901090872978
2196.0,1.3085824733413538
2197.0,1.312954166156665
2198.0,1.3131303744695622
2199.0,1.310553278294837
2200.0,1.3091546805053371
2201.0,1.3047763782439308
2202.0,1.3039246960309572
2203.0,1.3053211255176447
2204.0,1.306016744918181
2205.0,1.3072898367056163
2206.0,1.3108817345359132
2207.0,1.3116301966757296
2208.0,1.3106599175065732
2209.0,1.3102268309868943
2210.0,1.3082176315852299
2211.0,1.3068961363476064
2212.0,1.3058312486990784
2213.0,1.3051681837059506
2214.0,1.30574056826316
2215.0,1.3068696689949424
2216.0,1.3105451939290547
2217.0,1.3120188658726692
2218.0,1.3125215536340638
2219.0,1.3134209283989928
2220.0,1.3134595703954366
2221.0,1.3141569262152948
2222.0,1.316761108979812
2223.0,1.318075062135537
2224.0,1.318092985256736
2225.0,1.3186609039858006
2226.0,1.319084779284817
2227.0,1.31938309237246
2228.0,1.3194492537702203
2229.0,1.320113837807911
2230.0,1.3217768629870106
2231.0,1.321202864847664
2232.0,1.3194349114051351
2233.0,1.3194673177096299
2234.0,1.3144259779823608
2235.0,1.3129947091523397
2236.0,1.3164838491514768
2237.0,1.3180685357299033
2238.0,1.3240574172124746
2239.0,1.3284695918646596
2240.0,1.3263337835508715
2241.0,1.3263829283012867
2242.0,1.3250329294779168
2243.0,1.324334096610674
2244.0,1.3248083067244112
2245.0,1.324474488374651
2246.0,1.3235372789966076
2247.0,1.3199563747553462
2248.0,1.3185166701535465
2249.0,1.3186107540925505
2250.0,1.3172272680459236
2251.0,1.3153991780083287
2252.0,1.316079621641812
2253.0,1.3172223906017133
2254.0,1.317646190235191
2255.0,1.3193462604575128
2256.0,1.3204820164233713
2257.0,1.3223232662731024
2258.0,1.3220245207392989
2259.0,1.3214679730350423
2260.0,1.3206045697275275
2261.0,1.3182845536521988
2262.0,1.3120566622712018
2263.0,1.3108491557661004
2264.0,1.3072391601683906
2265.0,1.3045577628357599
2266.0,1.304895947717896
2267.0,1.3070902427326148
2268.0,1.3096303017790507
2269.0,1.3064483797203148
2270.0,1.3048480694353928
2271.0,1.3045423791379027
2272.0,1.3038364417539126
2273.0,1.3086705142730997
2274.0,1.312454114696724
2275.0,1.3114229487251228
2276.0,1.3118228505876917
2277.0,1.3127908378462287
2278.0,1.3136841695213481
2279.0,1.3143248456331131
2280.0,1.315628006379121
2281.0,1.3162235831986953
2282.0,1.3158904048173319
2283.0,1.3156995069074875
2284.0,1.3165048070060816
2285.0,1.3162979644416921
2286.0,1.314636791532398
2287.0,1.3145074596148862
2288.0,1.3152029302918213
2289.0,1.3149308519938752
2290.0,1.3137619237790839
2291.0,1.3128473688557278
2292.0,1.3119450077518637
2293.0,1.3114769861399322
2294.0,1.3114472362230079
2295.0,1.3131125461044593
2296.0,1.317184936640682
2297.0,1.3169728389862847
2298.0,1.3170458754367977
2299.0,1.3168358842296244
2300.0,1.3160136047758306
2301.0,1.3149414130646007
2302.0,1.3123031868655808
2303.0,1.3116136888465273
2304.0,1.3120270508746372
2305.0,1.3072900470494808
2306.0,1.3083964940871189
2307.0,1.3102922511003567
2308.0,1.3094531286049442
2309.0,1.311472882382772
2310.0,1.3101473625856854
2311.0,1.3070913166560585
2312.0,1.3021025507115542
2313.0,1.302876460858271
2314.0,1.309918577873535
2315.0,1.3153589450754182
2316.0,1.319044462193165
2317.0,1.3212658499535745
2318.0,1.3177977104624325
2319.0,1.3111878098585974
2320.0,1.3077123604982561
2321.0,1.3025130453131124
2322.0,1.3022781378655433
2323.0,1.3069659913900302
2324.0,1.3090854721644005
2325.0,1.3138488818178062
2326.0,1.3189760404097246
2327.0,1.3214606558775512
2328.0,1.3264767306335141
2329.0,1.3385267987423584
2330.0,1.3388168299667984
2331.0,1.3338849096581187
2332.0,1.3296355142345653
2333.0,1.3168072600814058
2334.0,1.3109407704897746
2335.0,1.3085386799404748
2336.0,1.3060421249078251
2337.0,1.303828468235582
2338.0,1.3031418013074278
2339.0,1.3029246194538546
2340.0,1.307358961607195
2341.0,1.319668140550823
2342.0,1.325721794086867
2343.0,1.3321809270394938
2344.0,1.3344440952654906
2345.0,1.3298024201227174
2346.0,1.3277835912275837
2347.0,1.325629902810184
2348.0,1.3242813367735045
2349.0,1.3235686978408165
2350.0,1.3180324714029614
2351.0,1.3167294324717451
2352.0,1.3215932933429524
2353.0,1.3205455422743366
2354.0,1.3217695640836198
2355.0,1.3229746517005563
2356.0,1.3157260578961147
2357.0,1.3077396748961816
2358.0,1.31075349015563
2359.0,1.3181770610957526
2360.0,1.320410372115017
2361.0,1.329720279888192
2362.0,1.337969352083403
2363.0,1.33773733370677
2364.0,1.3355784731289104
2365.0,1.3320343283372098
2366.0,1.3279839199146923
2367.0,1.3236282675750195
2368.0,1.3250394463687223
2369.0,1.3227817739602095
2370.0,1.3139065996672326
2371.0,1.3097463625399548
2372.0,1.3068336748088794
2373.0,1.3075770290971525
2374.0,1.3137786528785425
2375.0,1.3128083440098843
2376.0,1.3067912964014627
2377.0,1.3072675871912136
2378.0,1.3069319841326783
2379.0,1.3071035358557828
2380.0,1.3091381656601369
2381.0,1.3070170018569593
2382.0,1.3043682537418437
2383.0,1.3073849717427861
2384.0,1.313070917915712
2385.0,1.3160070365224978
2386.0,1.3213722993578034
2387.0,1.3189831653799031
2388.0,1.306165200820317
2389.0,1.2956443231388495
2390.0,1.2912451253723334
2391.0,1.2893531773716034
2392.0,1.2892844908174985
2393.0,1.2937363396275243
2394.0,1.2915976302513106
2395.0,1.284663391308128
2396.0,1.283456509248887
2397.0,1.2749753057865392
2398.0,1.2685420593586902
2399.0,1.271932446628289
2400.0,1.274576228121723
2401.0,1.2809607689026838
2402.0,1.281511409036929
2403.0,1.2599270031553562
2404.0,1.2286759703823662
2405.0,1.2207097071641102
2406.0,1.22105137689159
2407.0,1.231857755500096
2408.0,1.2612119655786889
2409.0,1.2673932993150339
2410.0,1.2606574857011292
2411.0,1.2486392073382202
2412.0,1.2431280195754806
2413.0,1.243382960061571
2414.0,1.2400657908328774
2415.0,1.2544716385728951
2416.0,1.2574711724681908
2417.0,1.25413200262428
2418.0,1.2597514762217195
2419.0,1.249420258074456
2420.0,1.2387535913860366
2421.0,1.238821481782914
2422.0,1.2267128269259002
2423.0,1.221372891870206
2424.0,1.2309895032984506
2425.0,1.2296020874292857
2426.0,1.2351648669287139
2427.0,1.2447276399003862
2428.0,1.24830849679029
2429.0,1.260794408549069
2430.0,1.2645698520397348
2431.0,1.2727214710131696
2432.0,1.2831695262622573
2433.0,1.26699068839525
2434.0,1.2665713275810035
2435.0,1.261628829835649
2436.0,1.2340349734590306
2437.0,1.232270900075293
2438.0,1.2304386353402805
2439.0,1.2227919339511297
2440.0,1.2312762175648533
2441.0,1.2426840181116345
2442.0,1.249297125014157
2443.0,1.254758710418158
2444.0,1.2635443788128535
2445.0,1.2571735587238424
2446.0,1.2485146176147897
2447.0,1.2325856554491486
2448.0,1.2202008046463542
2449.0,1.2291167049796867
2450.0,1.2314220617632918
2451.0,1.2544618424034677
2452.0,1.2635621416554599
2453.0,1.2588965499176679
2454.0,1.2572300582050706
2455.0,1.2401548777535532
2456.0,1.2496367798512515
2457.0,1.2413719099516205
2458.0,1.2251296412131172
2459.0,1.2186126949129434
2460.0,1.1987002347715063
2461.0,1.2047991350513567
2462.0,1.2110629575120855
2463.0,1.2101755601970166
2464.0,1.2183361799271983
2465.0,1.2182292416033544
2466.0,1.2309989388250195
2467.0,1.25588634452344
2468.0,1.266571388413943
2469.0,1.2599908396366064
2470.0,1.230763858394747
2471.0,1.1749307333061825
2472.0,1.153161800952995
2473.0,1.1419402150433167
2474.0,1.139621766863699
2475.0,1.1664160510194768
2476.0,1.186271293839394
2477.0,1.2171874621309096
2478.0,1.2229047744397459
2479.0,1.208815348785355
2480.0,1.2074829024878109
2481.0,1.2003127105061209
2482.0,1.1929292096346964
2483.0,1.194196088563988
2484.0,1.18712556996568
2485.0,1.1629535153739836
2486.0,1.1376682447586288
2487.0,1.109822474031349
2488.0,1.0991307855330277
2489.0,1.0830621912631795
2490.0,1.10382509303872
2491.0,1.1677682259708775
2492.0,1.205092865016407
2493.0,1.2668343056608966
2494.0,1.2821232380520373
2495.0,1.2550799946386058
2496.0,1.2536540351169871
2497.0,1.2289485719772977
2498.0,1.2294544578147966
2499.0,1.2585176886521445
2500.0,1.2508534728797156
