350.0,-0.0627040319158259
351.0,-0.05312774261967824
352.0,-0.03937705103871476
353.0,8.550025614436554e-05
354.0,-0.01909235395678225
355.0,-0.045885342071477944
356.0,-0.023669391542308245
357.0,0.0015683980120300685
358.0,0.017732522476255435
359.0,0.0177880929661599
360.0,0.00442549759928472
361.0,-0.022112667211096157
362.0,-0.0181250016615239
363.0,0.005397758047392411
364.0,0.016372292607211163
365.0,0.014682453797510233
366.0,0.03402701482549055
367.0,0.04927008890676848
368.0,0.009611688740581418
369.0,0.005316042383629178
370.0,-0.001432495635452113
371.0,-0.01197027614809941
372.0,0.026882225675510973
373.0,0.04499803860455778
374.0,0.0404225248614529
375.0,0.024841831020904228
376.0,0.009826946520912127
377.0,0.005444104118543292
378.0,0.007594612628234848
379.0,0.011468236706664752
380.0,0.023986912555488293
381.0,0.027164663823709887
382.0,0.028064533033211825
383.0,0.03506419105637421
384.0,0.020863932814840717
385.0,0.020669126451356573
386.0,0.029307861265584288
387.0,0.021899860239662266
388.0,0.022441438578048235
389.0,0.029194563808456607
390.0,0.03464978344366227
391.0,0.029721120132195186
392.0,0.03126066876567115
393.0,0.031076748267147805
394.0,0.026855573026228832
395.0,0.029484733148471342
396.0,0.029754589247766163
397.0,0.02887290469865653
398.0,0.028833436301291322
399.0,0.027830034549512214
400.0,0.02655667012316015
401.0,0.026829823701279034
402.0,0.03049267572754421
403.0,0.03966518070973415
404.0,0.03774343467550186
405.0,0.030796093747738187
406.0,0.03492645439995574
407.0,0.03588957456828909
408.0,0.03612697498686284
409.0,0.03593866218714776
410.0,0.03265117039534898
411.0,0.033048020752850946
412.0,0.03501992782931898
413.0,0.03605480296773637
414.0,0.035507451502974546
415.0,0.036534267211704614
416.0,0.03701274996887943
417.0,0.03565123859559198
418.0,0.03807164304591888
419.0,0.03785325311320594
420.0,0.03721093880676988
421.0,0.04036651370903581
422.0,0.03990369221275358
423.0,0.03816591156727741
424.0,0.03646431905480554
425.0,0.034772565152133034
426.0,0.034590038379806454
427.0,0.035942611897296015
428.0,0.03743560618739732
429.0,0.03587496799901541
430.0,0.03834129355480467
431.0,0.04169662592809377
432.0,0.04188302444052854
433.0,0.039698557241512916
434.0,0.038587439484597724
435.0,0.040101989131108365
436.0,0.04350471566290228
437.0,0.04162893998692753
438.0,0.04015269499662411
439.0,0.04093573726497559
440.0,0.041541285634335026
441.0,0.04234622004895893
442.0,0.04204558784188884
443.0,0.040851731271094927
444.0,0.042060221685062
445.0,0.04247258042381045
446.0,0.041845064602489525
447.0,0.040892093982425375
448.0,0.04034107945636219
449.0,0.03964768587219372
450.0,0.03967325895636138
451.0,0.04149629215976531
452.0,0.04139066087818135
453.0,0.04072859596322138
454.0,0.040592336981269364
455.0,0.04101706495253918
456.0,0.0407552788385847
457.0,0.040383421182532284
458.0,0.040732703503541946
459.0,0.04244957209153293
460.0,0.04269902994384814
461.0,0.04203676708094931
462.0,0.04203218777484577
463.0,0.041342669915710284
464.0,0.040784720437769324
465.0,0.041183504116432484
466.0,0.0429598178310182
467.0,0.042667120007494654
468.0,0.04205490289673351
469.0,0.042508215352214954
470.0,0.043279408130660606
471.0,0.041484398608038826
472.0,0.039888507935682785
473.0,0.041480582436095904
474.0,0.042728722487559045
475.0,0.043329005127282494
476.0,0.0433400058950115
477.0,0.04304337464763165
478.0,0.04206661121555834
479.0,0.042175024813252145
480.0,0.04320520180908661
481.0,0.041884415157028114
482.0,0.04173837673090979
483.0,0.042549849351112855
484.0,0.04321295491988956
485.0,0.04322883145471154
486.0,0.04272535582518346
487.0,0.04228201021617962
488.0,0.042587464775270686
489.0,0.04320730742625061
490.0,0.04338617084320243
491.0,0.04315349128691086
492.0,0.04352600517453174
493.0,0.04288975880428523
494.0,0.041896731251649895
495.0,0.04166474745433566
496.0,0.043208602625695425
497.0,0.04448625050351525
498.0,0.044515027950352774
499.0,0.043380522170487074
500.0,0.044142643102746314
501.0,0.04500606072637026
502.0,0.04509799933022914
503.0,0.04511928945345453
504.0,0.04465874432180309
505.0,0.04453089931203724
506.0,0.04499150296852602
507.0,0.044018080903789406
508.0,0.04375621510756512
509.0,0.0444025775722542
510.0,0.04514518393587359
511.0,0.045303790510249686
512.0,0.045341574980794684
513.0,0.045454809863479106
514.0,0.04541149229181963
515.0,0.045189552612851104
516.0,0.04513529231114459
517.0,0.04537530235143704
518.0,0.045190358935575145
519.0,0.04530942762957164
520.0,0.04557052111705601
521.0,0.045465748706544
522.0,0.045290686452166724
523.0,0.04543468609053094
524.0,0.04577170351487618
525.0,0.0455731149017714
526.0,0.045793462664081554
527.0,0.046222787731268575
528.0,0.04648001454992395
529.0,0.04654130799346418
530.0,0.04638001111727682
531.0,0.04616292570909034
532.0,0.04617643968686836
533.0,0.046791048864399984
534.0,0.04730954392852455
535.0,0.0472885207969762
536.0,0.046763287024373414
537.0,0.04702742334833202
538.0,0.04732901590763905
539.0,0.04695177798804915
540.0,0.04732991523321813
541.0,0.04750870251083005
542.0,0.04749409282005181
543.0,0.04784680118370079
544.0,0.04787045634955099
545.0,0.04810645902911662
546.0,0.048584295587386396
547.0,0.048217388985769036
548.0,0.048104609498329516
549.0,0.048243021723323246
550.0,0.048385371526876775
551.0,0.04887890505671756
552.0,0.04869718084391913
553.0,0.04816141746076147
554.0,0.048610160029949674
555.0,0.04943968402435045
556.0,0.04977509350624035
557.0,0.049409338379501656
558.0,0.04960478750112647
559.0,0.04970381293393869
560.0,0.04971726159560916
561.0,0.04983264819837618
562.0,0.04991954172305874
563.0,0.04984360250906937
564.0,0.049789170631933444
565.0,0.050236831855503865
566.0,0.05072808422298053
567.0,0.05101201216986515
568.0,0.051024165275461775
569.0,0.051050754183373064
570.0,0.05096384088214195
571.0,0.05095332878080732
572.0,0.051278006785723584
573.0,0.05149408349026248
574.0,0.05154044551397845
575.0,0.051484602551213565
576.0,0.05150347405496912
577.0,0.05189367025247668
578.0,0.052385175362433416
579.0,0.05260505368982358
580.0,0.05239728955924292
581.0,0.05242844492299567
582.0,0.05274772185743863
583.0,0.052962820752874964
584.0,0.05309294527816783
585.0,0.05337997928918037
586.0,0.053835284111977556
587.0,0.05398785504132241
588.0,0.05398366330908418
589.0,0.054067421896027874
590.0,0.05440051689750359
591.0,0.05448722089087174
592.0,0.054692285386379706
593.0,0.055024459220994665
594.0,0.05512487195043814
595.0,0.055377115106119555
596.0,0.0556114438244839
597.0,0.05566103904685885
598.0,0.05560852160761498
599.0,0.05591336363908316
600.0,0.056428826373151934
601.0,0.056720170126285614
602.0,0.05682880381982201
603.0,0.056954405579462984
604.0,0.057074114505252856
605.0,0.05682054052939372
606.0,0.05721702985274829
607.0,0.05774209578879512
608.0,0.05782300363573935
609.0,0.058459469174470445
610.0,0.05872513491798675
611.0,0.05856629431809143
612.0,0.05858829066893805
613.0,0.05879794321582863
614.0,0.0593010402018302
615.0,0.05989466421128856
616.0,0.059697012365110956
617.0,0.05991098827010672
618.0,0.06041398431363535
619.0,0.0606608872311919
620.0,0.06072475971190084
621.0,0.06096187747331742
622.0,0.06142740139674544
623.0,0.06183190059176492
624.0,0.061990748018662875
625.0,0.06207185590065944
626.0,0.06223194815152782
627.0,0.06231376690981868
628.0,0.0625119139938463
629.0,0.06292467897323085
630.0,0.06351363628429477
631.0,0.06362274212673737
632.0,0.06373551456444368
633.0,0.06407734882505106
634.0,0.06426534565020144
635.0,0.06434446179281748
636.0,0.06454840208052368
637.0,0.06505870955807616
638.0,0.06560507732612197
639.0,0.0658586354630237
640.0,0.0659003670284529
641.0,0.06613200942984135
642.0,0.0662291761209242
643.0,0.06649582039292962
644.0,0.06711038976888686
645.0,0.06779325468214006
646.0,0.06816936401688646
647.0,0.06820954011030653
648.0,0.06812428079062337
649.0,0.06838234465422083
650.0,0.0687574464592877
651.0,0.06916234048903223
652.0,0.06974587984867486
653.0,0.07010914809330512
654.0,0.07032077518779954
655.0,0.07053724595670852
656.0,0.07078876969834438
657.0,0.07094418259316107
658.0,0.07119144600310226
659.0,0.07183507381523435
660.0,0.07222161398934049
661.0,0.07262480004524387
662.0,0.07318741894532009
663.0,0.07362965621450179
664.0,0.07367043485753855
665.0,0.07380038164622445
666.0,0.0744927466744908
667.0,0.07483083583102675
668.0,0.0750608636467451
669.0,0.07543632382019329
670.0,0.07612484455565226
671.0,0.07634345861646563
672.0,0.07650687235186789
673.0,0.0769728129138187
674.0,0.07737088827989308
675.0,0.07787312590096435
676.0,0.07835286658516608
677.0,0.07860221814521735
678.0,0.07876123502871411
679.0,0.07921697863596266
680.0,0.07988244032889935
681.0,0.08006141750414773
682.0,0.08027144826915346
683.0,0.08067759684653297
684.0,0.0812068470204126
685.0,0.08127132098192741
686.0,0.08153479321921857
687.0,0.08206935143682735
688.0,0.0825570853738943
689.0,0.08309445725923406
690.0,0.08358651972472639
691.0,0.0840039133267565
692.0,0.08445877123811037
693.0,0.08506575902296161
694.0,0.0855454030979471
695.0,0.08567859201820642
696.0,0.08615354810791834
697.0,0.08677536500115285
698.0,0.08727491332770537
699.0,0.08740660133308084
700.0,0.0879514348219104
701.0,0.08860545206405494
702.0,0.08912252867620125
703.0,0.08994620047245795
704.0,0.0903233996178595
705.0,0.09053587401326427
706.0,0.09115963122474714
707.0,0.09156470741942474
708.0,0.09197165494725866
709.0,0.09245555787151918
710.0,0.0928510533994285
711.0,0.09345886585288712
712.0,0.09405237984567678
713.0,0.0944410498934176
714.0,0.09493335113248362
715.0,0.09526732774897163
716.0,0.09567916070799812
717.0,0.09655601578300226
718.0,0.09708790849322087
719.0,0.09752141157552577
720.0,0.0980312343125296
721.0,0.09850681125416734
722.0,0.09916002494078334
723.0,0.09970099047181459
724.0,0.09992896767175345
725.0,0.10052244875290954
726.0,0.10103635939991328
727.0,0.10146614381984828
728.0,0.10210839257837677
729.0,0.10279225242822065
730.0,0.10339070286408729
731.0,0.10385589733308012
732.0,0.10424529443191417
733.0,0.10486195000986999
734.0,0.10565455399708693
735.0,0.10643435301187901
736.0,0.10705774569082385
737.0,0.10757649030981468
738.0,0.10809007519141275
739.0,0.10871008212599671
740.0,0.10926068415329772
741.0,0.10992112777493361
742.0,0.11069392866322963
743.0,0.11107531133533913
744.0,0.11154729324465373
745.0,0.11215820183497778
746.0,0.11280899433811693
747.0,0.11353534669354697
748.0,0.11414906029570256
749.0,0.11467828424836518
750.0,0.115348568998481
751.0,0.11594572331658792
752.0,0.11655064149644088
753.0,0.11723814884715983
754.0,0.11797416268602612
755.0,0.11855742904587094
756.0,0.11914020225243326
757.0,0.1199199786278261
758.0,0.12048479972036749
759.0,0.12112305263956262
760.0,0.1218505201206363
761.0,0.12240312701083067
762.0,0.12317456254344954
763.0,0.12407455055079018
764.0,0.12490895576976836
765.0,0.12544130269358392
766.0,0.1260338297863248
767.0,0.1267015840205419
768.0,0.12735972308307514
769.0,0.12824965446635458
770.0,0.12903643872938392
771.0,0.12962836387497953
772.0,0.13020922031102705
773.0,0.13082274142323128
774.0,0.13148005358909684
775.0,0.1321707696443549
776.0,0.13286963827713247
777.0,0.1335383906758851
778.0,0.13431384045156683
779.0,0.13529223614664723
780.0,0.13602722985307092
781.0,0.13661861770487038
782.0,0.13722334337340802
783.0,0.1380014002836883
784.0,0.13882886436627523
785.0,0.1396255099928522
786.0,0.14036199658817022
787.0,0.14107469775571785
788.0,0.14189201033169477
789.0,0.1426840485502651
790.0,0.14332423302968797
791.0,0.1441288921484503
792.0,0.14485128981224055
793.0,0.14557422147544324
794.0,0.14658884583286538
795.0,0.14737588500080614
796.0,0.14813638197870174
797.0,0.14893625274727426
798.0,0.14943766834051367
799.0,0.15016029316978644
800.0,0.15108536866069444
801.0,0.15201258216466906
802.0,0.15270615268576382
803.0,0.15352511086068257
804.0,0.15447430596770256
805.0,0.15533870857067586
806.0,0.15603214971548943
807.0,0.15678895612780844
808.0,0.15770743522955896
809.0,0.1586724910620441
810.0,0.15935927989642495
811.0,0.16008857753174938
812.0,0.1610669240818778
813.0,0.1617752046050941
814.0,0.16258527046165336
815.0,0.1635230528088961
816.0,0.16446874137859702
817.0,0.1653806873454023
818.0,0.16640684066279493
819.0,0.16740465592253512
820.0,0.16801545054936146
821.0,0.1686996099241137
822.0,0.16962035661311972
823.0,0.17072806639168372
824.0,0.17170116319584508
825.0,0.172598752374157
826.0,0.17355947538752126
827.0,0.17461135289338692
828.0,0.17528305024983823
829.0,0.17614959001477884
830.0,0.17719357402630664
831.0,0.17805969331929658
832.0,0.17859143364498206
833.0,0.1794671103275267
834.0,0.1808013572599374
835.0,0.18200859368968142
836.0,0.18298572300278676
837.0,0.18374753056034268
838.0,0.18447588447235078
839.0,0.1856279410872463
840.0,0.18657751291312996
841.0,0.1874318048529284
842.0,0.18841929280632175
843.0,0.18921751213969878
844.0,0.19014154246421913
845.0,0.19116111986108683
846.0,0.19207358193491308
847.0,0.1931356772792804
848.0,0.19411793690794588
849.0,0.19502381080250195
850.0,0.19613815319010675
851.0,0.19701521164729396
852.0,0.19795144924974928
853.0,0.1991052065930881
854.0,0.20007722845536052
855.0,0.20108838611886887
856.0,0.2022234227393559
857.0,0.20340633914955614
858.0,0.20418184470286624
859.0,0.20483572979721873
860.0,0.20571964137837545
861.0,0.20705506837778856
862.0,0.20819393571364023
863.0,0.2092098926081346
864.0,0.21024106279922933
865.0,0.21139127664826174
866.0,0.21227680995035897
867.0,0.21300726760723127
868.0,0.21385996734727647
869.0,0.2152134433348923
870.0,0.21632173480813746
871.0,0.21747616121342705
872.0,0.2188523215753493
873.0,0.21959696148228933
874.0,0.22033174539957956
875.0,0.2212729788816041
876.0,0.22243521873715746
877.0,0.22365193380809467
878.0,0.2249802419143145
879.0,0.22624625515036031
880.0,0.22722671037375713
881.0,0.22832668016837002
882.0,0.2293492867716895
883.0,0.23030452858587114
884.0,0.23141724960922433
885.0,0.23245296083517383
886.0,0.23340160594255588
887.0,0.23446207052875517
888.0,0.2360640365778145
889.0,0.23718457903374932
890.0,0.23797516202394198
891.0,0.23886721802693717
892.0,0.24021735686536114
893.0,0.24166641990945906
894.0,0.2428897395758242
895.0,0.24382958254122836
896.0,0.24535681773572282
897.0,0.24638971800796483
898.0,0.24714005255611318
899.0,0.24828200890258906
900.0,0.2491902752608811
901.0,0.2504873440773274
902.0,0.2520973099096716
903.0,0.2534342360405897
904.0,0.25448084254725434
905.0,0.25530572503419013
906.0,0.25608935347986395
907.0,0.2570733350801643
908.0,0.25812373250983434
909.0,0.2594415190327722
910.0,0.2609067209464944
911.0,0.2619354103974173
912.0,0.2629042793480848
913.0,0.26390648323485427
914.0,0.2649784511092085
915.0,0.26615127111459697
916.0,0.2676620341921006
917.0,0.26917678429845915
918.0,0.2703448400958575
919.0,0.2711990261280933
920.0,0.27231760045207026
921.0,0.27344149174152926
922.0,0.27434975509775716
923.0,0.2761207783191241
924.0,0.27744389662510455
925.0,0.27849242722272166
926.0,0.27988391691985787
927.0,0.28081698309898545
928.0,0.2819904246044299
929.0,0.28333022007535713
930.0,0.28444528725695467
931.0,0.286033495341698
932.0,0.2875142907435029
933.0,0.2885210788777785
934.0,0.2890996698045547
935.0,0.2904554637608951
936.0,0.2917590808988564
937.0,0.29272807127202666
938.0,0.29380792710131903
939.0,0.2957650312579415
940.0,0.2973760824348751
941.0,0.2982627360436541
942.0,0.299199903635393
943.0,0.30033166699523756
944.0,0.30183093353429796
945.0,0.3034836460057308
946.0,0.3046918668719396
947.0,0.3059083958264925
948.0,0.3072374313136467
949.0,0.3085203346723458
950.0,0.30939527726393
951.0,0.31054422823095523
952.0,0.31170065824138277
953.0,0.31276992709603596
954.0,0.31418360181250493
955.0,0.31618260458710246
956.0,0.31776157434665653
957.0,0.31856216527405196
958.0,0.3197495927109135
959.0,0.320917089694404
960.0,0.3221137061256025
961.0,0.32354588485338986
962.0,0.32552941585447254
963.0,0.3268676267602862
964.0,0.3278445381457923
965.0,0.3290251870910109
966.0,0.3307062289429622
967.0,0.332126257281944
968.0,0.3333837336179213
969.0,0.33461368184668333
970.0,0.3355562403450235
971.0,0.33730118293363764
972.0,0.33862671031406716
973.0,0.339023151797943
974.0,0.3404425930506894
975.0,0.3425563932281732
976.0,0.3439795473487104
977.0,0.34438739011084896
978.0,0.3459099032268836
979.0,0.3482829128959189
980.0,0.3497919828872517
981.0,0.35026661197883885
982.0,0.3528316823139973
983.0,0.3545156153768628
984.0,0.35552729813387446
985.0,0.35650808184099886
986.0,0.3575067075941463
987.0,0.35877767327204774
988.0,0.36004418492900414
989.0,0.3612394570510028
990.0,0.36277873249265613
991.0,0.3646867388588885
992.0,0.36621651464587224
993.0,0.36722147458318066
994.0,0.36857138105225945
995.0,0.37045481027963795
996.0,0.3713103526236014
997.0,0.3713538875096728
998.0,0.3730582439732489
999.0,0.37568507898938025
1000.0,0.37800170436472585
1001.0,0.3890487346773268
1002.0,0.3899842345683523
1003.0,0.39068039733263094
1004.0,0.3923246155410651
1005.0,0.39464234674939974
1006.0,0.39608003167606703
1007.0,0.3967290906580588
1008.0,0.39875021478814027
1009.0,0.40189827726678456
1010.0,0.4041673183759773
1011.0,0.40526024265097854
1012.0,0.4062977873105938
1013.0,0.40782726405900627
1014.0,0.4094001329308286
1015.0,0.410843709721895
1016.0,0.4123440723779993
1017.0,0.4140053233362361
1018.0,0.4159241582977465
1019.0,0.41752377820531794
1020.0,0.4218281110779117
1021.0,0.4249803884290526
1022.0,0.42502307539389317
1023.0,0.4256597057981821
1024.0,0.42458503124592756
1025.0,0.424381088512722
1026.0,0.42742098060953077
1027.0,0.4285329739862141
1028.0,0.4289976609721269
1029.0,0.43051121045497526
1030.0,0.4324979460476911
1031.0,0.43301393324020915
1032.0,0.4337502638767434
1033.0,0.4354214673352645
1034.0,0.4373681965405697
1035.0,0.4391504891674578
1036.0,0.4415984190701546
1037.0,0.444530146523675
1038.0,0.44504988754716196
1039.0,0.44573665202798074
1040.0,0.44917388452949386
1041.0,0.4518493335249057
1042.0,0.45274161686161324
1043.0,0.45374537559678246
1044.0,0.4543529224426751
1045.0,0.4536190098483246
1046.0,0.45382967469957497
1047.0,0.4559712484859965
1048.0,0.4584579413044906
1049.0,0.4602453048193185
1050.0,0.46110035684210265
1051.0,0.4623261574453858
1052.0,0.46297892068337937
1053.0,0.4627894904022498
1054.0,0.4639197004639916
1055.0,0.46593418961933847
1056.0,0.4675447815491143
1057.0,0.4693481397763981
1058.0,0.47187279084219363
1059.0,0.473371755836195
1060.0,0.4736681008857812
1061.0,0.4747244507565651
1062.0,0.4765225769687815
1063.0,0.47819332921868124
1064.0,0.4791231353537039
1065.0,0.48093014267833195
1066.0,0.48327126255187597
1067.0,0.4836732670352872
1068.0,0.4850914834303811
1069.0,0.4871825149308328
1070.0,0.4868411910751013
1071.0,0.48804929340787845
1072.0,0.49029041954193475
1073.0,0.49349142358613474
1074.0,0.4946979934807579
1075.0,0.4967411789287816
1076.0,0.49887570356491623
1077.0,0.49926939935329684
1078.0,0.5005490677119733
1079.0,0.5023440723890105
1080.0,0.5033544262289166
1081.0,0.5051277558937993
1082.0,0.5072939240276519
1083.0,0.508612505871492
1084.0,0.5105013732865269
1085.0,0.5136462617924114
1086.0,0.5155559265732548
1087.0,0.5168422960313458
1088.0,0.5179263174309788
1089.0,0.5200346284901947
1090.0,0.5206627535692573
1091.0,0.5216014961284606
1092.0,0.5237892466989125
1093.0,0.5250879531468801
1094.0,0.5257836959568521
1095.0,0.5266852049847285
1096.0,0.5277732256484864
1097.0,0.5297751258755162
1098.0,0.5316501247068688
1099.0,0.5332638073208162
1100.0,0.5355135583411741
1101.0,0.5370397444728499
1102.0,0.5377068007921513
1103.0,0.5386612275224872
1104.0,0.5402771652664303
1105.0,0.5418796801082806
1106.0,0.5441979683972141
1107.0,0.5467511477551202
1108.0,0.5487630650696564
1109.0,0.5503022327342013
1110.0,0.5511128342072026
1111.0,0.5517146276625887
1112.0,0.5531055816212054
1113.0,0.5549282774122472
1114.0,0.5564848512279434
1115.0,0.5584585836592469
1116.0,0.560063383093263
1117.0,0.5612156967147837
1118.0,0.5629534450262189
1119.0,0.5650900534504735
1120.0,0.5668593584188146
1121.0,0.5690596424109368
1122.0,0.5702648689896469
1123.0,0.5710704266901163
1124.0,0.5730614058123122
1125.0,0.5752455654239169
1126.0,0.5767583349696046
1127.0,0.5781421565694852
1128.0,0.5790093542264046
1129.0,0.5807875158670907
1130.0,0.5827754155601192
1131.0,0.5848209893153556
1132.0,0.5876256359101855
1133.0,0.5898494965948683
1134.0,0.5918319112987047
1135.0,0.593528815726579
1136.0,0.5949435430630337
1137.0,0.59666154575052
1138.0,0.5979110035296158
1139.0,0.598637457105016
1140.0,0.5995181610102497
1141.0,0.6010993580894126
1142.0,0.602760343389795
1143.0,0.6047089874418963
1144.0,0.6063608883808393
1145.0,0.6081964189764476
1146.0,0.6099265164859088
1147.0,0.6117592818697994
1148.0,0.6132583886165076
1149.0,0.6146180290707345
1150.0,0.6157098095420325
1151.0,0.6172637928888548
1152.0,0.6188112527268447
1153.0,0.6214122004092411
1154.0,0.6236778228687303
1155.0,0.6254536335719451
1156.0,0.627982715752791
1157.0,0.6299235102601639
1158.0,0.6316926962986038
1159.0,0.6332833725120992
1160.0,0.6344407731333125
1161.0,0.6359668894437205
1162.0,0.6376771020725296
1163.0,0.6392416405978925
1164.0,0.64075318475665
1165.0,0.6423245184748692
1166.0,0.6437254254129087
1167.0,0.645321390110208
1168.0,0.647079754163723
1169.0,0.648469096836143
1170.0,0.6497991136934808
1171.0,0.651377149967771
1172.0,0.65267616097853
1173.0,0.6539360387008853
1174.0,0.6554407261513683
1175.0,0.6565693515681199
1176.0,0.6582792347091804
1177.0,0.6609352639359399
1178.0,0.6625863508056935
1179.0,0.6638014568801186
1180.0,0.6653623104828936
1181.0,0.6665303680733653
1182.0,0.6679338924741105
1183.0,0.6700071649211915
1184.0,0.6719802766530448
1185.0,0.6733373132215422
1186.0,0.6750038998735741
1187.0,0.6764783328627447
1188.0,0.6776592106985512
1189.0,0.6791588677503304
1190.0,0.6807282572622985
1191.0,0.6822087787304173
1192.0,0.6838344430842695
1193.0,0.6855081988329723
1194.0,0.6872946257803563
1195.0,0.6888839887694975
1196.0,0.6900898458299622
1197.0,0.6918126396694433
1198.0,0.6936807183497306
1199.0,0.6956125468543876
1200.0,0.6977370911914477
1201.0,0.6999362236007036
1202.0,0.7011396000714037
1203.0,0.7017061184156715
1204.0,0.7032357793262698
1205.0,0.7049935916129448
1206.0,0.7067224782370252
1207.0,0.7088244893428085
1208.0,0.7111317963471223
1209.0,0.7137929075078524
1210.0,0.7156495638808641
1211.0,0.7175364613424733
1212.0,0.7193039893550834
1213.0,0.7201485087970803
1214.0,0.7214457404695757
1215.0,0.7230853640316997
1216.0,0.7247204408577134
1217.0,0.7264286006938442
1218.0,0.7282782031874951
1219.0,0.7299027908815122
1220.0,0.7316079333701259
1221.0,0.7333264349465841
1222.0,0.7349890586437343
1223.0,0.7363971177032049
1224.0,0.7377714910289741
1225.0,0.7391589417224977
1226.0,0.7400631146882458
1227.0,0.7414118580207238
1228.0,0.7432580484338243
1229.0,0.7448962672694956
1230.0,0.7463802187109848
1231.0,0.7480761490859384
1232.0,0.7502679188666687
1233.0,0.7516846187119598
1234.0,0.7530519943574033
1235.0,0.754627608777666
1236.0,0.7564164458397192
1237.0,0.7581735809296729
1238.0,0.7599321671415294
1239.0,0.7622782847449716
1240.0,0.7638636837398233
1241.0,0.764471844029529
1242.0,0.7660976620523883
1243.0,0.7679001634053767
1244.0,0.7699153707963818
1245.0,0.7730028152372397
1246.0,0.7751533339517754
1247.0,0.7765724565260432
1248.0,0.7785257584806446
1249.0,0.7804130435343738
1250.0,0.7822671774442099
1251.0,0.7846991360860655
1252.0,0.7867915295387782
1253.0,0.7883415405366977
1254.0,0.7892005760550762
1255.0,0.7906182741090333
1256.0,0.7919056211923438
1257.0,0.7932752053929211
1258.0,0.7948453863937
1259.0,0.7964158921413674
1260.0,0.7980355600837775
1261.0,0.7994099335967405
1262.0,0.8006886599862182
1263.0,0.8021662260999386
1264.0,0.8033356164495421
1265.0,0.8048268381219812
1266.0,0.8071872206333481
1267.0,0.8087651981791647
1268.0,0.8098682559034732
1269.0,0.8109525090331224
1270.0,0.8124164492146774
1271.0,0.813566562402988
1272.0,0.8152802009997634
1273.0,0.8178345772743773
1274.0,0.8196003112582322
1275.0,0.8210538671665822
1276.0,0.8227029688116749
1277.0,0.8243358138327646
1278.0,0.8257739221843521
1279.0,0.8271870082667698
1280.0,0.8285740730989875
1281.0,0.8294346927657756
1282.0,0.8309177628730858
1283.0,0.8329694191658715
1284.0,0.8347166997304336
1285.0,0.8368968595732379
1286.0,0.8385407595429398
1287.0,0.8395710855119987
1288.0,0.8406927955049078
1289.0,0.8420696312592525
1290.0,0.8434006683561673
1291.0,0.8447487338416244
1292.0,0.8461347762793482
1293.0,0.8479943362553242
1294.0,0.8501303960218609
1295.0,0.8519064861823511
1296.0,0.8541451920536957
1297.0,0.8559078609295486
1298.0,0.8569270258616362
1299.0,0.8583513200280435
1300.0,0.8599518679426115
1301.0,0.8615243741404321
1302.0,0.8629779000115604
1303.0,0.8646358742658031
1304.0,0.8665517450738114
1305.0,0.8683221211355773
1306.0,0.8700862322027704
1307.0,0.871809919174771
1308.0,0.8738681208849317
1309.0,0.876104383781838
1310.0,0.8780189817736129
1311.0,0.8802301048266241
1312.0,0.8819315550317723
1313.0,0.8829817772604661
1314.0,0.8844709384136968
1315.0,0.8860718665291126
1316.0,0.8875531150615896
1317.0,0.8891373004581956
1318.0,0.8905297805458526
1319.0,0.8916808979689155
1320.0,0.8929613782012749
1321.0,0.8939633271531713
1322.0,0.8954385847323525
1323.0,0.8976262778303465
1324.0,0.8991748737656658
1325.0,0.9004031748059944
1326.0,0.901957580053284
1327.0,0.9034852717931393
1328.0,0.9045646693080668
1329.0,0.9061034697542221
1330.0,0.9082172560683153
1331.0,0.9098721917445751
1332.0,0.9113577573990714
1333.0,0.9128210658922931
1334.0,0.9141536647587781
1335.0,0.9156688974515976
1336.0,0.9170462936660355
1337.0,0.9186806604652974
1338.0,0.9206796032143029
1339.0,0.9224689658273623
1340.0,0.9243806136394613
1341.0,0.9260452086708097
1342.0,0.9274840627414487
1343.0,0.9289600061447087
1344.0,0.9304145362120199
1345.0,0.9317181812798112
1346.0,0.932753371311868
1347.0,0.9340179025694011
1348.0,0.9354864609892659
1349.0,0.9369854689646206
1350.0,0.9384764566579272
1351.0,0.940242329787211
1352.0,0.9418699785238484
1353.0,0.9433054022714867
1354.0,0.9448832380182316
1355.0,0.9464439630627913
1356.0,0.9483878956898859
1357.0,0.9508868376561173
1358.0,0.9525693770913168
1359.0,0.9541720723299333
1360.0,0.9557053131333196
1361.0,0.9563081558713089
1362.0,0.957564002444394
1363.0,0.959306929087655
1364.0,0.9609818093266946
1365.0,0.9630716537444761
1366.0,0.9646682574098525
1367.0,0.9660510722672646
1368.0,0.9673162863644316
1369.0,0.9687077838446501
1370.0,0.9699286584443485
1371.0,0.9710069044942307
1372.0,0.9721301867947848
1373.0,0.9732287007850529
1374.0,0.973863770978148
1375.0,0.9751013389232516
1376.0,0.9768649277241457
1377.0,0.9783450179058069
1378.0,0.9800523742341392
1379.0,0.981313606100206
1380.0,0.9822588166345376
1381.0,0.9833501209417825
1382.0,0.9841773190093782
1383.0,0.9851827176535604
1384.0,0.9863785449451488
1385.0,0.9874655335215131
1386.0,0.9885019295307371
1387.0,0.989591939061166
1388.0,0.9906447685759918
1389.0,0.9917767130929305
1390.0,0.9929984244595482
1391.0,0.9941656021902823
1392.0,0.9954580958305438
1393.0,0.9969532321130881
1394.0,0.9981004914851609
1395.0,0.9991515697716647
1396.0,1.0002285460451743
1397.0,1.0011247122270246
1398.0,1.0020606217413908
1399.0,1.0030788549590188
1400.0,1.0040311287884498
1401.0,1.0046873845367499
1402.0,1.0057489551105605
1403.0,1.0072166582528446
1404.0,1.0083004001982092
1405.0,1.0095748632636914
1406.0,1.0104584382426456
1407.0,1.010737288436446
1408.0,1.011367150700632
1409.0,1.011931839109212
1410.0,1.0126231592250974
1411.0,1.0134107694809664
1412.0,1.0143500192865067
1413.0,1.0152396454003654
1414.0,1.016611826767355
1415.0,1.0177583641529608
1416.0,1.01906401649182
1417.0,1.0200494822256054
1418.0,1.0207154003617294
1419.0,1.021685345692234
1420.0,1.0227087283805578
1421.0,1.0236466491589764
1422.0,1.0245903970600043
1423.0,1.0256986609537964
1424.0,1.0267150428382297
1425.0,1.027999184357527
1426.0,1.029565757920941
1427.0,1.0311095688903988
1428.0,1.032702049521539
1429.0,1.0343450435715849
1430.0,1.036369759468569
1431.0,1.0378981688509188
1432.0,1.0388593085079374
1433.0,1.04045677452006
1434.0,1.042360912982858
1435.0,1.0438596735400318
1436.0,1.0457804248874454
1437.0,1.0472512367230866
1438.0,1.0479668135946192
1439.0,1.0488095902549697
1440.0,1.0497529642547043
1441.0,1.0511865976823487
1442.0,1.0524227911436188
1443.0,1.0534514159437518
1444.0,1.054765611786586
1445.0,1.0561064432955787
1446.0,1.0574490895921516
1447.0,1.059059219276468
1448.0,1.0603149358634036
1449.0,1.0612746760753526
1450.0,1.0625363251774944
1451.0,1.0639733076899434
1452.0,1.0650938393113167
1453.0,1.0661307915626599
1454.0,1.0672285857429011
1455.0,1.0679505209121996
1456.0,1.069078723786775
1457.0,1.0705466668295762
1458.0,1.0719706771689976
1459.0,1.0735500585386633
1460.0,1.0750238999060568
1461.0,1.0764911755061484
1462.0,1.0779931666591387
1463.0,1.0796653155112699
1464.0,1.081006195175766
1465.0,1.0820774870167462
1466.0,1.0833170639752123
1467.0,1.0845058936438163
1468.0,1.0854303421113658
1469.0,1.0866577083133104
1470.0,1.0882259128888263
1471.0,1.089804592888717
1472.0,1.0915145775996704
1473.0,1.093083583300377
1474.0,1.0948727915198495
1475.0,1.096214468954981
1476.0,1.097208073276306
1477.0,1.0982963085933786
1478.0,1.099184880246875
1479.0,1.10035067623741
1480.0,1.101469862083587
1481.0,1.1029213198398538
1482.0,1.1047913924024704
1483.0,1.1063209018613058
1484.0,1.1079426748909447
1485.0,1.109426253764632
1486.0,1.110631848060553
1487.0,1.1119592360110384
1488.0,1.1132539914812087
1489.0,1.114706590666611
1490.0,1.116181330688489
1491.0,1.1177692989381725
1492.0,1.1197952395457493
1493.0,1.121348259712948
1494.0,1.1227445418393112
1495.0,1.1240618780836482
1496.0,1.124842908980149
1497.0,1.1260344834409466
1498.0,1.1273587309766189
1499.0,1.1287787257618682
1500.0,1.1306758668925754
1501.0,1.1320842711238446
1502.0,1.1337858483088556
1503.0,1.135565718664457
1504.0,1.13715777510496
1505.0,1.138792541789181
1506.0,1.1402722371428065
1507.0,1.1415370945477146
1508.0,1.1428570359970973
1509.0,1.144172925991825
1510.0,1.1453217847233805
1511.0,1.1463637447701986
1512.0,1.1474881992987422
1513.0,1.1485352979660957
1514.0,1.1496090732414088
1515.0,1.1505726020069713
1516.0,1.1518680576837104
1517.0,1.153276647860713
1518.0,1.1547433782015197
1519.0,1.1566752366732271
1520.0,1.1581721121957174
1521.0,1.1594593758136382
1522.0,1.1607374847664056
1523.0,1.1617000868691765
1524.0,1.162997330966962
1525.0,1.164587465480069
1526.0,1.165880899786308
1527.0,1.1672938683777545
1528.0,1.1684434848162841
1529.0,1.1688815248384963
1530.0,1.1699867423383266
1531.0,1.1714421285592163
1532.0,1.172837085075293
1533.0,1.1746957194023122
1534.0,1.1762715101788723
1535.0,1.1773863052664
1536.0,1.1788639692598337
1537.0,1.1803335374088095
1538.0,1.182231264788262
1539.0,1.1841836156506642
1540.0,1.1858878295981083
1541.0,1.1874757608871358
1542.0,1.1888759834626947
1543.0,1.1902211458238339
1544.0,1.1915612028928908
1545.0,1.1925497162038456
1546.0,1.1931577739567139
1547.0,1.1942226202811739
1548.0,1.1951997935653378
1549.0,1.1963474832558663
1550.0,1.1979455760828865
1551.0,1.1990743479032469
1552.0,1.200033939088497
1553.0,1.2008802298004646
1554.0,1.201387298999584
1555.0,1.2023276044340785
1556.0,1.2032799842063222
1557.0,1.2043927525459928
1558.0,1.2060692462620062
1559.0,1.2071577742112916
1560.0,1.2078369053450237
1561.0,1.2088400181942895
1562.0,1.2095697722768497
1563.0,1.2107606618698723
1564.0,1.2125996530798069
1565.0,1.2139698227835038
1566.0,1.2150873583161854
1567.0,1.2165957792668824
1568.0,1.218270472733124
1569.0,1.219673244458286
1570.0,1.2212552794583371
1571.0,1.2227501705422588
1572.0,1.2238441853442248
1573.0,1.2251282203138651
1574.0,1.2267342690417575
1575.0,1.2281169014174806
1576.0,1.2294072014795863
1577.0,1.2305559321261783
1578.0,1.2314114248030914
1579.0,1.2325277063512428
1580.0,1.2335962480615719
1581.0,1.234779714348985
1582.0,1.2363206544630585
1583.0,1.237680214338828
1584.0,1.239031154267811
1585.0,1.2402528434121232
1586.0,1.2413060876358075
1587.0,1.2423935017711354
1588.0,1.2432491503896201
1589.0,1.2443393415759465
1590.0,1.245553649307316
1591.0,1.2469458033095175
1592.0,1.2481549178223574
1593.0,1.2494422605356885
1594.0,1.2506661542966075
1595.0,1.2517218075070362
1596.0,1.2529717712983321
1597.0,1.2543278301044756
1598.0,1.2557146034441615
1599.0,1.2573003321656504
1600.0,1.2583912285558627
1601.0,1.2593048307403383
1602.0,1.2603128595264674
1603.0,1.2609530769414334
1604.0,1.2619601476115392
1605.0,1.2631907806184506
1606.0,1.2645238156279195
1607.0,1.2659237907197056
1608.0,1.2674045720690377
1609.0,1.2692402838695946
1610.0,1.270685446120589
1611.0,1.2720674549047268
1612.0,1.2732008274453146
1613.0,1.274012907807065
1614.0,1.2750052221474617
1615.0,1.2759515453424313
1616.0,1.2767937318552203
1617.0,1.2776979804988753
1618.0,1.2784405406038777
1619.0,1.2789323444152059
1620.0,1.2795389423625445
1621.0,1.2801705341153944
1622.0,1.2807641605508713
1623.0,1.2811888696016862
1624.0,1.281940385229719
1625.0,1.2828459596084427
1626.0,1.283726852203019
1627.0,1.284721223322946
1628.0,1.285873714431974
1629.0,1.2874079481379859
1630.0,1.2882710053234663
1631.0,1.289056239536957
1632.0,1.2896178759731067
1633.0,1.2891728417350963
1634.0,1.2896589305368522
1635.0,1.2905381698426708
1636.0,1.2915432782914167
1637.0,1.2932997635949457
1638.0,1.2943534607165788
1639.0,1.2953245962316002
1640.0,1.2960014717657402
1641.0,1.2960235312944117
1642.0,1.2964165313839384
1643.0,1.296768849507461
1644.0,1.2972251329093765
1645.0,1.2977786773231683
1646.0,1.2984023286723323
1647.0,1.2992609941752054
1648.0,1.2999096900082254
1649.0,1.300587330042077
1650.0,1.3011367186059486
1651.0,1.3013171031611648
1652.0,1.3017495700500132
1653.0,1.3022249414648728
1654.0,1.3028576935998986
1655.0,1.3038133459495709
1656.0,1.3045842021254155
1657.0,1.3055187577109928
1658.0,1.3060470140871592
1659.0,1.3058145206995209
1660.0,1.3064204257359218
1661.0,1.3073712063915812
1662.0,1.3081761884864525
1663.0,1.3097689090020421
1664.0,1.3105954693329847
1665.0,1.3106308475580848
1666.0,1.3110650387608054
1667.0,1.3113158184855365
1668.0,1.311893512505086
1669.0,1.3129837494817411
1670.0,1.3135944440524843
1671.0,1.3139553112306532
1672.0,1.3145275627436888
1673.0,1.314683598542448
1674.0,1.3153892260136242
1675.0,1.3166518151838205
1676.0,1.3178938077066484
1677.0,1.3195956344006685
1678.0,1.3209050581267086
1679.0,1.3220964319898174
1680.0,1.323180566059235
1681.0,1.3238937336220908
1682.0,1.3247779847605767
1683.0,1.3256143530777105
1684.0,1.3266822684969153
1685.0,1.3280137096578495
1686.0,1.329193690724367
1687.0,1.3304508553376466
1688.0,1.3317069001064583
1689.0,1.3328059118279365
1690.0,1.3340012243729793
1691.0,1.3354569865109935
1692.0,1.3366411682216492
1693.0,1.337605377357663
1694.0,1.3385615957063748
1695.0,1.3392584552070943
1696.0,1.3402672058567477
1697.0,1.3416454550126276
1698.0,1.3427963535242609
1699.0,1.3434824314628655
1700.0,1.344994868461022
1701.0,1.3474733346871424
1702.0,1.3487515415467783
1703.0,1.3500189433132017
1704.0,1.350969447031282
1705.0,1.3505639573312527
1706.0,1.350797428826004
1707.0,1.351765470840458
1708.0,1.3523820838989642
1709.0,1.3524142597654194
1710.0,1.3529711963186042
1711.0,1.353584709031924
1712.0,1.3543815390258114
1713.0,1.3557207204328312
1714.0,1.3570547017963503
1715.0,1.3589932748235845
1716.0,1.359891534501187
1717.0,1.3600991665871904
1718.0,1.3605065735314965
1719.0,1.360251567599887
1720.0,1.3605065573777084
1721.0,1.3612281890103106
1722.0,1.3618583929232453
1723.0,1.362403243198986
1724.0,1.3630167364728172
1725.0,1.363801900191955
1726.0,1.3644680712905324
1727.0,1.3651212222313653
1728.0,1.3657693142499647
1729.0,1.366457222262025
1730.0,1.3671792653362034
1731.0,1.367579575501512
1732.0,1.368276808419993
1733.0,1.3695604924213738
1734.0,1.3700965718828797
1735.0,1.370619209566375
1736.0,1.3711187047812161
1737.0,1.3707733462146845
1738.0,1.3708512027270152
1739.0,1.371201113354308
1740.0,1.3714822135451599
1741.0,1.3715897815309388
1742.0,1.3724303519219798
1743.0,1.374025198229174
1744.0,1.374598791397516
1745.0,1.375109891529213
1746.0,1.375516760131013
1747.0,1.3749677431950202
1748.0,1.3755394073241285
1749.0,1.3767587724098946
1750.0,1.3781250841035873
1751.0,1.3801693687520138
1752.0,1.3811816201805274
1753.0,1.3819374753628735
1754.0,1.3821047091235252
1755.0,1.3826143332864753
1756.0,1.3833250013999545
1757.0,1.3843154937735906
1758.0,1.3857125587782555
1759.0,1.3863317331357123
1760.0,1.3869856920308072
1761.0,1.3880608165883022
1762.0,1.3889018441596477
1763.0,1.3903993950902558
1764.0,1.391585322272282
1765.0,1.3925061935420713
1766.0,1.3939330724540153
1767.0,1.3948027874746778
1768.0,1.395936186070621
1769.0,1.3964873573960592
1770.0,1.395978930375323
1771.0,1.396249586618868
1772.0,1.3963139549020394
1773.0,1.397223761463071
1774.0,1.3987846279433285
1775.0,1.3989926848352408
1776.0,1.399764125227778
1777.0,1.4007906452346859
1778.0,1.4010052286047436
1779.0,1.4019336757412117
1780.0,1.4030638005344338
1781.0,1.4036916099623964
1782.0,1.4044723829019434
1783.0,1.4050160490501606
1784.0,1.4053717435971917
1785.0,1.4050471883440507
1786.0,1.4046268971900158
1787.0,1.4052098167050469
1788.0,1.4055099941996634
1789.0,1.406374199633744
1790.0,1.4088307608760982
1791.0,1.4103405782635887
1792.0,1.4120339373318507
1793.0,1.413269535308214
1794.0,1.4134556635213644
1795.0,1.4140988284867186
1796.0,1.4148058979070202
1797.0,1.415975083791387
1798.0,1.41791193542048
1799.0,1.4195747211362182
1800.0,1.4208512851952046
1801.0,1.41142898176542
1802.0,1.4114901376712743
1803.0,1.4127615937517797
1804.0,1.4135037065142495
1805.0,1.4138851732689521
1806.0,1.414617498837648
1807.0,1.416135561051987
1808.0,1.4166050909488734
1809.0,1.4159166697019925
1810.0,1.416566528523899
1811.0,1.4178707460642095
1812.0,1.4184591256603658
1813.0,1.418793962574427
1814.0,1.419972502481495
1815.0,1.4211876735187186
1816.0,1.42202704566811
1817.0,1.4229007609444828
1818.0,1.424684728822552
1819.0,1.425809293147753
1820.0,1.4255849773272387
1821.0,1.4262489315508804
1822.0,1.427242117144773
1823.0,1.429255078668679
1824.0,1.429882779136555
1825.0,1.4312476609240832
1826.0,1.4318600636774197
1827.0,1.4321087663616985
1828.0,1.4318131106629644
1829.0,1.4305807379090374
1830.0,1.4300538664948785
1831.0,1.4290407579850068
1832.0,1.428195121578959
1833.0,1.4300193767699212
1834.0,1.432672636294446
1835.0,1.4343097765285608
1836.0,1.4373942605671453
1837.0,1.4384252029503246
1838.0,1.4368875548123683
1839.0,1.4374927593763964
1840.0,1.4385763519473351
1841.0,1.4397283148613107
1842.0,1.4410530064133362
1843.0,1.442105493370584
1844.0,1.4415830295557421
1845.0,1.4421141125218528
1846.0,1.4435826190244683
1847.0,1.4467095290605767
1848.0,1.44780977664304
1849.0,1.449289857351279
1850.0,1.4496164825894462
1851.0,1.4484477079200426
1852.0,1.4469388655616933
1853.0,1.4458700095918908
1854.0,1.444622352609687
1855.0,1.4426190469301767
1856.0,1.441722988028712
1857.0,1.441381044958575
1858.0,1.441946656207256
1859.0,1.4419493160683017
1860.0,1.4428715502586795
1861.0,1.4425856641703687
1862.0,1.4406791152627034
1863.0,1.4391388456246945
1864.0,1.4371628037500963
1865.0,1.4350126065003441
1866.0,1.4353682936193664
1867.0,1.4362571227743561
1868.0,1.436294813150879
1869.0,1.4374074404583117
1870.0,1.437184519777217
1871.0,1.435998144042758
1872.0,1.434018894723583
1873.0,1.4318458843576474
1874.0,1.4295507861422938
1875.0,1.428664342507693
1876.0,1.4261999342814127
1877.0,1.423366205835711
1878.0,1.422654298038813
1879.0,1.4204802177676334
1880.0,1.4172344759870699
1881.0,1.4138971799115085
1882.0,1.4112664339946333
1883.0,1.4062298955015513
1884.0,1.398663456459362
1885.0,1.3932136757188518
1886.0,1.3890569056717883
1887.0,1.382283538111496
1888.0,1.3754242782490391
1889.0,1.3684761231538272
1890.0,1.361591485382883
1891.0,1.3531318783975705
1892.0,1.3462521101620344
1893.0,1.3400356806158162
1894.0,1.3332644777344957
1895.0,1.3249707310564325
1896.0,1.3154534787089422
1897.0,1.3067236729714304
1898.0,1.2982370373660774
1899.0,1.290118293794159
1900.0,1.282822867753278
1901.0,1.275738582449068
1902.0,1.2692101764468169
1903.0,1.2627034278033906
1904.0,1.2560864497871809
1905.0,1.2495967124081242
1906.0,1.2433024784078672
1907.0,1.2384432782843595
1908.0,1.2332629359693426
1909.0,1.2270177791985462
1910.0,1.2228482768646238
1911.0,1.218247224769548
1912.0,1.214138364356046
1913.0,1.2119698169895035
1914.0,1.2125979248449117
1915.0,1.2114554860875735
1916.0,1.2101436114273743
1917.0,1.2104478040353233
1918.0,1.2090519891769782
1919.0,1.208364748368178
1920.0,1.208293140201145
1921.0,1.2076251494674464
1922.0,1.2079903792282771
1923.0,1.2073389457140695
1924.0,1.2068364503846862
1925.0,1.2063723303395044
1926.0,1.2062221929535233
1927.0,1.205556095492351
1928.0,1.206264162943123
1929.0,1.2081043401444238
1930.0,1.2096569562695452
1931.0,1.2106515241617195
1932.0,1.2115642614100415
1933.0,1.212044951718963
1934.0,1.212052613742544
1935.0,1.2130700645651737
1936.0,1.2148242431379566
1937.0,1.2163201158030559
1938.0,1.2178578253114762
1939.0,1.220177426410652
1940.0,1.2215713536843362
1941.0,1.222471363542851
1942.0,1.2240896853190943
1943.0,1.2261315228997016
1944.0,1.228260251795837
1945.0,1.2298803697360214
1946.0,1.231845201499884
1947.0,1.2334165577652276
1948.0,1.2355206703135027
1949.0,1.2380952873271247
1950.0,1.2410237590080069
1951.0,1.2430150697278595
1952.0,1.2449972839490657
1953.0,1.2465400654355645
1954.0,1.247490893435022
1955.0,1.2491731687158931
1956.0,1.251996769730337
1957.0,1.2536391299977356
1958.0,1.2554105436088627
1959.0,1.2569079805485006
1960.0,1.257229805176888
1961.0,1.258534872939586
1962.0,1.2600832694289
1963.0,1.2621873763129512
1964.0,1.264801214590453
1965.0,1.267114192921747
1966.0,1.2684793520520021
1967.0,1.2710997815736704
1968.0,1.274430575313888
1969.0,1.2770222316270763
1970.0,1.2794776840699154
1971.0,1.2809377316376913
1972.0,1.2820423666937233
1973.0,1.2813072105793768
1974.0,1.2826776846914034
1975.0,1.2848329496188107
1976.0,1.2867755443161508
1977.0,1.2894082028436027
1978.0,1.2916211178272334
1979.0,1.2937095606151785
1980.0,1.2952131351917002
1981.0,1.2982795978042243
1982.0,1.3018865315645352
1983.0,1.3025044182260332
1984.0,1.3031801049205434
1985.0,1.3043372982524417
1986.0,1.3036146567909812
1987.0,1.304689563498161
1988.0,1.3072073616715036
1989.0,1.310362066497407
1990.0,1.3133097666541498
1991.0,1.315753653924843
1992.0,1.3184606271967423
1993.0,1.3213665888849848
1994.0,1.3241680944749437
1995.0,1.3263072411768142
1996.0,1.3280050274550916
1997.0,1.3284725740811862
1998.0,1.3304357920462244
1999.0,1.333123869720815
2000.0,1.3351227124082796
2001.0,1.3373189804414929
2002.0,1.3400860601268327
2003.0,1.3413034877116456
2004.0,1.3427237860902899
2005.0,1.345648482591054
2006.0,1.3479023197339175
2007.0,1.3505339139009869
2008.0,1.351796266283097
2009.0,1.3531210576969404
2010.0,1.3537703275570534
2011.0,1.35517298288779
2012.0,1.357065686866224
2013.0,1.358394239407095
2014.0,1.3593748020864118
2015.0,1.3602980632281803
2016.0,1.3632185101738257
2017.0,1.3661508829027698
2018.0,1.3692361259052583
2019.0,1.3729416551825493
2020.0,1.3738834731123533
2021.0,1.3735436218242996
2022.0,1.3746358400354588
2023.0,1.3750439607735443
2024.0,1.3764927575412944
2025.0,1.3792002415586546
2026.0,1.3813378815770914
2027.0,1.383561271727708
2028.0,1.3859280772251208
2029.0,1.3885473337158007
2030.0,1.3901463362660225
2031.0,1.392924083702085
2032.0,1.3958360443770785
2033.0,1.396576302697391
2034.0,1.3973298954768565
2035.0,1.3973314447314151
2036.0,1.3966307246301433
2037.0,1.3970254262665167
2038.0,1.3983254217762704
2039.0,1.3994225615481477
2040.0,1.400718403686708
2041.0,1.4024108956536414
2042.0,1.4047359372641044
2043.0,1.4060223781383459
2044.0,1.406821228184986
2045.0,1.4082655707410177
2046.0,1.408693119735682
2047.0,1.4109497511457811
2048.0,1.4140629630310864
2049.0,1.4148787985150928
2050.0,1.414456726415468
2051.0,1.4133066556541516
2052.0,1.4133029213072974
2053.0,1.4132284736767253
2054.0,1.4132817304417766
2055.0,1.4141552450731594
2056.0,1.4151137287314972
2057.0,1.4153912855294135
2058.0,1.416525449645581
2059.0,1.4188135444910122
2060.0,1.4210002601256972
2061.0,1.4223939088488005
2062.0,1.4235658420377735
2063.0,1.4242673797137018
2064.0,1.4234984113086928
2065.0,1.4253613192348609
2066.0,1.4271333921593012
2067.0,1.4275946886343815
2068.0,1.4285134979774035
2069.0,1.428767391018339
2070.0,1.425962363633923
2071.0,1.426048110601491
2072.0,1.4279314541133878
2073.0,1.4291604553477433
2074.0,1.4309050018266969
2075.0,1.433118370245399
2076.0,1.4353890019223334
2077.0,1.4376361685185033
2078.0,1.438273147911689
2079.0,1.438399862802067
2080.0,1.4388280203593136
2081.0,1.4374161231025857
2082.0,1.4371100992024919
2083.0,1.4385409228619153
2084.0,1.4381690949006
2085.0,1.436360395139465
2086.0,1.4355911979921716
2087.0,1.4345084643114683
2088.0,1.4341503279821508
2089.0,1.4343103753240385
2090.0,1.4349536695628502
2091.0,1.4353891354800856
2092.0,1.43333362226875
2093.0,1.4341753404839344
2094.0,1.435089974043607
2095.0,1.4358635410377447
2096.0,1.4377076297807116
2097.0,1.4383826558325117
2098.0,1.4376854999329522
2099.0,1.4380024485067875
2100.0,1.4384689672784472
2101.0,1.439805895934341
2102.0,1.4413806237143965
2103.0,1.4426735524894327
2104.0,1.445068184366026
2105.0,1.4460433809831805
2106.0,1.4453264928449363
2107.0,1.446826875650203
2108.0,1.4476557759258082
2109.0,1.44936104171104
2110.0,1.4518696709235461
2111.0,1.4531107146374949
2112.0,1.4520560482475486
2113.0,1.450232364242336
2114.0,1.4497906053525533
2115.0,1.448191999090461
2116.0,1.448573849538665
2117.0,1.451994809790812
2118.0,1.4530648082653579
2119.0,1.4542066211871152
2120.0,1.454489754957844
2121.0,1.4523844398387962
2122.0,1.4522478551686449
2123.0,1.4528264754608589
2124.0,1.4530428346765722
2125.0,1.4543490020730654
2126.0,1.4549636327058062
2127.0,1.454907413169021
2128.0,1.4544077561725477
2129.0,1.4550569970098068
2130.0,1.454750953470611
2131.0,1.45150076766263
2132.0,1.4507267781826316
2133.0,1.4495908501182995
2134.0,1.4468442512643649
2135.0,1.4468764929775895
2136.0,1.4496855875446701
2137.0,1.450139110622586
2138.0,1.450034747709085
2139.0,1.4505168496702072
2140.0,1.4509719539176755
2141.0,1.4517405691894585
2142.0,1.4531946368170654
2143.0,1.4544508033579098
2144.0,1.455811490553265
2145.0,1.4548145488275968
2146.0,1.455434432338333
2147.0,1.4574424089918827
2148.0,1.4568331504756462
2149.0,1.4565355312621322
2150.0,1.4564687725279253
2151.0,1.4553606495140983
2152.0,1.4557108168690234
2153.0,1.458539798756872
2154.0,1.4589791327763637
2155.0,1.4581633762955293
2156.0,1.458377278935524
2157.0,1.4590367192797415
2158.0,1.4586435167262681
2159.0,1.458210449986542
2160.0,1.457497138703997
2161.0,1.4549807669936
2162.0,1.4536096783164725
2163.0,1.4529089364318821
2164.0,1.4522639943877096
2165.0,1.4528599404155094
2166.0,1.4523775994900403
2167.0,1.4498168313251318
2168.0,1.447605479627443
2169.0,1.4451556744035923
2170.0,1.4417158588243586
2171.0,1.4405617142521188
2172.0,1.4418280546612594
2173.0,1.441891598199232
2174.0,1.4416832700144577
2175.0,1.4432806089003223
2176.0,1.4467059452023978
2177.0,1.447715418495968
2178.0,1.4490404054182222
2179.0,1.4498241404618135
2180.0,1.448527304930477
2181.0,1.4474162732819518
2182.0,1.4462553634455695
2183.0,1.445338936868057
2184.0,1.4429807108913404
2185.0,1.443258522892614
2186.0,1.442669005366152
2187.0,1.443566327002249
2188.0,1.444628987771348
2189.0,1.4463315119859539
2190.0,1.4480328307352675
2191.0,1.4489108935949448
2192.0,1.450098409411619
2193.0,1.4472432195410763
2194.0,1.446639860425567
2195.0,1.4465379118450261
2196.0,1.4465551657199647
2197.0,1.4476691515679607
2198.0,1.4475405558711225
2199.0,1.4465367321966796
2200.0,1.4464774116210835
2201.0,1.4461072955107923
2202.0,1.445917724104483
2203.0,1.4461833492086413
2204.0,1.4463173959103606
2205.0,1.4453417008373033
2206.0,1.4462355613876672
2207.0,1.4506692363578908
2208.0,1.4540620608577361
2209.0,1.454799335087608
2210.0,1.4539026017841448
2211.0,1.45032835816429
2212.0,1.4459237929392725
2213.0,1.4464295788111785
2214.0,1.4495483157068911
2215.0,1.44962497811485
2216.0,1.4489596273468643
2217.0,1.447534164129277
2218.0,1.4425644119381966
2219.0,1.4411991603941812
2220.0,1.441462791744067
2221.0,1.4414675817250133
2222.0,1.444113814661921
2223.0,1.4437785969305428
2224.0,1.4400681755618272
2225.0,1.4403639546190947
2226.0,1.4407612728695098
2227.0,1.4418910725014056
2228.0,1.447865624208432
2229.0,1.450093493700623
2230.0,1.4521019409032159
2231.0,1.4512111294068746
2232.0,1.446862884044925
2233.0,1.4422050204069536
2234.0,1.4387346363107596
2235.0,1.4343637145608201
2236.0,1.435825294867691
2237.0,1.4402778050975318
2238.0,1.4428291951542183
2239.0,1.4472918961410426
2240.0,1.4496085117296242
2241.0,1.448930898900997
2242.0,1.449356113789232
2243.0,1.4455848033427032
2244.0,1.4397676869961866
2245.0,1.4376057799080646
2246.0,1.435346092986082
2247.0,1.4338023085007878
2248.0,1.4318153537809641
2249.0,1.4308444498704664
2250.0,1.4283404676075913
2251.0,1.4231931080718603
2252.0,1.420922260779127
2253.0,1.419249060122868
2254.0,1.4201218499950328
2255.0,1.4234681587115485
2256.0,1.4267406459741345
2257.0,1.4341221760850864
2258.0,1.4364719056449133
2259.0,1.4377225457415734
2260.0,1.4369422419259497
2261.0,1.4325808903977335
2262.0,1.4273621845409614
2263.0,1.4226042700626989
2264.0,1.4173520654604723
2265.0,1.4123788712891392
2266.0,1.4096630154063858
2267.0,1.409006866184682
2268.0,1.4093448203586452
2269.0,1.4125914661555128
2270.0,1.414621646674646
2271.0,1.4182522164671267
2272.0,1.4216561647059653
2273.0,1.419540147053417
2274.0,1.4189938008803369
2275.0,1.4181890701917241
2276.0,1.4174348240339454
2277.0,1.4181332287523574
2278.0,1.4241433420691552
2279.0,1.4225437725582963
2280.0,1.41689475581829
2281.0,1.4127973021380975
2282.0,1.404591353733349
2283.0,1.402432665353188
2284.0,1.4033191125367586
2285.0,1.4031705100286866
2286.0,1.4069276305345337
2287.0,1.4074177108262755
2288.0,1.4053586115430248
2289.0,1.4055373210145399
2290.0,1.4034668511533037
2291.0,1.403121377212161
2292.0,1.4068599285543846
2293.0,1.4083414504314204
2294.0,1.41070333171504
2295.0,1.412878986729533
2296.0,1.4148779307898305
2297.0,1.413738891915076
2298.0,1.4111789824649377
2299.0,1.4062611482234284
2300.0,1.397773580588027
2301.0,1.3881575725372624
2302.0,1.3853527780845392
2303.0,1.3848912935952713
2304.0,1.3846179127869402
2305.0,1.3893265750941222
2306.0,1.3961888438348644
2307.0,1.3973726203203207
2308.0,1.4017244176401396
2309.0,1.4059252082634575
2310.0,1.4010672119520837
2311.0,1.399533395331491
2312.0,1.4016746103844442
2313.0,1.4012083664911077
2314.0,1.4046839590761282
2315.0,1.4126749579853894
2316.0,1.4179539120767828
2317.0,1.4196509241231803
2318.0,1.4253255391552018
2319.0,1.4292873138576105
2320.0,1.4296820307581255
2321.0,1.4301601553152468
2322.0,1.428310202685593
2323.0,1.4197922975018067
2324.0,1.4148379145017969
2325.0,1.4080006581682263
2326.0,1.405473841700316
2327.0,1.4062163382058626
2328.0,1.4054986293940286
2329.0,1.4082648326123492
2330.0,1.4070684756455762
2331.0,1.4008826662189946
2332.0,1.4024530649209757
2333.0,1.407635245881406
2334.0,1.4107029593428893
2335.0,1.4205565512344138
2336.0,1.4199539399350969
2337.0,1.4095982944087262
2338.0,1.405686208051493
2339.0,1.3994319461815028
2340.0,1.3968578912440075
2341.0,1.398530319000671
2342.0,1.3984315107437395
2343.0,1.3983265463714531
2344.0,1.400172943866647
2345.0,1.4034560999975587
2346.0,1.4073326647884414
2347.0,1.4141185600121347
2348.0,1.41802798246985
2349.0,1.418002660056405
2350.0,1.419048307163169
2351.0,1.4165177185233966
2352.0,1.4032990482498096
2353.0,1.396366762108732
2354.0,1.392741244946059
2355.0,1.3953770589600147
2356.0,1.4084688089836168
2357.0,1.4105888176850683
2358.0,1.415375316039352
2359.0,1.4154081350522634
2360.0,1.4091077641961292
2361.0,1.4140934236123854
2362.0,1.4139505730042399
2363.0,1.4146604583817164
2364.0,1.4112664231257293
2365.0,1.3944662776580883
2366.0,1.3871022488480313
2367.0,1.3832082233984777
2368.0,1.3803263666702947
2369.0,1.3921123032607985
2370.0,1.3904374943927356
2371.0,1.3828187673796493
2372.0,1.3815000856714281
2373.0,1.3690408183363212
2374.0,1.3732723452565945
2375.0,1.3789147899407255
2376.0,1.372080946114644
2377.0,1.374787238253158
2378.0,1.3698013269297555
2379.0,1.3630825327976805
2380.0,1.364355605197612
2381.0,1.361244321354543
2382.0,1.3563951276098205
2383.0,1.3560575956925
2384.0,1.3567196063192124
2385.0,1.353022806153428
2386.0,1.3515353099403757
2387.0,1.353136961644464
2388.0,1.3559282050276273
2389.0,1.3567847457222921
2390.0,1.355429785956186
2391.0,1.3526433826482975
2392.0,1.3405186459091163
2393.0,1.3394157846467851
2394.0,1.3403436842094294
2395.0,1.3289013223012736
2396.0,1.3318583306686356
2397.0,1.3341972092292873
2398.0,1.3314758418058934
2399.0,1.344779281399994
2400.0,1.3561991409504532
2401.0,1.3554730528222991
2402.0,1.3590022902346948
2403.0,1.3557238159062222
2404.0,1.346668408451569
2405.0,1.3565939692309548
2406.0,1.3627999825159547
2407.0,1.3648437225431838
2408.0,1.3641282262356862
2409.0,1.3365509909365303
2410.0,1.3178584463638998
2411.0,1.3132886924529537
2412.0,1.3054053042824598
2413.0,1.2974844904767484
2414.0,1.2893091446546112
2415.0,1.2819319747018476
2416.0,1.2677008230768985
2417.0,1.2717434924982023
2418.0,1.2867952540061736
2419.0,1.2958221234167036
2420.0,1.3099470448825845
2421.0,1.3034147622823364
2422.0,1.296773706682607
2423.0,1.2961248517075432
2424.0,1.2869113209614151
2425.0,1.294261734069499
2426.0,1.3026061342567274
2427.0,1.3108020937926435
2428.0,1.3301927673550253
2429.0,1.3261850684497385
2430.0,1.305925533078983
2431.0,1.288213148104982
2432.0,1.2596841835717294
2433.0,1.2535922823584669
2434.0,1.2658137614508802
2435.0,1.2695611320527305
2436.0,1.2755689113421467
2437.0,1.2803528892555367
2438.0,1.2842100624519226
2439.0,1.2811374927356445
2440.0,1.2757132165595209
2441.0,1.2590634522600581
2442.0,1.2412795903304281
2443.0,1.2359001472601614
2444.0,1.2314684424763613
2445.0,1.2492050312139231
2446.0,1.2701028244381252
2447.0,1.269084919680795
2448.0,1.254132372968583
2449.0,1.230006219919258
2450.0,1.2139105385733313
2451.0,1.2021114132381565
2452.0,1.1906706533339968
2453.0,1.1907373210088492
2454.0,1.1849658202277593
2455.0,1.174427939489347
2456.0,1.2022023467490455
2457.0,1.2315780174394897
2458.0,1.222975251471296
2459.0,1.2379164735313493
2460.0,1.2373883714579992
2461.0,1.2216822567664036
2462.0,1.2435267133763992
2463.0,1.2413848514465173
2464.0,1.2377087610186999
2465.0,1.2523630504054906
2466.0,1.253629565925765
2467.0,1.2643062399901692
2468.0,1.2764882969529494
2469.0,1.2648050229558436
2470.0,1.2334368763162078
2471.0,1.1882500856099902
2472.0,1.1696578280344725
2473.0,1.1576680484867325
2474.0,1.1518531875462095
2475.0,1.1692510577150406
2476.0,1.177193973470354
2477.0,1.1927754164697524
2478.0,1.202020086009755
2479.0,1.2040978943563971
2480.0,1.206624689817642
2481.0,1.2068686176178283
2482.0,1.186363613707337
2483.0,1.1578117767178375
2484.0,1.13467427853631
2485.0,1.0881479650547543
2486.0,1.0775209277606945
2487.0,1.0961958381281396
2488.0,1.091157511166124
2489.0,1.0861382285504741
2490.0,1.0920262196820811
2491.0,1.0836420221275274
2492.0,1.1067000522014974
2493.0,1.1831505155989641
2494.0,1.1906633292081117
2495.0,1.1761214595180036
2496.0,1.1584119823009893
2497.0,1.0831974057553668
2498.0,1.079665881232868
2499.0,1.1177834496805945
2500.0,1.1559456069188758
