350.0,-0.007907911105082396
351.0,-0.060106727994514844
352.0,-0.10193481688852327
353.0,-0.01813741673118326
354.0,-0.019065720557485993
355.0,-0.016822286401530693
356.0,0.05769375190494886
357.0,-0.01065134756953685
358.0,-0.025673795218761508
359.0,0.0045498387692632525
360.0,0.011279060586570255
361.0,0.002781369268587815
362.0,0.0192421031841818
363.0,0.044413017805104094
364.0,0.04035958583216038
365.0,0.015088490281877087
366.0,0.01353434766027269
367.0,0.025626110685456973
368.0,0.009212884232324853
369.0,0.021428544216577066
370.0,0.028525683337758654
371.0,0.024482070434621826
372.0,0.044390217163099814
373.0,0.04455511688811277
374.0,0.03221219056696538
375.0,0.0203712630931074
376.0,0.015323340132897417
377.0,0.029507449183074887
378.0,0.0366499195867652
379.0,0.02505241220681715
380.0,0.050030253704386345
381.0,0.03706480514475561
382.0,0.016793890570464296
383.0,0.03342390655539695
384.0,0.033765999358218134
385.0,0.03143259676551476
386.0,0.03280810609266859
387.0,0.037024759306117344
388.0,0.03554991427775936
389.0,0.03895074711467546
390.0,0.045662385219844656
391.0,0.04353316349455193
392.0,0.04802021773716102
393.0,0.05341632095982208
394.0,0.05411802661274833
395.0,0.049385267264256384
396.0,0.042385030609618304
397.0,0.04132167831637132
398.0,0.04734564221124618
399.0,0.042912251869958146
400.0,0.04325893766647814
401.0,0.04806608129818016
402.0,0.05225350944381231
403.0,0.056578551664930164
404.0,0.04862388758121862
405.0,0.03876084853935068
406.0,0.04634848399586873
407.0,0.053306107234291855
408.0,0.0546306577300001
409.0,0.05194882360731377
410.0,0.05150069843386379
411.0,0.05000861823660191
412.0,0.04976252757396892
413.0,0.051492098420897234
414.0,0.05215951996667296
415.0,0.05324312806257661
416.0,0.0527607426050131
417.0,0.05043936936853498
418.0,0.05405813685050673
419.0,0.051732321125770926
420.0,0.04881091524684677
421.0,0.054625907744753295
422.0,0.0550011934658798
423.0,0.05381690479845092
424.0,0.05381313948048297
425.0,0.0552991138179029
426.0,0.05330752435884522
427.0,0.05208578928541443
428.0,0.05322628483804394
429.0,0.052215369594236755
430.0,0.0543272241344347
431.0,0.05745133741130931
432.0,0.05839856458955992
433.0,0.05615137001257077
434.0,0.054718970258342006
435.0,0.054773236510398594
436.0,0.05526114651716869
437.0,0.055640717915027955
438.0,0.056329645316741304
439.0,0.057104967106296284
440.0,0.0571531704895153
441.0,0.05657773504853435
442.0,0.055500868783805446
443.0,0.054506724292230045
444.0,0.05492142997546517
445.0,0.05707724043735706
446.0,0.058495520502155555
447.0,0.056990765746915806
448.0,0.05395705887792409
449.0,0.054554677793045056
450.0,0.056673787247151323
451.0,0.05503617101642872
452.0,0.05629300292107458
453.0,0.056382384161334925
454.0,0.05490895968131774
455.0,0.05686998393115924
456.0,0.05568312428364666
457.0,0.053942645847319136
458.0,0.05443705290914285
459.0,0.055335172037691296
460.0,0.05704971350240982
461.0,0.05796726275426208
462.0,0.05656160534183204
463.0,0.05576695946277018
464.0,0.05521019648947577
465.0,0.0548909286746741
466.0,0.05524151123716002
467.0,0.05613590814928619
468.0,0.05714198960558095
469.0,0.05771366390729934
470.0,0.05717076125231769
471.0,0.05630310126165939
472.0,0.05597515341272475
473.0,0.05652825403131868
474.0,0.056268343539104
475.0,0.056239808276034246
476.0,0.056605891661709755
477.0,0.05685188175113775
478.0,0.05641789519082334
479.0,0.05645636330319354
480.0,0.0570208402252942
481.0,0.05627540402393016
482.0,0.05629739866602277
483.0,0.05651972413585665
484.0,0.05620094177699425
485.0,0.056329126946654096
486.0,0.05699710091870688
487.0,0.057348908024411234
488.0,0.05637808121208484
489.0,0.05614206639305303
490.0,0.05623511846601383
491.0,0.0563656586633157
492.0,0.056712033196469294
493.0,0.05687500681740093
494.0,0.05653945324926495
495.0,0.055981612976638076
496.0,0.057184839062685136
497.0,0.05757927452424827
498.0,0.05719388047578646
499.0,0.057250902844349125
500.0,0.05749144949235344
501.0,0.05758574124175262
502.0,0.05726560831487845
503.0,0.056382690504003206
504.0,0.056616782939063894
505.0,0.05704459695701808
506.0,0.056782275667703115
507.0,0.056646832275349245
508.0,0.056729873959557024
509.0,0.05714877553557054
510.0,0.057856409259415535
511.0,0.05791148373370135
512.0,0.0577171243026054
513.0,0.05775420275333651
514.0,0.058408910280921246
515.0,0.058067562185150946
516.0,0.05751864519165501
517.0,0.05759040205859405
518.0,0.05776745601504112
519.0,0.05735007093153852
520.0,0.05699733136837748
521.0,0.05770887199856506
522.0,0.05782476418944898
523.0,0.05784058338293015
524.0,0.057903918773863146
525.0,0.05751753341916736
526.0,0.05778747731043366
527.0,0.05821813461715921
528.0,0.0581816875417679
529.0,0.05775025751406658
530.0,0.05779045109748874
531.0,0.058003605389743695
532.0,0.05766273743744637
533.0,0.05821117449254998
534.0,0.05846530566133653
535.0,0.05808092823756997
536.0,0.05821007223797206
537.0,0.05843220752276603
538.0,0.05841650967379608
539.0,0.058123813906483
540.0,0.05846810469747138
541.0,0.05882085801819902
542.0,0.05884164910842428
543.0,0.05847828556801544
544.0,0.05830988436503815
545.0,0.05827559656391846
546.0,0.05837603526810872
547.0,0.05891193175641964
548.0,0.05889054014474833
549.0,0.058631939442519654
550.0,0.058678890117536034
551.0,0.058631437992063495
552.0,0.05831896165806891
553.0,0.058080565998441865
554.0,0.05857472746212795
555.0,0.05913217024723028
556.0,0.059430150395002164
557.0,0.0593673310326106
558.0,0.05912080794319879
559.0,0.05894690590974172
560.0,0.05885813734820051
561.0,0.05877647687847578
562.0,0.058757746980439125
563.0,0.05883701727721325
564.0,0.059042686493468124
565.0,0.0593784517463968
566.0,0.05916978923483437
567.0,0.05904089683274941
568.0,0.059437069121888036
569.0,0.05958586673481276
570.0,0.05965597210576113
571.0,0.059560365584829994
572.0,0.059232316605249004
573.0,0.05965308199558066
574.0,0.05995318059321931
575.0,0.05970923852430176
576.0,0.05935986160080539
577.0,0.05952909031323835
578.0,0.05987318219692477
579.0,0.05992289184193697
580.0,0.059869600368133824
581.0,0.059818263695534134
582.0,0.059769944012044975
583.0,0.05967712966400743
584.0,0.05983833481448309
585.0,0.06012308655111642
586.0,0.06029688290873176
587.0,0.05998755431103743
588.0,0.06028853119875128
589.0,0.06059104333657801
590.0,0.060105454786369764
591.0,0.060302980979990456
592.0,0.060614721390948534
593.0,0.06067612117155075
594.0,0.06045534314870306
595.0,0.06077320594353481
596.0,0.060960791235893756
597.0,0.060591856346809116
598.0,0.06071474030940472
599.0,0.06080163601304396
600.0,0.0608997473918707
601.0,0.061231435117916594
602.0,0.061186736091655355
603.0,0.061021237673803595
604.0,0.060959953818759814
605.0,0.061060453800905086
606.0,0.06104989298306675
607.0,0.0610462388911841
608.0,0.06124830587564184
609.0,0.061781137090434875
610.0,0.06197017092384371
611.0,0.06179332301786578
612.0,0.06170282640298708
613.0,0.06147397867410673
614.0,0.06137301974198936
615.0,0.06153975222848616
616.0,0.06175171997631672
617.0,0.061917223241490696
618.0,0.062022634507810516
619.0,0.062082505293024795
620.0,0.06197640932668836
621.0,0.06211713724467459
622.0,0.06249738874166832
623.0,0.06263931129377853
624.0,0.06253702945349739
625.0,0.06244532628445136
626.0,0.06256426427832887
627.0,0.0627750996475515
628.0,0.06276879202637693
629.0,0.06261269759396465
630.0,0.06259254196768499
631.0,0.06280737856717568
632.0,0.06301939447339835
633.0,0.0631041707638169
634.0,0.0631793638075121
635.0,0.0632094888930757
636.0,0.06322594627233748
637.0,0.06327865481563684
638.0,0.06342657906002537
639.0,0.06349863920440557
640.0,0.06350571556140716
641.0,0.06360243599610428
642.0,0.0635731932462176
643.0,0.06362244986266355
644.0,0.06385278299992557
645.0,0.06397757906574043
646.0,0.06406475827332986
647.0,0.06415155704700054
648.0,0.0642429683955436
649.0,0.06412913796230821
650.0,0.06425170573623849
651.0,0.0646396957862683
652.0,0.06477634276130792
653.0,0.06477807130251324
654.0,0.06476208703132298
655.0,0.0648343522065296
656.0,0.06505385222475372
657.0,0.06509273521376328
658.0,0.06507422947805803
659.0,0.06534157089649917
660.0,0.06533921143019873
661.0,0.06528377298504047
662.0,0.06535826935264646
663.0,0.06551554306417975
664.0,0.06575189042081818
665.0,0.06584407519280581
666.0,0.06565246394861189
667.0,0.06570296713457134
668.0,0.06603875000643693
669.0,0.06645511486178757
670.0,0.06656306820999806
671.0,0.06647679814743283
672.0,0.06653272237137373
673.0,0.06686502498706628
674.0,0.06704231070959359
675.0,0.06692965678193022
676.0,0.06690754204519267
677.0,0.06740124755390933
678.0,0.06727943397220787
679.0,0.06724893096644345
680.0,0.06750168550432778
681.0,0.06737506928465083
682.0,0.06772773376972185
683.0,0.06808461425311321
684.0,0.06796765828026999
685.0,0.06806984639494175
686.0,0.06821446616514674
687.0,0.06825241622100242
688.0,0.0681130896217401
689.0,0.06831936719416654
690.0,0.0685364063400757
691.0,0.06858670195691952
692.0,0.06877068878518569
693.0,0.06910613319046532
694.0,0.06932279836212825
695.0,0.06920016278628222
696.0,0.06921828691981803
697.0,0.06937425326300796
698.0,0.06955178385504068
699.0,0.06957969842150594
700.0,0.06988971258707398
701.0,0.07023232964450613
702.0,0.07040233034461542
703.0,0.07062626861423589
704.0,0.07054110463877596
705.0,0.070422801403616
706.0,0.07069518414870532
707.0,0.07083537177017081
708.0,0.07103050583372625
709.0,0.07122913229442673
710.0,0.07105805518327502
711.0,0.07126000454651518
712.0,0.07160937435105055
713.0,0.07176278138855828
714.0,0.07171465766904411
715.0,0.07184920908610376
716.0,0.07210248911556219
717.0,0.07220550665090572
718.0,0.0725428333900226
719.0,0.07273291982823607
720.0,0.07269511895573817
721.0,0.07290181510293664
722.0,0.07317115847527325
723.0,0.07341177824633403
724.0,0.07358300036879442
725.0,0.0737729578364811
726.0,0.07389867900431579
727.0,0.07395674055921053
728.0,0.07402226432267235
729.0,0.07433638853440029
730.0,0.07468917367756273
731.0,0.0749112739218038
732.0,0.07501754649420411
733.0,0.07511718764108037
734.0,0.07528904481036658
735.0,0.07553663407690754
736.0,0.0755935900432139
737.0,0.07576153002025093
738.0,0.07604991698744944
739.0,0.07622027547794145
740.0,0.07640188118543974
741.0,0.07662015129619817
742.0,0.07683199090781902
743.0,0.07687329323346542
744.0,0.07694378262747814
745.0,0.07710491302278595
746.0,0.07734897794143217
747.0,0.07761933451177713
748.0,0.0778197731702559
749.0,0.0779745152861241
750.0,0.07821423059508065
751.0,0.07844375916672304
752.0,0.07876618523794825
753.0,0.07915073016527895
754.0,0.07916658221776375
755.0,0.07922328419349496
756.0,0.07944849275541543
757.0,0.07979673732453482
758.0,0.07990800913332877
759.0,0.08016270055863356
760.0,0.08057024860245074
761.0,0.08075502599220552
762.0,0.08092967551305856
763.0,0.08113210126678344
764.0,0.08134118091124598
765.0,0.08145392837692941
766.0,0.08167893506953997
767.0,0.08197586972270672
768.0,0.08222457544177683
769.0,0.08248351823588104
770.0,0.08278139587740405
771.0,0.08307227753190527
772.0,0.0832551959994433
773.0,0.0835268942861051
774.0,0.08379342889159734
775.0,0.08398902525156057
776.0,0.08424365197426448
777.0,0.08439979252709598
778.0,0.08459298815497174
779.0,0.08498720884825282
780.0,0.08531576389525045
781.0,0.08549215495037425
782.0,0.08562105969319891
783.0,0.08595328292673735
784.0,0.0864532098493911
785.0,0.08676756162497719
786.0,0.08680458191033337
787.0,0.08708493492184036
788.0,0.0874530225136649
789.0,0.08772351089157937
790.0,0.08781512080121978
791.0,0.08822280640955495
792.0,0.0883679550645595
793.0,0.08841097605475977
794.0,0.08899276269896561
795.0,0.08916674786456248
796.0,0.08933115233317257
797.0,0.08972119194181999
798.0,0.08998514689236776
799.0,0.09035049560661468
800.0,0.0906522086125537
801.0,0.09077390757501355
802.0,0.09116627441384223
803.0,0.0915626862421582
804.0,0.09181490440711498
805.0,0.0919113238840327
806.0,0.09221548286757447
807.0,0.0925585162068367
808.0,0.09284552894427685
809.0,0.09315721569014061
810.0,0.09372984952631133
811.0,0.09415485531134021
812.0,0.09419781777415276
813.0,0.09448538825750939
814.0,0.09474816359298237
815.0,0.09509283678968276
816.0,0.09565411138598233
817.0,0.0958887124875155
818.0,0.09621076331464164
819.0,0.09662078091064222
820.0,0.09674210113816263
821.0,0.09696960838631434
822.0,0.09738016751580583
823.0,0.09785338004733851
824.0,0.09801070753594655
825.0,0.09844269505060474
826.0,0.09905034651475553
827.0,0.09950675329932661
828.0,0.09943467644575239
829.0,0.09974817888935486
830.0,0.10036455339614955
831.0,0.1006724111037525
832.0,0.10080002019989981
833.0,0.10111105849376192
834.0,0.10159564816931956
835.0,0.10183774097623852
836.0,0.10231578929382182
837.0,0.10273035303394523
838.0,0.1029254402515995
839.0,0.10335098373815324
840.0,0.10376366819865496
841.0,0.10410846665461537
842.0,0.10440562815348735
843.0,0.1047088114754571
844.0,0.10526444973148823
845.0,0.1057471413133052
846.0,0.10567092128741165
847.0,0.10606098925957023
848.0,0.10655957558887237
849.0,0.10694861717958158
850.0,0.10732851969523693
851.0,0.10785528783166251
852.0,0.1083188490906036
853.0,0.1085562294769533
854.0,0.10861780939800061
855.0,0.10901283748954496
856.0,0.10959826484089617
857.0,0.11008426476410006
858.0,0.11051835812594187
859.0,0.11093319437246271
860.0,0.11123521906522062
861.0,0.11136238476571228
862.0,0.11185463614729824
863.0,0.11236458951134029
864.0,0.11286613334099019
865.0,0.11365163723511822
866.0,0.11446161592777507
867.0,0.11469758336590893
868.0,0.11447376602823219
869.0,0.11501276420894178
870.0,0.11544101089239314
871.0,0.11598347793833692
872.0,0.11680067605131862
873.0,0.1172128830329208
874.0,0.11733888729218524
875.0,0.11750553745101495
876.0,0.11798126349224772
877.0,0.11834550286540538
878.0,0.11887995839276053
879.0,0.11955989966465567
880.0,0.12018326972604512
881.0,0.12083906072435294
882.0,0.12123721669306937
883.0,0.12142151867546742
884.0,0.12175548859622946
885.0,0.12197608796229528
886.0,0.12229213541163773
887.0,0.12287674303529658
888.0,0.12373428737872968
889.0,0.12450380758817037
890.0,0.12501670144612878
891.0,0.12522421065345504
892.0,0.12515959247084404
893.0,0.12544053739862152
894.0,0.12601941959136512
895.0,0.12664189994936934
896.0,0.1272917845940988
897.0,0.12788350656216763
898.0,0.12824019458491207
899.0,0.12831979547732716
900.0,0.1288896927938339
901.0,0.12958575288599605
902.0,0.13020240096477476
903.0,0.13072830082325224
904.0,0.1313254517290596
905.0,0.1318505040503412
906.0,0.1322198468846769
907.0,0.1324702341408051
908.0,0.13287825944556148
909.0,0.1334390923611934
910.0,0.13402096261221166
911.0,0.13442019195181154
912.0,0.1352657965469402
913.0,0.13602704054275214
914.0,0.13632192884486305
915.0,0.13652824189276866
916.0,0.13727831234545954
917.0,0.13804752623493383
918.0,0.13836593978074718
919.0,0.13883987649138727
920.0,0.13950426180568765
921.0,0.1401174000356674
922.0,0.14048034570344212
923.0,0.14093777424418072
924.0,0.14148301298127947
925.0,0.14201454384661327
926.0,0.14250571976099352
927.0,0.14352455771148237
928.0,0.1439435127598925
929.0,0.14404790638276016
930.0,0.14476707981013662
931.0,0.14544077014865428
932.0,0.14618218779659137
933.0,0.14674399251588455
934.0,0.14678927196045322
935.0,0.14733726626609692
936.0,0.14812068948450102
937.0,0.14875200617417006
938.0,0.14902385578050806
939.0,0.1501671607785349
940.0,0.15126909650741918
941.0,0.15174516842570152
942.0,0.15179583129912513
943.0,0.1529559011290272
944.0,0.15375550700658416
945.0,0.15391753047183673
946.0,0.15500042001100275
947.0,0.15514313394190649
948.0,0.15548818211975132
949.0,0.15644887193417156
950.0,0.15679084182862135
951.0,0.15736112714429287
952.0,0.1581470551600427
953.0,0.15889821877140647
954.0,0.1592811366540637
955.0,0.1597270341653024
956.0,0.16050101898164137
957.0,0.16142063102794785
958.0,0.1616806478749686
959.0,0.16162042815249236
960.0,0.16207091757592243
961.0,0.16331749723492714
962.0,0.1644747140844664
963.0,0.16569128028103675
964.0,0.16612713693589265
965.0,0.16581091678508
966.0,0.16670960708171748
967.0,0.16748234154580327
968.0,0.16830855282520718
969.0,0.16928982385625266
970.0,0.16969031578342206
971.0,0.16970703464170778
972.0,0.17009246903771383
973.0,0.17110207793417517
974.0,0.17176190442257563
975.0,0.1726971911744882
976.0,0.17322375894992045
977.0,0.17320459747622083
978.0,0.17405849578104546
979.0,0.17477248721439603
980.0,0.17590598584909
981.0,0.1773964174840211
982.0,0.17750130115311685
983.0,0.17805852231277453
984.0,0.17858749789341788
985.0,0.17873004077552776
986.0,0.17924832043276068
987.0,0.18028006276976652
988.0,0.18157119405720934
989.0,0.182576058332165
990.0,0.18262314914706784
991.0,0.18356815963504977
992.0,0.18482179784705993
993.0,0.18533646216666236
994.0,0.18448581948198173
995.0,0.18565451738574662
996.0,0.18725417190083368
997.0,0.1881020422061413
998.0,0.18871505420630538
999.0,0.18968957037873338
1000.0,0.18992388465753401
1001.0,0.19737261127829223
1002.0,0.19863722989418467
1003.0,0.20024410203214588
1004.0,0.20260861233032332
1005.0,0.20633866048269517
1006.0,0.20420482782373145
1007.0,0.2026228733178309
1008.0,0.20199324351847256
1009.0,0.1990303007038083
1010.0,0.19837279503311053
1011.0,0.19958931292526244
1012.0,0.20059543047987083
1013.0,0.20192488202040063
1014.0,0.20334587633496723
1015.0,0.20687921538865048
1016.0,0.20889930065197176
1017.0,0.21065049104920844
1018.0,0.20961982763855874
1019.0,0.20956679995861974
1020.0,0.21065822466126916
1021.0,0.21056768850115865
1022.0,0.21077591123051817
1023.0,0.2105371350463128
1024.0,0.20954306023821637
1025.0,0.20864276864175324
1026.0,0.2091326019913175
1027.0,0.21001357100486656
1028.0,0.21018612110593798
1029.0,0.2116122436360803
1030.0,0.2133664704207718
1031.0,0.21572205739290767
1032.0,0.21804839851924873
1033.0,0.22148506688304537
1034.0,0.22369409713498523
1035.0,0.22335173111960532
1036.0,0.22297735628734794
1037.0,0.2222019348631138
1038.0,0.22181773713792738
1039.0,0.2230333292799546
1040.0,0.2255837182520127
1041.0,0.22673042167057122
1042.0,0.226596621227771
1043.0,0.2272732271533551
1044.0,0.2276729328905739
1045.0,0.22733284153008246
1046.0,0.2282507918312706
1047.0,0.229477975260519
1048.0,0.23086416133606383
1049.0,0.23297046775068264
1050.0,0.23388503262655655
1051.0,0.23588813047935353
1052.0,0.23707271008906805
1053.0,0.2369969211868025
1054.0,0.23856402736765364
1055.0,0.23956844740954403
1056.0,0.24031808942307745
1057.0,0.24066025084452664
1058.0,0.24163094944331806
1059.0,0.242930391864666
1060.0,0.24365431619686936
1061.0,0.24384781311706388
1062.0,0.24472004409131998
1063.0,0.24461153894358276
1064.0,0.2444346783961595
1065.0,0.24657691271051016
1066.0,0.24774144681305382
1067.0,0.24755386585500663
1068.0,0.24823679864585568
1069.0,0.24841047157431326
1070.0,0.24965753925985212
1071.0,0.25081024263486557
1072.0,0.2527818127923567
1073.0,0.2540331455331944
1074.0,0.25540733582781816
1075.0,0.2554069947137434
1076.0,0.25606625366164587
1077.0,0.25772394603812077
1078.0,0.25847946858273624
1079.0,0.2589713490084909
1080.0,0.25815637373070655
1081.0,0.2572191434795917
1082.0,0.257607592841115
1083.0,0.25792535685858103
1084.0,0.25902159274666814
1085.0,0.26200403402510813
1086.0,0.2638544689911663
1087.0,0.26544683644862843
1088.0,0.26659174757752285
1089.0,0.268426893741939
1090.0,0.2691819122912597
1091.0,0.2692790066750189
1092.0,0.2705464958760136
1093.0,0.27134317421628124
1094.0,0.27170249327885887
1095.0,0.27354841638310917
1096.0,0.2753934234664
1097.0,0.2763849912859658
1098.0,0.277500387853506
1099.0,0.2782822706497335
1100.0,0.27773646078340597
1101.0,0.27839193746396945
1102.0,0.27960639110546676
1103.0,0.28110663726424906
1104.0,0.28154384978502206
1105.0,0.2829338256353918
1106.0,0.28468285905756924
1107.0,0.28542233495971536
1108.0,0.28757237323053003
1109.0,0.2894881107321382
1110.0,0.2900170005689283
1111.0,0.29092867113668647
1112.0,0.2917410013397789
1113.0,0.29225994878741857
1114.0,0.2926864986821615
1115.0,0.2928644085721372
1116.0,0.2936193664302474
1117.0,0.2945073393052204
1118.0,0.2954345236579548
1119.0,0.2967596378732335
1120.0,0.298043177103801
1121.0,0.2994580671764591
1122.0,0.3006664144242708
1123.0,0.30177134820552665
1124.0,0.3031902329861827
1125.0,0.3043861548201114
1126.0,0.30471609989219506
1127.0,0.30534982177828446
1128.0,0.3058519205434853
1129.0,0.30687374740013806
1130.0,0.30822615140326803
1131.0,0.3093522848900601
1132.0,0.31113173305493097
1133.0,0.3120320818182064
1134.0,0.31191379924690127
1135.0,0.31229305172250515
1136.0,0.3134366785288293
1137.0,0.314592447351194
1138.0,0.31675004967660914
1139.0,0.3186500729700935
1140.0,0.31950417840449136
1141.0,0.3203666042179239
1142.0,0.3213062436616106
1143.0,0.32195389939185604
1144.0,0.32273653478622705
1145.0,0.32373866974583976
1146.0,0.3245130597352284
1147.0,0.32484425329369687
1148.0,0.3257132750846707
1149.0,0.32661783410048045
1150.0,0.32818982450406625
1151.0,0.32958383361628263
1152.0,0.33070364157445176
1153.0,0.33119547315654746
1154.0,0.3315711752926582
1155.0,0.3323744102710031
1156.0,0.33306897705574284
1157.0,0.33409364090286525
1158.0,0.3356619992122259
1159.0,0.33680822309456854
1160.0,0.3380044659032738
1161.0,0.33897833476296035
1162.0,0.3394332640297644
1163.0,0.34051342679343416
1164.0,0.3419270960191065
1165.0,0.34312648709255156
1166.0,0.34464791086330704
1167.0,0.34607248224813514
1168.0,0.3466967580715435
1169.0,0.34744882298953733
1170.0,0.3486906087308365
1171.0,0.3495389345383226
1172.0,0.3505737575501518
1173.0,0.351740015728842
1174.0,0.35302610580381294
1175.0,0.35464915444185774
1176.0,0.35577679057765316
1177.0,0.3567812607232145
1178.0,0.357722737135497
1179.0,0.3579039024403203
1180.0,0.3586753999846925
1181.0,0.359646339610376
1182.0,0.36134186350273145
1183.0,0.36247095680113955
1184.0,0.3634762085980489
1185.0,0.3641014293754145
1186.0,0.36479901340661447
1187.0,0.3657310180775995
1188.0,0.3667269680391695
1189.0,0.36772986492144927
1190.0,0.36879316814814295
1191.0,0.37016031045333997
1192.0,0.3718086546282283
1193.0,0.3732121129042057
1194.0,0.374897272698371
1195.0,0.37628431516765776
1196.0,0.37721369630714086
1197.0,0.3783573848750569
1198.0,0.37969737576626755
1199.0,0.3807506055524725
1200.0,0.38177209923796007
1201.0,0.3831905962507591
1202.0,0.3845841220820962
1203.0,0.38558580222205346
1204.0,0.38667197342044285
1205.0,0.38765361826505834
1206.0,0.3886799682591629
1207.0,0.38947713005201645
1208.0,0.3908034556049816
1209.0,0.39269103927879445
1210.0,0.3939037070425937
1211.0,0.3950218579357127
1212.0,0.3962358592076767
1213.0,0.39710707536381634
1214.0,0.3979330462359993
1215.0,0.3987622236150733
1216.0,0.399831774273545
1217.0,0.40094581308187965
1218.0,0.40203400817917
1219.0,0.40301733610945173
1220.0,0.4041900497960135
1221.0,0.40540761203554354
1222.0,0.40645520219479325
1223.0,0.40757054963268097
1224.0,0.40907938786538595
1225.0,0.41023863839479674
1226.0,0.41111625095617577
1227.0,0.4119028923766275
1228.0,0.41242392021372476
1229.0,0.41335483092144043
1230.0,0.41421035488370017
1231.0,0.4152460077496275
1232.0,0.4169083732482439
1233.0,0.4181233473895126
1234.0,0.4192284849606056
1235.0,0.42046355482623
1236.0,0.42171442079328214
1237.0,0.4230760937863408
1238.0,0.42420498629635334
1239.0,0.42521472303898666
1240.0,0.42632554403642925
1241.0,0.4271990369414497
1242.0,0.4283502758014199
1243.0,0.42999206501901704
1244.0,0.4311567758466218
1245.0,0.4322165193655344
1246.0,0.43314408693951406
1247.0,0.4333887390858132
1248.0,0.43427267828875515
1249.0,0.4354373628457814
1250.0,0.43665285854482766
1251.0,0.4382522069948011
1252.0,0.44001860762609546
1253.0,0.4412872391241529
1254.0,0.44217634531790656
1255.0,0.4434777013799707
1256.0,0.444789944159211
1257.0,0.446026362230301
1258.0,0.4474543923888105
1259.0,0.4487899295438932
1260.0,0.44980231783010854
1261.0,0.4511176297652073
1262.0,0.4529342523567351
1263.0,0.4542206881613496
1264.0,0.45518706565520217
1265.0,0.4563444848287179
1266.0,0.457372762960186
1267.0,0.45838054740769146
1268.0,0.4595584425461992
1269.0,0.4605616757362772
1270.0,0.4617510253244385
1271.0,0.46278257460464783
1272.0,0.46411715497484024
1273.0,0.4658842698124487
1274.0,0.4671732837832281
1275.0,0.46825109879101706
1276.0,0.46951510537340146
1277.0,0.47081159417852164
1278.0,0.4718839146987739
1279.0,0.47286419131139046
1280.0,0.4740018243003068
1281.0,0.47480285098632724
1282.0,0.4760151778788762
1283.0,0.4778642057291029
1284.0,0.47930122783682927
1285.0,0.48081959020111126
1286.0,0.4820345047785328
1287.0,0.4827469555866803
1288.0,0.4836074637831382
1289.0,0.4847114472166677
1290.0,0.4858075289411563
1291.0,0.4870190795090222
1292.0,0.4885654462875803
1293.0,0.4899070963354454
1294.0,0.4910947210792573
1295.0,0.49243679321706835
1296.0,0.49408247059057536
1297.0,0.49527102412681107
1298.0,0.4961739435593587
1299.0,0.49725306226454763
1300.0,0.49798624381494283
1301.0,0.4990882671595036
1302.0,0.500599644576364
1303.0,0.5019459706035396
1304.0,0.5033614043465805
1305.0,0.5047199527870311
1306.0,0.5060418841570417
1307.0,0.5072543878890283
1308.0,0.5086459181233092
1309.0,0.5101119185891927
1310.0,0.511514576269403
1311.0,0.5130809258831234
1312.0,0.5143405495948049
1313.0,0.5154598515441059
1314.0,0.5164834717194958
1315.0,0.5172980318169212
1316.0,0.518176446326167
1317.0,0.518744314288179
1318.0,0.5198035399963634
1319.0,0.5211888038689181
1320.0,0.5224138073092573
1321.0,0.5239113775877943
1322.0,0.5252702083190957
1323.0,0.5262675910493565
1324.0,0.5275789077065193
1325.0,0.5292819574037139
1326.0,0.530713204476709
1327.0,0.5320867516349553
1328.0,0.5336118199309909
1329.0,0.5346284827614957
1330.0,0.5351110442192256
1331.0,0.5361331189366904
1332.0,0.5370858483155935
1333.0,0.5382597520764916
1334.0,0.5398700355266629
1335.0,0.5411654131396626
1336.0,0.5423601585157729
1337.0,0.5435629790199772
1338.0,0.5446409520201312
1339.0,0.5458815243777551
1340.0,0.5472511720335798
1341.0,0.5484900147307831
1342.0,0.5496936473321377
1343.0,0.5509689343492175
1344.0,0.5522342272416912
1345.0,0.5534499771860169
1346.0,0.5545376390064732
1347.0,0.5559614647156774
1348.0,0.5573444584834785
1349.0,0.5587211953626757
1350.0,0.5600221349591404
1351.0,0.5614244453988533
1352.0,0.5628278504236771
1353.0,0.5641026165377712
1354.0,0.5654611416795288
1355.0,0.5669471157885386
1356.0,0.5684174790215162
1357.0,0.5698187370636989
1358.0,0.5712498488921546
1359.0,0.5727491347568566
1360.0,0.574290763111889
1361.0,0.5760538689597633
1362.0,0.5774088150203363
1363.0,0.5786483088969567
1364.0,0.5797821340197464
1365.0,0.5802652502112909
1366.0,0.5811983714890929
1367.0,0.5822610295405402
1368.0,0.5836798320959997
1369.0,0.5848032871663332
1370.0,0.5861032348816682
1371.0,0.5870985447313105
1372.0,0.5876116417982111
1373.0,0.5887944764388727
1374.0,0.5903065583000385
1375.0,0.5915138238894351
1376.0,0.5928713318386002
1377.0,0.5942714305468813
1378.0,0.5956494961382853
1379.0,0.5967440428605739
1380.0,0.5978282322449192
1381.0,0.5989701890055567
1382.0,0.5999840465607731
1383.0,0.6007204439020003
1384.0,0.6012181302590514
1385.0,0.6021275032974733
1386.0,0.6028697799745385
1387.0,0.6037152715156717
1388.0,0.6052691136706475
1389.0,0.6064029093406156
1390.0,0.6071921589512825
1391.0,0.607764099775325
1392.0,0.6088511923066202
1393.0,0.6100021643391571
1394.0,0.6114530565962479
1395.0,0.6133898102941479
1396.0,0.6149687046016353
1397.0,0.6167242651976387
1398.0,0.6179773606826723
1399.0,0.6189211000399314
1400.0,0.6198863105782505
1401.0,0.6204173747573843
1402.0,0.6213229600326413
1403.0,0.6225781128707503
1404.0,0.6234247062572554
1405.0,0.6241917763489603
1406.0,0.624961526189395
1407.0,0.625153608783563
1408.0,0.625997866820259
1409.0,0.6273847353337074
1410.0,0.6284973596432915
1411.0,0.6296878810617533
1412.0,0.6310067306861272
1413.0,0.6322337866666644
1414.0,0.6336119311531909
1415.0,0.6351135023692335
1416.0,0.6363964399020673
1417.0,0.6374020136141748
1418.0,0.6379210472251795
1419.0,0.6389129309132076
1420.0,0.639955265001054
1421.0,0.6409956144576426
1422.0,0.6422160474383948
1423.0,0.6433323481199716
1424.0,0.6442644764172165
1425.0,0.6454521971607566
1426.0,0.6468718485659203
1427.0,0.648107131998307
1428.0,0.6492520998162221
1429.0,0.6505815229120202
1430.0,0.6520020964880575
1431.0,0.6533022794033437
1432.0,0.654588030538795
1433.0,0.656035606777596
1434.0,0.6575768048408096
1435.0,0.6589098553575408
1436.0,0.6604271561807965
1437.0,0.6617216199234501
1438.0,0.6625067287657855
1439.0,0.663496127557895
1440.0,0.6649797468747235
1441.0,0.6665078398294195
1442.0,0.6679174286418003
1443.0,0.6693625342391977
1444.0,0.6707037971429377
1445.0,0.6717238529097737
1446.0,0.6730545705532655
1447.0,0.6747332186206619
1448.0,0.6758550395121973
1449.0,0.6765965103043478
1450.0,0.6777882779852941
1451.0,0.6790119780713846
1452.0,0.6800691861717781
1453.0,0.6814213190502649
1454.0,0.6824916489378359
1455.0,0.6830283901546336
1456.0,0.6839955092759058
1457.0,0.6850700149793194
1458.0,0.6863091057951376
1459.0,0.6877322485358702
1460.0,0.6891559729062886
1461.0,0.6909333204442797
1462.0,0.6924080564241591
1463.0,0.6937968472272117
1464.0,0.6950525126908579
1465.0,0.6960383393040341
1466.0,0.6971180323928676
1467.0,0.6980601283209626
1468.0,0.6990888455026302
1469.0,0.7006555773863854
1470.0,0.7019518242931039
1471.0,0.703331541965234
1472.0,0.7050123282680172
1473.0,0.7062622576959896
1474.0,0.7072154436253655
1475.0,0.7083170064054977
1476.0,0.7091597852435062
1477.0,0.710441543851706
1478.0,0.7120684953164987
1479.0,0.7133501491295704
1480.0,0.7147364763100721
1481.0,0.716025993201297
1482.0,0.7170766987075905
1483.0,0.7181648281789009
1484.0,0.7191270439749283
1485.0,0.7204546690130302
1486.0,0.7219620932960231
1487.0,0.7232906407159799
1488.0,0.7249553331085751
1489.0,0.7263575882332473
1490.0,0.7272081992422178
1491.0,0.7284799350373332
1492.0,0.7299623665736528
1493.0,0.7314300259579914
1494.0,0.7332426268420343
1495.0,0.7347347967073322
1496.0,0.7361729741817673
1497.0,0.7374520250970917
1498.0,0.7382334483761097
1499.0,0.7393350488954648
1500.0,0.7406938581260422
1501.0,0.7416667289875151
1502.0,0.7430677512278229
1503.0,0.7446866929126212
1504.0,0.7459657889770637
1505.0,0.7472062552462364
1506.0,0.7482835593095721
1507.0,0.749022908982821
1508.0,0.7501801554865125
1509.0,0.7513362885006034
1510.0,0.7527368947803067
1511.0,0.7545973130476725
1512.0,0.7559812812669419
1513.0,0.7573370583241642
1514.0,0.7585746524280923
1515.0,0.759325039024158
1516.0,0.760613607630439
1517.0,0.7621630367196104
1518.0,0.7636059675545824
1519.0,0.7653580432374295
1520.0,0.7668468143553262
1521.0,0.7680976326918828
1522.0,0.7694486648618305
1523.0,0.7707896505964463
1524.0,0.7721225003106517
1525.0,0.7734527707322401
1526.0,0.7747970085651987
1527.0,0.7761210454929794
1528.0,0.7774659282802385
1529.0,0.778902542862208
1530.0,0.7802507025520325
1531.0,0.7815141296893539
1532.0,0.7828176129201699
1533.0,0.7840420549131826
1534.0,0.7853436006558774
1535.0,0.7866141115626819
1536.0,0.7881040231968095
1537.0,0.7898584423079542
1538.0,0.7914736956070744
1539.0,0.7932703234575653
1540.0,0.7948673022464146
1541.0,0.7962745635492209
1542.0,0.7974675708954214
1543.0,0.7985996123886508
1544.0,0.7995673544316768
1545.0,0.8005377228175055
1546.0,0.8012878294629092
1547.0,0.8024183665752656
1548.0,0.8037096206925908
1549.0,0.8049122289710368
1550.0,0.8062767754258618
1551.0,0.8075471748270096
1552.0,0.8087759349347962
1553.0,0.8098616482615131
1554.0,0.8109726041322268
1555.0,0.8119304884949616
1556.0,0.8125701327621535
1557.0,0.8134479419448855
1558.0,0.8144224241296074
1559.0,0.8153637236201835
1560.0,0.8162420854741591
1561.0,0.8173211963966578
1562.0,0.818442760301781
1563.0,0.819668693046383
1564.0,0.8212232535945442
1565.0,0.8225208094419019
1566.0,0.8237197768810031
1567.0,0.8249588598949231
1568.0,0.8261948576872454
1569.0,0.8272808645404199
1570.0,0.8282496829786746
1571.0,0.8293208086654342
1572.0,0.8301706379971251
1573.0,0.8313076278486778
1574.0,0.8326848664893891
1575.0,0.8341098790269629
1576.0,0.8358223167052227
1577.0,0.837298868518128
1578.0,0.838794702057362
1579.0,0.8401483080461668
1580.0,0.8411584477617979
1581.0,0.8423658744035271
1582.0,0.8435378325353926
1583.0,0.8448625834104109
1584.0,0.8464954980940073
1585.0,0.8479401995489609
1586.0,0.8493312975552118
1587.0,0.8507581588799916
1588.0,0.852193541118972
1589.0,0.8534723218655281
1590.0,0.854690029385919
1591.0,0.8559102269987221
1592.0,0.8571241864111684
1593.0,0.8581754326733
1594.0,0.8593535364194593
1595.0,0.8606587833299427
1596.0,0.8618682492656619
1597.0,0.8629287420734443
1598.0,0.8642921865506445
1599.0,0.8659028883115436
1600.0,0.8671544360060623
1601.0,0.8684003681538988
1602.0,0.8696124342423535
1603.0,0.8706222973771557
1604.0,0.8716223495494455
1605.0,0.872701267292189
1606.0,0.8736813978296002
1607.0,0.8742568344960557
1608.0,0.8754787705344755
1609.0,0.8771414771767868
1610.0,0.8784673128759323
1611.0,0.8800854015248329
1612.0,0.8812426566186162
1613.0,0.8818687796567662
1614.0,0.8829342207611403
1615.0,0.8839386002285449
1616.0,0.8852362235656002
1617.0,0.8870650549227798
1618.0,0.888283403389735
1619.0,0.889299756106214
1620.0,0.8904245072381943
1621.0,0.8913666683668764
1622.0,0.8922025351004003
1623.0,0.8931621515009126
1624.0,0.8939394808042231
1625.0,0.8941980737929176
1626.0,0.8949474788175258
1627.0,0.8959203680629684
1628.0,0.8969359854053891
1629.0,0.8982729588287502
1630.0,0.899312501290335
1631.0,0.900282146423382
1632.0,0.9012470320856304
1633.0,0.9019439403065587
1634.0,0.902912501524489
1635.0,0.9039564405280842
1636.0,0.9051620803249648
1637.0,0.9067562983782402
1638.0,0.9079765035493861
1639.0,0.9090749243059566
1640.0,0.9102516138314349
1641.0,0.9112472826126206
1642.0,0.9123337355583169
1643.0,0.9134868313332298
1644.0,0.9147665706707662
1645.0,0.9161703314473694
1646.0,0.9173686627178315
1647.0,0.9189726895222894
1648.0,0.9198891602012016
1649.0,0.9201862861513944
1650.0,0.9205725440262936
1651.0,0.9203585430327859
1652.0,0.9206301773003355
1653.0,0.9209261823445251
1654.0,0.9216521871694637
1655.0,0.9230605147881839
1656.0,0.9240781931494051
1657.0,0.925318725973989
1658.0,0.9262621571495496
1659.0,0.9263776483305818
1660.0,0.9274047715826618
1661.0,0.9291321877696525
1662.0,0.9303695734715306
1663.0,0.9318863306702327
1664.0,0.93319799233372
1665.0,0.9338401616133294
1666.0,0.9349623762724399
1667.0,0.9365613909282474
1668.0,0.9379343060640872
1669.0,0.9392731291346545
1670.0,0.9406454468877921
1671.0,0.9420744584680333
1672.0,0.943289856642082
1673.0,0.9442933091777097
1674.0,0.9454741963203502
1675.0,0.9463095075937542
1676.0,0.9477152222492558
1677.0,0.9499249524990027
1678.0,0.9515896043131287
1679.0,0.9533966620378664
1680.0,0.9549233695973163
1681.0,0.9557872794081721
1682.0,0.9570001379227939
1683.0,0.9582234248081019
1684.0,0.9595562940595065
1685.0,0.9611686296496298
1686.0,0.9626298318794325
1687.0,0.9641590697786317
1688.0,0.965545076984764
1689.0,0.966741202325716
1690.0,0.9680132346563446
1691.0,0.9691660999287248
1692.0,0.9705194781067167
1693.0,0.9721116016172575
1694.0,0.9733937632679586
1695.0,0.9746845549852191
1696.0,0.9758811509277702
1697.0,0.9766300696833142
1698.0,0.9778814541253983
1699.0,0.979188962189652
1700.0,0.980807422682856
1701.0,0.9833635610360054
1702.0,0.9848887704939162
1703.0,0.9859780904892017
1704.0,0.9871888724179282
1705.0,0.9878398343848299
1706.0,0.9885898784423651
1707.0,0.9894797889464866
1708.0,0.9905257415363145
1709.0,0.9913574572616428
1710.0,0.9923701592909219
1711.0,0.9940044660197597
1712.0,0.9950962781562004
1713.0,0.995628715640364
1714.0,0.9966034229092593
1715.0,0.9976646360779335
1716.0,0.9986574981555676
1717.0,0.9999156174695898
1718.0,1.0011221554618677
1719.0,1.0020781146090347
1720.0,1.003248023409071
1721.0,1.0048581843989721
1722.0,1.0058387854614224
1723.0,1.006482445899833
1724.0,1.0073896009676246
1725.0,1.0075510549844473
1726.0,1.0086773409196657
1727.0,1.0109211015592128
1728.0,1.012313652403595
1729.0,1.01399385950786
1730.0,1.0152504492054697
1731.0,1.0154542600068939
1732.0,1.016414499418781
1733.0,1.0179210170380864
1734.0,1.0187588690674882
1735.0,1.0194623198447255
1736.0,1.0203983216136874
1737.0,1.0209106485702568
1738.0,1.0217597699991918
1739.0,1.0231692991439993
1740.0,1.0240976657399408
1741.0,1.024502598545735
1742.0,1.0257670542771051
1743.0,1.0276732851135908
1744.0,1.0288415011569845
1745.0,1.0300987781155058
1746.0,1.0309749694837305
1747.0,1.0309610084963967
1748.0,1.0316623202180715
1749.0,1.0327130136718128
1750.0,1.0342601575907195
1751.0,1.036197397437146
1752.0,1.037663561531889
1753.0,1.0395638875195
1754.0,1.0400312683514727
1755.0,1.0408200704377597
1756.0,1.0419300473342519
1757.0,1.0427570125690144
1758.0,1.043745495575306
1759.0,1.0444732123878455
1760.0,1.0453355852902302
1761.0,1.0464645484132467
1762.0,1.0469623317155707
1763.0,1.0477309544664124
1764.0,1.0480069872418556
1765.0,1.0481561374654087
1766.0,1.0497242720763444
1767.0,1.0509127088361923
1768.0,1.0522604851870043
1769.0,1.0530358570166447
1770.0,1.0523501295446425
1771.0,1.0528332220117844
1772.0,1.0534613082303073
1773.0,1.0545853180116858
1774.0,1.0567412150366198
1775.0,1.057821427624417
1776.0,1.0588406197997267
1777.0,1.0601911151881458
1778.0,1.0610749550886163
1779.0,1.0621895883351815
1780.0,1.0633081647497307
1781.0,1.0641059396170578
1782.0,1.0650276269747263
1783.0,1.0658849448508045
1784.0,1.067115015857372
1785.0,1.0677097210465416
1786.0,1.0682331890997496
1787.0,1.0699015843773594
1788.0,1.0706749515333842
1789.0,1.071481028729037
1790.0,1.0728383787967757
1791.0,1.0741318574436591
1792.0,1.0764255474600521
1793.0,1.077587933974945
1794.0,1.0778501412053383
1795.0,1.0783592054265108
1796.0,1.0775665127344514
1797.0,1.0787881918730617
1798.0,1.0819901757704167
1799.0,1.0837111079143296
1800.0,1.085845110440169
1801.0,1.0810481928527302
1802.0,1.0825779351214273
1803.0,1.0838535374240188
1804.0,1.0849260507488505
1805.0,1.0861682679640912
1806.0,1.0873911686745275
1807.0,1.08852964274366
1808.0,1.0893703421293452
1809.0,1.0901977311168383
1810.0,1.0911506061420777
1811.0,1.0919604106448226
1812.0,1.0925050541801848
1813.0,1.0929360980970457
1814.0,1.0929369552437815
1815.0,1.0943360155745228
1816.0,1.096561919505306
1817.0,1.0974720381578407
1818.0,1.0991297525633783
1819.0,1.100259874088982
1820.0,1.0991633647172658
1821.0,1.0996533322435074
1822.0,1.1008414225228718
1823.0,1.103027241837511
1824.0,1.1049460764279706
1825.0,1.107091024021272
1826.0,1.108387239273607
1827.0,1.1096961522026108
1828.0,1.1098385998451077
1829.0,1.107950162717546
1830.0,1.1078587784108993
1831.0,1.107738353981376
1832.0,1.107901813516953
1833.0,1.1096085070009571
1834.0,1.1133144394943064
1835.0,1.1155644440296972
1836.0,1.1183870759337822
1837.0,1.1201468874465241
1838.0,1.1201828856369
1839.0,1.1213142681521784
1840.0,1.1227458810904736
1841.0,1.1243518627083406
1842.0,1.1244008607305163
1843.0,1.1260841641109687
1844.0,1.1261547814302841
1845.0,1.1262231333202684
1846.0,1.1279390406690497
1847.0,1.1316218485291563
1848.0,1.1333749676502924
1849.0,1.1358730650594453
1850.0,1.1369122605101287
1851.0,1.1364455810154133
1852.0,1.1360810232776535
1853.0,1.135362514376946
1854.0,1.1345113168834637
1855.0,1.1336426725997641
1856.0,1.1332683096313823
1857.0,1.1337026675569275
1858.0,1.1353991074901657
1859.0,1.1362531864858112
1860.0,1.1376222107250862
1861.0,1.1382389741103722
1862.0,1.1378049693665035
1863.0,1.1381532992646557
1864.0,1.1380938443430912
1865.0,1.1382218948095566
1866.0,1.1393808911236372
1867.0,1.1396295434943353
1868.0,1.140392825169083
1869.0,1.1419200968445065
1870.0,1.1427445285728242
1871.0,1.1436877621742605
1872.0,1.1440580165227856
1873.0,1.142661134712213
1874.0,1.1413882583040276
1875.0,1.1404310336032133
1876.0,1.1388592891563687
1877.0,1.138246908103512
1878.0,1.1387041851750035
1879.0,1.1383472455807206
1880.0,1.1374763262640568
1881.0,1.1367371808909899
1882.0,1.1364713070266548
1883.0,1.1348038058050312
1884.0,1.1321284436240695
1885.0,1.131385306730371
1886.0,1.1305623426127926
1887.0,1.1278765811935236
1888.0,1.125447404930908
1889.0,1.1226561108905198
1890.0,1.1195407242854862
1891.0,1.1150247632522396
1892.0,1.112442380758837
1893.0,1.1101644379796354
1894.0,1.1064659659460214
1895.0,1.1028506066435386
1896.0,1.0989489120619937
1897.0,1.0950655631731814
1898.0,1.091449482515715
1899.0,1.087872844738607
1900.0,1.0831778860712458
1901.0,1.079131617625298
1902.0,1.0748860421304305
1903.0,1.071486424827824
1904.0,1.0677479431111623
1905.0,1.0647742892440883
1906.0,1.0617160065985969
1907.0,1.0582965033207186
1908.0,1.0550871298050701
1909.0,1.0526033133939166
1910.0,1.050792854285945
1911.0,1.048586885852423
1912.0,1.0474992725241619
1913.0,1.0465807429549796
1914.0,1.0462112803550248
1915.0,1.045283055821816
1916.0,1.0451127406954817
1917.0,1.0451040206974482
1918.0,1.0456047249180132
1919.0,1.0473734473541019
1920.0,1.0484677909324636
1921.0,1.0490080734544336
1922.0,1.0506465781943417
1923.0,1.0514515325344176
1924.0,1.0521940386917972
1925.0,1.0531872085562988
1926.0,1.0546392851346196
1927.0,1.0544933447130094
1928.0,1.0548685954725978
1929.0,1.0564208636139185
1930.0,1.0576787639217435
1931.0,1.0592540721978996
1932.0,1.0601380197710866
1933.0,1.0603620957609001
1934.0,1.0613850018379003
1935.0,1.0621296999208112
1936.0,1.0635219751074922
1937.0,1.0649458538805565
1938.0,1.0666334526394303
1939.0,1.068142531458231
1940.0,1.0697912424049598
1941.0,1.070630736031026
1942.0,1.071064257186683
1943.0,1.0713223831020315
1944.0,1.0718702602062733
1945.0,1.0728798150100318
1946.0,1.0745290025476024
1947.0,1.077056974496565
1948.0,1.0791512820246683
1949.0,1.0811870249688524
1950.0,1.0833106293155683
1951.0,1.0861302559492463
1952.0,1.087349134276682
1953.0,1.0889692925845003
1954.0,1.0902229988758771
1955.0,1.0904018489262097
1956.0,1.0926272483899664
1957.0,1.0945857926958642
1958.0,1.096816945952568
1959.0,1.0988999794956813
1960.0,1.101133375802506
1961.0,1.1028431383407538
1962.0,1.1041272467829033
1963.0,1.105512801233406
1964.0,1.1078638338396398
1965.0,1.1100213241419923
1966.0,1.1118306536576108
1967.0,1.1147049712606942
1968.0,1.1167701487862818
1969.0,1.1179379684374529
1970.0,1.1191338221014078
1971.0,1.1194401419942146
1972.0,1.1196862106034569
1973.0,1.118316093232021
1974.0,1.1192130429309168
1975.0,1.1209491469321384
1976.0,1.1232868763017267
1977.0,1.1258685209645782
1978.0,1.1287568937045283
1979.0,1.1305665654920913
1980.0,1.131510224566009
1981.0,1.1336721492582016
1982.0,1.1357898516596914
1983.0,1.1367365818564525
1984.0,1.1375018849173517
1985.0,1.1383957591402836
1986.0,1.1381003892904686
1987.0,1.1390426261651438
1988.0,1.140662801875316
1989.0,1.1426749876942832
1990.0,1.1451656467790532
1991.0,1.1481715327092727
1992.0,1.1500615221566994
1993.0,1.1528580234273582
1994.0,1.1552861802342282
1995.0,1.155386284572002
1996.0,1.156914737794565
1997.0,1.1584956202421839
1998.0,1.1603826962440094
1999.0,1.163675366578282
2000.0,1.1660187699587914
2001.0,1.1679978465478855
2002.0,1.1701091159010284
2003.0,1.1713275331223338
2004.0,1.1727668514800376
2005.0,1.1750490722680347
2006.0,1.1766326736476973
2007.0,1.1794677058857237
2008.0,1.180925637070073
2009.0,1.1818803926751456
2010.0,1.181796069727549
2011.0,1.1835192523608455
2012.0,1.185199068836923
2013.0,1.1871634710440118
2014.0,1.1906232595939996
2015.0,1.1928911525470787
2016.0,1.1947391054695609
2017.0,1.1973213950755697
2018.0,1.1998452070694963
2019.0,1.2031816657301235
2020.0,1.2053997494648425
2021.0,1.205931001071713
2022.0,1.2066895173779402
2023.0,1.207794564002489
2024.0,1.2086824829938714
2025.0,1.2096671555638931
2026.0,1.2108756947618318
2027.0,1.2115332758456374
2028.0,1.2127013654711896
2029.0,1.2143985305258935
2030.0,1.2162911176041702
2031.0,1.2179520529554873
2032.0,1.2202619581597902
2033.0,1.2218647980910702
2034.0,1.2232878011964776
2035.0,1.225336470629483
2036.0,1.2265992719448338
2037.0,1.2273978391068596
2038.0,1.2276163197391965
2039.0,1.2287263865718954
2040.0,1.2295621082999044
2041.0,1.2306747688027153
2042.0,1.2330166381803607
2043.0,1.2340589354912954
2044.0,1.2342391260734256
2045.0,1.2342576353684445
2046.0,1.2345109015751203
2047.0,1.235489588533855
2048.0,1.2375645355711544
2049.0,1.2390172456065915
2050.0,1.2398320632739919
2051.0,1.2403289706364755
2052.0,1.2416471858966198
2053.0,1.2435344177122254
2054.0,1.244466362607907
2055.0,1.245647279205105
2056.0,1.2466237385411008
2057.0,1.2463129892260176
2058.0,1.246775725498389
2059.0,1.2479795195452628
2060.0,1.249142614646138
2061.0,1.249300264377774
2062.0,1.248570726290269
2063.0,1.2493608718994618
2064.0,1.2492455172520698
2065.0,1.2514080417908626
2066.0,1.2546031417697339
2067.0,1.25647692230364
2068.0,1.2582243380295601
2069.0,1.260532466502079
2070.0,1.262479209590022
2071.0,1.2639853621534647
2072.0,1.2655369492272261
2073.0,1.2669677557465597
2074.0,1.2675358704812425
2075.0,1.2686976554014944
2076.0,1.2712507466749954
2077.0,1.2736641434976224
2078.0,1.273827603252956
2079.0,1.2735037907912787
2080.0,1.2735030821659354
2081.0,1.271772693992524
2082.0,1.2718478639372015
2083.0,1.2741566816383487
2084.0,1.2748684859971773
2085.0,1.2751847310250695
2086.0,1.275667304217516
2087.0,1.275703647490887
2088.0,1.2756673294313747
2089.0,1.2752491290257244
2090.0,1.2756749601462443
2091.0,1.2756436806750604
2092.0,1.2756590679223816
2093.0,1.2779746784129182
2094.0,1.2802714372366313
2095.0,1.2835426404765846
2096.0,1.2862449443673025
2097.0,1.2877243815488264
2098.0,1.2879224917471583
2099.0,1.2887789670699472
2100.0,1.2888819619063314
2101.0,1.289946797094748
2102.0,1.2916486678130836
2103.0,1.2926785013999567
2104.0,1.2938187328345276
2105.0,1.2944106333483423
2106.0,1.2943246001088928
2107.0,1.294434725339191
2108.0,1.2953176268942206
2109.0,1.2970662749444422
2110.0,1.2983347232002038
2111.0,1.2988380575569698
2112.0,1.2976788349702688
2113.0,1.2966158557250673
2114.0,1.296784878212007
2115.0,1.2973636285970973
2116.0,1.2984864686847426
2117.0,1.301482767733088
2118.0,1.3024449558787214
2119.0,1.3031011837654085
2120.0,1.3027835210070278
2121.0,1.3001645559529644
2122.0,1.2995629157527686
2123.0,1.2992486445432831
2124.0,1.2993504481850595
2125.0,1.3007095986040127
2126.0,1.3021577065138004
2127.0,1.3026265436142486
2128.0,1.3025187262752933
2129.0,1.3036050376404444
2130.0,1.3033960945767578
2131.0,1.301640942206469
2132.0,1.3020602074013548
2133.0,1.301913104739169
2134.0,1.3001768774146958
2135.0,1.3012356591916074
2136.0,1.3045642714134156
2137.0,1.306236949637937
2138.0,1.3089110826291068
2139.0,1.3108480531343372
2140.0,1.3132216662550482
2141.0,1.3131472818981507
2142.0,1.311748052545023
2143.0,1.3093455827475167
2144.0,1.3065923865841063
2145.0,1.3035555748810497
2146.0,1.304657287618274
2147.0,1.306834099292237
2148.0,1.3071434253596272
2149.0,1.3090163315850643
2150.0,1.3106205957398067
2151.0,1.3108184688565963
2152.0,1.3115974326433353
2153.0,1.3129999593371675
2154.0,1.3138228541401629
2155.0,1.3139140010093995
2156.0,1.3150338392439105
2157.0,1.317803722254322
2158.0,1.3181672922548726
2159.0,1.318000164993462
2160.0,1.3167382621065538
2161.0,1.3120063271883249
2162.0,1.309897668391259
2163.0,1.3088481536406968
2164.0,1.3071940445755859
2165.0,1.307943031775107
2166.0,1.3084274323869223
2167.0,1.3079148292260057
2168.0,1.3089754223553003
2169.0,1.3097596044409936
2170.0,1.3103476700929573
2171.0,1.3103455310563275
2172.0,1.3105067537391033
2173.0,1.309570428135209
2174.0,1.3056688145280073
2175.0,1.3064272587084267
2176.0,1.3101580873897307
2177.0,1.311259152103196
2178.0,1.3143623420506962
2179.0,1.3158085792897318
2180.0,1.3135250656692588
2181.0,1.3134305247179776
2182.0,1.3149318447281149
2183.0,1.3153322769438491
2184.0,1.3151301241854256
2185.0,1.3161272105142756
2186.0,1.3148533058388494
2187.0,1.3151423974979146
2188.0,1.3167491750524905
2189.0,1.3164828576042478
2190.0,1.3179851018608648
2191.0,1.3200321566159174
2192.0,1.3206600685109637
2193.0,1.3216506324103632
2194.0,1.3214522802449948
2195.0,1.3191403123390975
2196.0,1.3193619719823027
2197.0,1.3205803878047802
2198.0,1.3202001191113588
2199.0,1.3219647584660048
2200.0,1.3214202362463132
2201.0,1.316811999913663
2202.0,1.3153794925407216
2203.0,1.3133916161255133
2204.0,1.3138152378643022
2205.0,1.3164757836715937
2206.0,1.32032091271481
2207.0,1.3242698430153443
2208.0,1.32701470142045
2209.0,1.3269081024765261
2210.0,1.3247739951300206
2211.0,1.3232856821795997
2212.0,1.3220745128454998
2213.0,1.32296788140382
2214.0,1.326394297715628
2215.0,1.3284712259287785
2216.0,1.3288727811168708
2217.0,1.3287478766772969
2218.0,1.3261554875578443
2219.0,1.3254794505895204
2220.0,1.3251729834352453
2221.0,1.325275831968528
2222.0,1.327230466321985
2223.0,1.3266728245125732
2224.0,1.3240983798705275
2225.0,1.3241110587763694
2226.0,1.3229298830335279
2227.0,1.3237947005112631
2228.0,1.3288565223242164
2229.0,1.3305616724435088
2230.0,1.3322254546493095
2231.0,1.3329029648843127
2232.0,1.331484161866909
2233.0,1.3300873315202164
2234.0,1.329640222273758
2235.0,1.327861546825079
2236.0,1.3287530606689204
2237.0,1.3317218842632892
2238.0,1.3357291516247034
2239.0,1.3393922856541849
2240.0,1.3415308812207223
2241.0,1.3408713678988686
2242.0,1.3387290395243916
2243.0,1.3369825682925256
2244.0,1.3354127859006508
2245.0,1.3376901222701885
2246.0,1.3387632432859755
2247.0,1.3417273991907699
2248.0,1.3415471814659612
2249.0,1.3396002615273213
2250.0,1.3367400712098694
2251.0,1.3303778055296949
2252.0,1.3291845367506647
2253.0,1.3298664976598464
2254.0,1.3317442389849174
2255.0,1.3374551734846079
2256.0,1.3407958410919874
2257.0,1.3434225023218647
2258.0,1.3459628113853224
2259.0,1.3489536367861137
2260.0,1.3505170902423898
2261.0,1.3508277342228776
2262.0,1.3525245848898044
2263.0,1.3511780031982685
2264.0,1.3494652904789737
2265.0,1.3462195790796256
2266.0,1.3433470031935488
2267.0,1.3429864116606993
2268.0,1.343556531747893
2269.0,1.34797961736453
2270.0,1.3489847053398991
2271.0,1.3480813676025734
2272.0,1.3493220285683376
2273.0,1.346169457887751
2274.0,1.3426889322778266
2275.0,1.3446325511797854
2276.0,1.3481025052226885
2277.0,1.3515148710913134
2278.0,1.3619435108902482
2279.0,1.363131217072788
2280.0,1.3580296121363442
2281.0,1.3555849099312614
2282.0,1.3499123579780323
2283.0,1.3464982321397976
2284.0,1.3448281273714922
2285.0,1.3419065377471062
2286.0,1.3382955192311736
2287.0,1.3368136656865321
2288.0,1.335438681144567
2289.0,1.3361244299943398
2290.0,1.3368843631488283
2291.0,1.3383696788545638
2292.0,1.3442599504267658
2293.0,1.3475668654722093
2294.0,1.3522807458499015
2295.0,1.355846547503164
2296.0,1.3583989211704652
2297.0,1.3570319504218018
2298.0,1.3561359690660737
2299.0,1.3534180701410832
2300.0,1.3468552053222695
2301.0,1.339201453457779
2302.0,1.3344183354098698
2303.0,1.3299571891029949
2304.0,1.329699148815009
2305.0,1.3329395995511957
2306.0,1.337512403849918
2307.0,1.34151542882841
2308.0,1.3458187169090894
2309.0,1.3501016125611316
2310.0,1.3495590851960015
2311.0,1.3493186081526296
2312.0,1.3512619673612682
2313.0,1.3528635370823106
2314.0,1.3559246800654041
2315.0,1.3621727964286796
2316.0,1.3644296134240121
2317.0,1.3642416171116578
2318.0,1.3679668478471894
2319.0,1.367029492011944
2320.0,1.3671226503729126
2321.0,1.3698205242990806
2322.0,1.3695831705762258
2323.0,1.3665606636142937
2324.0,1.3625630314185588
2325.0,1.3546204645339386
2326.0,1.3509059167161082
2327.0,1.348098364738716
2328.0,1.3466330534807216
2329.0,1.3495627698893882
2330.0,1.3483383789328955
2331.0,1.343147830625828
2332.0,1.3440761093654403
2333.0,1.3484738490794492
2334.0,1.3496474916262675
2335.0,1.354508949671617
2336.0,1.3531185842002706
2337.0,1.3436721535687495
2338.0,1.339776265943476
2339.0,1.3356426408996958
2340.0,1.3349571509040046
2341.0,1.3392636299501934
2342.0,1.3399174517917352
2343.0,1.3393232935547204
2344.0,1.3407868458156307
2345.0,1.3391113268024597
2346.0,1.342493506608012
2347.0,1.3506916892672363
2348.0,1.3620970567788069
2349.0,1.3697796683761687
2350.0,1.3735550357213413
2351.0,1.370870052177642
2352.0,1.3577096956121852
2353.0,1.349197738359
2354.0,1.3505501202827987
2355.0,1.3562180113855715
2356.0,1.3649434152623832
2357.0,1.3583006119235954
2358.0,1.3519799606373135
2359.0,1.3485057011064365
2360.0,1.3430221643811386
2361.0,1.350740039317223
2362.0,1.3508192869738358
2363.0,1.3515337729692158
2364.0,1.3507431240573191
2365.0,1.337670715179658
2366.0,1.3331200112856967
2367.0,1.3268704283195902
2368.0,1.3262670367246359
2369.0,1.340658493107514
2370.0,1.3481712134617025
2371.0,1.3497383378626693
2372.0,1.3495253985336157
2373.0,1.3342178013852826
2374.0,1.3268322448980017
2375.0,1.3333728772446118
2376.0,1.3271331071428765
2377.0,1.330872175842169
2378.0,1.3374272620400596
2379.0,1.3288160649435792
2380.0,1.323840024523963
2381.0,1.3212238673388554
2382.0,1.3211633976335488
2383.0,1.3250734236063955
2384.0,1.3343083456085487
2385.0,1.339196785855597
2386.0,1.3403858914409486
2387.0,1.3420523299049514
2388.0,1.3410731351355694
2389.0,1.342372642972606
2390.0,1.336549275871436
2391.0,1.3346414094094643
2392.0,1.3344482267826714
2393.0,1.3370881070453278
2394.0,1.3388478502109806
2395.0,1.3242966495512503
2396.0,1.3184189000449371
2397.0,1.3141685839807793
2398.0,1.3047274897838053
2399.0,1.3063878555179833
2400.0,1.3103648648289214
2401.0,1.2995866860792449
2402.0,1.2942162448059313
2403.0,1.2961001252217832
2404.0,1.2916728560046464
2405.0,1.3008185712842284
2406.0,1.306671980734728
2407.0,1.3114898679378915
2408.0,1.308855697576597
2409.0,1.2882093603753573
2410.0,1.2865964295372783
2411.0,1.2878672320977949
2412.0,1.2886438279520904
2413.0,1.291482866246939
2414.0,1.28014976429461
2415.0,1.269219047147748
2416.0,1.2531520339171411
2417.0,1.2482476281835944
2418.0,1.2575265512473237
2419.0,1.2595898884391812
2420.0,1.2755610641050477
2421.0,1.2921362439607993
2422.0,1.2936310543113605
2423.0,1.2969960723409384
2424.0,1.2939564618737505
2425.0,1.2864945070519682
2426.0,1.286421953876256
2427.0,1.2838134149438976
2428.0,1.2768131679400945
2429.0,1.2650128409607708
2430.0,1.2448900920677803
2431.0,1.2393185641297515
2432.0,1.2423475566082889
2433.0,1.2504523658833195
2434.0,1.2809044632589155
2435.0,1.29789696436006
2436.0,1.30267959757043
2437.0,1.3051258983504708
2438.0,1.2912255114406694
2439.0,1.2819335777779506
2440.0,1.27459146235555
2441.0,1.263050625891522
2442.0,1.2616241214294976
2443.0,1.2677566640934537
2444.0,1.2710172280679382
2445.0,1.2814472600574194
2446.0,1.27875815749711
2447.0,1.2541956525307778
2448.0,1.235411880267642
2449.0,1.213620481267579
2450.0,1.2022975871429944
2451.0,1.2066656762044425
2452.0,1.1961824334711872
2453.0,1.198965190872088
2454.0,1.200585808577378
2455.0,1.1808642622978853
2456.0,1.2031894676018275
2457.0,1.2210111174957852
2458.0,1.2018308901747292
2459.0,1.2156977139474459
2460.0,1.209155310910349
2461.0,1.18543003529903
2462.0,1.2045441200190907
2463.0,1.2099252153480686
2464.0,1.2062873332722124
2465.0,1.2338426544247194
2466.0,1.2474429922784411
2467.0,1.23643268798576
2468.0,1.2332839066914045
2469.0,1.2114293883769427
2470.0,1.1847665400224874
2471.0,1.1828395407429637
2472.0,1.1862148284178664
2473.0,1.1992586137528705
2474.0,1.2050528785343
2475.0,1.2227704809768467
2476.0,1.2248576947825058
2477.0,1.2047838446683832
2478.0,1.2089858400452484
2479.0,1.2194991940577515
2480.0,1.2306392819708358
2481.0,1.2705323853474149
2482.0,1.2625265766985978
2483.0,1.216905141867392
2484.0,1.2031091509371743
2485.0,1.1748650162566732
2486.0,1.1740669212446697
2487.0,1.207758711077195
2488.0,1.2092704938697998
2489.0,1.2031990980067562
2490.0,1.2074124734485505
2491.0,1.2128809005921253
2492.0,1.2231690682464023
2493.0,1.2521128570341755
2494.0,1.2325167730055508
2495.0,1.1675743480961116
2496.0,1.1503956316389525
2497.0,1.1262836857101286
2498.0,1.1426408746157386
2499.0,1.231786738990669
2500.0,1.2617710091642655
