350.0,-0.1970362804889846
351.0,-0.1303566799768896
352.0,-0.09154002006590849
353.0,-0.034300674395136926
354.0,-0.06529289150835638
355.0,-0.07963660079790259
356.0,-0.019925380541435375
357.0,-0.06336435383228624
358.0,-0.049256536002527954
359.0,-0.0022797123197009776
360.0,0.009930979252244766
361.0,-0.009749070816090274
362.0,-0.016962702125829336
363.0,-0.007978157866245929
364.0,-0.002465090180537682
365.0,-0.02302574940202235
366.0,-0.002701230385009597
367.0,0.03522742549630123
368.0,0.009295346454550334
369.0,-0.01662633430394396
370.0,-0.019329070879661927
371.0,0.002288927587119748
372.0,0.02999079167748407
373.0,0.033864638763736
374.0,0.031084890419110042
375.0,0.028825053611581376
376.0,0.003340110186184388
377.0,-0.004014696754446624
378.0,-0.002050647709066032
379.0,-0.0031689224806217705
380.0,0.0062477186821678
381.0,0.022987364540632566
382.0,0.03372164809360823
383.0,0.02802013758176783
384.0,0.01900628470503415
385.0,0.01769682679978606
386.0,0.024988685589826407
387.0,0.03382737954609042
388.0,0.03610542418441993
389.0,0.028741432947310415
390.0,0.02038801446361343
391.0,0.027504429669015982
392.0,0.028039133980491952
393.0,0.025901736225317402
394.0,0.026138427371874006
395.0,0.029595363009234512
396.0,0.032590527096237464
397.0,0.03480163713008083
398.0,0.034493648416695034
399.0,0.02357386575750084
400.0,0.02196779836050868
401.0,0.027744937524372303
402.0,0.03315517847700653
403.0,0.04327324975161737
404.0,0.040635703888505625
405.0,0.03225317745748394
406.0,0.03603523718042121
407.0,0.0353915570311517
408.0,0.033742108347269054
409.0,0.033330379655245546
410.0,0.033674097536020166
411.0,0.03677360207609773
412.0,0.04132552405565866
413.0,0.04356429843960281
414.0,0.03619773719791006
415.0,0.03625400689756898
416.0,0.0379136091124176
417.0,0.035439537505964416
418.0,0.043407597744367
419.0,0.04057269180615576
420.0,0.03589522536805168
421.0,0.04546265556429363
422.0,0.04289669215125579
423.0,0.0402691042860928
424.0,0.041113426517327425
425.0,0.04014986567081738
426.0,0.04154274803381995
427.0,0.04177420712741188
428.0,0.040108936119532736
429.0,0.04160570462557212
430.0,0.040954349012540386
431.0,0.04149175903582326
432.0,0.045205962680499784
433.0,0.04401339670497617
434.0,0.04309699856030419
435.0,0.04336481267260121
436.0,0.043445007947774915
437.0,0.04109896338641931
438.0,0.040651588206053815
439.0,0.04227730490769667
440.0,0.04228388616235731
441.0,0.04336098995720706
442.0,0.04352527598623188
443.0,0.042350024728919064
444.0,0.043468733478219154
445.0,0.04391012584279861
446.0,0.043670181010343936
447.0,0.043360081606522625
448.0,0.042324059419822785
449.0,0.04260658832751052
450.0,0.043867072485139554
451.0,0.04438667941661587
452.0,0.043924939073573754
453.0,0.043525798240315064
454.0,0.04360158350932858
455.0,0.04362766359131522
456.0,0.04321435263892374
457.0,0.04316420173216181
458.0,0.04391381068125174
459.0,0.0444070952532387
460.0,0.0443957736482836
461.0,0.043727743729989436
462.0,0.04263308568432224
463.0,0.04272229059981695
464.0,0.04276591668375232
465.0,0.042979231485220606
466.0,0.04469952629864473
467.0,0.0448239989006678
468.0,0.044128123337883254
469.0,0.04346817382856763
470.0,0.042531166833502033
471.0,0.04289049981925025
472.0,0.04372984415475031
473.0,0.04401516906393188
474.0,0.04533600202049719
475.0,0.044840877277037124
476.0,0.04317283283002599
477.0,0.04311142170300492
478.0,0.04299395846188922
479.0,0.044097299989419275
480.0,0.045917435379970714
481.0,0.044976219781737416
482.0,0.04437596559966203
483.0,0.04457568724272525
484.0,0.04502116651254979
485.0,0.04425311738043677
486.0,0.04355747522573765
487.0,0.043727380911660715
488.0,0.04498509977061548
489.0,0.04611769085671252
490.0,0.045598534053506154
491.0,0.04404027407542389
492.0,0.044621590918220114
493.0,0.044893942186858785
494.0,0.044352309292347604
495.0,0.04367989934888663
496.0,0.045877029307512654
497.0,0.04644168689097574
498.0,0.04514142608814204
499.0,0.044007596139365335
500.0,0.044256112269141834
501.0,0.04500734715533564
502.0,0.0456297987531182
503.0,0.046050479934697214
504.0,0.04599840933927001
505.0,0.04593773121190219
506.0,0.04592680997103762
507.0,0.044223479008367976
508.0,0.044094713074166264
509.0,0.045223274509654535
510.0,0.04572051535860823
511.0,0.04581611640180016
512.0,0.04591141870187949
513.0,0.04595400556955047
514.0,0.04536789421068064
515.0,0.04529073113374877
516.0,0.04554298205600664
517.0,0.04580218049907112
518.0,0.046320396248338495
519.0,0.0461824620757794
520.0,0.04551997094343682
521.0,0.04506221826231514
522.0,0.04568339034151935
523.0,0.04630316490549306
524.0,0.04635153934035388
525.0,0.04610393553646725
526.0,0.04619569871899778
527.0,0.0465949948058341
528.0,0.04691340948269071
529.0,0.046160025628741885
530.0,0.046010194064193696
531.0,0.0465366486923973
532.0,0.04690949906522311
533.0,0.046825304330894046
534.0,0.046670337797844734
535.0,0.04666565472066845
536.0,0.04668386027477624
537.0,0.04707482782619315
538.0,0.04713939793634381
539.0,0.046498710474491986
540.0,0.046774663684209614
541.0,0.04734215118050867
542.0,0.047475439665319384
543.0,0.04664682579561117
544.0,0.04661364994970801
545.0,0.047217479260588696
546.0,0.04779907379985557
547.0,0.047289416908805885
548.0,0.047068573673291036
549.0,0.04735952322667543
550.0,0.047838947301668884
551.0,0.04755432962111093
552.0,0.04744915734608391
553.0,0.04759856318710536
554.0,0.04740516465351995
555.0,0.047868405284649085
556.0,0.04822751300891641
557.0,0.04800970082428634
558.0,0.047878330975323645
559.0,0.048077912916810524
560.0,0.048360258389293684
561.0,0.04835559588343003
562.0,0.04830805256780275
563.0,0.04828449887261881
564.0,0.04834636744686141
565.0,0.04855218059522114
566.0,0.048853165997123416
567.0,0.0490621884385774
568.0,0.049038817580727145
569.0,0.04879377895736969
570.0,0.04867516967007869
571.0,0.04866776744170877
572.0,0.04864152730778127
573.0,0.04924394224879584
574.0,0.04952430711509276
575.0,0.049144706129854845
576.0,0.04880976592291407
577.0,0.0489622578021629
578.0,0.04932748812332701
579.0,0.04952751067191548
580.0,0.04970455459600006
581.0,0.04986540869344746
582.0,0.04986521241905177
583.0,0.049541223808975035
584.0,0.049730476882620715
585.0,0.05001698944250706
586.0,0.05009992749405222
587.0,0.050235460332835685
588.0,0.05028191948628426
589.0,0.0503621540208897
590.0,0.05056381258948032
591.0,0.05033334976086078
592.0,0.050183562017590604
593.0,0.05034301032905059
594.0,0.05068827054522463
595.0,0.05067734439479797
596.0,0.05074253232239081
597.0,0.05111454538419233
598.0,0.050895752150143365
599.0,0.050842942075679416
600.0,0.051091626179741945
601.0,0.05143278174158991
602.0,0.05160438196734017
603.0,0.05171626277284837
604.0,0.051762564573788195
605.0,0.05151240107260572
606.0,0.05163211713286396
607.0,0.05184175769900458
608.0,0.051818605120868055
609.0,0.05217373890934651
610.0,0.05229433664590955
611.0,0.05218871596567538
612.0,0.052304647387352146
613.0,0.0523575533479386
614.0,0.05245295335902924
615.0,0.052618591060738566
616.0,0.05257007192139792
617.0,0.05306177158279812
618.0,0.05346859759629793
619.0,0.05301293806065761
620.0,0.05314018715925595
621.0,0.05329799213265046
622.0,0.053292090691740256
623.0,0.05343151655433032
624.0,0.053654128481003927
625.0,0.053798442271255784
626.0,0.05383222595984731
627.0,0.0542169044981793
628.0,0.05424710827903078
629.0,0.054165747459627614
630.0,0.054610741581890956
631.0,0.05467546700957262
632.0,0.05476950272668904
633.0,0.05503427333239245
634.0,0.05497376707329362
635.0,0.05449081944383955
636.0,0.05430667676735489
637.0,0.05498131761451241
638.0,0.05529873470277604
639.0,0.05541834412780184
640.0,0.055580257105678495
641.0,0.05600465271952699
642.0,0.055917773522920856
643.0,0.05583626365064369
644.0,0.056173043015248995
645.0,0.0566343164801788
646.0,0.056756054316857374
647.0,0.056760107092196234
648.0,0.05703971403632648
649.0,0.056873693629710016
650.0,0.056922129969188696
651.0,0.0572704039488496
652.0,0.05720186812174321
653.0,0.05748310278053038
654.0,0.0578942612883159
655.0,0.05807839939483029
656.0,0.05804940201649289
657.0,0.05790634064022054
658.0,0.057856349048868015
659.0,0.05812219877520657
660.0,0.058431436977602356
661.0,0.0586492484189982
662.0,0.05882371733130383
663.0,0.059317845217950874
664.0,0.059313689768106435
665.0,0.059111151334577325
666.0,0.05926530557718449
667.0,0.05962234146408947
668.0,0.059913769635591724
669.0,0.06014982621562692
670.0,0.0605670738001149
671.0,0.0604492007889769
672.0,0.06038803098695587
673.0,0.06079756154598445
674.0,0.06105753790076091
675.0,0.06126606682824233
676.0,0.06144868116157229
677.0,0.06163220253262697
678.0,0.06196102377616424
679.0,0.062247941827974836
680.0,0.06236234494589922
681.0,0.06228511090024971
682.0,0.06259321883580597
683.0,0.06289594010288822
684.0,0.06285273209890697
685.0,0.0632010260696565
686.0,0.06352131418198893
687.0,0.06370656873007674
688.0,0.06386916362670368
689.0,0.06405825052007758
690.0,0.06429960154429477
691.0,0.06457225851055821
692.0,0.06477751419153349
693.0,0.06511794300339756
694.0,0.06538999408043848
695.0,0.06538759009017486
696.0,0.06552221433134454
697.0,0.06580881043691302
698.0,0.0660851121435616
699.0,0.06608867341139611
700.0,0.06644423989413097
701.0,0.06700379208386519
702.0,0.06747289198914538
703.0,0.06756005369720688
704.0,0.06750244772910377
705.0,0.067551948007603
706.0,0.06788341793526005
707.0,0.06811348280674598
708.0,0.06848403790018152
709.0,0.06889664655412789
710.0,0.06882465578056751
711.0,0.06915984071721422
712.0,0.06949967518119411
713.0,0.069490789590794
714.0,0.06988657810396358
715.0,0.07010254311716003
716.0,0.07025931589599352
717.0,0.07077267315549177
718.0,0.070987667098031
719.0,0.07115507900498598
720.0,0.07140306510433546
721.0,0.07152664089345251
722.0,0.07189074527964033
723.0,0.0722917075932418
724.0,0.07248903277287058
725.0,0.07274678165531986
726.0,0.07299059851742053
727.0,0.07317100199071284
728.0,0.0732953786005533
729.0,0.07373388069772978
730.0,0.07428876877676951
731.0,0.07470492689660259
732.0,0.07474856364682037
733.0,0.07501107624687285
734.0,0.07539761866247027
735.0,0.0756432656783862
736.0,0.07584295864908124
737.0,0.076091838395168
738.0,0.07648111536714965
739.0,0.07705209676352666
740.0,0.0772216536478515
741.0,0.07748060609986943
742.0,0.07806756802796112
743.0,0.07833152877674492
744.0,0.07841971408629216
745.0,0.07858259804413002
746.0,0.07902438155803222
747.0,0.07943439788888068
748.0,0.07979029629667503
749.0,0.08004287205015512
750.0,0.08014211488151529
751.0,0.08068436229299805
752.0,0.08114238162216636
753.0,0.08122569767896583
754.0,0.08166739106783079
755.0,0.08207752085436666
756.0,0.08241573557448717
757.0,0.08274747948433514
758.0,0.08297720623250085
759.0,0.08340563035496673
760.0,0.08393677131576391
761.0,0.0841115782717237
762.0,0.08455020790654297
763.0,0.08509592977966515
764.0,0.08551883465120703
765.0,0.08575988670541196
766.0,0.08596818163974394
767.0,0.08630133230990455
768.0,0.08683578523893816
769.0,0.08724634770271918
770.0,0.08756975034416996
771.0,0.08791145224441602
772.0,0.08839803297219843
773.0,0.08867156834674714
774.0,0.08891868633538991
775.0,0.089326818545997
776.0,0.0898853713507041
777.0,0.09022792902512172
778.0,0.09050290033384106
779.0,0.09096899478043269
780.0,0.0913149694528455
781.0,0.09161909446989062
782.0,0.09198955168856802
783.0,0.09251818810251787
784.0,0.09293484209870291
785.0,0.09338158326126504
786.0,0.09389254788685997
787.0,0.09411930355000182
788.0,0.09449044815957248
789.0,0.09500465640367187
790.0,0.09550933953227408
791.0,0.09589561499646027
792.0,0.09626995354189194
793.0,0.0966962236380483
794.0,0.09718348058252918
795.0,0.09757613281476839
796.0,0.09801086685985894
797.0,0.0985576141308592
798.0,0.09911717388924139
799.0,0.09941284577280599
800.0,0.09971267912826821
801.0,0.10028044711270351
802.0,0.10076269603063055
803.0,0.10116718580826296
804.0,0.101606494997625
805.0,0.10220029339981018
806.0,0.10257930716660398
807.0,0.10294306778731038
808.0,0.1034472721346785
809.0,0.10410692681724588
810.0,0.10450989166087563
811.0,0.10484591965242583
812.0,0.1053443469852973
813.0,0.10596670089030634
814.0,0.10644514630843657
815.0,0.10684164958860923
816.0,0.10733811422765252
817.0,0.10790004364014176
818.0,0.10836063379272502
819.0,0.10879913919513862
820.0,0.10947422329400971
821.0,0.10988080031365766
822.0,0.11035359561566485
823.0,0.11104264967824565
824.0,0.1115341496076666
825.0,0.11196156688740547
826.0,0.11244452704739763
827.0,0.11304119917865495
828.0,0.11359290001085244
829.0,0.11422344847938683
830.0,0.11481852374672723
831.0,0.11518359545577328
832.0,0.11550739171622486
833.0,0.11599991031272737
834.0,0.11665881538472843
835.0,0.1172562288169531
836.0,0.11789416745470982
837.0,0.11847965096118328
838.0,0.11894286079855862
839.0,0.1193222881783785
840.0,0.11972997341097391
841.0,0.12035430213325161
842.0,0.12119776901071345
843.0,0.12147469179053455
844.0,0.12204970712485494
845.0,0.12289678738591221
846.0,0.12347716449578851
847.0,0.12399392315180928
848.0,0.12449322502355921
849.0,0.1249959729389224
850.0,0.1255084496255212
851.0,0.12605946370418242
852.0,0.12676458683822645
853.0,0.127499996966507
854.0,0.12763039601463816
855.0,0.12801169010356975
856.0,0.12872514319288406
857.0,0.12955990905841594
858.0,0.13027581079903844
859.0,0.1307890734105852
860.0,0.1312937593531831
861.0,0.13204924096678458
862.0,0.1327607867746029
863.0,0.1331802205178336
864.0,0.1335518222709272
865.0,0.13446364622267262
866.0,0.13500979382026917
867.0,0.13547061249927647
868.0,0.1361128429297806
869.0,0.13688271374543226
870.0,0.13755669747455498
871.0,0.13821496817231566
872.0,0.13890531161297615
873.0,0.13935557764244982
874.0,0.139859890870568
875.0,0.1405200988267307
876.0,0.14132474676719542
877.0,0.14216735615346954
878.0,0.14284613327680365
879.0,0.14335602523372656
880.0,0.14387727028120345
881.0,0.1449042126570718
882.0,0.1455224444296287
883.0,0.14581300863041563
884.0,0.1468160388571368
885.0,0.14729567428833934
886.0,0.14774376342050136
887.0,0.14853253293381274
888.0,0.14943380552720978
889.0,0.15006519381430308
890.0,0.15048264785228183
891.0,0.15090405135687693
892.0,0.15163317884555472
893.0,0.15225351768311446
894.0,0.15294706820436488
895.0,0.1538547169784718
896.0,0.15420205395749084
897.0,0.15495581899690336
898.0,0.1558781362385886
899.0,0.15633938513682522
900.0,0.1570095978389454
901.0,0.1578526802805426
902.0,0.15872110050800298
903.0,0.15944383208282664
904.0,0.16013322059642748
905.0,0.1609559833754003
906.0,0.16168802232797996
907.0,0.16183993128652951
908.0,0.1626330979357558
909.0,0.16379146801504302
910.0,0.16483821357031764
911.0,0.16541209959374692
912.0,0.16586982343446394
913.0,0.16660773773158044
914.0,0.16765766227300458
915.0,0.16837717096768848
916.0,0.1688738687626513
917.0,0.16965770358778487
918.0,0.17076952509464488
919.0,0.17062706131883892
920.0,0.17130820214017736
921.0,0.17237875764429192
922.0,0.1729303254630772
923.0,0.1736576821390619
924.0,0.1747524795000263
925.0,0.17579949426778918
926.0,0.17634458167350758
927.0,0.17705286304996454
928.0,0.17790909725928408
929.0,0.1786859118854705
930.0,0.17921225745950897
931.0,0.18024484947757818
932.0,0.1815971485544148
933.0,0.18249863287490073
934.0,0.18222698954863037
935.0,0.1828717220477228
936.0,0.18387469207684476
937.0,0.184820686215861
938.0,0.18567786670388453
939.0,0.1864947789602523
940.0,0.18764712015025722
941.0,0.18872336790948957
942.0,0.18871396559604656
943.0,0.18970934377923482
944.0,0.19041807389418933
945.0,0.19073705822612
946.0,0.1924067800194987
947.0,0.19345112244910245
948.0,0.19436526410465707
949.0,0.1953276543093053
950.0,0.19558262470490417
951.0,0.1964405243523849
952.0,0.19757997367840616
953.0,0.19854336904944117
954.0,0.19921276810761263
955.0,0.1994657105585108
956.0,0.2001866908042599
957.0,0.20163092623197945
958.0,0.20266531731533863
959.0,0.20361288888770995
960.0,0.20440190781907752
961.0,0.20519942485028633
962.0,0.20668883514128966
963.0,0.20705790205168123
964.0,0.20765306776789727
965.0,0.20918916635021395
966.0,0.20969768413773118
967.0,0.210269408101545
968.0,0.21118122109030635
969.0,0.2121997948535297
970.0,0.21250477739470225
971.0,0.21375549191454546
972.0,0.21471722455322026
973.0,0.21492587279702893
974.0,0.21679834742433055
975.0,0.21721689694814872
976.0,0.21736984335473092
977.0,0.21836351876658877
978.0,0.2189880647302314
979.0,0.21987047337097607
980.0,0.2212099196882852
981.0,0.22274656752693558
982.0,0.22364872104365666
983.0,0.22467561635336106
984.0,0.22514695174206367
985.0,0.22538091529781165
986.0,0.2276890088324967
987.0,0.2281768258792067
988.0,0.22793403510480648
989.0,0.22834748670130278
990.0,0.22938480715712656
991.0,0.2306975929808944
992.0,0.2315016074574905
993.0,0.23205125195225726
994.0,0.23391919476212952
995.0,0.23584916915446816
996.0,0.2360062464900864
997.0,0.23545665686532416
998.0,0.2380432342619917
999.0,0.23811890024239396
1000.0,0.23897204405861747
1001.0,0.25195762888209994
1002.0,0.2505447322678209
1003.0,0.25060535421894886
1004.0,0.24968165989191843
1005.0,0.25216805046045365
1006.0,0.2535284720077749
1007.0,0.2556868868542807
1008.0,0.25782871444531763
1009.0,0.2563485811474042
1010.0,0.25582631336247247
1011.0,0.2578005236356262
1012.0,0.25977093753822206
1013.0,0.26149621134773066
1014.0,0.2627595585673613
1015.0,0.2646588407736984
1016.0,0.26582803046961
1017.0,0.2653031152774612
1018.0,0.2664133763743579
1019.0,0.269818856250176
1020.0,0.27076380241787845
1021.0,0.2727713557812257
1022.0,0.274646008692911
1023.0,0.27162188810792537
1024.0,0.2709986190090152
1025.0,0.27192444444856617
1026.0,0.2688001507623087
1027.0,0.26999252535983814
1028.0,0.2731018856874294
1029.0,0.2739179158739968
1030.0,0.27236364595094015
1031.0,0.27538836749982615
1032.0,0.27858499766454464
1033.0,0.27828284265628905
1034.0,0.2796375603707209
1035.0,0.2813763191458776
1036.0,0.2820998969496409
1037.0,0.2835196631075417
1038.0,0.2856372045507387
1039.0,0.2859428377781799
1040.0,0.28533950039007927
1041.0,0.28604706227763943
1042.0,0.2868163042403077
1043.0,0.28803076521462284
1044.0,0.29049872966646734
1045.0,0.2924878931995533
1046.0,0.2927365141375957
1047.0,0.29454938628892735
1048.0,0.2956373889601949
1049.0,0.2956482411614248
1050.0,0.29643648148073876
1051.0,0.29595001883171956
1052.0,0.2957881594514583
1053.0,0.2969598628323863
1054.0,0.2992160893414035
1055.0,0.30202777586293017
1056.0,0.30338942142234177
1057.0,0.3041783059486613
1058.0,0.30481132977459974
1059.0,0.30559293494074935
1060.0,0.30554459856112726
1061.0,0.3056901314536945
1062.0,0.30672718017589967
1063.0,0.30759104248900276
1064.0,0.30830828303973074
1065.0,0.3102407471480562
1066.0,0.3124477926472574
1067.0,0.3125608926508274
1068.0,0.3125237055862724
1069.0,0.3138887254837117
1070.0,0.3147112832677644
1071.0,0.3154626399798391
1072.0,0.3167311989205835
1073.0,0.3178048629727205
1074.0,0.31795289632277457
1075.0,0.3196653278248965
1076.0,0.32236405540129615
1077.0,0.3242958394677204
1078.0,0.3255577712074192
1079.0,0.3255445043939092
1080.0,0.32536594129718116
1081.0,0.32666315079666086
1082.0,0.3278185254788993
1083.0,0.3289917243326494
1084.0,0.3305191470603284
1085.0,0.33191027566826636
1086.0,0.3331821210515361
1087.0,0.3347732463578363
1088.0,0.3365245063754593
1089.0,0.33789745017969286
1090.0,0.33890074223026323
1091.0,0.3401892883739444
1092.0,0.34186565002248653
1093.0,0.3427457134378224
1094.0,0.34358622424295593
1095.0,0.34458459539243547
1096.0,0.344883395335007
1097.0,0.3455518251863794
1098.0,0.3471350597852462
1099.0,0.3484811502170571
1100.0,0.34973660737231754
1101.0,0.3514449264894785
1102.0,0.3538210359703441
1103.0,0.3553443577615539
1104.0,0.3558536144859965
1105.0,0.35775940342498863
1106.0,0.359110187673888
1107.0,0.3594255544233228
1108.0,0.36079648759941446
1109.0,0.3621394617764896
1110.0,0.3626334054866916
1111.0,0.36326162037764737
1112.0,0.3646061840255751
1113.0,0.36669879640545155
1114.0,0.36801141524215897
1115.0,0.36943245699809313
1116.0,0.37085691261775744
1117.0,0.3714024951207921
1118.0,0.3727944023950445
1119.0,0.3749827057475625
1120.0,0.3771945488917251
1121.0,0.3780823531866839
1122.0,0.3791306704648507
1123.0,0.3800924844539665
1124.0,0.3809543051273936
1125.0,0.3831372104594919
1126.0,0.3851839825544728
1127.0,0.3864228210706579
1128.0,0.3869788965859974
1129.0,0.3878817636338767
1130.0,0.3879708303494942
1131.0,0.3891714547718876
1132.0,0.39147558028310653
1133.0,0.39287962353867073
1134.0,0.39413458716427935
1135.0,0.3958621601472837
1136.0,0.39665874734167367
1137.0,0.397146100683792
1138.0,0.3982542039156392
1139.0,0.399172764066348
1140.0,0.4012673979226099
1141.0,0.40349005713460784
1142.0,0.4049398864517515
1143.0,0.40637285287736313
1144.0,0.4077646428090149
1145.0,0.40845919291477834
1146.0,0.40937984305476666
1147.0,0.41085476383545855
1148.0,0.4118992985161907
1149.0,0.4124839367275214
1150.0,0.41293186935165915
1151.0,0.41358605787609165
1152.0,0.41444363948745744
1153.0,0.4155624193091026
1154.0,0.41651822854992454
1155.0,0.41835981229449914
1156.0,0.42015584201511924
1157.0,0.4215556956938158
1158.0,0.42310179847323265
1159.0,0.4242543428219577
1160.0,0.4246108713434586
1161.0,0.42558999760469474
1162.0,0.4266369203320123
1163.0,0.42774471746076326
1164.0,0.42941117079481944
1165.0,0.43060669497945975
1166.0,0.43140642220949016
1167.0,0.43237048945430945
1168.0,0.43381361515307293
1169.0,0.4349384367172182
1170.0,0.43651939132236994
1171.0,0.43857817065593724
1172.0,0.4401372762560221
1173.0,0.441504346816255
1174.0,0.4428514447850924
1175.0,0.44416082740108703
1176.0,0.4451588412568427
1177.0,0.4455417464370754
1178.0,0.4466792192038324
1179.0,0.44801760210918107
1180.0,0.44933817776581814
1181.0,0.4511433777774938
1182.0,0.45285499966983916
1183.0,0.454239713734552
1184.0,0.45551845580168276
1185.0,0.45663791264548387
1186.0,0.45816697957666674
1187.0,0.4595116853438244
1188.0,0.46077140783314013
1189.0,0.4620034750933669
1190.0,0.46318348728457737
1191.0,0.4644413092095055
1192.0,0.4653595805576441
1193.0,0.4669338044006357
1194.0,0.46943662631044014
1195.0,0.4710072682375654
1196.0,0.4722598067433603
1197.0,0.4738002967586464
1198.0,0.4751923684549319
1199.0,0.4760510886127316
1200.0,0.4775767920185153
1201.0,0.479662295902404
1202.0,0.48060597020028994
1203.0,0.481527563100948
1204.0,0.4827043030931292
1205.0,0.4837755415089823
1206.0,0.4848459142256326
1207.0,0.48599560954003507
1208.0,0.4873956411465185
1209.0,0.48887420007612786
1210.0,0.49036219760328587
1211.0,0.492307126899234
1212.0,0.493860907667851
1213.0,0.4951161051171213
1214.0,0.49637999624744156
1215.0,0.4975533621786955
1216.0,0.49874726801501257
1217.0,0.5000164963748204
1218.0,0.5005780118939196
1219.0,0.501470069366927
1220.0,0.5021434233372991
1221.0,0.5033522472987252
1222.0,0.5049767204943109
1223.0,0.5062142633387617
1224.0,0.5073478574729285
1225.0,0.5088079801366869
1226.0,0.5103804899975969
1227.0,0.5117244615622146
1228.0,0.5133712527192481
1229.0,0.5147618812544551
1230.0,0.5155517661957074
1231.0,0.516681354761482
1232.0,0.5178653232970906
1233.0,0.5193609652064881
1234.0,0.5211341807651589
1235.0,0.5224621360490433
1236.0,0.524074964292602
1237.0,0.5260169205237121
1238.0,0.5274586328196325
1239.0,0.5286469841167925
1240.0,0.5300323716572564
1241.0,0.5311763652014465
1242.0,0.5326256190833804
1243.0,0.5345929424079081
1244.0,0.5359360450498168
1245.0,0.5369181388038843
1246.0,0.5381058021940532
1247.0,0.5390803340612907
1248.0,0.5401538545364565
1249.0,0.5411664549558856
1250.0,0.5425636141739208
1251.0,0.5442314805479661
1252.0,0.5458346395999165
1253.0,0.5473061163201565
1254.0,0.5492195916581185
1255.0,0.5504384022630644
1256.0,0.5509061495967753
1257.0,0.552020833495107
1258.0,0.5533053965848863
1259.0,0.5544230813049968
1260.0,0.5556275549130631
1261.0,0.5568394928614282
1262.0,0.5578673560735704
1263.0,0.5590243301765765
1264.0,0.5605226820529087
1265.0,0.5617154360155029
1266.0,0.5624075146085534
1267.0,0.5636312679199859
1268.0,0.5648864783131968
1269.0,0.5665473466432709
1270.0,0.5679918786245979
1271.0,0.5697365483409068
1272.0,0.57123916414608
1273.0,0.5727954813033258
1274.0,0.5736975504529332
1275.0,0.5739847354862231
1276.0,0.5751644379766586
1277.0,0.5760400840446105
1278.0,0.5774302402184919
1279.0,0.5800162868412367
1280.0,0.5818631069138727
1281.0,0.5834054951518676
1282.0,0.5849210332704866
1283.0,0.5864747325984592
1284.0,0.5877688634545647
1285.0,0.5883656908708658
1286.0,0.5896287808299707
1287.0,0.5911279276890419
1288.0,0.592803512369507
1289.0,0.5941458352337342
1290.0,0.5957515716724598
1291.0,0.5972189299240821
1292.0,0.5981569366388381
1293.0,0.5996397527143427
1294.0,0.6017057917917485
1295.0,0.6033071265523392
1296.0,0.6048429935841836
1297.0,0.6062182017168194
1298.0,0.6074398950054851
1299.0,0.6086013518112067
1300.0,0.6092054929822457
1301.0,0.610531009069553
1302.0,0.6122857162040822
1303.0,0.6138687215100829
1304.0,0.6160785694333809
1305.0,0.6177989121312788
1306.0,0.619266217652918
1307.0,0.6202544706496671
1308.0,0.6216616119028607
1309.0,0.6229731822581496
1310.0,0.6244953918912006
1311.0,0.626370507854056
1312.0,0.6278105926334187
1313.0,0.6289646945122821
1314.0,0.6304864549244263
1315.0,0.6321241955531247
1316.0,0.6335266116820663
1317.0,0.6350510348554586
1318.0,0.6364989928325309
1319.0,0.637506701818768
1320.0,0.6388582993915392
1321.0,0.6406626381222637
1322.0,0.6421433016510906
1323.0,0.6436713884469112
1324.0,0.6449493552438474
1325.0,0.6456941499354925
1326.0,0.6468030045108208
1327.0,0.6479948020135657
1328.0,0.6490621074524031
1329.0,0.6505686698843675
1330.0,0.6525276577093566
1331.0,0.6541713001439613
1332.0,0.6561155571921663
1333.0,0.6574397590772845
1334.0,0.6581660907938833
1335.0,0.6594873061988552
1336.0,0.6609000000459211
1337.0,0.6620544642420305
1338.0,0.6634312176303242
1339.0,0.664669238854125
1340.0,0.6652379628774876
1341.0,0.6664334014539707
1342.0,0.6679844221513027
1343.0,0.6696477214260338
1344.0,0.6717612156567311
1345.0,0.6736229001697522
1346.0,0.6751900563856422
1347.0,0.6775241733775598
1348.0,0.6791078638840752
1349.0,0.6803853204882211
1350.0,0.6817866139042102
1351.0,0.6829819693784629
1352.0,0.6842759985166541
1353.0,0.6855605822122546
1354.0,0.6869680778270498
1355.0,0.6885869362528247
1356.0,0.689823895930284
1357.0,0.6909162222175562
1358.0,0.6921294564940774
1359.0,0.6928546102364377
1360.0,0.6941768996800308
1361.0,0.6961160141692393
1362.0,0.6977264169132913
1363.0,0.6995779340181197
1364.0,0.7010927960883159
1365.0,0.7022132539962072
1366.0,0.703461658101582
1367.0,0.7045692321927957
1368.0,0.705806803289436
1369.0,0.7069140801097021
1370.0,0.7079412695964432
1371.0,0.7091962906617637
1372.0,0.7105301319077876
1373.0,0.7116939712388655
1374.0,0.7130670585761391
1375.0,0.71413951948241
1376.0,0.7146811837733478
1377.0,0.7158247276387404
1378.0,0.7172966811840282
1379.0,0.71858653831296
1380.0,0.7199634369049033
1381.0,0.7214229916023148
1382.0,0.722773424186623
1383.0,0.7242273514776949
1384.0,0.7261764919814345
1385.0,0.7276332702532422
1386.0,0.7286775227279677
1387.0,0.7298782077786203
1388.0,0.7309078646524608
1389.0,0.7319694334246671
1390.0,0.732924729403733
1391.0,0.7342667634786091
1392.0,0.7356740225750146
1393.0,0.7371965802539656
1394.0,0.7385357188296676
1395.0,0.7400931916555465
1396.0,0.7414154824213073
1397.0,0.7424778282494329
1398.0,0.7435552789621417
1399.0,0.7446168621574653
1400.0,0.7456703369713529
1401.0,0.746567302467215
1402.0,0.7475482629425424
1403.0,0.7486770809750002
1404.0,0.7496705554986637
1405.0,0.7505410922306155
1406.0,0.7514777530649693
1407.0,0.7524746703739082
1408.0,0.7533547959874621
1409.0,0.7541394644969285
1410.0,0.7549797232947458
1411.0,0.7555601954197395
1412.0,0.7565172568081996
1413.0,0.7576644631092904
1414.0,0.759070156578651
1415.0,0.7603836643438652
1416.0,0.7614735719806527
1417.0,0.7626466300136346
1418.0,0.7635606101056804
1419.0,0.7647851437929709
1420.0,0.7662338793586666
1421.0,0.767589493695656
1422.0,0.7689867564699777
1423.0,0.7703963222086246
1424.0,0.7719033030441302
1425.0,0.7732444118795061
1426.0,0.774438873550877
1427.0,0.7757578429948842
1428.0,0.7771061035548281
1429.0,0.778343771710051
1430.0,0.7797377994461532
1431.0,0.7808938279539763
1432.0,0.7814812747306323
1433.0,0.7826746709102097
1434.0,0.7841271375786487
1435.0,0.7855623590213906
1436.0,0.7876179016325944
1437.0,0.7891563691948168
1438.0,0.7903858116838648
1439.0,0.7914993968608868
1440.0,0.7926044095648954
1441.0,0.793441180260814
1442.0,0.7945833160749572
1443.0,0.7957401308091974
1444.0,0.7969535325947605
1445.0,0.7981727286339538
1446.0,0.7996095622649837
1447.0,0.8011883693886611
1448.0,0.8027417518687014
1449.0,0.8045055337943994
1450.0,0.8060283008119682
1451.0,0.8074175213958428
1452.0,0.8088985566977842
1453.0,0.8104454082319446
1454.0,0.8118010744068883
1455.0,0.8131896113434085
1456.0,0.8143286406268848
1457.0,0.8149877433424373
1458.0,0.8160600003437765
1459.0,0.8170509886579199
1460.0,0.8184084753116646
1461.0,0.8205015971709405
1462.0,0.8219451470101264
1463.0,0.8231198442660997
1464.0,0.824448863978233
1465.0,0.8255275852661933
1466.0,0.8266375383487843
1467.0,0.8279457547172464
1468.0,0.8292749645678381
1469.0,0.8300732687390167
1470.0,0.8310216228805227
1471.0,0.8322624524814483
1472.0,0.833645899023552
1473.0,0.8349982363514612
1474.0,0.8366359029049903
1475.0,0.8379771239468716
1476.0,0.8392329165546973
1477.0,0.8403711488800959
1478.0,0.8412833237154366
1479.0,0.8424831064134443
1480.0,0.8436334891178542
1481.0,0.8449264500322116
1482.0,0.8465260549080869
1483.0,0.8479247813129555
1484.0,0.8491081035630336
1485.0,0.8506053796723393
1486.0,0.8523761473099031
1487.0,0.8539354063936315
1488.0,0.8554867874316665
1489.0,0.8571192126723102
1490.0,0.8586997508191919
1491.0,0.860212362262227
1492.0,0.8619334752841271
1493.0,0.863453080936172
1494.0,0.864605129251976
1495.0,0.8659684666685968
1496.0,0.8676097801271604
1497.0,0.8689013687776136
1498.0,0.8697875486573692
1499.0,0.8711007012820541
1500.0,0.872623599198168
1501.0,0.8738103533386048
1502.0,0.8753361513438269
1503.0,0.8768940974344553
1504.0,0.8782768751878655
1505.0,0.8793009320760609
1506.0,0.8806703688640845
1507.0,0.8822000841266512
1508.0,0.8837579762297474
1509.0,0.8853515162420242
1510.0,0.8869469269584939
1511.0,0.88870887363126
1512.0,0.890266526487024
1513.0,0.891681464932879
1514.0,0.8932187742891049
1515.0,0.8948270178141156
1516.0,0.8962282662641414
1517.0,0.8975143984455242
1518.0,0.8989507659159354
1519.0,0.9003361416000031
1520.0,0.9017178567118048
1521.0,0.9033165059256549
1522.0,0.9046510539112924
1523.0,0.9055123900760788
1524.0,0.9068834829103644
1525.0,0.9085566567770633
1526.0,0.9100620922990236
1527.0,0.9118821254331498
1528.0,0.9134183641371341
1529.0,0.9146404171791919
1530.0,0.9158999463081715
1531.0,0.9169811606958109
1532.0,0.9182997763776644
1533.0,0.9197076050171663
1534.0,0.9211009247089428
1535.0,0.9225892286507658
1536.0,0.924146624851918
1537.0,0.9256195373563095
1538.0,0.9273756907977582
1539.0,0.9287582445961691
1540.0,0.9304116146674276
1541.0,0.9319100921349557
1542.0,0.9331879509769349
1543.0,0.9346323569840757
1544.0,0.9362475093559802
1545.0,0.9376930377433962
1546.0,0.9390249920268342
1547.0,0.9404778721534897
1548.0,0.94203771775678
1549.0,0.9433608838747253
1550.0,0.9445904868038346
1551.0,0.9458465651662691
1552.0,0.9470569971324457
1553.0,0.9480557314486759
1554.0,0.9487692991074748
1555.0,0.9500386485672501
1556.0,0.9512894700649721
1557.0,0.9528037320110815
1558.0,0.9551647944466374
1559.0,0.9567008810540949
1560.0,0.9578214673496832
1561.0,0.9590138443769767
1562.0,0.9598563135580706
1563.0,0.9609649130373568
1564.0,0.9622863551634244
1565.0,0.9634168852455353
1566.0,0.9643047790745874
1567.0,0.9655718591685399
1568.0,0.9670642093345788
1569.0,0.9683553423490835
1570.0,0.9699356559870094
1571.0,0.9712502506027708
1572.0,0.97209535734903
1573.0,0.9732063448873227
1574.0,0.9745254245815974
1575.0,0.9756384749747089
1576.0,0.976776859080766
1577.0,0.9777722800721184
1578.0,0.9783322396632914
1579.0,0.9792944936611897
1580.0,0.9804146147919034
1581.0,0.9815562351087812
1582.0,0.9828601461436786
1583.0,0.9842980750617921
1584.0,0.9858341347274681
1585.0,0.9873577515247958
1586.0,0.9893280797225802
1587.0,0.990851005087469
1588.0,0.9920637077330239
1589.0,0.9932158565733271
1590.0,0.9942035508122092
1591.0,0.9947965941682546
1592.0,0.9958986380058664
1593.0,0.9971002710495177
1594.0,0.9983715032343117
1595.0,0.9999773976338686
1596.0,1.0011067868038221
1597.0,1.002058495179458
1598.0,1.0030586753764998
1599.0,1.0037234906550974
1600.0,1.0049789573005405
1601.0,1.0065492046447524
1602.0,1.0079591761573221
1603.0,1.0096004090135515
1604.0,1.011103661294427
1605.0,1.0125105732702304
1606.0,1.0138721945391294
1607.0,1.0152449942342467
1608.0,1.0166393505716989
1609.0,1.0179906938313152
1610.0,1.0192057846532643
1611.0,1.0203615891139155
1612.0,1.0216591090499232
1613.0,1.0228823594820702
1614.0,1.0240877869660756
1615.0,1.0254970291248555
1616.0,1.0267339388710406
1617.0,1.027684258807015
1618.0,1.0288559175062502
1619.0,1.0301798032866996
1620.0,1.0314100709381844
1621.0,1.0326918362059938
1622.0,1.033848134238483
1623.0,1.0348668015776195
1624.0,1.0360214709904032
1625.0,1.0373828400907712
1626.0,1.0382414721384852
1627.0,1.0389495660124584
1628.0,1.0395847424286806
1629.0,1.0395531236763356
1630.0,1.040179852313147
1631.0,1.0410205542211173
1632.0,1.0421166367419075
1633.0,1.0438669132648362
1634.0,1.0450201099148448
1635.0,1.046097436218131
1636.0,1.0471480047857389
1637.0,1.0477088023738106
1638.0,1.0486550111225932
1639.0,1.0499377121516387
1640.0,1.051039074657533
1641.0,1.0520541219717594
1642.0,1.0532582424707484
1643.0,1.0546390660397356
1644.0,1.0558267054936836
1645.0,1.0572284793508964
1646.0,1.0582023559528708
1647.0,1.0588262597813227
1648.0,1.0593559575656935
1649.0,1.0593795836919282
1650.0,1.0599080483341012
1651.0,1.0605574442461763
1652.0,1.0612598295326532
1653.0,1.0621308831435021
1654.0,1.0632461055269915
1655.0,1.064718667291378
1656.0,1.0657698248729417
1657.0,1.0670568539837864
1658.0,1.0679341851811412
1659.0,1.067883414637329
1660.0,1.0685930996179616
1661.0,1.0695636836678526
1662.0,1.0705977444071944
1663.0,1.0723085775197125
1664.0,1.0733879124087249
1665.0,1.0739556358014917
1666.0,1.0749277046631902
1667.0,1.0757557107232434
1668.0,1.076732700641886
1669.0,1.078271366293141
1670.0,1.079381014333028
1671.0,1.0801976855358397
1672.0,1.0811042546311387
1673.0,1.0818073477303467
1674.0,1.0826803561957088
1675.0,1.0834305455771163
1676.0,1.084568790955713
1677.0,1.0864239344351647
1678.0,1.0875432089108494
1679.0,1.0883956074263934
1680.0,1.0894670980703371
1681.0,1.0896481751379197
1682.0,1.090852947622137
1683.0,1.0931869537242447
1684.0,1.0950368217745046
1685.0,1.0973357697491135
1686.0,1.0991783942058209
1687.0,1.1003505205249582
1688.0,1.101879835852384
1689.0,1.1034450224799777
1690.0,1.105012301268972
1691.0,1.1069017706151514
1692.0,1.1084418007576278
1693.0,1.1096907835001444
1694.0,1.111078244099752
1695.0,1.1124726164801302
1696.0,1.1137092316262933
1697.0,1.1149458408087591
1698.0,1.1160054885674713
1699.0,1.1164671602442526
1700.0,1.117583011589021
1701.0,1.1192926876234977
1702.0,1.1205747589534418
1703.0,1.1220395165343386
1704.0,1.123267968712618
1705.0,1.1238714075779506
1706.0,1.124837294331685
1707.0,1.1260130668352617
1708.0,1.1271594432234464
1709.0,1.1286814837211632
1710.0,1.129594315851991
1711.0,1.1299138308267056
1712.0,1.1308598819750622
1713.0,1.1316623320177295
1714.0,1.1326069565379702
1715.0,1.1343913282230307
1716.0,1.1353810993584976
1717.0,1.1355810992103066
1718.0,1.1365591473114534
1719.0,1.1378692109348092
1720.0,1.1387883410043618
1721.0,1.13998457300266
1722.0,1.1407684701228995
1723.0,1.1407513886446983
1724.0,1.1414393557697076
1725.0,1.1424311347738276
1726.0,1.1432996968056282
1727.0,1.1443309802876218
1728.0,1.1453947017264174
1729.0,1.1463258287368214
1730.0,1.1475172630126056
1731.0,1.1491805751508086
1732.0,1.1504548022862766
1733.0,1.151865862385981
1734.0,1.1527284071303745
1735.0,1.1528465289914769
1736.0,1.1534462749501233
1737.0,1.1539227547302675
1738.0,1.1548388861611685
1739.0,1.1563184635106947
1740.0,1.1575595632538824
1741.0,1.1587484048881829
1742.0,1.159717649335622
1743.0,1.1607288779709042
1744.0,1.1615627243930473
1745.0,1.1620395854399184
1746.0,1.1627997627094055
1747.0,1.1637103669440587
1748.0,1.1644018627441441
1749.0,1.1648586843189817
1750.0,1.1659715478988066
1751.0,1.1674450831389707
1752.0,1.1683389349486621
1753.0,1.1697446707067547
1754.0,1.1703672472020594
1755.0,1.169832768211736
1756.0,1.170203509076503
1757.0,1.1707090765101538
1758.0,1.1711678312404805
1759.0,1.1724803940372353
1760.0,1.1728460191912715
1761.0,1.17306607536178
1762.0,1.1741189859144388
1763.0,1.1753207462516886
1764.0,1.1777139017126248
1765.0,1.1799922707574513
1766.0,1.1814764725952147
1767.0,1.1824522679218348
1768.0,1.183194307055655
1769.0,1.1848045926173898
1770.0,1.1865517369361949
1771.0,1.1877633851725928
1772.0,1.1880654020013206
1773.0,1.1878907973211223
1774.0,1.187913105750619
1775.0,1.1883893121456346
1776.0,1.1893269609125305
1777.0,1.1901362092922172
1778.0,1.1907321808198348
1779.0,1.1914722286445678
1780.0,1.1925196073025472
1781.0,1.1937168213412412
1782.0,1.1949446676540973
1783.0,1.1967390657625923
1784.0,1.1989211614123871
1785.0,1.2006050209402874
1786.0,1.202703740969399
1787.0,1.2042002588649579
1788.0,1.204582929967496
1789.0,1.2059346306865053
1790.0,1.2062494973784728
1791.0,1.2066294335503895
1792.0,1.206723456543308
1793.0,1.2074077966799628
1794.0,1.208724176450503
1795.0,1.2095521390827308
1796.0,1.210930250800344
1797.0,1.2113471091291197
1798.0,1.2105630665522422
1799.0,1.2108244748549433
1800.0,1.211092693714389
1801.0,1.2064437594700277
1802.0,1.2077001979002309
1803.0,1.2087682678639895
1804.0,1.2105148573015654
1805.0,1.2135329760853029
1806.0,1.2151031680013207
1807.0,1.215918128221628
1808.0,1.2175836660905757
1809.0,1.2194253280512803
1810.0,1.220654876158537
1811.0,1.2221735759562182
1812.0,1.2232653711227564
1813.0,1.2244405526794078
1814.0,1.2258753594762086
1815.0,1.2272125722479421
1816.0,1.2287989112724247
1817.0,1.2309124191445622
1818.0,1.2343436019948484
1819.0,1.2350566218062795
1820.0,1.234730987398529
1821.0,1.2353891091268367
1822.0,1.2347047116310177
1823.0,1.233689275161818
1824.0,1.234788367344734
1825.0,1.234873782116273
1826.0,1.235824974509902
1827.0,1.2364815188606393
1828.0,1.2377534754810646
1829.0,1.2403863084844333
1830.0,1.2424063092870485
1831.0,1.2448761670603883
1832.0,1.2460731164689771
1833.0,1.2459851245104365
1834.0,1.2463798085994948
1835.0,1.2473882973930754
1836.0,1.2474966276748496
1837.0,1.249034613160441
1838.0,1.2527789232057769
1839.0,1.2550186535063155
1840.0,1.2573046249573638
1841.0,1.2586006475797924
1842.0,1.260609061634402
1843.0,1.2611226494313696
1844.0,1.2591260429251956
1845.0,1.2589514816206544
1846.0,1.2593891901168686
1847.0,1.2594288137107872
1848.0,1.2602786202029934
1849.0,1.2632993011365585
1850.0,1.2645024084826955
1851.0,1.2653561270605678
1852.0,1.2650806926650464
1853.0,1.2636180275788975
1854.0,1.263819337984061
1855.0,1.2640082082168607
1856.0,1.2633489872910888
1857.0,1.2635943288034417
1858.0,1.265212862230428
1859.0,1.2656650460344439
1860.0,1.265721127417239
1861.0,1.2660958335332402
1862.0,1.265616163143042
1863.0,1.2639287569785373
1864.0,1.2634818389458509
1865.0,1.2641634298119182
1866.0,1.2637128053663007
1867.0,1.2645046782905305
1868.0,1.2646513244765485
1869.0,1.263382274096317
1870.0,1.263062524706466
1871.0,1.2637736075320016
1872.0,1.263394995883125
1873.0,1.2630574487168875
1874.0,1.2627831518971375
1875.0,1.2614986849078422
1876.0,1.260803049147437
1877.0,1.259410879871054
1878.0,1.2578645718788464
1879.0,1.2564644438091854
1880.0,1.2553368216322627
1881.0,1.2532177487741083
1882.0,1.2509171496818756
1883.0,1.2483356418383802
1884.0,1.2442122624058105
1885.0,1.2401597778041544
1886.0,1.2371508607531823
1887.0,1.23316859933565
1888.0,1.22954005774417
1889.0,1.224683552612054
1890.0,1.2196143605760341
1891.0,1.2138154758718191
1892.0,1.2080523987881944
1893.0,1.2016219355300022
1894.0,1.1974694776212313
1895.0,1.192103225239262
1896.0,1.1866965375850194
1897.0,1.182768370615896
1898.0,1.1766593886595382
1899.0,1.1707542253503802
1900.0,1.1657566582212102
1901.0,1.1609518727560428
1902.0,1.1559887724909121
1903.0,1.151733891172783
1904.0,1.1481329398312259
1905.0,1.1433057277331178
1906.0,1.1377299556715983
1907.0,1.1329918168735478
1908.0,1.1278429233300644
1909.0,1.124142441982981
1910.0,1.121733440762353
1911.0,1.1188598556530078
1912.0,1.1159281856114598
1913.0,1.1132295108113814
1914.0,1.1103130777936012
1915.0,1.1081483369571785
1916.0,1.1067243105770983
1917.0,1.1065789438340625
1918.0,1.1083517603204902
1919.0,1.1092916531716082
1920.0,1.110420735072856
1921.0,1.1117741942808277
1922.0,1.110181843214831
1923.0,1.1088687920441627
1924.0,1.1087434062061825
1925.0,1.108719749389007
1926.0,1.1081222946693718
1927.0,1.1101431312413725
1928.0,1.1121578413261477
1929.0,1.1120477181513533
1930.0,1.1133317820194555
1931.0,1.1147779539433793
1932.0,1.1152650133370325
1933.0,1.1168026431055333
1934.0,1.1187179733109034
1935.0,1.1207990573147897
1936.0,1.1230517814163874
1937.0,1.1249971039793634
1938.0,1.127084154242935
1939.0,1.128998203618832
1940.0,1.1302730448698464
1941.0,1.1311141479919287
1942.0,1.1327500452521906
1943.0,1.134663720453184
1944.0,1.1362984860384238
1945.0,1.1398589427258512
1946.0,1.1435953870186781
1947.0,1.1451358855931104
1948.0,1.1463441073144245
1949.0,1.1466435492977214
1950.0,1.1468875260785545
1951.0,1.147107297643568
1952.0,1.1487997755853563
1953.0,1.152151679077638
1954.0,1.154465403527749
1955.0,1.157239260130681
1956.0,1.1598274096834225
1957.0,1.1608502253865565
1958.0,1.1624150383225855
1959.0,1.1637677515724818
1960.0,1.1637170645088473
1961.0,1.1653597092322676
1962.0,1.1680953285155729
1963.0,1.1705424082521971
1964.0,1.1731729972783334
1965.0,1.1755330311009586
1966.0,1.1775670670001328
1967.0,1.1793800901453937
1968.0,1.1813631767640114
1969.0,1.1842901944751798
1970.0,1.185380121257282
1971.0,1.1863855820411142
1972.0,1.1881377468313923
1973.0,1.1896880147489453
1974.0,1.191050200791757
1975.0,1.1931730185473057
1976.0,1.195221986550457
1977.0,1.1958472418758455
1978.0,1.1967266018171274
1979.0,1.1979929422413012
1980.0,1.199302641885557
1981.0,1.2002909485387752
1982.0,1.2021987061907515
1983.0,1.2036233590982988
1984.0,1.2045207827991182
1985.0,1.2067382298804823
1986.0,1.21055723293543
1987.0,1.2128596422355746
1988.0,1.2149984149312039
1989.0,1.2177289145153596
1990.0,1.219617744992229
1991.0,1.2200582764129577
1992.0,1.2218940529342412
1993.0,1.2245216755320287
1994.0,1.2256050734723676
1995.0,1.2282484787545842
1996.0,1.2305532930328105
1997.0,1.2321955153346358
1998.0,1.2344182959869954
1999.0,1.2379408617695993
2000.0,1.2397057379471865
2001.0,1.2403820534155867
2002.0,1.2426045377290869
2003.0,1.242965388066158
2004.0,1.243904901200994
2005.0,1.245800762988653
2006.0,1.2467019947441402
2007.0,1.2486517521452505
2008.0,1.2493237715703371
2009.0,1.2499327744828737
2010.0,1.2499575156691918
2011.0,1.2513233508033066
2012.0,1.2520977477571211
2013.0,1.2545206752869253
2014.0,1.2592517912955503
2015.0,1.2622836901631707
2016.0,1.264668426124003
2017.0,1.2679775878804274
2018.0,1.269692502753202
2019.0,1.2709046961547115
2020.0,1.2726474792803935
2021.0,1.2747809813051278
2022.0,1.2761059958598688
2023.0,1.27753243412688
2024.0,1.279235590999183
2025.0,1.2808851352930086
2026.0,1.2821486311114356
2027.0,1.2836877689710202
2028.0,1.2854097817994568
2029.0,1.2867634718643255
2030.0,1.2884265923818734
2031.0,1.2908578714664598
2032.0,1.2922570125356523
2033.0,1.2940320504935112
2034.0,1.296153311659851
2035.0,1.2979524959765458
2036.0,1.3000406039659094
2037.0,1.3015754509978321
2038.0,1.3026613662195083
2039.0,1.3038500425153716
2040.0,1.3046814120721943
2041.0,1.3055636516642597
2042.0,1.3061530433181445
2043.0,1.3069901776209571
2044.0,1.308078395313348
2045.0,1.309184705336388
2046.0,1.3099126940387187
2047.0,1.3111278377637072
2048.0,1.3113659591448081
2049.0,1.311280710898533
2050.0,1.3107341416583567
2051.0,1.3102302480664039
2052.0,1.3111831177767568
2053.0,1.3137606479383785
2054.0,1.3147244312357778
2055.0,1.316458492486524
2056.0,1.3172649800660081
2057.0,1.31589608327412
2058.0,1.3157378118020104
2059.0,1.3161144862766616
2060.0,1.3167798935107677
2061.0,1.3170392572958538
2062.0,1.3165601860591203
2063.0,1.317734599969294
2064.0,1.3205564812633304
2065.0,1.3234637277683086
2066.0,1.3261731760293822
2067.0,1.3286032700967814
2068.0,1.331089750086333
2069.0,1.3320307597490602
2070.0,1.3318357749319825
2071.0,1.3326340189482233
2072.0,1.332342510560061
2073.0,1.3328700790036845
2074.0,1.3339854301022045
2075.0,1.3361476562631982
2076.0,1.3373858600837278
2077.0,1.3372749149899457
2078.0,1.3384204236436443
2079.0,1.33843009445476
2080.0,1.339924165674271
2081.0,1.3417445959622063
2082.0,1.3426424880658758
2083.0,1.3434332507966755
2084.0,1.3440682460078694
2085.0,1.3437909754145363
2086.0,1.344064247844569
2087.0,1.3445099764031745
2088.0,1.344975586656688
2089.0,1.3457497491739334
2090.0,1.3458623944049557
2091.0,1.3460079909165612
2092.0,1.3461273743554794
2093.0,1.3464931746505167
2094.0,1.3473684989583665
2095.0,1.3472829740006085
2096.0,1.3479378993496909
2097.0,1.3485608598954726
2098.0,1.3483837173481636
2099.0,1.34926927399025
2100.0,1.3508599982579004
2101.0,1.352324656388737
2102.0,1.3546346373098141
2103.0,1.3559057458916397
2104.0,1.3582291488928009
2105.0,1.3586768469173434
2106.0,1.3569260461381498
2107.0,1.3556591782013532
2108.0,1.3551676259626633
2109.0,1.3537096509734976
2110.0,1.3565692886321676
2111.0,1.3588966358106764
2112.0,1.3605991375145106
2113.0,1.362874518954132
2114.0,1.3641749692756875
2115.0,1.3646297824571583
2116.0,1.3652712012264017
2117.0,1.3650797421197776
2118.0,1.3661730081645809
2119.0,1.3680785631592827
2120.0,1.3685127259992147
2121.0,1.3695084838231042
2122.0,1.3696266034514766
2123.0,1.3670344943762929
2124.0,1.3665256345994565
2125.0,1.3667199725839156
2126.0,1.3672554216166275
2127.0,1.3697770137624166
2128.0,1.3738493521685822
2129.0,1.3750395638561663
2130.0,1.3750657483876563
2131.0,1.3752260057643355
2132.0,1.3728591199236209
2133.0,1.3710401514943014
2134.0,1.369685599994222
2135.0,1.3685886937402825
2136.0,1.3655656731596848
2137.0,1.3648404673064305
2138.0,1.366301074225153
2139.0,1.3669081165013688
2140.0,1.368756450483483
2141.0,1.3694047385573984
2142.0,1.3695237469661734
2143.0,1.3691253601868927
2144.0,1.3681416724213886
2145.0,1.3670232604820924
2146.0,1.3667601227166282
2147.0,1.3656981596100732
2148.0,1.366536496815889
2149.0,1.367979590494473
2150.0,1.3686260653322089
2151.0,1.3705637766248375
2152.0,1.3705543241034228
2153.0,1.3680000877945067
2154.0,1.3678388871905611
2155.0,1.3677396720821815
2156.0,1.3686990223788746
2157.0,1.3721157838672433
2158.0,1.3734941666863871
2159.0,1.3751281359891867
2160.0,1.374751418615306
2161.0,1.37196368890663
2162.0,1.3705783534775742
2163.0,1.3681545350055984
2164.0,1.3664424425505477
2165.0,1.3672976345092438
2166.0,1.368524359242861
2167.0,1.3720052505870506
2168.0,1.374557834655472
2169.0,1.3748804114052524
2170.0,1.3751792074544884
2171.0,1.3752025055389723
2172.0,1.373603810948832
2173.0,1.3730993284658175
2174.0,1.3730770261243195
2175.0,1.3731861275891997
2176.0,1.3730910597750414
2177.0,1.3735322259842109
2178.0,1.375062571310594
2179.0,1.3754850606499405
2180.0,1.3756868508863658
2181.0,1.3756146672341478
2182.0,1.3745068132434883
2183.0,1.3744875895534614
2184.0,1.375397869668452
2185.0,1.374919960133153
2186.0,1.3752552949046655
2187.0,1.375600249275264
2188.0,1.3752317716309976
2189.0,1.3756479600213178
2190.0,1.3743452861744878
2191.0,1.3723704119959061
2192.0,1.3703623315714533
2193.0,1.3674823846134605
2194.0,1.36723679283438
2195.0,1.3691972185312669
2196.0,1.3704671459648732
2197.0,1.374453758667083
2198.0,1.3742731282358789
2199.0,1.3718408042714278
2200.0,1.3697363264134836
2201.0,1.363273479096524
2202.0,1.3619952599289527
2203.0,1.3640285874674114
2204.0,1.3652838791856574
2205.0,1.3681196435963885
2206.0,1.3724037149450352
2207.0,1.374505036006157
2208.0,1.3736596136437818
2209.0,1.3751378819363664
2210.0,1.3757561345282852
2211.0,1.3750798283819465
2212.0,1.3738266835297561
2213.0,1.3704400739930633
2214.0,1.3691464052741418
2215.0,1.3705861466540121
2216.0,1.3733738482000908
2217.0,1.3756441020671202
2218.0,1.3802642814493444
2219.0,1.3811278810994192
2220.0,1.3792463589579824
2221.0,1.3793342965483126
2222.0,1.3787611366258556
2223.0,1.3791865612716419
2224.0,1.381634734690542
2225.0,1.382086892594719
2226.0,1.38167612413004
2227.0,1.3808685038532464
2228.0,1.3781061559727692
2229.0,1.3775131127843543
2230.0,1.3783943828782617
2231.0,1.3774438569705147
2232.0,1.3765226629760263
2233.0,1.3761055118191836
2234.0,1.3722073239582568
2235.0,1.3718458074058566
2236.0,1.3735544690624975
2237.0,1.3748335913739391
2238.0,1.3798995932954172
2239.0,1.3836575905459898
2240.0,1.384625537840895
2241.0,1.3860354404287485
2242.0,1.3841585214870364
2243.0,1.381525778886449
2244.0,1.3798558497247957
2245.0,1.3778576872761108
2246.0,1.376207644199942
2247.0,1.3736769364608974
2248.0,1.3729840950582006
2249.0,1.3750178859540019
2250.0,1.373254532339252
2251.0,1.370118585899191
2252.0,1.3696081724365698
2253.0,1.3663138707586822
2254.0,1.3667824537873976
2255.0,1.3722465287753816
2256.0,1.374646857306424
2257.0,1.3788839968762707
2258.0,1.3795269155113208
2259.0,1.3766429947715566
2260.0,1.3762927371662965
2261.0,1.3762764867878001
2262.0,1.3723085283039085
2263.0,1.371962437097452
2264.0,1.3693528736766984
2265.0,1.3659605671802328
2266.0,1.3640331790227171
2267.0,1.3636871768084444
2268.0,1.3640052036072394
2269.0,1.3572446034236698
2270.0,1.3539408098874761
2271.0,1.3523445823620288
2272.0,1.3489660303134454
2273.0,1.3519956228718413
2274.0,1.352986072069484
2275.0,1.3518512945409036
2276.0,1.3518454120131822
2277.0,1.3524085226691689
2278.0,1.3533081093158594
2279.0,1.3553032295525012
2280.0,1.358154439951737
2281.0,1.361363216507759
2282.0,1.367748006977133
2283.0,1.3682036425831998
2284.0,1.3663091845757667
2285.0,1.3640066208041735
2286.0,1.3550345585940773
2287.0,1.3521745182650993
2288.0,1.3524701211822867
2289.0,1.3532392013663168
2290.0,1.359365681528798
2291.0,1.3603514915146957
2292.0,1.358164741011062
2293.0,1.358084684233898
2294.0,1.355187146788244
2295.0,1.3543897956994833
2296.0,1.3577466401959974
2297.0,1.3580646898509046
2298.0,1.3536555507892294
2299.0,1.3517447598899617
2300.0,1.3502028437529543
2301.0,1.3497653831126366
2302.0,1.3494095076134272
2303.0,1.3485111708285182
2304.0,1.3484503295273682
2305.0,1.3433404835718823
2306.0,1.3419912362021051
2307.0,1.3441897097817581
2308.0,1.341070294303379
2309.0,1.3414066168593766
2310.0,1.3463784973517208
2311.0,1.3489453420440753
2312.0,1.3503649996436509
2313.0,1.3534404960618784
2314.0,1.355823491069604
2315.0,1.3567084250869323
2316.0,1.3581190762299693
2317.0,1.3611030106323145
2318.0,1.360661634703125
2319.0,1.3591253761023832
2320.0,1.3583563841730069
2321.0,1.355953938386587
2322.0,1.3563634324940292
2323.0,1.3592778733127902
2324.0,1.358924498665438
2325.0,1.358844450434462
2326.0,1.3601896846521493
2327.0,1.358199387197377
2328.0,1.3630076880702533
2329.0,1.3762779557367883
2330.0,1.3805983845576026
2331.0,1.384241594296933
2332.0,1.3841478816541732
2333.0,1.3754107928282642
2334.0,1.3719989716601704
2335.0,1.3711899512588512
2336.0,1.3681514381636768
2337.0,1.362341486269367
2338.0,1.3603923712817665
2339.0,1.3590462628164082
2340.0,1.3610985983103492
2341.0,1.3722640752283288
2342.0,1.3764181550138221
2343.0,1.3770197707332896
2344.0,1.3760617909222959
2345.0,1.369083415296651
2346.0,1.3656864352906042
2347.0,1.3611433140843965
2348.0,1.3637860045463392
2349.0,1.3710719512127172
2350.0,1.3710546933827197
2351.0,1.3738680715376008
2352.0,1.3750582098524609
2353.0,1.3675400478516802
2354.0,1.3662947834421941
2355.0,1.3635904210202623
2356.0,1.3602354357842794
2357.0,1.3528742720387346
2358.0,1.3484376056525604
2359.0,1.3582239964612803
2360.0,1.3592849097406066
2361.0,1.3668704756390413
2362.0,1.3792907140763897
2363.0,1.3762685107748207
2364.0,1.372415617827585
2365.0,1.3697137761842195
2366.0,1.3625825551943767
2367.0,1.3568313242288552
2368.0,1.356202367213552
2369.0,1.3556185947770265
2370.0,1.3568320534927618
2371.0,1.3623696969850136
2372.0,1.3654763131753556
2373.0,1.3615286015117427
2374.0,1.355589174545137
2375.0,1.3452576914438648
2376.0,1.338023562037939
2377.0,1.3382237699553619
2378.0,1.341199161269711
2379.0,1.3476464858216928
2380.0,1.347182148495221
2381.0,1.3452190431687383
2382.0,1.347408138963205
2383.0,1.3505686577808622
2384.0,1.3503077609894036
2385.0,1.348229386629629
2386.0,1.3491609922457801
2387.0,1.3484980823700494
2388.0,1.346424672088586
2389.0,1.3435194865336086
2390.0,1.3431961892513355
2391.0,1.33898487118207
2392.0,1.32836613097633
2393.0,1.3233688172182312
2394.0,1.318775355427217
2395.0,1.312546409587163
2396.0,1.31172505321781
2397.0,1.3107327567031368
2398.0,1.3087129431038103
2399.0,1.3055925394075871
2400.0,1.301389405566609
2401.0,1.2991786854744762
2402.0,1.2982445682847799
2403.0,1.2900238822435743
2404.0,1.2737962415302202
2405.0,1.268644225018146
2406.0,1.2712358479833772
2407.0,1.2809803719653927
2408.0,1.2992697030432647
2409.0,1.3028794460771342
2410.0,1.2884482084932714
2411.0,1.2637340695244756
2412.0,1.2505472034159164
2413.0,1.2520364728134745
2414.0,1.2525814939028979
2415.0,1.2650415305738092
2416.0,1.2757735027717112
2417.0,1.2775839265924092
2418.0,1.2829043441161931
2419.0,1.276926384059165
2420.0,1.267463286598693
2421.0,1.2596515160678468
2422.0,1.2423490214052766
2423.0,1.2355938382604361
2424.0,1.2433201036918264
2425.0,1.2470255941139312
2426.0,1.26288033831166
2427.0,1.284364325191501
2428.0,1.2828960595238643
2429.0,1.2954387012804969
2430.0,1.3024659902562057
2431.0,1.2924249019376706
2432.0,1.30457610079564
2433.0,1.2920215293204431
2434.0,1.2874451267320424
2435.0,1.3003536272893288
2436.0,1.2872101670161515
2437.0,1.2930788339600707
2438.0,1.2862105731273843
2439.0,1.25767260825063
2440.0,1.25260555214416
2441.0,1.2530236103598675
2442.0,1.2521312129877475
2443.0,1.2540111175361963
2444.0,1.2507823432802416
2445.0,1.223137190858992
2446.0,1.1936310076536647
2447.0,1.1837821455655202
2448.0,1.1877375336035316
2449.0,1.2137251534345728
2450.0,1.2485129786185847
2451.0,1.288704956978444
2452.0,1.3047566938507538
2453.0,1.304933072478876
2454.0,1.2895336061670815
2455.0,1.2556009953992304
2456.0,1.254644672118279
2457.0,1.2434535950460983
2458.0,1.2400842633182865
2459.0,1.2549225619489393
2460.0,1.2397531262443517
2461.0,1.2518001195146868
2462.0,1.263037805089315
2463.0,1.2442158033776767
2464.0,1.2562768100132902
2465.0,1.2390830192185498
2466.0,1.232977765289945
2467.0,1.2672428749536822
2468.0,1.2660344171266293
2469.0,1.2871391710538183
2470.0,1.2829196915341736
2471.0,1.2433210678500652
2472.0,1.2300502611921844
2473.0,1.2107141638554493
2474.0,1.20064133976685
2475.0,1.21087658434489
2476.0,1.2168423334169431
2477.0,1.2169896327976801
2478.0,1.215942235741116
2479.0,1.2255818228345088
2480.0,1.2238126351984056
2481.0,1.2125720156822442
2482.0,1.209897631087324
2483.0,1.2058700971581091
2484.0,1.1939627294278718
2485.0,1.171004103331148
2486.0,1.1560734479334502
2487.0,1.1439057841723106
2488.0,1.142413329403851
2489.0,1.1555182168825908
2490.0,1.1806346666807652
2491.0,1.2123769314645336
2492.0,1.2355360525992471
2493.0,1.2892362895281049
2494.0,1.2718438763942472
2495.0,1.196584267176573
2496.0,1.1855483342656814
2497.0,1.1651039492274382
2498.0,1.1654816238763739
2499.0,1.2319693221039798
2500.0,1.195991312503766
