350.0,-0.029037128426492018
351.0,-0.03153413596075525
352.0,-0.06132256120834314
353.0,-0.096201370247146
354.0,-0.10337022161431146
355.0,-0.04644340698967559
356.0,0.03671506560974896
357.0,0.01504019044637102
358.0,-0.0004580788444105696
359.0,-0.006971135847111171
360.0,-0.0320909504087987
361.0,-0.003212904344970304
362.0,-0.0033249651945488168
363.0,-0.014584292596850183
364.0,0.015946517363411353
365.0,0.010903956753155565
366.0,-0.001545764055936992
367.0,-0.008956626447385688
368.0,-0.016875783515974126
369.0,-0.00762898254484011
370.0,0.003339020298360539
371.0,0.013779150881875283
372.0,0.037123853349051515
373.0,0.03351376690147777
374.0,0.018013083701692013
375.0,0.002364007832897021
376.0,-0.02626317484569961
377.0,-0.012982514911156517
378.0,0.014358740500490474
379.0,0.02401119334464678
380.0,0.021185118487780562
381.0,0.018637429181600232
382.0,0.017882784332288883
383.0,0.016840039634003268
384.0,0.018128607513271305
385.0,0.02314152764144093
386.0,0.027623651279949007
387.0,0.025928324076409028
388.0,0.02020288031166277
389.0,0.019035124705279162
390.0,0.02349416044997228
391.0,0.027381865274576783
392.0,0.025188891603049515
393.0,0.026767029569308876
394.0,0.03308535233516496
395.0,0.029182116749476045
396.0,0.02537252035595151
397.0,0.02683478578090926
398.0,0.032125141831062284
399.0,0.02690759629380062
400.0,0.024397343361949816
401.0,0.026611971668665205
402.0,0.03190170285778516
403.0,0.04366153128260052
404.0,0.03668966493184071
405.0,0.023106964088456697
406.0,0.030215841116286897
407.0,0.03422187084917117
408.0,0.03690617052754114
409.0,0.036535836837710875
410.0,0.027338875778273142
411.0,0.029356542695810346
412.0,0.03689934271508544
413.0,0.04128260965918669
414.0,0.036067644258533794
415.0,0.03302455637400692
416.0,0.033387377932263936
417.0,0.035515650034278375
418.0,0.0393382424076886
419.0,0.039378993381693726
420.0,0.038037461730466245
421.0,0.03964601140829045
422.0,0.038204227716370165
423.0,0.03682409154272361
424.0,0.03646318578984263
425.0,0.03595725626790711
426.0,0.03802053513318265
427.0,0.03935539266113935
428.0,0.03832018201108785
429.0,0.036911366394580265
430.0,0.03751753723440427
431.0,0.03959107220070087
432.0,0.041484946940404284
433.0,0.04101881318121959
434.0,0.04047975318733369
435.0,0.040326341869169016
436.0,0.04009309512860641
437.0,0.0393835463705018
438.0,0.03946635881890057
439.0,0.03986827453975373
440.0,0.03878076157083478
441.0,0.04071047155166957
442.0,0.0420461479661939
443.0,0.04076491228595978
444.0,0.03983924376775302
445.0,0.03944929583962342
446.0,0.03936755303425227
447.0,0.03939704730719388
448.0,0.040289540585935986
449.0,0.04157273611311014
450.0,0.04175831179395933
451.0,0.03955536309897229
452.0,0.03923939122421746
453.0,0.039386083167271525
454.0,0.03944259353804416
455.0,0.0405842388707694
456.0,0.04151922073788201
457.0,0.04141871321866598
458.0,0.04029832692270348
459.0,0.03967643451308497
460.0,0.0410778754807562
461.0,0.04219911510949848
462.0,0.04035674971329619
463.0,0.039796648193923576
464.0,0.04031063178434347
465.0,0.04128178612998042
466.0,0.04194596379716237
467.0,0.04129379339721319
468.0,0.04135814055983978
469.0,0.0426357176303599
470.0,0.04182629757944147
471.0,0.0420267950457045
472.0,0.04253919496506493
473.0,0.04198655297080499
474.0,0.04102387384476951
475.0,0.04084826938126415
476.0,0.04150836397307451
477.0,0.04220101743481515
478.0,0.042346703633395336
479.0,0.042400799503045
480.0,0.04249172487191042
481.0,0.042065219865841275
482.0,0.041518926229959834
483.0,0.04156723760795024
484.0,0.04244908918804963
485.0,0.04284824551669213
486.0,0.04192203570043759
487.0,0.04127639646072615
488.0,0.043109851094015085
489.0,0.04307452993865866
490.0,0.04253914108817015
491.0,0.04232987699413488
492.0,0.04184326455212259
493.0,0.04240600199115626
494.0,0.043089636600651224
495.0,0.04314929295867624
496.0,0.044047084453378856
497.0,0.04414988573620579
498.0,0.04320131610443198
499.0,0.0420171702182365
500.0,0.04343154597735351
501.0,0.04483489150540559
502.0,0.04498160851588808
503.0,0.044795745831273256
504.0,0.0443217755626004
505.0,0.044003776404053785
506.0,0.044046973341409036
507.0,0.043813125996856626
508.0,0.04421369976551753
509.0,0.04499629781873322
510.0,0.045462618102817
511.0,0.04614722132206689
512.0,0.0457899645594852
513.0,0.044703856174360505
514.0,0.04505512061004156
515.0,0.04509560116604428
516.0,0.04504879984369263
517.0,0.045230840425066116
518.0,0.04496982489359022
519.0,0.04517840945688742
520.0,0.045395102016637434
521.0,0.04483786914873828
522.0,0.045442257924988565
523.0,0.046387632388195724
524.0,0.04679901842268796
525.0,0.0460701358473747
526.0,0.046435717154896056
527.0,0.046904336665301534
528.0,0.04650285211582021
529.0,0.046679806159461185
530.0,0.04670742727072273
531.0,0.04668710235966742
532.0,0.04708353132250171
533.0,0.04755381367589752
534.0,0.0476684588527533
535.0,0.047356665802127586
536.0,0.04701309303170907
537.0,0.047367849303990454
538.0,0.04788754409428481
539.0,0.047949217824569755
540.0,0.04786351589479846
541.0,0.04803039517359861
542.0,0.04832039479319088
543.0,0.048300597463098345
544.0,0.048161066546754276
545.0,0.048399193820088005
546.0,0.048949584443733506
547.0,0.04875827892160182
548.0,0.04865013523870633
549.0,0.04881084684202705
550.0,0.04917686736754228
551.0,0.049590502043998085
552.0,0.04943080412620048
553.0,0.0490225043418522
554.0,0.04939645179289483
555.0,0.050346535396482615
556.0,0.05070634970736254
557.0,0.05011937966579764
558.0,0.050189921050997365
559.0,0.05048485154730692
560.0,0.0506277906401039
561.0,0.05038875340341203
562.0,0.050448349357645084
563.0,0.050728071893674946
564.0,0.051063559450396014
565.0,0.05126364754485433
566.0,0.05143395760944714
567.0,0.0518204116159155
568.0,0.0523876379740563
569.0,0.05225401471531483
570.0,0.05207646179159697
571.0,0.052035647757854436
572.0,0.05211685707083094
573.0,0.05278367990173352
574.0,0.05319585120431692
575.0,0.053062353020687875
576.0,0.053017912932201754
577.0,0.052944036725184544
578.0,0.05318851031359957
579.0,0.05389275016998996
580.0,0.054109387901752126
581.0,0.05424853128622285
582.0,0.05441779219640568
583.0,0.05451079315959431
584.0,0.05462604285485454
585.0,0.054880795454345474
586.0,0.05520098262666297
587.0,0.05512830024443138
588.0,0.05532177698416145
589.0,0.05576334788903221
590.0,0.056168078980724526
591.0,0.056204018777041745
592.0,0.0562866368247987
593.0,0.05657331433641789
594.0,0.056921352526929196
595.0,0.05712295378558829
596.0,0.05725684411673276
597.0,0.05746746689145562
598.0,0.057942593250526905
599.0,0.058083645379185235
600.0,0.058143513217312884
601.0,0.058674091443727545
602.0,0.05897356991435696
603.0,0.059019713506643305
604.0,0.05894910332316362
605.0,0.059010918727523315
606.0,0.05937917513698809
607.0,0.059830750894337086
608.0,0.060116798475580865
609.0,0.06034576111927931
610.0,0.0607128656121598
611.0,0.06115353225079539
612.0,0.061409911867332585
613.0,0.06133904946129701
614.0,0.06150886270309555
615.0,0.06208325445340954
616.0,0.06218703174423589
617.0,0.06247045151731218
618.0,0.06288353364347372
619.0,0.06317566855976486
620.0,0.063473076049057
621.0,0.06365454140304941
622.0,0.06384131530773741
623.0,0.06439789124795288
624.0,0.06468342234632257
625.0,0.06489439835548712
626.0,0.06526235551610536
627.0,0.06559150505140937
628.0,0.06564174800851653
629.0,0.06575528815698356
630.0,0.06646158795803296
631.0,0.06685957479243582
632.0,0.06707069838795927
633.0,0.06727846513092049
634.0,0.0675759589760135
635.0,0.06778746192737826
636.0,0.06797294508542362
637.0,0.06827646373331403
638.0,0.06889263153356008
639.0,0.06939587800573678
640.0,0.06969165418451428
641.0,0.06997376204372728
642.0,0.07006921289087743
643.0,0.0702871987104455
644.0,0.07076141111990683
645.0,0.07102415380518878
646.0,0.07154005503550234
647.0,0.07205871796070562
648.0,0.07216323281724196
649.0,0.07241503823774283
650.0,0.07274235951850982
651.0,0.07309584237399235
652.0,0.07351187909022608
653.0,0.0739229528192822
654.0,0.0744557736611882
655.0,0.07508669636369739
656.0,0.07511945521645129
657.0,0.07537866833560268
658.0,0.07591572032442913
659.0,0.07630270546052446
660.0,0.07669069613088857
661.0,0.07716824995035401
662.0,0.07768083406202644
663.0,0.07790687035089333
664.0,0.0784657153421808
665.0,0.07905207611220307
666.0,0.07924101413732366
667.0,0.07953689109950583
668.0,0.08011093738768894
669.0,0.08083767401157756
670.0,0.08133743535942607
671.0,0.08139566301994598
672.0,0.08159225927874703
673.0,0.0822739522974768
674.0,0.08287894030653523
675.0,0.08324568218173545
676.0,0.08353672807304431
677.0,0.08403764911243211
678.0,0.08460421603079862
679.0,0.08500488960495758
680.0,0.08525855153358163
681.0,0.08570564821307249
682.0,0.08630366283876424
683.0,0.08682390451989777
684.0,0.08712803172851068
685.0,0.08754620596223796
686.0,0.08807498236652131
687.0,0.08853749768016289
688.0,0.08872786887994412
689.0,0.08939823309232456
690.0,0.09008277087949185
691.0,0.09048941355061856
692.0,0.0909029816824968
693.0,0.09165487040639585
694.0,0.09235751639100635
695.0,0.09258379316162665
696.0,0.09292304745159796
697.0,0.09355185457803052
698.0,0.094268932417449
699.0,0.09459585895580902
700.0,0.09509584109800642
701.0,0.09574312897122256
702.0,0.09638843532267873
703.0,0.0968560230352966
704.0,0.09724030490304021
705.0,0.0977445450035317
706.0,0.09850612463782178
707.0,0.09893358307888346
708.0,0.0994585085248067
709.0,0.10016556872598191
710.0,0.10065203830467638
711.0,0.10125116250424757
712.0,0.10184774195901647
713.0,0.10235422572633614
714.0,0.10312539260927317
715.0,0.10353668015820285
716.0,0.10380062272482796
717.0,0.10452425310211182
718.0,0.10535978972581167
719.0,0.10583328936390737
720.0,0.10602433863136736
721.0,0.10683119065504074
722.0,0.10764644849791981
723.0,0.10825210986638695
724.0,0.10867632006405314
725.0,0.10945835159883294
726.0,0.1102000076218693
727.0,0.11070088397846076
728.0,0.11098684764995072
729.0,0.11168701415653326
730.0,0.11261021768026215
731.0,0.11344271147354078
732.0,0.11384543512865496
733.0,0.11452365819661947
734.0,0.1152651724568299
735.0,0.11572180035528948
736.0,0.11639747194318678
737.0,0.1171736113358854
738.0,0.11794566153777937
739.0,0.11863971750470391
740.0,0.11922051088653624
741.0,0.11979879289174243
742.0,0.12045274119160118
743.0,0.12114759298213612
744.0,0.12179974309967928
745.0,0.12246923152898806
746.0,0.12323296404180648
747.0,0.12396837163605681
748.0,0.12466615157063905
749.0,0.12532301095477993
750.0,0.1259461529149331
751.0,0.1266392920018742
752.0,0.12731533949082502
753.0,0.12795115913093105
754.0,0.1287615346384072
755.0,0.12961950432978592
756.0,0.1303928793067393
757.0,0.13101352484262044
758.0,0.13176575959780043
759.0,0.13255885747677465
760.0,0.13336047353650923
761.0,0.13420785244214736
762.0,0.13488612305207964
763.0,0.13554822469144995
764.0,0.13631083149719356
765.0,0.13705026115539526
766.0,0.13769965811697255
767.0,0.13837052669486868
768.0,0.1392031182086939
769.0,0.1400730722530042
770.0,0.1410383412535146
771.0,0.14200521340568834
772.0,0.14274853666891021
773.0,0.14342940086020356
774.0,0.1441453996665904
775.0,0.14493800398412374
776.0,0.1457672585773609
777.0,0.14655678709954964
778.0,0.14730630514019832
779.0,0.1480766031879467
780.0,0.14908157454976212
781.0,0.1497679821106171
782.0,0.15025201889159598
783.0,0.15121993820009066
784.0,0.15211613206046812
785.0,0.1529295753524579
786.0,0.15373162255423453
787.0,0.15455414759313568
788.0,0.15550278777583645
789.0,0.15644971133296198
790.0,0.15724627279873796
791.0,0.15802951340425875
792.0,0.15887875677948152
793.0,0.15984996659739512
794.0,0.16094767748367117
795.0,0.16181804987513695
796.0,0.1625695864410184
797.0,0.16335246392139766
798.0,0.16426190738651686
799.0,0.1652396295195239
800.0,0.16607778381135585
801.0,0.16673255114172858
802.0,0.1679197669507328
803.0,0.16882688606908278
804.0,0.1695009525144396
805.0,0.17045676141516128
806.0,0.17133333395992
807.0,0.1722283836816156
808.0,0.1731960176560088
809.0,0.17419087609592782
810.0,0.17522888795353267
811.0,0.17627805724509985
812.0,0.17729024481688935
813.0,0.17820153335599787
814.0,0.17916643116270753
815.0,0.18010827553739853
816.0,0.1809058132843565
817.0,0.1817757159426583
818.0,0.18283110053986484
819.0,0.18399124656710403
820.0,0.18501013161671728
821.0,0.18578820866578466
822.0,0.1866836069299743
823.0,0.1878139347214461
824.0,0.18873221108320037
825.0,0.1898199875340285
826.0,0.19098109042319833
827.0,0.19200447513119204
828.0,0.192796589057434
829.0,0.19371659836570673
830.0,0.19477138881205894
831.0,0.19577230847610858
832.0,0.19672149293148128
833.0,0.19775785229655152
834.0,0.1989222057467789
835.0,0.20012166997694764
836.0,0.20114584012240702
837.0,0.20198925375246998
838.0,0.20278505449477138
839.0,0.20385406776219006
840.0,0.20493497664242533
841.0,0.20601250036808907
842.0,0.20709340494961984
843.0,0.20794196776137372
844.0,0.2088929939195687
845.0,0.20992732887272658
846.0,0.21084599432416956
847.0,0.2118453212604779
848.0,0.2131794368119124
849.0,0.2145853166010383
850.0,0.21531703067130648
851.0,0.2163588203460543
852.0,0.21754646552006177
853.0,0.2186098599691179
854.0,0.21950507069234496
855.0,0.22080803330233792
856.0,0.22221905246348753
857.0,0.22329670946043614
858.0,0.22419679854456845
859.0,0.22507669150463422
860.0,0.22608375451047177
861.0,0.22730978936795587
862.0,0.22867250754265217
863.0,0.22994324570886332
864.0,0.2310487447439412
865.0,0.23207827666929604
866.0,0.2331018652057634
867.0,0.2341024609615316
868.0,0.23516037672644644
869.0,0.23651004678963858
870.0,0.23776809433860757
871.0,0.2389579870640553
872.0,0.24014310195481653
873.0,0.24121021904566134
874.0,0.24215074022513688
875.0,0.24317002294706774
876.0,0.24447299487298374
877.0,0.24591344873516305
878.0,0.2473689896116624
879.0,0.24864709694742462
880.0,0.2496153142317241
881.0,0.25067055996021853
882.0,0.2518429208958819
883.0,0.2531488551544949
884.0,0.2545791293670757
885.0,0.25568987317689196
886.0,0.256834636252106
887.0,0.25819085343181947
888.0,0.25947532001954415
889.0,0.2607412388247435
890.0,0.2618862662666852
891.0,0.2629531451998949
892.0,0.264418650946631
893.0,0.26545107587227024
894.0,0.2663056989431057
895.0,0.26745324840787665
896.0,0.2687339450234597
897.0,0.26997962457790897
898.0,0.27129475276453646
899.0,0.27278393248297234
900.0,0.27377508230268155
901.0,0.2750669880272657
902.0,0.2764588093321578
903.0,0.27721160992081695
904.0,0.2786493226873532
905.0,0.28023915806321265
906.0,0.2815542763880731
907.0,0.2825358853326508
908.0,0.2835812882395508
909.0,0.28476885456511847
910.0,0.2860874391840314
911.0,0.28746965514794726
912.0,0.28851710184851986
913.0,0.28977507051644874
914.0,0.29150100707228127
915.0,0.29303613707998766
916.0,0.2941107154963395
917.0,0.29517114266584493
918.0,0.2965824925086745
919.0,0.2979025141745395
920.0,0.2993127682788406
921.0,0.3006769894654948
922.0,0.3018967751421163
923.0,0.3034369661529734
924.0,0.3043683023712846
925.0,0.3052971781219763
926.0,0.3071027107263198
927.0,0.3085284693058555
928.0,0.30975678794867806
929.0,0.31101810281836534
930.0,0.3124428941829344
931.0,0.31350513835941424
932.0,0.31473326543203195
933.0,0.3161802546720697
934.0,0.31749958994584015
935.0,0.3184660641761215
936.0,0.32004441176033377
937.0,0.3219512653768653
938.0,0.3229318533072719
939.0,0.32415324921974714
940.0,0.32548310811175735
941.0,0.3269104538079359
942.0,0.3286278290803665
943.0,0.32991619978609976
944.0,0.33139701312799147
945.0,0.33303766685519
946.0,0.33386301030101606
947.0,0.33452185372089077
948.0,0.3361781061596941
949.0,0.33851510571208354
950.0,0.33930258523506557
951.0,0.3411921193208637
952.0,0.34271152320359477
953.0,0.34322196020837514
954.0,0.3445371687719646
955.0,0.34544348159307114
956.0,0.34707097523989205
957.0,0.3495509010836807
958.0,0.35062557588539395
959.0,0.3514801391853981
960.0,0.35299136320411456
961.0,0.3550284827252716
962.0,0.3558667080480907
963.0,0.35740940107970565
964.0,0.3592798861628892
965.0,0.36071112088258495
966.0,0.36135871761899285
967.0,0.36281115418647625
968.0,0.3644228501838384
969.0,0.36569491783356056
970.0,0.3675749235231108
971.0,0.3689661300889643
972.0,0.3705402385381959
973.0,0.37231167331134934
974.0,0.3721980266289389
975.0,0.37417718297498925
976.0,0.37621644034524243
977.0,0.37675985682686475
978.0,0.37815184997365325
979.0,0.38031249331376293
980.0,0.38179788289929645
981.0,0.3825542011028963
982.0,0.3855247800804083
983.0,0.38703625529953833
984.0,0.38793517560072693
985.0,0.38922641999547813
986.0,0.39028192580879983
987.0,0.39108278399912644
988.0,0.39258952190006957
989.0,0.39471776490365823
990.0,0.3956563736366757
991.0,0.3976824356726517
992.0,0.39940067952442215
993.0,0.4003039781426041
994.0,0.40197787339510055
995.0,0.40336530494627304
996.0,0.40482408181882107
997.0,0.4067754742789874
998.0,0.40918386370362136
999.0,0.409851907200106
1000.0,0.4101745161315123
1001.0,0.4323847115911181
1002.0,0.43073615279608335
1003.0,0.4306634513272382
1004.0,0.43018766090349536
1005.0,0.43088183851830963
1006.0,0.43325178461256125
1007.0,0.43551612667691025
1008.0,0.43871600728391613
1009.0,0.4431025434141294
1010.0,0.44395223868869077
1011.0,0.4440551453612468
1012.0,0.44415389757834406
1013.0,0.44260343650256895
1014.0,0.44351576597816256
1015.0,0.44746322514767267
1016.0,0.4493139526532546
1017.0,0.45102190110612034
1018.0,0.4534184853945586
1019.0,0.45492348351725587
1020.0,0.45609296493471985
1021.0,0.45916201459618533
1022.0,0.461540654910538
1023.0,0.4623306318427361
1024.0,0.4638883585706771
1025.0,0.46392579194438044
1026.0,0.46248574322867186
1027.0,0.4645785563665637
1028.0,0.46700334931163306
1029.0,0.4685144267498445
1030.0,0.4708292662855277
1031.0,0.4743058523668121
1032.0,0.4743001134210324
1033.0,0.47393771512010413
1034.0,0.47589020348212024
1035.0,0.476889810488646
1036.0,0.4785055349485778
1037.0,0.481677718542175
1038.0,0.4820224122927123
1039.0,0.4832536812088467
1040.0,0.48676026223617996
1041.0,0.48755713736438944
1042.0,0.4896293377320027
1043.0,0.4912021093486815
1044.0,0.4928393480385038
1045.0,0.4920403416236467
1046.0,0.493309305573681
1047.0,0.4946192247269537
1048.0,0.4962645904654602
1049.0,0.49812168089510245
1050.0,0.4979660105942624
1051.0,0.49929593463213406
1052.0,0.5013601805505835
1053.0,0.5018647186299039
1054.0,0.5048508920919962
1055.0,0.5077110384242607
1056.0,0.5090496993729382
1057.0,0.5087560446291858
1058.0,0.5112838888389665
1059.0,0.5143885527309924
1060.0,0.514988518700955
1061.0,0.5167361108095906
1062.0,0.5181642402407814
1063.0,0.5178038925727666
1064.0,0.5199025580506714
1065.0,0.5221885258125902
1066.0,0.524567947161791
1067.0,0.527010421512024
1068.0,0.5276240462863019
1069.0,0.5290520684440431
1070.0,0.5307121469715234
1071.0,0.5321516858631244
1072.0,0.5331737504608665
1073.0,0.534849191310106
1074.0,0.5368402509078682
1075.0,0.5387507247053266
1076.0,0.5413477094272612
1077.0,0.5438561425223307
1078.0,0.5458962264330933
1079.0,0.5479064992973031
1080.0,0.548192427173715
1081.0,0.5483552681247711
1082.0,0.5498592451011362
1083.0,0.5510110389059529
1084.0,0.5524062356622415
1085.0,0.5546428218957752
1086.0,0.5564894189309173
1087.0,0.5577844735452425
1088.0,0.560032731196679
1089.0,0.5617299424282695
1090.0,0.5645110393132837
1091.0,0.5670151691910226
1092.0,0.567820072912559
1093.0,0.5693317169775771
1094.0,0.5713022019934738
1095.0,0.5722069179445393
1096.0,0.5730899431907838
1097.0,0.5747781724247117
1098.0,0.5759186222670629
1099.0,0.5774809579808772
1100.0,0.5798888718193083
1101.0,0.5817554379652627
1102.0,0.5832976428607619
1103.0,0.5852501618771142
1104.0,0.586818401298217
1105.0,0.5879208379613639
1106.0,0.5898299911716782
1107.0,0.5912560677434714
1108.0,0.5927105143657498
1109.0,0.5943541830870596
1110.0,0.5958338896486559
1111.0,0.5973332194757418
1112.0,0.5989967227568213
1113.0,0.6007866955196094
1114.0,0.6029889139553786
1115.0,0.6058189808717985
1116.0,0.6077676618859172
1117.0,0.6098399180607911
1118.0,0.6114712045924455
1119.0,0.6123486645054456
1120.0,0.612970868778594
1121.0,0.614897213669769
1122.0,0.6160377361827635
1123.0,0.6171004887190823
1124.0,0.619384863418386
1125.0,0.6213884803007259
1126.0,0.6232541474443167
1127.0,0.6249447351711324
1128.0,0.6264453133973054
1129.0,0.6281655509055039
1130.0,0.6299299699848281
1131.0,0.6319015999647526
1132.0,0.6342477079591502
1133.0,0.6364041135778775
1134.0,0.6387556794766956
1135.0,0.6400758953951592
1136.0,0.6417276926282975
1137.0,0.644171520777773
1138.0,0.6462438835727696
1139.0,0.6479922702857184
1140.0,0.6501441422360726
1141.0,0.6518101881408841
1142.0,0.653370493119528
1143.0,0.6547638604182385
1144.0,0.6564518494670446
1145.0,0.658245440029725
1146.0,0.6595652874052624
1147.0,0.6608058993966676
1148.0,0.6620726899980264
1149.0,0.6626809328519178
1150.0,0.6637189045000993
1151.0,0.6656977589526818
1152.0,0.6679037034046776
1153.0,0.6702504575980129
1154.0,0.6727031413247537
1155.0,0.6747379279943811
1156.0,0.6764990901928798
1157.0,0.6784070048610962
1158.0,0.6802145200980062
1159.0,0.6819037998060984
1160.0,0.6835556077408534
1161.0,0.6852672035839159
1162.0,0.6866884480319981
1163.0,0.6884965495725502
1164.0,0.69087414225974
1165.0,0.6929062622427687
1166.0,0.6949945016900756
1167.0,0.6966566695284963
1168.0,0.6987479114033556
1169.0,0.7002939431210166
1170.0,0.7016412262386934
1171.0,0.7031695064931429
1172.0,0.704663773259367
1173.0,0.7058455251481525
1174.0,0.707302524167227
1175.0,0.7091894827054154
1176.0,0.7106939119413818
1177.0,0.7118217160115865
1178.0,0.7133588289240064
1179.0,0.7148870529556304
1180.0,0.7165243390149961
1181.0,0.7185883146193798
1182.0,0.7204248893217066
1183.0,0.7216363928523694
1184.0,0.7234742426669188
1185.0,0.7254223960197891
1186.0,0.7266179929877374
1187.0,0.728510852153985
1188.0,0.7309564344840336
1189.0,0.7329547500589403
1190.0,0.7350915770627379
1191.0,0.7368684758247499
1192.0,0.7384120139431682
1193.0,0.739749813456453
1194.0,0.7403760337748396
1195.0,0.7419130221136916
1196.0,0.7438697167695156
1197.0,0.7455651080590093
1198.0,0.7475849155425918
1199.0,0.7496752223082004
1200.0,0.7511248242658704
1201.0,0.7526804908877416
1202.0,0.7547458975284208
1203.0,0.7561533967674803
1204.0,0.7577418885152927
1205.0,0.7590473502936013
1206.0,0.76106108372792
1207.0,0.7636483965912289
1208.0,0.7655613339122671
1209.0,0.7676672798036045
1210.0,0.7694295298452186
1211.0,0.7703937263311497
1212.0,0.7717086480541107
1213.0,0.7733051103475397
1214.0,0.774796894071391
1215.0,0.7757910034746078
1216.0,0.7774244651763857
1217.0,0.7797431528545996
1218.0,0.7818980338972157
1219.0,0.7837129299364791
1220.0,0.7856914333539273
1221.0,0.7874287586595673
1222.0,0.7884598288658089
1223.0,0.7901686300345238
1224.0,0.7925304560018265
1225.0,0.7942522524012646
1226.0,0.7957006479972825
1227.0,0.7973612813972866
1228.0,0.7986978480355932
1229.0,0.8003682303310826
1230.0,0.8026863130555262
1231.0,0.8044250082277938
1232.0,0.8057883110282086
1233.0,0.807355512448282
1234.0,0.8088620097936475
1235.0,0.8103782362242337
1236.0,0.8119665839392327
1237.0,0.8138179949902025
1238.0,0.8155144613935006
1239.0,0.8172698893783339
1240.0,0.8186522648619453
1241.0,0.8196220376006396
1242.0,0.8212030222801633
1243.0,0.8226006955212127
1244.0,0.8243580220707034
1245.0,0.8271680543418916
1246.0,0.8291509352567715
1247.0,0.8307202028971855
1248.0,0.8324043151034969
1249.0,0.8336399930408619
1250.0,0.8351791264572904
1251.0,0.8371540915884815
1252.0,0.8387933711948682
1253.0,0.8402767362838601
1254.0,0.8415140816317686
1255.0,0.8433212045817983
1256.0,0.8451802785253799
1257.0,0.8469910297993896
1258.0,0.8494614886601398
1259.0,0.8512199957982904
1260.0,0.852233859065016
1261.0,0.8537426975840663
1262.0,0.8551635362067567
1263.0,0.8568728494805751
1264.0,0.8589525363453984
1265.0,0.860910158498769
1266.0,0.8632549253070365
1267.0,0.8651197844074677
1268.0,0.8669002146872338
1269.0,0.8681929509825964
1270.0,0.8695239532147662
1271.0,0.8704259860212377
1272.0,0.8717614131481887
1273.0,0.8730655327200793
1274.0,0.8747529304571882
1275.0,0.876768066879205
1276.0,0.8786880743074036
1277.0,0.881168376193153
1278.0,0.88279954833969
1279.0,0.8838177577094113
1280.0,0.885255457395775
1281.0,0.8865310624577905
1282.0,0.8877384385539049
1283.0,0.8889139765656129
1284.0,0.89042918626197
1285.0,0.8919669969494909
1286.0,0.8934687774172287
1287.0,0.8951055870368099
1288.0,0.8971020598588625
1289.0,0.8991983579501835
1290.0,0.9012875505516744
1291.0,0.9032531709261605
1292.0,0.9057033156034046
1293.0,0.9075479613500096
1294.0,0.9086274164725001
1295.0,0.9103692870445926
1296.0,0.9126574077802059
1297.0,0.9141583542544037
1298.0,0.9150415734274224
1299.0,0.916718772442289
1300.0,0.9183053350959549
1301.0,0.9200240714494253
1302.0,0.9226751374136859
1303.0,0.9247973800326657
1304.0,0.9264241904334012
1305.0,0.9281359919935573
1306.0,0.9298266767604855
1307.0,0.931555247602182
1308.0,0.9332124772661029
1309.0,0.9347677770189717
1310.0,0.9363467459633579
1311.0,0.9378696282104604
1312.0,0.9395505228308167
1313.0,0.9412615549416283
1314.0,0.9429859127596883
1315.0,0.9448786581775146
1316.0,0.9466462004254814
1317.0,0.9482847263422068
1318.0,0.9500327074831668
1319.0,0.9519173644070548
1320.0,0.9536329879509157
1321.0,0.9553948516008585
1322.0,0.956963515455271
1323.0,0.958036162355975
1324.0,0.9595673533387709
1325.0,0.9614828566511177
1326.0,0.9630776846146059
1327.0,0.9646403745023028
1328.0,0.966465094422942
1329.0,0.967842448152556
1330.0,0.9686397045976741
1331.0,0.9700143210298457
1332.0,0.9716253410760107
1333.0,0.9730130706530895
1334.0,0.9745490653128968
1335.0,0.9758630442504089
1336.0,0.976600663344746
1337.0,0.9781096060373904
1338.0,0.9801029895016806
1339.0,0.9818198280581079
1340.0,0.9840438773745551
1341.0,0.9857478035923876
1342.0,0.986834149642535
1343.0,0.9881813913382168
1344.0,0.989595735615799
1345.0,0.9908678955540754
1346.0,0.9918307610038501
1347.0,0.9932371824957974
1348.0,0.9948156552922012
1349.0,0.9963916654945456
1350.0,0.998211803003365
1351.0,1.0007495127814203
1352.0,1.002387236641518
1353.0,1.0036056946786758
1354.0,1.0050056766169084
1355.0,1.005917611388786
1356.0,1.0074231715480628
1357.0,1.0092196579833237
1358.0,1.0111341513299692
1359.0,1.0137987292429744
1360.0,1.0155134558539336
1361.0,1.0168948310472525
1362.0,1.018198659575365
1363.0,1.0184953331892732
1364.0,1.0195690181568065
1365.0,1.0210723751770527
1366.0,1.0225832447730614
1367.0,1.0245257192463957
1368.0,1.0263813174551224
1369.0,1.027715673794805
1370.0,1.0287820543561426
1371.0,1.0299525383739478
1372.0,1.0307151885050005
1373.0,1.0318945466108034
1374.0,1.0332700637654206
1375.0,1.0347154036287307
1376.0,1.036150831764583
1377.0,1.0378562824377167
1378.0,1.0401283264971404
1379.0,1.0417854090685708
1380.0,1.0434534161112672
1381.0,1.0447957398427117
1382.0,1.0455328312719268
1383.0,1.0465209030473175
1384.0,1.0474696376333317
1385.0,1.0484363576561542
1386.0,1.049217551490698
1387.0,1.0503430949735828
1388.0,1.051594981390192
1389.0,1.052977574174928
1390.0,1.054898840298532
1391.0,1.0565216787417406
1392.0,1.0578521166342818
1393.0,1.0589853834818113
1394.0,1.0602074648469662
1395.0,1.0612165909828115
1396.0,1.0622415133730994
1397.0,1.0634655118549325
1398.0,1.0643735317281358
1399.0,1.0649362559804108
1400.0,1.065675441934599
1401.0,1.066364527007224
1402.0,1.0671155880563785
1403.0,1.0678564731399915
1404.0,1.0686863455956532
1405.0,1.0695500698645883
1406.0,1.0704770608453333
1407.0,1.0718605689509253
1408.0,1.072587858182668
1409.0,1.0726026995011066
1410.0,1.073317750708622
1411.0,1.0738522214361383
1412.0,1.0747091803098705
1413.0,1.076177371891319
1414.0,1.0778310914601634
1415.0,1.0792975486537626
1416.0,1.0806576491796056
1417.0,1.0818940808216708
1418.0,1.0831311962744814
1419.0,1.0842316316308487
1420.0,1.085135997461742
1421.0,1.0860579573604903
1422.0,1.0868527699466284
1423.0,1.0878645242745641
1424.0,1.0889677979822077
1425.0,1.0899119309640055
1426.0,1.0906793997574693
1427.0,1.0919851451566087
1428.0,1.0932968949037833
1429.0,1.0948981165325304
1430.0,1.0974181243698897
1431.0,1.0991495601517822
1432.0,1.100825043747671
1433.0,1.1020041955706104
1434.0,1.1021296657823907
1435.0,1.1031866360959397
1436.0,1.1044503183835714
1437.0,1.105675265742836
1438.0,1.107404377171784
1439.0,1.109081390654303
1440.0,1.1103366425063128
1441.0,1.111677570082437
1442.0,1.1138464057269188
1443.0,1.1159115292297006
1444.0,1.117704634585344
1445.0,1.1196762304985164
1446.0,1.121229493449137
1447.0,1.122243419414609
1448.0,1.1236079764161073
1449.0,1.1249652666598169
1450.0,1.1264683035573781
1451.0,1.1283171421747598
1452.0,1.1295370925831363
1453.0,1.1305647959558325
1454.0,1.1315458872878397
1455.0,1.1317321702124645
1456.0,1.1327830129025
1457.0,1.1343388470009583
1458.0,1.1358106380850252
1459.0,1.1378598950410734
1460.0,1.139389591130964
1461.0,1.1405262255035833
1462.0,1.141872052216966
1463.0,1.143242653373274
1464.0,1.1444512104463753
1465.0,1.1456825208749941
1466.0,1.1468810348177512
1467.0,1.1479526940993565
1468.0,1.1486749621492789
1469.0,1.1501984492184523
1470.0,1.151922534177007
1471.0,1.1533124632546008
1472.0,1.154837618573305
1473.0,1.1562998645032307
1474.0,1.1573839839817233
1475.0,1.1589251178661728
1476.0,1.1610332975644322
1477.0,1.1623472480113508
1478.0,1.1633057563149063
1479.0,1.1645543130310676
1480.0,1.1653864969521717
1481.0,1.1667667069914478
1482.0,1.1687890991139314
1483.0,1.1702701980118173
1484.0,1.171617616292994
1485.0,1.1730541882948404
1486.0,1.1743432173455512
1487.0,1.175660562625019
1488.0,1.1770170005454585
1489.0,1.1784574387715936
1490.0,1.1799096312394555
1491.0,1.1813388147179205
1492.0,1.1829307497200583
1493.0,1.1843598994156248
1494.0,1.1855042661909203
1495.0,1.1868623545331811
1496.0,1.1883006057596186
1497.0,1.1897920158542685
1498.0,1.191656417860977
1499.0,1.1931716028067656
1500.0,1.1946949824186062
1501.0,1.1957108965716197
1502.0,1.196874829035927
1503.0,1.197832513353969
1504.0,1.1991002430111775
1505.0,1.200488022528351
1506.0,1.2020815327536474
1507.0,1.2038761806752991
1508.0,1.2055879158070393
1509.0,1.2074938710785
1510.0,1.209208070138352
1511.0,1.2108399689605014
1512.0,1.2124270019504686
1513.0,1.213861413818596
1514.0,1.2155627525806583
1515.0,1.217467714943087
1516.0,1.2190534111310807
1517.0,1.2206333210653093
1518.0,1.2221485567339059
1519.0,1.2235579800790255
1520.0,1.2246698713952948
1521.0,1.2253092410206337
1522.0,1.2267242395365237
1523.0,1.2282988434914506
1524.0,1.229787025849143
1525.0,1.2318654248517844
1526.0,1.2337227854809143
1527.0,1.2353293820349278
1528.0,1.236802189399349
1529.0,1.238418462235416
1530.0,1.2398749897365213
1531.0,1.2408988065342654
1532.0,1.242066902162112
1533.0,1.2432651206325833
1534.0,1.2445478753092467
1535.0,1.2460418916537792
1536.0,1.247226948792172
1537.0,1.2480577086540243
1538.0,1.2493246173054104
1539.0,1.2506388865502454
1540.0,1.251749310873763
1541.0,1.2529963137501205
1542.0,1.2545364642171863
1543.0,1.2559995293182282
1544.0,1.257252830197195
1545.0,1.2587610081363216
1546.0,1.2606913321592934
1547.0,1.2621106893091754
1548.0,1.2633087296919048
1549.0,1.2645587314774196
1550.0,1.2654982023053658
1551.0,1.2668834642628821
1552.0,1.2687256543574092
1553.0,1.2698813586042903
1554.0,1.2709097000135312
1555.0,1.271925038307523
1556.0,1.272249701863711
1557.0,1.273350845296631
1558.0,1.2749802970523565
1559.0,1.276413692005522
1560.0,1.2781067699369966
1561.0,1.279532414095175
1562.0,1.280846077886472
1563.0,1.2821454983777658
1564.0,1.2834468454019041
1565.0,1.2845185123655585
1566.0,1.2852257173347121
1567.0,1.28632149252891
1568.0,1.2874395561801117
1569.0,1.288618128851108
1570.0,1.2902095214033917
1571.0,1.2915464062468627
1572.0,1.2925163080070885
1573.0,1.2938260453379264
1574.0,1.2954020814104397
1575.0,1.2967816274353725
1576.0,1.2981224239253584
1577.0,1.2996391624840513
1578.0,1.3013112330244365
1579.0,1.3026781507917577
1580.0,1.3042354998163816
1581.0,1.3054293801271033
1582.0,1.3061017471822336
1583.0,1.306779007891001
1584.0,1.3067245293798837
1585.0,1.3076086396228388
1586.0,1.3090580414141582
1587.0,1.3104312098916635
1588.0,1.3127875324475626
1589.0,1.31458747369395
1590.0,1.3160958125620184
1591.0,1.3171583504862923
1592.0,1.3183462830814257
1593.0,1.3194015537018358
1594.0,1.3203352391903056
1595.0,1.3210864094375152
1596.0,1.3220699722067342
1597.0,1.3230241645646543
1598.0,1.3239574683794118
1599.0,1.3251039760408934
1600.0,1.3259282043112477
1601.0,1.3263972866769174
1602.0,1.3272911193330237
1603.0,1.3283675464399027
1604.0,1.3291808450275975
1605.0,1.3299798845738193
1606.0,1.330962496903101
1607.0,1.3317725515643088
1608.0,1.332835776738141
1609.0,1.3345118421140554
1610.0,1.3353783791854714
1611.0,1.3357102730602954
1612.0,1.336506218362137
1613.0,1.3369783344788353
1614.0,1.3380207252452627
1615.0,1.3397523354495982
1616.0,1.341013838451068
1617.0,1.34226135182333
1618.0,1.3434721430681622
1619.0,1.3447308661843989
1620.0,1.3455564404705334
1621.0,1.3460589067494417
1622.0,1.3468192350828638
1623.0,1.3471168810616896
1624.0,1.3480446880867232
1625.0,1.3497187528027732
1626.0,1.350845970361882
1627.0,1.3519757401327437
1628.0,1.352959610167965
1629.0,1.3536296420442577
1630.0,1.3544284293583915
1631.0,1.3553149746958157
1632.0,1.3560389837872238
1633.0,1.3565748523497898
1634.0,1.3572627707262424
1635.0,1.3580155882795528
1636.0,1.3586461496808409
1637.0,1.3591039934256084
1638.0,1.3599510767086669
1639.0,1.360824638428103
1640.0,1.3618716644898912
1641.0,1.363501282573652
1642.0,1.364727219688232
1643.0,1.3658137602773126
1644.0,1.3668141040488333
1645.0,1.3677212942665327
1646.0,1.3685136157805189
1647.0,1.3695100894662613
1648.0,1.3697744408854884
1649.0,1.3692668460061592
1650.0,1.3692196872671218
1651.0,1.3685213350933638
1652.0,1.3686964046350152
1653.0,1.3698203192296283
1654.0,1.3705598879275518
1655.0,1.3715776178417995
1656.0,1.3722993494331441
1657.0,1.372849222822117
1658.0,1.3733258483623865
1659.0,1.373602212130528
1660.0,1.3739697586931396
1661.0,1.3740633866360428
1662.0,1.3745305114201225
1663.0,1.3752820448726568
1664.0,1.376031453871922
1665.0,1.377249676359848
1666.0,1.3780072053857928
1667.0,1.3783126938508266
1668.0,1.3789184438567583
1669.0,1.3794165542201144
1670.0,1.3800539971959072
1671.0,1.3809494599760632
1672.0,1.381898406988174
1673.0,1.382833012820675
1674.0,1.383896960327757
1675.0,1.3853138512364447
1676.0,1.3863809004226475
1677.0,1.3871581626309217
1678.0,1.3881673620593773
1679.0,1.3891957194331113
1680.0,1.390235353046797
1681.0,1.391565342129192
1682.0,1.3927141407075398
1683.0,1.3937358111956912
1684.0,1.3945319993793082
1685.0,1.3948772158547826
1686.0,1.3957365273802897
1687.0,1.3967297135783852
1688.0,1.3977830984265054
1689.0,1.399563150527775
1690.0,1.4006389073079157
1691.0,1.4009727523939814
1692.0,1.40170699375915
1693.0,1.4022235633012956
1694.0,1.403187045313874
1695.0,1.4045183956686156
1696.0,1.4060544958731354
1697.0,1.4082616716784015
1698.0,1.409733157996751
1699.0,1.4109319967316822
1700.0,1.4123518297964794
1701.0,1.4136592402615336
1702.0,1.414627741329458
1703.0,1.4152352598149973
1704.0,1.4163549440500414
1705.0,1.417604526565305
1706.0,1.418410607667507
1707.0,1.4195952048149592
1708.0,1.420597306648039
1709.0,1.4206763742937178
1710.0,1.4213991745120977
1711.0,1.4228044553146033
1712.0,1.4237874392502838
1713.0,1.4246482220347092
1714.0,1.4254822745534161
1715.0,1.4261729068263695
1716.0,1.427065094408322
1717.0,1.42827891930455
1718.0,1.428962372894879
1719.0,1.4292648533152768
1720.0,1.4297431733322723
1721.0,1.4300442910772768
1722.0,1.430412956808391
1723.0,1.4309404547324143
1724.0,1.431426475113329
1725.0,1.431760390075405
1726.0,1.4320278929406633
1727.0,1.4319408883837472
1728.0,1.4329162413625243
1729.0,1.4344457966490203
1730.0,1.4357462021334062
1731.0,1.4385062181450694
1732.0,1.4393886426579436
1733.0,1.438602218490184
1734.0,1.4388037277366572
1735.0,1.438349533427451
1736.0,1.438547507417782
1737.0,1.4397018895392064
1738.0,1.4404452825480072
1739.0,1.4410953611496315
1740.0,1.4417629067821085
1741.0,1.4425802357288235
1742.0,1.4430057677480659
1743.0,1.4429509433843983
1744.0,1.4436052555393561
1745.0,1.444334039749092
1746.0,1.4453109394760737
1747.0,1.4471256689768968
1748.0,1.4480709892821164
1749.0,1.448800276775522
1750.0,1.4492440343114983
1751.0,1.4489459375317926
1752.0,1.4491213590566947
1753.0,1.4492876618397592
1754.0,1.44954355474339
1755.0,1.4502644544583578
1756.0,1.4516301288528952
1757.0,1.4527656268764892
1758.0,1.453482782054961
1759.0,1.4550613613396648
1760.0,1.4568384353498265
1761.0,1.457657293841767
1762.0,1.4586722024451888
1763.0,1.4604192590441594
1764.0,1.460844275528928
1765.0,1.4610116999615976
1766.0,1.4619399696016395
1767.0,1.461297230809379
1768.0,1.4610823723601112
1769.0,1.4624010500346076
1770.0,1.4632036868618095
1771.0,1.464330830680021
1772.0,1.4658539922784584
1773.0,1.4661751494780335
1774.0,1.4655248689466762
1775.0,1.465252874605782
1776.0,1.465335755688764
1777.0,1.4656394805561483
1778.0,1.4672213409498507
1779.0,1.469153995122954
1780.0,1.4697514900278084
1781.0,1.4700806194138134
1782.0,1.4702895053842635
1783.0,1.4705423535714686
1784.0,1.471580631094766
1785.0,1.4727731296730133
1786.0,1.4742808996245302
1787.0,1.4751808868369352
1788.0,1.4755315808042755
1789.0,1.4762789468610633
1790.0,1.4770130957303886
1791.0,1.4775733720730682
1792.0,1.4780498777760411
1793.0,1.4790041278797734
1794.0,1.479934226385169
1795.0,1.4810145763694695
1796.0,1.4830916212290945
1797.0,1.4840457547885422
1798.0,1.484038209608832
1799.0,1.4851894686188984
1800.0,1.48524865336724
1801.0,1.4740008557356583
1802.0,1.4754814198444224
1803.0,1.4757818140351422
1804.0,1.4761444465228577
1805.0,1.476479661371028
1806.0,1.477012891052791
1807.0,1.476771927568547
1808.0,1.4774597912879759
1809.0,1.479803609349706
1810.0,1.480675305498309
1811.0,1.4814315878241966
1812.0,1.4805413469694217
1813.0,1.4812947215005257
1814.0,1.4830489748295004
1815.0,1.4837823048210264
1816.0,1.484920268766693
1817.0,1.4867829720424028
1818.0,1.4882415872386732
1819.0,1.4895535957336752
1820.0,1.4925318143056956
1821.0,1.4937694917594766
1822.0,1.493397240440794
1823.0,1.4931729772596452
1824.0,1.4932472997883635
1825.0,1.493600783010688
1826.0,1.49419785091292
1827.0,1.4952096768412797
1828.0,1.4962740569810669
1829.0,1.4972514000159518
1830.0,1.498890578459616
1831.0,1.5014739226938403
1832.0,1.5033221664504133
1833.0,1.5054403764699307
1834.0,1.5066987243403154
1835.0,1.5079088184506475
1836.0,1.508820106034684
1837.0,1.5095781834275386
1838.0,1.510431145088921
1839.0,1.5103315127757073
1840.0,1.5091879819001015
1841.0,1.50857177130167
1842.0,1.507523421277877
1843.0,1.5079925077881815
1844.0,1.509216254037188
1845.0,1.5082708146033694
1846.0,1.5077586343600258
1847.0,1.5059901049606208
1848.0,1.5059839535822128
1849.0,1.5066921554737924
1850.0,1.507649714602473
1851.0,1.5097854431322304
1852.0,1.5115855904358309
1853.0,1.5128463719241867
1854.0,1.5127266739991074
1855.0,1.5127365412928342
1856.0,1.5134182703766024
1857.0,1.5129142404643146
1858.0,1.51114899570878
1859.0,1.511377266857314
1860.0,1.5123561618282912
1861.0,1.5121270813519672
1862.0,1.5127446020737212
1863.0,1.5118832496098533
1864.0,1.509434596424458
1865.0,1.5068717912635636
1866.0,1.5061542516982553
1867.0,1.5067642407866424
1868.0,1.5062667261285039
1869.0,1.5064352184698278
1870.0,1.5054591801522577
1871.0,1.5034017939983286
1872.0,1.500877109561839
1873.0,1.4991214169473464
1874.0,1.4987181677892125
1875.0,1.498306824021498
1876.0,1.4975108921950013
1877.0,1.495784060077409
1878.0,1.4923588378573633
1879.0,1.48852004916758
1880.0,1.4829157354860452
1881.0,1.4784796100979976
1882.0,1.4744375260861364
1883.0,1.4690613994021346
1884.0,1.4645010201091202
1885.0,1.4594358213204137
1886.0,1.452626183924061
1887.0,1.447297532443778
1888.0,1.441608680473053
1889.0,1.4355269439750828
1890.0,1.4285903426089444
1891.0,1.4218603676147419
1892.0,1.4125504389953452
1893.0,1.4031192697397081
1894.0,1.3931158364685603
1895.0,1.3836153931037005
1896.0,1.377587969990996
1897.0,1.3703936402756436
1898.0,1.3625894557077989
1899.0,1.3550290851486146
1900.0,1.3448905485193212
1901.0,1.3358851885401022
1902.0,1.326553296581616
1903.0,1.3193675370913507
1904.0,1.3119944629759506
1905.0,1.3057875987726086
1906.0,1.2998866903337256
1907.0,1.2925858189280852
1908.0,1.2876771623085432
1909.0,1.283571958455444
1910.0,1.2808763648083632
1911.0,1.2798509522690427
1912.0,1.2770270273245299
1913.0,1.2743029160447468
1914.0,1.2715094283796837
1915.0,1.2679173844911353
1916.0,1.2633641861785276
1917.0,1.261018905358643
1918.0,1.2608056417946354
1919.0,1.2604065695918532
1920.0,1.2608929635490351
1921.0,1.2615131541724312
1922.0,1.260875607016232
1923.0,1.2606651906298305
1924.0,1.2610111013499214
1925.0,1.262361327028971
1926.0,1.2638364421153931
1927.0,1.2643586430077203
1928.0,1.2659872911633825
1929.0,1.2672780942284942
1930.0,1.2678488311777651
1931.0,1.2689125542188067
1932.0,1.2687645424442575
1933.0,1.2702681260759447
1934.0,1.2718435446852838
1935.0,1.2727884946296633
1936.0,1.2752498353127166
1937.0,1.2771605765985787
1938.0,1.278524612901892
1939.0,1.2800669318610607
1940.0,1.2818721480282291
1941.0,1.2834651726290143
1942.0,1.285117222620742
1943.0,1.2872956884932434
1944.0,1.2903162703695732
1945.0,1.2923413189755661
1946.0,1.2941612327979493
1947.0,1.2958743143705362
1948.0,1.2976919426735054
1949.0,1.2993327802890304
1950.0,1.3012979281765125
1951.0,1.3034629224855194
1952.0,1.3062650442863977
1953.0,1.3082806546442698
1954.0,1.3116109496974548
1955.0,1.3145242846094258
1956.0,1.3152964628554862
1957.0,1.3173871878929013
1958.0,1.318615659882354
1959.0,1.3203473853143357
1960.0,1.3234464699424728
1961.0,1.3251439068692874
1962.0,1.3260553776123536
1963.0,1.3268213892300682
1964.0,1.3281488831196964
1965.0,1.3296132804863072
1966.0,1.33290229093159
1967.0,1.3365523268131645
1968.0,1.3390000633822945
1969.0,1.3412875724070499
1970.0,1.3421777296124595
1971.0,1.3431535018109833
1972.0,1.3440964233720463
1973.0,1.3436164554302947
1974.0,1.34484575765156
1975.0,1.346901903351274
1976.0,1.3492621721841787
1977.0,1.352898929801944
1978.0,1.3569095923048127
1979.0,1.3597915832072769
1980.0,1.3618786533946154
1981.0,1.362188847579459
1982.0,1.3645922043876557
1983.0,1.3679425670478227
1984.0,1.3702809873513915
1985.0,1.3716046030022218
1986.0,1.3717052389116142
1987.0,1.3728354260124613
1988.0,1.3729926239079704
1989.0,1.3735983688957842
1990.0,1.377121952578386
1991.0,1.3802888667059052
1992.0,1.383695373902314
1993.0,1.3871106371143789
1994.0,1.3897585461520707
1995.0,1.3936755518938528
1996.0,1.3965576782065756
1997.0,1.3990486224880423
1998.0,1.401335870984789
1999.0,1.4032858898109646
2000.0,1.4047608507989993
2001.0,1.406059030017876
2002.0,1.405488728178284
2003.0,1.4062969359730955
2004.0,1.406431698185229
2005.0,1.4067577804271767
2006.0,1.4088008894076498
2007.0,1.4114829737352768
2008.0,1.41501911661396
2009.0,1.417373310631943
2010.0,1.4199862697686847
2011.0,1.4218109381502702
2012.0,1.4221692526910354
2013.0,1.423724907006058
2014.0,1.4264208252535886
2015.0,1.4267867701932362
2016.0,1.4277527276801953
2017.0,1.4289756097898916
2018.0,1.4293487896682202
2019.0,1.4311022199205938
2020.0,1.4339750942245042
2021.0,1.4363742941007167
2022.0,1.4375707817124472
2023.0,1.4399459637285839
2024.0,1.441654260229056
2025.0,1.4423349386027906
2026.0,1.4435929793356579
2027.0,1.4449979414194063
2028.0,1.4464449506649215
2029.0,1.4477244999720096
2030.0,1.4502277996129194
2031.0,1.4525382915489744
2032.0,1.4548001317899388
2033.0,1.456626635696454
2034.0,1.4584924663920487
2035.0,1.4606443889742942
2036.0,1.4618706770905092
2037.0,1.463101863365524
2038.0,1.4641264278726103
2039.0,1.4654116995669932
2040.0,1.4665096550020091
2041.0,1.4683882683015506
2042.0,1.4712368029290825
2043.0,1.4731738976709263
2044.0,1.4755864588374241
2045.0,1.4759436826372363
2046.0,1.4764371882598528
2047.0,1.4771327654010422
2048.0,1.4775625513594504
2049.0,1.4772833597790271
2050.0,1.475489878155347
2051.0,1.475386540532954
2052.0,1.4765738217023097
2053.0,1.4792397960225538
2054.0,1.481093272546749
2055.0,1.484911974112556
2056.0,1.4863736533305476
2057.0,1.4861617122894417
2058.0,1.486202768240842
2059.0,1.485298709702654
2060.0,1.4847815185287265
2061.0,1.485093622929656
2062.0,1.4848204554547955
2063.0,1.4854489000067155
2064.0,1.4879459776131383
2065.0,1.4892084717574778
2066.0,1.4897512744657744
2067.0,1.4910164809527942
2068.0,1.4920969059384417
2069.0,1.4931844513052461
2070.0,1.4950096393059833
2071.0,1.496475402894328
2072.0,1.4981240379904162
2073.0,1.4985029092324098
2074.0,1.4978110490126364
2075.0,1.4984265339231981
2076.0,1.4969189920420753
2077.0,1.4950410835781962
2078.0,1.4947363635837065
2079.0,1.4949973268408412
2080.0,1.4958147060821552
2081.0,1.4986002230765847
2082.0,1.4997758448026033
2083.0,1.5006434978314438
2084.0,1.5006998661829354
2085.0,1.4997953431935702
2086.0,1.4988342285372027
2087.0,1.4970895048866593
2088.0,1.4968622272195735
2089.0,1.497243147123723
2090.0,1.4968702817900397
2091.0,1.4977906844429405
2092.0,1.4990771909092921
2093.0,1.498346926345109
2094.0,1.5001177272850756
2095.0,1.5031522197094729
2096.0,1.5045832540145438
2097.0,1.5058655400671674
2098.0,1.5068189500066425
2099.0,1.5080809518747382
2100.0,1.5087401720365325
2101.0,1.5101866412102631
2102.0,1.5134919646667133
2103.0,1.5146885372269843
2104.0,1.5146142958650568
2105.0,1.514870412792768
2106.0,1.5141448190290971
2107.0,1.5139366219973944
2108.0,1.5139546888988462
2109.0,1.5138324698456367
2110.0,1.5138944168118624
2111.0,1.5132439831016493
2112.0,1.5136119825791945
2113.0,1.5139556201908084
2114.0,1.5151072227738378
2115.0,1.5176643410247912
2116.0,1.5191978581453816
2117.0,1.5216843901507389
2118.0,1.521834028355015
2119.0,1.5197134578628422
2120.0,1.5178174858299829
2121.0,1.513937166064054
2122.0,1.512525920389064
2123.0,1.512448948751028
2124.0,1.5120620395396662
2125.0,1.5131440583906126
2126.0,1.5132837922486453
2127.0,1.5108737394711445
2128.0,1.5113528219968666
2129.0,1.512629710683802
2130.0,1.5147785158406153
2131.0,1.5189630281988447
2132.0,1.5210167935620562
2133.0,1.522864673595179
2134.0,1.5239768058107326
2135.0,1.524909070914176
2136.0,1.5258304753644376
2137.0,1.525748505478642
2138.0,1.5248565878205729
2139.0,1.5234627894119088
2140.0,1.5197322158013606
2141.0,1.5178909951356836
2142.0,1.5157478035122824
2143.0,1.5156853246400583
2144.0,1.5184171358135625
2145.0,1.5225694785411077
2146.0,1.52496830837885
2147.0,1.5264667616545553
2148.0,1.5245811373195848
2149.0,1.522156482669687
2150.0,1.5214964681657124
2151.0,1.5196044313367412
2152.0,1.518168581366316
2153.0,1.5167472854533273
2154.0,1.5158277566516674
2155.0,1.514784968062881
2156.0,1.5141468007299428
2157.0,1.5135886520925925
2158.0,1.513827835399702
2159.0,1.5151588720895226
2160.0,1.5162063199214397
2161.0,1.5185814567128253
2162.0,1.519518915180359
2163.0,1.5190929490082106
2164.0,1.5192868774327004
2165.0,1.5184447967588952
2166.0,1.5174391456875105
2167.0,1.5186840438562863
2168.0,1.5166468696037352
2169.0,1.5174016051915207
2170.0,1.5189173441822141
2171.0,1.5181220011678804
2172.0,1.5169647178476313
2173.0,1.5157966002404555
2174.0,1.5120547767047705
2175.0,1.5113138146365548
2176.0,1.5118575186464318
2177.0,1.5119562226243972
2178.0,1.5131312443623512
2179.0,1.512820694650275
2180.0,1.5111975915724207
2181.0,1.5118581657875039
2182.0,1.5146796819140789
2183.0,1.5158490352520975
2184.0,1.518609908903392
2185.0,1.5177112814852503
2186.0,1.5163170346345403
2187.0,1.513390848875137
2188.0,1.5106329441722512
2189.0,1.5099151174475451
2190.0,1.506961459261721
2191.0,1.5054724586899582
2192.0,1.505794102189435
2193.0,1.5052594962327936
2194.0,1.5056369025241532
2195.0,1.5079295549055969
2196.0,1.5075796741580576
2197.0,1.5056709790893619
2198.0,1.5061563716833104
2199.0,1.5057929507180021
2200.0,1.5068335137001188
2201.0,1.5115845979612699
2202.0,1.5130722234256988
2203.0,1.512574533117018
2204.0,1.5135468180092033
2205.0,1.515114821743937
2206.0,1.5146255814345508
2207.0,1.5127055835824883
2208.0,1.5140292124696106
2209.0,1.5154533433302708
2210.0,1.5122477346067213
2211.0,1.5100392599239145
2212.0,1.5079682311156128
2213.0,1.5042180136168237
2214.0,1.5050648189544686
2215.0,1.509742103878209
2216.0,1.5120078056046717
2217.0,1.512581087694788
2218.0,1.5120698024807369
2219.0,1.5111806567307078
2220.0,1.5073378387958583
2221.0,1.5069866043773328
2222.0,1.5083487467985357
2223.0,1.5091579383362337
2224.0,1.5112609424387815
2225.0,1.512219636604251
2226.0,1.5121085997764816
2227.0,1.5130139472330069
2228.0,1.5153794346869198
2229.0,1.5158773135534107
2230.0,1.513896089213823
2231.0,1.5139778975301676
2232.0,1.515554067376732
2233.0,1.514906276326927
2234.0,1.5099856792555277
2235.0,1.5146459349969401
2236.0,1.5129556050506934
2237.0,1.5058931383027978
2238.0,1.5065017379709147
2239.0,1.5029752091502588
2240.0,1.499985852793321
2241.0,1.499538377783065
2242.0,1.4965299282090627
2243.0,1.4956414327260967
2244.0,1.4922345166354771
2245.0,1.4898976714516183
2246.0,1.4889646492466115
2247.0,1.4881175417641315
2248.0,1.4875468271663455
2249.0,1.4904293091734793
2250.0,1.4898816210339731
2251.0,1.487809808730864
2252.0,1.4865837372866528
2253.0,1.4826981137163664
2254.0,1.4808091548059734
2255.0,1.481645161134138
2256.0,1.4800790218954396
2257.0,1.4776891957967269
2258.0,1.4762971451890274
2259.0,1.4739162010126834
2260.0,1.4718258583755732
2261.0,1.4702775868772595
2262.0,1.4694999228805097
2263.0,1.4695292746381523
2264.0,1.468333916517283
2265.0,1.4673244771318263
2266.0,1.465609424739344
2267.0,1.459769922233163
2268.0,1.456262954153955
2269.0,1.4548224381450823
2270.0,1.4565060125146407
2271.0,1.4611474043171508
2272.0,1.4638145912631657
2273.0,1.466476583233657
2274.0,1.4676072045452406
2275.0,1.4682206059310696
2276.0,1.4647968824411204
2277.0,1.4607995703726226
2278.0,1.452892722956659
2279.0,1.4496588178355707
2280.0,1.4475273570360183
2281.0,1.4468193590789378
2282.0,1.4488784566234578
2283.0,1.4491126830673224
2284.0,1.4478081761882218
2285.0,1.4481962965818111
2286.0,1.4499013438570756
2287.0,1.4519164863366192
2288.0,1.4560747876403572
2289.0,1.4578684970321507
2290.0,1.4578313097983222
2291.0,1.460316871623343
2292.0,1.464424912831674
2293.0,1.4650846980533896
2294.0,1.4665238612785867
2295.0,1.4646967280650829
2296.0,1.4565559609962906
2297.0,1.4523031960989878
2298.0,1.4512530864474826
2299.0,1.4498013925008573
2300.0,1.451376644774011
2301.0,1.4523180991417866
2302.0,1.4525835057338643
2303.0,1.4549096969163147
2304.0,1.455686905717585
2305.0,1.4572171012304607
2306.0,1.458253432953121
2307.0,1.456148831638237
2308.0,1.4561985957662378
2309.0,1.4570502464480068
2310.0,1.4575269957451455
2311.0,1.4613309469391587
2312.0,1.4650994780051885
2313.0,1.4671274574281201
2314.0,1.4664840310373812
2315.0,1.4643619559060332
2316.0,1.4632124587091775
2317.0,1.459008040348681
2318.0,1.4554822446870441
2319.0,1.4533381618207657
2320.0,1.4525373376051767
2321.0,1.4519699710188796
2322.0,1.452511689871284
2323.0,1.4576410898236154
2324.0,1.457693708536772
2325.0,1.4556216462616023
2326.0,1.4537401116425888
2327.0,1.447123786476734
2328.0,1.4454696416203856
2329.0,1.4453220559271451
2330.0,1.4463017511978864
2331.0,1.4528774997248453
2332.0,1.4550543174224688
2333.0,1.458894064166238
2334.0,1.4560562596008904
2335.0,1.4458340248234236
2336.0,1.4392772018379465
2337.0,1.4255260173448363
2338.0,1.4212591868296025
2339.0,1.4262558587932974
2340.0,1.4266238908906874
2341.0,1.4290434715771994
2342.0,1.4335693710662736
2343.0,1.4378242067164073
2344.0,1.439714038073628
2345.0,1.443743650534177
2346.0,1.445073276341455
2347.0,1.4405459921597257
2348.0,1.4403929590142104
2349.0,1.4461659610852018
2350.0,1.453552707267553
2351.0,1.4563816749837324
2352.0,1.4617391903820023
2353.0,1.4593930115532237
2354.0,1.4503496715474895
2355.0,1.4483589329552782
2356.0,1.446184356916178
2357.0,1.4471344723008048
2358.0,1.450001814102839
2359.0,1.4502082226507944
2360.0,1.4496259062844157
2361.0,1.44871717070626
2362.0,1.4566879655034277
2363.0,1.4695355304418767
2364.0,1.4718327856200715
2365.0,1.467313964781678
2366.0,1.4580449970004747
2367.0,1.4434309359317368
2368.0,1.432933133894502
2369.0,1.4262962309030358
2370.0,1.4185159237434248
2371.0,1.4137205707743823
2372.0,1.418301094529901
2373.0,1.4192774287053063
2374.0,1.4183737435648929
2375.0,1.4190711670223561
2376.0,1.4088227477405166
2377.0,1.4051531066152614
2378.0,1.4083225786462383
2379.0,1.4059419325849316
2380.0,1.4069579377517232
2381.0,1.4100747298433303
2382.0,1.4183860839369276
2383.0,1.432301631474509
2384.0,1.4359715039074834
2385.0,1.434887165480962
2386.0,1.4400885264262626
2387.0,1.436491496875855
2388.0,1.4322739009349919
2389.0,1.4311810106289564
2390.0,1.4182249158382687
2391.0,1.407297515120431
2392.0,1.4040499024432656
2393.0,1.4050688510552731
2394.0,1.3986492659692913
2395.0,1.393773154525998
2396.0,1.3972874524038403
2397.0,1.387451312574652
2398.0,1.3853270303651848
2399.0,1.3882293191193578
2400.0,1.3747668725261453
2401.0,1.3630857836081263
2402.0,1.3568237868533028
2403.0,1.3475088243071771
2404.0,1.3398105282874953
2405.0,1.3398948345005797
2406.0,1.3416945847266892
2407.0,1.3508346262151307
2408.0,1.3638477086371923
2409.0,1.3749937327625585
2410.0,1.3862579610207943
2411.0,1.3894217422515167
2412.0,1.3929302349958939
2413.0,1.3940811982468668
2414.0,1.38707844010068
2415.0,1.3809100806874188
2416.0,1.373153042370834
2417.0,1.359062058178118
2418.0,1.3477152446696825
2419.0,1.3335229345121327
2420.0,1.3141220378973244
2421.0,1.3218602070962668
2422.0,1.344075394870741
2423.0,1.3611302126572826
2424.0,1.3792123091538155
2425.0,1.3826582115638626
2426.0,1.3755240416692565
2427.0,1.350016553638126
2428.0,1.3373951131380926
2429.0,1.336948994584025
2430.0,1.3231188339690292
2431.0,1.3380710038391388
2432.0,1.338621779965184
2433.0,1.3265371758864783
2434.0,1.3294594028140747
2435.0,1.3130546303527817
2436.0,1.3184132378121876
2437.0,1.3180795650231794
2438.0,1.2985080212381614
2439.0,1.317808286164634
2440.0,1.3203478860171018
2441.0,1.3075328711459155
2442.0,1.3169898851150743
2443.0,1.3060662450691118
2444.0,1.3012808273698133
2445.0,1.3250365394640435
2446.0,1.3342449704006805
2447.0,1.3242008125095714
2448.0,1.3166157439199426
2449.0,1.2955562014120037
2450.0,1.2876524451416376
2451.0,1.2952269705772974
2452.0,1.2872082157989784
2453.0,1.2845903397308116
2454.0,1.281291583969605
2455.0,1.2718904542242204
2456.0,1.2740476180063502
2457.0,1.2869756202871023
2458.0,1.2877473222277658
2459.0,1.2885260937031227
2460.0,1.2971413709633752
2461.0,1.285131500044891
2462.0,1.264921317900964
2463.0,1.2459199821223093
2464.0,1.2278915755074438
2465.0,1.2239034649126834
2466.0,1.2285128632490514
2467.0,1.2510377653382918
2468.0,1.2550437653906443
2469.0,1.2350911895720533
2470.0,1.2591712120299132
2471.0,1.2466474025197751
2472.0,1.248748867052017
2473.0,1.2810988624106938
2474.0,1.2700111599130215
2475.0,1.2281209835894227
2476.0,1.22366485398599
2477.0,1.2111147090648207
2478.0,1.211391728929405
2479.0,1.2564887408231993
2480.0,1.2734643097672191
2481.0,1.2784926313253138
2482.0,1.2738677395691886
2483.0,1.251019342514862
2484.0,1.2364023863062186
2485.0,1.2118831755271107
2486.0,1.2013796610963157
2487.0,1.1999223776154722
2488.0,1.2096311200931453
2489.0,1.223671503536264
2490.0,1.2382165878210267
2491.0,1.2824121549167284
2492.0,1.2810942590198298
2493.0,1.258952518301228
2494.0,1.239651487165312
2495.0,1.189196232088459
2496.0,1.1704692223915578
2497.0,1.1703584774171054
2498.0,1.1608196015245424
2499.0,1.1487979766733485
2500.0,1.1459095878583536
