350.0,-0.0648085356243155
351.0,-0.10222975023833347
352.0,-0.027036631066563187
353.0,-0.055009958261615366
354.0,-0.05906679050579768
355.0,-0.009893581541625686
356.0,0.04828160296709171
357.0,0.00205227348581855
358.0,-0.005924709878765879
359.0,0.006042778273389098
360.0,-0.018473239524703238
361.0,0.006166491231713373
362.0,0.03371121624982378
363.0,0.029280794055447732
364.0,-0.017689293739507235
365.0,-0.02743890638309855
366.0,-0.006070055745637531
367.0,0.012754142048802763
368.0,-0.006629631818257313
369.0,0.0022868538849881654
370.0,0.009445622238180093
371.0,0.011033782638396307
372.0,0.04031130766053576
373.0,0.03647229546392575
374.0,0.02271957260681777
375.0,0.021245953818062047
376.0,0.024234809132364907
377.0,0.02597064212349939
378.0,0.032987246644295316
379.0,0.044672051158033736
380.0,0.030157150464087762
381.0,0.025433521902908512
382.0,0.03220417811492758
383.0,0.038146474816203146
384.0,0.029717594780050326
385.0,0.03885644700014954
386.0,0.04961819704134494
387.0,0.029227836691743822
388.0,0.02395861988575792
389.0,0.03557459107492029
390.0,0.04496343634925481
391.0,0.025206547023354786
392.0,0.03730495333613823
393.0,0.04416559648915659
394.0,0.030217287018297755
395.0,0.03025543820905732
396.0,0.03395327741869235
397.0,0.038557807526406945
398.0,0.04230538356405436
399.0,0.04321308772772475
400.0,0.03910434678101888
401.0,0.03543837135647233
402.0,0.03814324148421769
403.0,0.0460189046063095
404.0,0.04725104448170021
405.0,0.04231125400655495
406.0,0.03970723750631509
407.0,0.05052888347321644
408.0,0.05167961143676569
409.0,0.04105792337845898
410.0,0.03807444294788859
411.0,0.04384477291709425
412.0,0.05137065231626783
413.0,0.054168258037060955
414.0,0.04821526801477842
415.0,0.04673984785060739
416.0,0.04710250982479442
417.0,0.04537838824024662
418.0,0.047477337789322546
419.0,0.04852299615624198
420.0,0.04929262715362604
421.0,0.05175934690188784
422.0,0.04949093081709473
423.0,0.047515539606951596
424.0,0.04694965743759824
425.0,0.0453817453277705
426.0,0.04798956410296678
427.0,0.0507008760899208
428.0,0.05029343802695218
429.0,0.04673878243936088
430.0,0.046878634832155035
431.0,0.04944927265444597
432.0,0.05180382138159612
433.0,0.054500918217640644
434.0,0.05285819862113012
435.0,0.04966066595907327
436.0,0.04999924216251466
437.0,0.05055107171446234
438.0,0.05138554172708933
439.0,0.05168832897501737
440.0,0.05005928581273378
441.0,0.05098134352661804
442.0,0.051864503942258
443.0,0.05106511726964371
444.0,0.05063689723459294
445.0,0.05086344785558498
446.0,0.05154633472270051
447.0,0.05208681318954896
448.0,0.051218013317230346
449.0,0.050630158142895294
450.0,0.05118482969627441
451.0,0.05264183795394071
452.0,0.05086881330735863
453.0,0.05041585093190503
454.0,0.052073333904669006
455.0,0.051251883549714834
456.0,0.051619372941307834
457.0,0.05211216474200248
458.0,0.0516824157843508
459.0,0.05179716434871503
460.0,0.05254481398617507
461.0,0.05288595033776885
462.0,0.05188683276710075
463.0,0.051725239891574175
464.0,0.05235659887602552
465.0,0.05299300238185851
466.0,0.052483686443138
467.0,0.05222647143644092
468.0,0.05216388493730536
469.0,0.05226548986092879
470.0,0.053090691065149444
471.0,0.052579112158906836
472.0,0.05195550576646696
473.0,0.052601763803889735
474.0,0.052191448209739394
475.0,0.051303555037377574
476.0,0.05120739276054903
477.0,0.05299364072429997
478.0,0.05207267378756328
479.0,0.05222518473358229
480.0,0.054116807249296184
481.0,0.05245091231743072
482.0,0.05172223158475873
483.0,0.05196578802655437
484.0,0.05234063659807854
485.0,0.05330770619864241
486.0,0.053396721835218625
487.0,0.05265195352814862
488.0,0.05208467488355407
489.0,0.05271158613985938
490.0,0.05338596018604996
491.0,0.053420017372011575
492.0,0.05301893350287453
493.0,0.05262944275635518
494.0,0.052412751617357936
495.0,0.05253948673023012
496.0,0.0536838171755831
497.0,0.053470912591536565
498.0,0.05238801653585718
499.0,0.05224887986256712
500.0,0.0531043840929397
501.0,0.05354361192085664
502.0,0.05335525390394019
503.0,0.05382788385350681
504.0,0.053938184906063225
505.0,0.053493882128479366
506.0,0.05274822165663796
507.0,0.05255452830835713
508.0,0.053051543618390234
509.0,0.05366175682633605
510.0,0.05365612359883268
511.0,0.053887868127140345
512.0,0.05393714046443714
513.0,0.05377183129713387
514.0,0.05389799212906627
515.0,0.05372591118463108
516.0,0.05355809942347295
517.0,0.053737326661103535
518.0,0.05422007597804681
519.0,0.05472103210860532
520.0,0.054649320417263794
521.0,0.05362256654971485
522.0,0.05351459541439215
523.0,0.05378938785786081
524.0,0.054017305025675595
525.0,0.054185788175496165
526.0,0.054998870039182975
527.0,0.05532871999562194
528.0,0.05444179475227028
529.0,0.053867250328886195
530.0,0.05413737984883869
531.0,0.054689072430755624
532.0,0.05453980783578132
533.0,0.05473079229913972
534.0,0.05493167781092288
535.0,0.05491470642294363
536.0,0.05477949818977826
537.0,0.05475580467127663
538.0,0.0548269494401387
539.0,0.0549263951512562
540.0,0.055098697503510465
541.0,0.05524828425498179
542.0,0.055344605985071786
543.0,0.055386113496261255
544.0,0.05515040769720483
545.0,0.05503270310341514
546.0,0.05520788323430285
547.0,0.055374543148809824
548.0,0.05553503068042447
549.0,0.05565428036021624
550.0,0.05564898659033188
551.0,0.05519028987983257
552.0,0.05492685584415146
553.0,0.05507572857289028
554.0,0.05546966002634592
555.0,0.05625760526844195
556.0,0.056489652985484154
557.0,0.05588149260136006
558.0,0.05582350621576577
559.0,0.05606300528015946
560.0,0.05607891606277354
561.0,0.05551364178159391
562.0,0.05569863498963813
563.0,0.05605756481655685
564.0,0.056238453016218375
565.0,0.05624819991568144
566.0,0.05586483540613497
567.0,0.055785483659071544
568.0,0.056344777259666204
569.0,0.05642550290706732
570.0,0.056450362629784076
571.0,0.056352084068267146
572.0,0.0559816341842474
573.0,0.056403515774544936
574.0,0.056704158432395485
575.0,0.05644265322715869
576.0,0.05609345379380015
577.0,0.056391638523354756
578.0,0.056866493806017604
579.0,0.05694197144821577
580.0,0.05705971016192954
581.0,0.05695671874048245
582.0,0.05678132349987789
583.0,0.05692883704892701
584.0,0.05709793197162986
585.0,0.057350792838903014
586.0,0.05759525298251576
587.0,0.0573131624240337
588.0,0.05744748702389596
589.0,0.05766113638977112
590.0,0.05742006118334468
591.0,0.05758442385512741
592.0,0.05775335620698707
593.0,0.05783724016967007
594.0,0.05809257400574555
595.0,0.058264052881925814
596.0,0.05813458997050475
597.0,0.057746793682149695
598.0,0.05777243982047894
599.0,0.05801555174632181
600.0,0.05827868963452293
601.0,0.058380977581464044
602.0,0.05841833245721334
603.0,0.0585650388851542
604.0,0.05870928054777563
605.0,0.0583256089209334
606.0,0.0586118000641466
607.0,0.05899101439569012
608.0,0.05878194883942257
609.0,0.0588534350486951
610.0,0.05896034811903836
611.0,0.05906891046691086
612.0,0.05926857341260299
613.0,0.059021526942671904
614.0,0.05903022111115832
615.0,0.05955550072256391
616.0,0.05959830278115839
617.0,0.05972979368028494
618.0,0.05977922408092105
619.0,0.05949499457024882
620.0,0.05963312383402906
621.0,0.05986958344525596
622.0,0.06005037044739149
623.0,0.060268237882789476
624.0,0.06030815997695602
625.0,0.06016140198062728
626.0,0.05994456293707127
627.0,0.05995844572565946
628.0,0.06016753499963002
629.0,0.06049035787140464
630.0,0.06080117981536233
631.0,0.060963382428765304
632.0,0.06080745349827499
633.0,0.06048476499390159
634.0,0.060640292795497826
635.0,0.06069628273420401
636.0,0.060776701175308284
637.0,0.061126951322839566
638.0,0.06166328447692961
639.0,0.061665767127891846
640.0,0.061294759679478915
641.0,0.061412261287351735
642.0,0.0613763530683239
643.0,0.061558200973537626
644.0,0.062139643509347836
645.0,0.06254322029193221
646.0,0.06257876799188183
647.0,0.062339689715855136
648.0,0.06209391934594798
649.0,0.06208339869633452
650.0,0.06231185186419948
651.0,0.06260031923939681
652.0,0.06259428259360889
653.0,0.0629489838623404
654.0,0.06331437098903543
655.0,0.0632581938163853
656.0,0.06284897736053108
657.0,0.0627707735944377
658.0,0.06304442888436428
659.0,0.06326078339115183
660.0,0.06343518499956914
661.0,0.0636478272277973
662.0,0.06390917034372812
663.0,0.06408421788925245
664.0,0.06422311212093994
665.0,0.06415865518922918
666.0,0.06386387665833755
667.0,0.064277558309996
668.0,0.06455257853943214
669.0,0.06464850623988111
670.0,0.06525731734170809
671.0,0.065024110043904
672.0,0.06479463778978377
673.0,0.0651673160294622
674.0,0.0650616443536968
675.0,0.06524054473918157
676.0,0.06558317256637847
677.0,0.06563929698683796
678.0,0.06556871102646976
679.0,0.06579795816215729
680.0,0.06625504416845084
681.0,0.06621908121319624
682.0,0.06629783581905434
683.0,0.06648126177964803
684.0,0.06663682416404045
685.0,0.06676782267359013
686.0,0.0668745688699833
687.0,0.06699474463856095
688.0,0.06717509548614983
689.0,0.06729824025600002
690.0,0.06740111840740862
691.0,0.06750923479738524
692.0,0.06758038395565587
693.0,0.06779536608923044
694.0,0.06804809530345472
695.0,0.06818322732228316
696.0,0.06828336807816902
697.0,0.06856123088959462
698.0,0.06887409986773632
699.0,0.06879517984027
700.0,0.06874443840090354
701.0,0.06896458220153383
702.0,0.06945541208523372
703.0,0.06979324347326094
704.0,0.06971524509310062
705.0,0.06961534737239194
706.0,0.07003050831958585
707.0,0.07034119695754895
708.0,0.07056367683094329
709.0,0.07068515520593084
710.0,0.07060962202748555
711.0,0.07075043823244101
712.0,0.07085624511480498
713.0,0.07079619794864912
714.0,0.07134190034260915
715.0,0.07159261950974821
716.0,0.07159848187333612
717.0,0.07188740363455132
718.0,0.0721201712464073
719.0,0.07220766837481159
720.0,0.0722299103903577
721.0,0.07247480074029448
722.0,0.07267360128718191
723.0,0.0728351969731936
724.0,0.07306151766906517
725.0,0.07353862938366787
726.0,0.07376153240039394
727.0,0.07370922940543438
728.0,0.07372292379887074
729.0,0.0739045294179651
730.0,0.07422771241220964
731.0,0.07457366893189485
732.0,0.07469433775602535
733.0,0.07494970373072694
734.0,0.07520610773798547
735.0,0.07526879085931204
736.0,0.07543576684141737
737.0,0.07564780663818484
738.0,0.07583057762412893
739.0,0.07592907087456065
740.0,0.07621479810745826
741.0,0.07653219022803358
742.0,0.07675401810674169
743.0,0.07696600187801379
744.0,0.0771048028974019
745.0,0.0772085584934408
746.0,0.07736591026736846
747.0,0.07773999141625879
748.0,0.07796819848627792
749.0,0.07801392420740992
750.0,0.07817118243624821
751.0,0.07859137158814063
752.0,0.07888703947941385
753.0,0.07889503991567892
754.0,0.07919486653369928
755.0,0.07950864566318036
756.0,0.0797345286340495
757.0,0.07987348588312736
758.0,0.08013719440442056
759.0,0.08049721022196049
760.0,0.08085632750078292
761.0,0.08107681156439212
762.0,0.08123175251751051
763.0,0.08144685554045707
764.0,0.081751230439744
765.0,0.08192506218566029
766.0,0.08210975049111155
767.0,0.08233224155512651
768.0,0.08258646370347147
769.0,0.0829433522197335
770.0,0.08328313005173982
771.0,0.08352777932459475
772.0,0.0836678052979942
773.0,0.0839404251921656
774.0,0.08418563478959781
775.0,0.08431279144418441
776.0,0.08456340024731712
777.0,0.08479826495618033
778.0,0.08505389641145783
779.0,0.08539417510461815
780.0,0.08570277532109637
781.0,0.08592277842746705
782.0,0.08612608554207016
783.0,0.08647135373751501
784.0,0.08668955113896494
785.0,0.08690419421810454
786.0,0.08720046127243239
787.0,0.0874430814048727
788.0,0.08778886599354574
789.0,0.08817345486166717
790.0,0.08847657180836146
791.0,0.08867472680890963
792.0,0.08897575587966075
793.0,0.08934511039359232
794.0,0.0895776765645048
795.0,0.089824986198179
796.0,0.0900831496811431
797.0,0.09034735690336139
798.0,0.09064375630067555
799.0,0.09105024791876891
800.0,0.09142367702550461
801.0,0.09164412512397017
802.0,0.09191546472064543
803.0,0.09215838588220333
804.0,0.09242002755159602
805.0,0.09278947012355336
806.0,0.0930509738109311
807.0,0.09334562172400739
808.0,0.09374019803968442
809.0,0.0941598600667116
810.0,0.09438304879857
811.0,0.09455079592284232
812.0,0.0948231281405374
813.0,0.09517109699639184
814.0,0.09554426355832539
815.0,0.09591434495244965
816.0,0.09623676401367742
817.0,0.09628738122942107
818.0,0.09663764417375605
819.0,0.09724366768163485
820.0,0.09751151846299388
821.0,0.09775679320933246
822.0,0.09821707131695841
823.0,0.09877598618926703
824.0,0.09870110196463638
825.0,0.09900477876042595
826.0,0.09955977854165819
827.0,0.10001964708445245
828.0,0.1005986968401574
829.0,0.1009713206163767
830.0,0.10118990819453427
831.0,0.10149301421759264
832.0,0.10169312589121997
833.0,0.10201135987981048
834.0,0.10255269092658495
835.0,0.10322915613820016
836.0,0.10353244505851816
837.0,0.10360576297911905
838.0,0.1037481581145472
839.0,0.10430047167225877
840.0,0.10466916155101061
841.0,0.10496193106680493
842.0,0.10541416688278879
843.0,0.10577365389347235
844.0,0.10622596079188007
845.0,0.10663194852217256
846.0,0.1067419176381027
847.0,0.10701051557227446
848.0,0.10744894968756952
849.0,0.10795864728178652
850.0,0.10838195977196709
851.0,0.10884786145928699
852.0,0.10920242621259998
853.0,0.1093843938206461
854.0,0.10959654002299726
855.0,0.11005069082510323
856.0,0.11068843256067393
857.0,0.11130610792240264
858.0,0.11160348367213851
859.0,0.11172943670951449
860.0,0.11196402716702492
861.0,0.11254004242086856
862.0,0.11302584290147949
863.0,0.11336381393063295
864.0,0.11373430756811803
865.0,0.1144321078293935
866.0,0.11471981622798844
867.0,0.11491312491062437
868.0,0.11530243396433464
869.0,0.11586812695871634
870.0,0.11634486452019786
871.0,0.11681118444474375
872.0,0.11730576084499354
873.0,0.11750023516389684
874.0,0.11775711687873668
875.0,0.11811207905000239
876.0,0.11849955710191915
877.0,0.11896726982050079
878.0,0.11969694220672825
879.0,0.12045266244765347
880.0,0.12082246632409971
881.0,0.1210429701630441
882.0,0.12128747587867843
883.0,0.12171287271670293
884.0,0.12238831720492353
885.0,0.122578602093367
886.0,0.12306354650954997
887.0,0.12397627367946024
888.0,0.12416093516441339
889.0,0.12449850306288762
890.0,0.12478108837675969
891.0,0.12492054144552613
892.0,0.12571329954997232
893.0,0.12626382666151148
894.0,0.1267430452051874
895.0,0.1274193614400035
896.0,0.12755315509907716
897.0,0.12794661940830065
898.0,0.12856877629367552
899.0,0.12905532178877938
900.0,0.12968178675236022
901.0,0.13023359277971522
902.0,0.13077970966759786
903.0,0.1314910349734787
904.0,0.1315593018337773
905.0,0.13170732102869373
906.0,0.13222793814505993
907.0,0.13277638839853217
908.0,0.13284584707578842
909.0,0.1333664120165026
910.0,0.13442993156302457
911.0,0.13470900952801923
912.0,0.13519165128843824
913.0,0.13569658606290463
914.0,0.13612465937248588
915.0,0.13700236188178072
916.0,0.137332072506499
917.0,0.13752703406681374
918.0,0.13803584693350787
919.0,0.13829375004387462
920.0,0.1385119544188796
921.0,0.1390822247765179
922.0,0.1401252781440516
923.0,0.14063718551701831
924.0,0.14115105672014572
925.0,0.14172970906427598
926.0,0.1422497493236725
927.0,0.1427878279345031
928.0,0.1431373266801258
929.0,0.14331988638267723
930.0,0.14356772984860652
931.0,0.1443601869536484
932.0,0.14552460920955124
933.0,0.14641729657096017
934.0,0.14637044806257118
935.0,0.14657652945567973
936.0,0.14727512424835254
937.0,0.1480360054162906
938.0,0.1481672281801827
939.0,0.14935030710703018
940.0,0.14995782250041073
941.0,0.14971040555008092
942.0,0.1501064597228174
943.0,0.15139492195955223
944.0,0.15221309115402487
945.0,0.1522861480893694
946.0,0.15288655908294482
947.0,0.15303091864429552
948.0,0.15375866333725866
949.0,0.15505278002246822
950.0,0.15513529520055447
951.0,0.15511596349921988
952.0,0.15571530025292565
953.0,0.15682251025249314
954.0,0.15722887412748868
955.0,0.15747637894813604
956.0,0.15775218523446968
957.0,0.15822321776700302
958.0,0.1590891597402094
959.0,0.15938656055686976
960.0,0.15986967945252767
961.0,0.16095192559665286
962.0,0.16169829160571045
963.0,0.16234319733867736
964.0,0.163066924527239
965.0,0.16368441343588036
966.0,0.16335690140868334
967.0,0.1636588775083341
968.0,0.16475029166238409
969.0,0.16608318498071517
970.0,0.16660564842419306
971.0,0.1672283359299859
972.0,0.1673437051692535
973.0,0.1669408055061619
974.0,0.16779636550838786
975.0,0.1694159273364203
976.0,0.16979035018895233
977.0,0.16866275886519852
978.0,0.16963264512653392
979.0,0.1715424471307568
980.0,0.17176772066090054
981.0,0.17027623530242023
982.0,0.17214370170109594
983.0,0.17358209782508932
984.0,0.17421442101085002
985.0,0.1745066526331762
986.0,0.174980877989955
987.0,0.17592286954979572
988.0,0.17638234489923185
989.0,0.17622318191140332
990.0,0.17693121107981244
991.0,0.17839159688096431
992.0,0.18011843798960694
993.0,0.180981838841734
994.0,0.17960569938818177
995.0,0.18032658214989244
996.0,0.18196088399308402
997.0,0.18306894118045391
998.0,0.18332206118953412
999.0,0.18326130775766195
1000.0,0.18464898350817663
1001.0,0.19062830256176597
1002.0,0.19047638644268644
1003.0,0.19155756849554828
1004.0,0.1940786304321097
1005.0,0.1937992776749366
1006.0,0.19466022664839605
1007.0,0.19769432521030667
1008.0,0.19941769048579744
1009.0,0.20218480677578937
1010.0,0.2049362719234361
1011.0,0.20265011417041726
1012.0,0.2003968249984379
1013.0,0.2018672359913034
1014.0,0.20300017249198224
1015.0,0.2062146155539229
1016.0,0.20757795505964452
1017.0,0.20962263504023715
1018.0,0.20811774632332464
1019.0,0.20593130120415176
1020.0,0.2065648170794482
1021.0,0.2062040461632773
1022.0,0.20519376998119201
1023.0,0.2052426505308133
1024.0,0.2044549805928722
1025.0,0.20562819134142446
1026.0,0.20946031264399836
1027.0,0.2116280419807483
1028.0,0.21116727523312737
1029.0,0.21120393300801582
1030.0,0.21027046356392295
1031.0,0.20839374039289082
1032.0,0.2092376553217343
1033.0,0.21321943859287135
1034.0,0.2155840668579075
1035.0,0.2176107206432144
1036.0,0.21884203091615426
1037.0,0.21821519300781148
1038.0,0.21780877589473518
1039.0,0.21855522702800248
1040.0,0.22010904035748366
1041.0,0.2216823655514102
1042.0,0.22374277799032005
1043.0,0.22507377067263643
1044.0,0.22620983616355153
1045.0,0.22563786989305656
1046.0,0.2258720477702814
1047.0,0.22533619210945816
1048.0,0.22369255860491777
1049.0,0.2236389437725628
1050.0,0.22319630203937546
1051.0,0.22410539016927347
1052.0,0.22701921876625047
1053.0,0.22772067386629358
1054.0,0.2275746722767842
1055.0,0.2282725487006723
1056.0,0.22866382267057364
1057.0,0.22845142504845503
1058.0,0.22864851049694246
1059.0,0.2305122165423441
1060.0,0.2319061201911475
1061.0,0.2321405107119387
1062.0,0.23384642631147537
1063.0,0.23538866954367116
1064.0,0.2355417022428006
1065.0,0.23731187918185484
1066.0,0.23902431385478742
1067.0,0.2391383260429625
1068.0,0.23931689466031522
1069.0,0.23825262807742162
1070.0,0.23813131318623032
1071.0,0.2382637965890622
1072.0,0.23882617634339576
1073.0,0.23910313967260408
1074.0,0.24031506713612502
1075.0,0.23982880483751956
1076.0,0.23943577765624097
1077.0,0.23964517861811263
1078.0,0.23970884046984872
1079.0,0.24111619515814242
1080.0,0.24241136317402245
1081.0,0.24401583721832967
1082.0,0.246464530963186
1083.0,0.2476973128163782
1084.0,0.24886690569736483
1085.0,0.25031550482003295
1086.0,0.2514806064091795
1087.0,0.25216303969902587
1088.0,0.2524078475698412
1089.0,0.25310360018016737
1090.0,0.2533980652991371
1091.0,0.25423433713758553
1092.0,0.2550286890586925
1093.0,0.2550816118183804
1094.0,0.255998009033939
1095.0,0.2565104732565057
1096.0,0.2568268968610202
1097.0,0.2588333700609723
1098.0,0.26001517144468195
1099.0,0.260554675101595
1100.0,0.26020852651834303
1101.0,0.26098474832429336
1102.0,0.26185308205529134
1103.0,0.26234716991326634
1104.0,0.26351288850368826
1105.0,0.2639858379559766
1106.0,0.26411634584098215
1107.0,0.2645646919734777
1108.0,0.2661468062388115
1109.0,0.2678903485218697
1110.0,0.26846363882225877
1111.0,0.268927893938066
1112.0,0.26925626468693875
1113.0,0.26829330501932447
1114.0,0.2688462823201233
1115.0,0.27040758833222983
1116.0,0.27139340572566983
1117.0,0.2725663891803161
1118.0,0.2737149568934923
1119.0,0.2748048855354289
1120.0,0.2757373521713599
1121.0,0.27671338991066696
1122.0,0.27791145770745057
1123.0,0.27793326729982104
1124.0,0.27819489831172245
1125.0,0.27926139057731614
1126.0,0.2796755853767752
1127.0,0.28035392318079505
1128.0,0.28147303757610453
1129.0,0.2823614271070913
1130.0,0.28308625164002277
1131.0,0.28380171571557683
1132.0,0.2848341490990365
1133.0,0.2854027022558796
1134.0,0.2853315235262775
1135.0,0.28559016205850973
1136.0,0.2867468091737775
1137.0,0.2875608290962608
1138.0,0.2883609650072134
1139.0,0.2896189737680907
1140.0,0.2909121206057873
1141.0,0.29198723375945784
1142.0,0.2927388953328165
1143.0,0.29362733478582564
1144.0,0.29416015852610616
1145.0,0.2937070763496043
1146.0,0.29429948049146476
1147.0,0.2955898050381376
1148.0,0.2967337785987124
1149.0,0.29848217812891903
1150.0,0.2991831305801998
1151.0,0.3001612016505217
1152.0,0.3010169693694459
1153.0,0.3012437954415943
1154.0,0.30254954599125017
1155.0,0.3037793891294817
1156.0,0.30453784563400693
1157.0,0.3058397031602508
1158.0,0.3077086790572176
1159.0,0.30897602079653175
1160.0,0.3105073833986747
1161.0,0.3113785846604551
1162.0,0.31157069568862583
1163.0,0.31192986958523383
1164.0,0.311572238948283
1165.0,0.31205255882044547
1166.0,0.31286883675266186
1167.0,0.31405680912910877
1168.0,0.3154328040897348
1169.0,0.31656732831878226
1170.0,0.3175051879737262
1171.0,0.31830549771837197
1172.0,0.3190433660301735
1173.0,0.31946163470535294
1174.0,0.3203850321509858
1175.0,0.321501203509557
1176.0,0.32250576086334243
1177.0,0.32400389975195965
1178.0,0.3250213895273475
1179.0,0.3256232540027759
1180.0,0.3263408595815349
1181.0,0.32696972094449084
1182.0,0.32749645339737116
1183.0,0.3282904738691329
1184.0,0.32870585772510524
1185.0,0.3299641702872776
1186.0,0.33165096459354704
1187.0,0.33284059388157855
1188.0,0.33435009905201407
1189.0,0.33553973284794936
1190.0,0.3362160571236638
1191.0,0.33704611141036717
1192.0,0.33788543239177293
1193.0,0.33878698329420043
1194.0,0.3394705735198477
1195.0,0.3404266531082692
1196.0,0.3421140600510754
1197.0,0.34297484831967623
1198.0,0.3434220115020343
1199.0,0.343768902908128
1200.0,0.34417082216612854
1201.0,0.3446728707451937
1202.0,0.34592555292035126
1203.0,0.34779611847125336
1204.0,0.3488168203435694
1205.0,0.34967232357081873
1206.0,0.35035701260156377
1207.0,0.35019034799740817
1208.0,0.35088283481072363
1209.0,0.3520636490590097
1210.0,0.35291972011407663
1211.0,0.3540194643299269
1212.0,0.3550465878625828
1213.0,0.35573671237404586
1214.0,0.35663611410168594
1215.0,0.3576821846532526
1216.0,0.3588124394901479
1217.0,0.3601121504587982
1218.0,0.36147458095749885
1219.0,0.36240342605834724
1220.0,0.36331077560781566
1221.0,0.36395914162703363
1222.0,0.36390217599945607
1223.0,0.36460254265913594
1224.0,0.3656683072030906
1225.0,0.36651353343192605
1226.0,0.36737217570497743
1227.0,0.36847421883305925
1228.0,0.36978931800747133
1229.0,0.37083633566861335
1230.0,0.37203991689227167
1231.0,0.3731272442297855
1232.0,0.37402062385940554
1233.0,0.37459924992002547
1234.0,0.3753682716846191
1235.0,0.3763592374478754
1236.0,0.3773962881378424
1237.0,0.37852040186705177
1238.0,0.37944465494415197
1239.0,0.38043651999269074
1240.0,0.38135075286550113
1241.0,0.3820528638947504
1242.0,0.3828393112670143
1243.0,0.38360999661313633
1244.0,0.3845840756025449
1245.0,0.38558990153245004
1246.0,0.38659802297061624
1247.0,0.38791810110735897
1248.0,0.3890168833446511
1249.0,0.38988020948288293
1250.0,0.3908728425215096
1251.0,0.3918207053271567
1252.0,0.3928979261721515
1253.0,0.39391611594426934
1254.0,0.3950473616383966
1255.0,0.39587702934231767
1256.0,0.3964468783489645
1257.0,0.3973513292023883
1258.0,0.3982267982061683
1259.0,0.39922468230426256
1260.0,0.40067093066749243
1261.0,0.4016576471374267
1262.0,0.40230729369426643
1263.0,0.40313128565085116
1264.0,0.40384340277491343
1265.0,0.4046421511890927
1266.0,0.40554612478923013
1267.0,0.40648446272897215
1268.0,0.4074321219652476
1269.0,0.4083611744464098
1270.0,0.4094481654732
1271.0,0.4107523131232929
1272.0,0.41168953286893917
1273.0,0.41245438750814084
1274.0,0.41348737630041243
1275.0,0.4144240396607354
1276.0,0.41551024871230613
1277.0,0.41706345219056445
1278.0,0.4181177386114242
1279.0,0.41884299252845625
1280.0,0.4197099159659551
1281.0,0.420537882622676
1282.0,0.42127789660401105
1283.0,0.4217372302242028
1284.0,0.4226160720421921
1285.0,0.4236153594060274
1286.0,0.4246635002990245
1287.0,0.4258898636637628
1288.0,0.42760353956104397
1289.0,0.4286973870211914
1290.0,0.4294532181121129
1291.0,0.4305318972887635
1292.0,0.431584011813356
1293.0,0.4326081804488254
1294.0,0.43392365770330665
1295.0,0.43479568289152637
1296.0,0.4350466824747397
1297.0,0.4360018677747893
1298.0,0.4370470692623309
1299.0,0.4382849075895142
1300.0,0.44043692632660464
1301.0,0.44172180953171486
1302.0,0.44267728551430097
1303.0,0.44349272164453934
1304.0,0.443446427006303
1305.0,0.4440079671726078
1306.0,0.4447643290138427
1307.0,0.4456512065525762
1308.0,0.446662095250373
1309.0,0.4480825157543334
1310.0,0.44918164204609745
1311.0,0.4502045938163425
1312.0,0.451230619455263
1313.0,0.4522216780410385
1314.0,0.45320876284184775
1315.0,0.4540415993845564
1316.0,0.45516356382318307
1317.0,0.45667341664743616
1318.0,0.4576655671819021
1319.0,0.4584169052569463
1320.0,0.45940863560457845
1321.0,0.4599859506872175
1322.0,0.4609806928259783
1323.0,0.46275165626117865
1324.0,0.46401260140404293
1325.0,0.4651404057589526
1326.0,0.4661748537762293
1327.0,0.4670554972956989
1328.0,0.4674989005441896
1329.0,0.46850468948815643
1330.0,0.4696330794466103
1331.0,0.47082984458255367
1332.0,0.4723912221467106
1333.0,0.47363269369281435
1334.0,0.4748625628271109
1335.0,0.4758896156946551
1336.0,0.47669592869368305
1337.0,0.47757907604666244
1338.0,0.4781341107433886
1339.0,0.4791219414200791
1340.0,0.480711571743059
1341.0,0.4816681612322233
1342.0,0.482252345334147
1343.0,0.4832139089756156
1344.0,0.4838089318821812
1345.0,0.48474148352416985
1346.0,0.48603304972901273
1347.0,0.48775944743292554
1348.0,0.48925300430538177
1349.0,0.49092332776453845
1350.0,0.49200446047411334
1351.0,0.49286355997818126
1352.0,0.49384068284629506
1353.0,0.49429610349357633
1354.0,0.4952762143116808
1355.0,0.4966792390068259
1356.0,0.49791129045262483
1357.0,0.4992168730312705
1358.0,0.5004192239850027
1359.0,0.5016829862757044
1360.0,0.5028100872033627
1361.0,0.5037088158627528
1362.0,0.5047457608460936
1363.0,0.5059683813156689
1364.0,0.5068443847596399
1365.0,0.5073041945126321
1366.0,0.5082316955309071
1367.0,0.509301121024755
1368.0,0.5103077167240957
1369.0,0.5110470848635672
1370.0,0.5118924486162671
1371.0,0.5128181126237115
1372.0,0.5132932024659391
1373.0,0.5142881958013774
1374.0,0.5159604114543281
1375.0,0.5170481940273505
1376.0,0.5179202136217887
1377.0,0.5188297133179309
1378.0,0.5195809547414891
1379.0,0.5205080584267217
1380.0,0.5213889169848667
1381.0,0.5224929654171352
1382.0,0.5239277974306423
1383.0,0.5250707996577068
1384.0,0.5261684919553938
1385.0,0.527233443164245
1386.0,0.5281711806883164
1387.0,0.5290566282514999
1388.0,0.5299687750027015
1389.0,0.5308539668242724
1390.0,0.5314983881071058
1391.0,0.5322799603089472
1392.0,0.5332782497332083
1393.0,0.5343826525240754
1394.0,0.5355545194886178
1395.0,0.5371425422632722
1396.0,0.5380553499305496
1397.0,0.5388251217106669
1398.0,0.5393713305273947
1399.0,0.5391317829372421
1400.0,0.5397960137479905
1401.0,0.5407670704205738
1402.0,0.5417200463835784
1403.0,0.5433148787817947
1404.0,0.5443185473046883
1405.0,0.5447639098415636
1406.0,0.5456757528475759
1407.0,0.546660078352098
1408.0,0.5476593605698478
1409.0,0.5491598408931213
1410.0,0.5501856438794084
1411.0,0.5506260552033774
1412.0,0.5514518536273814
1413.0,0.5524170971488529
1414.0,0.5531441087256529
1415.0,0.5540908357542704
1416.0,0.5555031412070238
1417.0,0.5566410990701017
1418.0,0.5577057865390663
1419.0,0.5588109034579521
1420.0,0.5599769654345731
1421.0,0.5610105740923892
1422.0,0.5618756274497217
1423.0,0.5629912954190588
1424.0,0.5642839561826121
1425.0,0.5653535813038874
1426.0,0.5664477025324982
1427.0,0.5675147561574341
1428.0,0.5684585224421176
1429.0,0.5693124435821302
1430.0,0.5701310699812799
1431.0,0.5710125461680765
1432.0,0.5715665245087731
1433.0,0.572539655607072
1434.0,0.5738747040527604
1435.0,0.5751394117784784
1436.0,0.5766773358876183
1437.0,0.5780191245783705
1438.0,0.5792636438298171
1439.0,0.5805284467611632
1440.0,0.5815938006051948
1441.0,0.5826198501282205
1442.0,0.5836971126488427
1443.0,0.58473800968093
1444.0,0.5855607000212493
1445.0,0.5861457457417687
1446.0,0.5870961515878779
1447.0,0.5878642633460961
1448.0,0.5891067971942447
1449.0,0.5911648087981926
1450.0,0.5922989582631565
1451.0,0.5931376399438868
1452.0,0.5940361785056658
1453.0,0.5943070779317052
1454.0,0.5951842648121679
1455.0,0.5965865375184635
1456.0,0.59768312573526
1457.0,0.5987797843396436
1458.0,0.5998665258878788
1459.0,0.6007742052133213
1460.0,0.6018562317559065
1461.0,0.6031808056976696
1462.0,0.6043227759410947
1463.0,0.6053903022466153
1464.0,0.6064838658268379
1465.0,0.6074395865547246
1466.0,0.6085227643176557
1467.0,0.609815282308702
1468.0,0.6109009340308632
1469.0,0.6121669312455507
1470.0,0.6133719481981345
1471.0,0.6143743463026666
1472.0,0.6152844597577387
1473.0,0.6162378745669596
1474.0,0.6169979780541904
1475.0,0.6178806215501113
1476.0,0.6188184195362886
1477.0,0.619744250777782
1478.0,0.6206252822211937
1479.0,0.6216792470004475
1480.0,0.6228333001476661
1481.0,0.624030985073471
1482.0,0.6253967153442139
1483.0,0.6265780834042792
1484.0,0.6278227831641093
1485.0,0.628861414238883
1486.0,0.6297256015736282
1487.0,0.6305609026340964
1488.0,0.6311787442396698
1489.0,0.6319580237465527
1490.0,0.6326002561565721
1491.0,0.633564038829053
1492.0,0.6347966002725808
1493.0,0.6359972204772524
1494.0,0.6375046593914707
1495.0,0.6388044396935725
1496.0,0.6400361937787551
1497.0,0.6411861119514004
1498.0,0.642101681865666
1499.0,0.6431505870544022
1500.0,0.644092890327982
1501.0,0.6453421652044088
1502.0,0.6464028257127148
1503.0,0.6476826976488245
1504.0,0.6487529105681176
1505.0,0.6496925466483862
1506.0,0.6507285848240596
1507.0,0.6515826986072097
1508.0,0.6529827548032237
1509.0,0.6547891044874397
1510.0,0.6561918601249698
1511.0,0.6578400942458019
1512.0,0.6591536746450495
1513.0,0.6599965009311248
1514.0,0.6611131488845708
1515.0,0.6623109760337692
1516.0,0.6634673266936139
1517.0,0.664652047603589
1518.0,0.6657533453732379
1519.0,0.6667948276301325
1520.0,0.6679041240615601
1521.0,0.6688695768267973
1522.0,0.6700744151308481
1523.0,0.6715371896890248
1524.0,0.6728260580374673
1525.0,0.6741171060248479
1526.0,0.6754524009230929
1527.0,0.6768217894062576
1528.0,0.6780612096495365
1529.0,0.6794235280243148
1530.0,0.6805403132092955
1531.0,0.6811972904546344
1532.0,0.6821570546928624
1533.0,0.6831242692692855
1534.0,0.684180175887084
1535.0,0.685384182821104
1536.0,0.686684219258151
1537.0,0.6880096304710941
1538.0,0.6895193488445892
1539.0,0.6910944409920745
1540.0,0.692648490959414
1541.0,0.6939374155693829
1542.0,0.6950058693833491
1543.0,0.6962962580842678
1544.0,0.6975736865891793
1545.0,0.6986773036484002
1546.0,0.6998046792431534
1547.0,0.7010015677225045
1548.0,0.7020064901521123
1549.0,0.7031185270858344
1550.0,0.7045917476588834
1551.0,0.7055339948492304
1552.0,0.7061082013352568
1553.0,0.7068703425445787
1554.0,0.7072701539857165
1555.0,0.708323156584121
1556.0,0.7098416222116258
1557.0,0.7110521823644116
1558.0,0.7125758753465091
1559.0,0.713762843745816
1560.0,0.7145512753310389
1561.0,0.7155614260277398
1562.0,0.7166509403232705
1563.0,0.7176740045361162
1564.0,0.7186994191998143
1565.0,0.7196570209508046
1566.0,0.720529211547696
1567.0,0.7214555060248312
1568.0,0.7222395926607886
1569.0,0.7232674571596435
1570.0,0.7244471752952503
1571.0,0.7256487016711789
1572.0,0.7273176075712355
1573.0,0.7284114344220505
1574.0,0.7290714114223322
1575.0,0.7299593296916805
1576.0,0.7304160457201802
1577.0,0.7313074445956638
1578.0,0.7327331440703306
1579.0,0.7339438671177009
1580.0,0.735195773568624
1581.0,0.7364307817335
1582.0,0.7375239618696873
1583.0,0.7387507567323157
1584.0,0.7402163331271047
1585.0,0.7414741899636886
1586.0,0.7426750243557653
1587.0,0.7438434831731565
1588.0,0.7448010992069587
1589.0,0.7458385850056515
1590.0,0.7469061115552771
1591.0,0.7480856237670849
1592.0,0.7490239727656289
1593.0,0.7498762120808935
1594.0,0.7507453673791694
1595.0,0.7514847039165287
1596.0,0.7522811602739485
1597.0,0.7531482858504485
1598.0,0.7539150301177462
1599.0,0.7544675364226152
1600.0,0.7554694415276174
1601.0,0.7565968527699345
1602.0,0.757868062196205
1603.0,0.7595857730401069
1604.0,0.7608347611619425
1605.0,0.7619330268627343
1606.0,0.7631052104337042
1607.0,0.7642497473811991
1608.0,0.7651359548892922
1609.0,0.7657618207393112
1610.0,0.766872185819048
1611.0,0.7679690290093626
1612.0,0.7691110149188675
1613.0,0.770802021681739
1614.0,0.7719793187071008
1615.0,0.7727050858149718
1616.0,0.7736865651788856
1617.0,0.7746877376243383
1618.0,0.7757376701593182
1619.0,0.7768697538050344
1620.0,0.7778992501899767
1621.0,0.7790353571551186
1622.0,0.7798900638464923
1623.0,0.7802899392893876
1624.0,0.7812613551160279
1625.0,0.7822613155927741
1626.0,0.7835370242171613
1627.0,0.7854699317706769
1628.0,0.7869539888995833
1629.0,0.7883471880996896
1630.0,0.7896866053758921
1631.0,0.7909639024874049
1632.0,0.792066119595383
1633.0,0.7929173400374798
1634.0,0.7940100972407809
1635.0,0.7950761858432244
1636.0,0.7961457317159814
1637.0,0.7974259121593603
1638.0,0.7985642540295249
1639.0,0.7994664580030709
1640.0,0.800575882985263
1641.0,0.802020979508649
1642.0,0.8030261269873865
1643.0,0.8038781078634331
1644.0,0.8046461204357818
1645.0,0.8049574332465753
1646.0,0.8055863204504833
1647.0,0.8062985444042494
1648.0,0.8071588511475838
1649.0,0.8083918752545322
1650.0,0.8092045839118601
1651.0,0.8097158987253793
1652.0,0.8105809125299303
1653.0,0.8114797492983649
1654.0,0.812263577352543
1655.0,0.8132301607528298
1656.0,0.8142079819518092
1657.0,0.8149122477703465
1658.0,0.8157995732216412
1659.0,0.8170471497052575
1660.0,0.8180798825700136
1661.0,0.8190553227875331
1662.0,0.8199257885126816
1663.0,0.8204215439572828
1664.0,0.82147503616611
1665.0,0.8227889613530601
1666.0,0.8240187257326236
1667.0,0.8257732165816293
1668.0,0.8271093355730937
1669.0,0.8279507222416244
1670.0,0.8290742130343525
1671.0,0.8302652530096494
1672.0,0.8314239978222593
1673.0,0.8328119423659417
1674.0,0.8339636553255864
1675.0,0.8345687364002563
1676.0,0.8357701707496173
1677.0,0.8374744907083034
1678.0,0.8386847238693788
1679.0,0.8401224643412261
1680.0,0.8413845827077896
1681.0,0.8419074740203866
1682.0,0.8428975650316705
1683.0,0.8444928396203386
1684.0,0.8454754124704639
1685.0,0.845890821233827
1686.0,0.8469224943516828
1687.0,0.8480477485713095
1688.0,0.849116348238433
1689.0,0.8507067818229154
1690.0,0.8520420436628212
1691.0,0.8528660934781522
1692.0,0.8540351835016307
1693.0,0.8555302090972148
1694.0,0.8568916616893542
1695.0,0.8582949884252965
1696.0,0.8596115930174755
1697.0,0.8608091236119411
1698.0,0.8621407922246962
1699.0,0.8632790489827442
1700.0,0.8648426375102334
1701.0,0.8670482461367865
1702.0,0.8686754533128217
1703.0,0.8705170066564516
1704.0,0.8718225165656309
1705.0,0.8719932361293079
1706.0,0.8729287955699658
1707.0,0.8741596827406964
1708.0,0.8752080355359183
1709.0,0.8768080674027808
1710.0,0.8778313765358241
1711.0,0.8780592787286436
1712.0,0.8788190922205468
1713.0,0.8796058799283023
1714.0,0.8805351338133365
1715.0,0.882100647038073
1716.0,0.8831669433804207
1717.0,0.8838477758774914
1718.0,0.8846857829804496
1719.0,0.8852013220739633
1720.0,0.8859643517036593
1721.0,0.8870955434508878
1722.0,0.8879459757788201
1723.0,0.8888143258958062
1724.0,0.8896001969297274
1725.0,0.8900419099593173
1726.0,0.8909253120266567
1727.0,0.8921034922970449
1728.0,0.8931227108178429
1729.0,0.8943210626780962
1730.0,0.895175829205525
1731.0,0.8957110397201927
1732.0,0.8963240242802479
1733.0,0.8967692547643186
1734.0,0.8976214325893084
1735.0,0.8987295374505555
1736.0,0.8997548867582623
1737.0,0.9009700310682708
1738.0,0.9021231176441741
1739.0,0.9030896548560274
1740.0,0.9041473182363323
1741.0,0.905267549122802
1742.0,0.9063862106667041
1743.0,0.9076724598353654
1744.0,0.9088755626841022
1745.0,0.9099630134846867
1746.0,0.9110263383533732
1747.0,0.9119252250415244
1748.0,0.9130304730422177
1749.0,0.9144835150613101
1750.0,0.9158866245506742
1751.0,0.9174776197139398
1752.0,0.9184672117298531
1753.0,0.9189615914343243
1754.0,0.9194087622206922
1755.0,0.9199311203262216
1756.0,0.9207429608460536
1757.0,0.9217928949151448
1758.0,0.9224784143696447
1759.0,0.9234042615796687
1760.0,0.9245047144192868
1761.0,0.9254917827829977
1762.0,0.9261808966698908
1763.0,0.9267187437146336
1764.0,0.9270974604629225
1765.0,0.9272721989767098
1766.0,0.9285068742220253
1767.0,0.9296269229380351
1768.0,0.9301183607787442
1769.0,0.9312309799253398
1770.0,0.9320645121102228
1771.0,0.9328132327310862
1772.0,0.9340989411852872
1773.0,0.9353221784056572
1774.0,0.9363979308084369
1775.0,0.9374790074479287
1776.0,0.9386163483469417
1777.0,0.9397506370460491
1778.0,0.9413606471570702
1779.0,0.9435514660755382
1780.0,0.9449362288392835
1781.0,0.9457752235514265
1782.0,0.9465723341100575
1783.0,0.9469057875255854
1784.0,0.9480111192129638
1785.0,0.9498603778500235
1786.0,0.9506022972357321
1787.0,0.9508994777265856
1788.0,0.9519091310750083
1789.0,0.9529127994941115
1790.0,0.9545812091122202
1791.0,0.9555257567761801
1792.0,0.9554449969574245
1793.0,0.9559306142664319
1794.0,0.9562485704275735
1795.0,0.9571913834281761
1796.0,0.9592259835741459
1797.0,0.960074993665188
1798.0,0.9602992171117655
1799.0,0.9614068080501346
1800.0,0.9623139432152472
1801.0,0.9532449746608671
1802.0,0.9542465516541305
1803.0,0.9554918282873684
1804.0,0.9572132696091105
1805.0,0.959269432416633
1806.0,0.9617607106401802
1807.0,0.9661576342867494
1808.0,0.9678944274863465
1809.0,0.9678698075815954
1810.0,0.9691207089726032
1811.0,0.9699008739141726
1812.0,0.9706250999363624
1813.0,0.9708625574432638
1814.0,0.9724242154425118
1815.0,0.9742342864590996
1816.0,0.9761387242601436
1817.0,0.977136640611328
1818.0,0.9790735733766974
1819.0,0.9803506961356793
1820.0,0.9792935513917987
1821.0,0.979748557374958
1822.0,0.9814024954132989
1823.0,0.983030932906162
1824.0,0.9842817630235227
1825.0,0.9857369024763614
1826.0,0.9867919054775954
1827.0,0.9877583844220365
1828.0,0.9882761156337324
1829.0,0.9875368196578156
1830.0,0.9883235387216529
1831.0,0.9889688385130575
1832.0,0.9911009611210743
1833.0,0.9946223719359796
1834.0,0.9965664733912327
1835.0,0.998068365161119
1836.0,0.9989558357342617
1837.0,0.9999777817170336
1838.0,1.0005334280815599
1839.0,1.0015218508632988
1840.0,1.0034034994619614
1841.0,1.0034592337988146
1842.0,1.0033503135368576
1843.0,1.0029292690496332
1844.0,1.002697860275479
1845.0,1.0034716269312225
1846.0,1.004214535285364
1847.0,1.0056403157320961
1848.0,1.0067844350317192
1849.0,1.007617410316575
1850.0,1.008888344049775
1851.0,1.0104718498609244
1852.0,1.0122272885381869
1853.0,1.0137786839576084
1854.0,1.0159753093008357
1855.0,1.0180663493903799
1856.0,1.0203749995421887
1857.0,1.0214979179279913
1858.0,1.0213417426930067
1859.0,1.021871871310215
1860.0,1.0219596601684846
1861.0,1.022436185729268
1862.0,1.022802255632405
1863.0,1.0239478137360833
1864.0,1.0254670228208997
1865.0,1.024929267454319
1866.0,1.0240877015060228
1867.0,1.023916376329236
1868.0,1.0237841426644667
1869.0,1.023072168444367
1870.0,1.0231577536636995
1871.0,1.0238827166144882
1872.0,1.0249553667757203
1873.0,1.0255992007622257
1874.0,1.02553027064767
1875.0,1.0249836465425546
1876.0,1.0240249733730526
1877.0,1.023022749111092
1878.0,1.0223089950844948
1879.0,1.0215732308117758
1880.0,1.020913376960757
1881.0,1.0202650506239719
1882.0,1.019890712366889
1883.0,1.018549870148849
1884.0,1.0178355606634795
1885.0,1.0189683599534658
1886.0,1.0189247167892792
1887.0,1.0180822451415108
1888.0,1.0169106207656229
1889.0,1.0137546940247046
1890.0,1.0104501692249188
1891.0,1.0061295377300423
1892.0,1.0026087938018151
1893.0,0.9987619053158641
1894.0,0.9955779983956075
1895.0,0.9920931059518416
1896.0,0.9889867482162452
1897.0,0.9870947332546278
1898.0,0.9843857348616235
1899.0,0.982228470289666
1900.0,0.979926198609277
1901.0,0.9774384452120088
1902.0,0.9743817496033446
1903.0,0.9714265084924524
1904.0,0.9685990263527908
1905.0,0.9664916050547784
1906.0,0.9640474178710109
1907.0,0.9619347750397567
1908.0,0.959968764495865
1909.0,0.9582390513457334
1910.0,0.9572282841773408
1911.0,0.9560585270812226
1912.0,0.9553867324147408
1913.0,0.9546050810886412
1914.0,0.9541108153942041
1915.0,0.9527065357253253
1916.0,0.9512403328417298
1917.0,0.95110048655025
1918.0,0.9519282340063095
1919.0,0.9529313271793272
1920.0,0.9548111017790151
1921.0,0.9568629328920961
1922.0,0.9575363173314021
1923.0,0.9574203469404944
1924.0,0.9580435613417498
1925.0,0.9586847037060788
1926.0,0.959317476478536
1927.0,0.9613751074762612
1928.0,0.9646887306325818
1929.0,0.9664819454489709
1930.0,0.9685226317605962
1931.0,0.9698145525363914
1932.0,0.9694572381225636
1933.0,0.9712168294956947
1934.0,0.9730991434891978
1935.0,0.9743917727599047
1936.0,0.9757295233541052
1937.0,0.9765273499177829
1938.0,0.976582295528913
1939.0,0.9766779981910899
1940.0,0.977000565974265
1941.0,0.9786978951832984
1942.0,0.9818747138544561
1943.0,0.9844293662988906
1944.0,0.9866765418160043
1945.0,0.9887031854649163
1946.0,0.9904469451946796
1947.0,0.9921324069827027
1948.0,0.9934914666002527
1949.0,0.9945365784162135
1950.0,0.9960615047257894
1951.0,0.9974401711200758
1952.0,0.9978999339247379
1953.0,0.9992056314615664
1954.0,1.0006193854542775
1955.0,1.001546224940431
1956.0,1.003235935294537
1957.0,1.0051334191215873
1958.0,1.0071723634103056
1959.0,1.008757459638782
1960.0,1.0098191438456843
1961.0,1.011420766643191
1962.0,1.0134471368270566
1963.0,1.0142990161255683
1964.0,1.0158871160656193
1965.0,1.0176248363770997
1966.0,1.0174571106984809
1967.0,1.0180402405565159
1968.0,1.0182633417902904
1969.0,1.0186459556154779
1970.0,1.0214334001964274
1971.0,1.0246688794745886
1972.0,1.0271968775255682
1973.0,1.030634455696823
1974.0,1.0330269473302873
1975.0,1.034865050699912
1976.0,1.0349988216157584
1977.0,1.0358156329948494
1978.0,1.0367653615423633
1979.0,1.037549260379641
1980.0,1.0402969877340915
1981.0,1.0425985036950323
1982.0,1.0434960573134644
1983.0,1.0439437090127957
1984.0,1.0436231138192114
1985.0,1.044563785127722
1986.0,1.046260024939397
1987.0,1.0482603098281058
1988.0,1.0513203769168438
1989.0,1.0542001332080044
1990.0,1.0557454347671273
1991.0,1.0560343385553081
1992.0,1.0562973296929925
1993.0,1.0565876319229626
1994.0,1.0577866360424881
1995.0,1.0601470067702163
1996.0,1.0620361429043885
1997.0,1.0643009646212007
1998.0,1.0657560440594318
1999.0,1.0669799141570695
2000.0,1.0678516154703366
2001.0,1.0677870280605535
2002.0,1.0690229234486395
2003.0,1.0691901653215103
2004.0,1.0704771714650776
2005.0,1.0726683899910006
2006.0,1.0738540472675737
2007.0,1.0767889250700886
2008.0,1.0791705582676898
2009.0,1.0818508997531546
2010.0,1.0855953109205574
2011.0,1.0879715733096742
2012.0,1.0900569387926475
2013.0,1.0915328739077244
2014.0,1.0918961209503808
2015.0,1.091869555833017
2016.0,1.0930420746750908
2017.0,1.0947135610831331
2018.0,1.096956089141837
2019.0,1.0986929301714703
2020.0,1.1000265832518759
2021.0,1.1015231645611092
2022.0,1.1032301183254372
2023.0,1.1053515892809982
2024.0,1.1070871958139121
2025.0,1.1089738861453926
2026.0,1.1107848559659113
2027.0,1.1123628252496103
2028.0,1.1136443495167119
2029.0,1.1153541486546266
2030.0,1.1156860200849097
2031.0,1.1155229912913018
2032.0,1.116821405713806
2033.0,1.1189137385487955
2034.0,1.121737778231722
2035.0,1.1239231293999898
2036.0,1.1251265726916155
2037.0,1.1259597278418216
2038.0,1.1248385052101297
2039.0,1.1251615181673649
2040.0,1.1258163964492882
2041.0,1.1271024325666525
2042.0,1.1295736565147516
2043.0,1.1312082819201943
2044.0,1.1328833892512
2045.0,1.1342259952097635
2046.0,1.1357396801650286
2047.0,1.137506423875004
2048.0,1.1389827281674072
2049.0,1.139882228092185
2050.0,1.1396894408935214
2051.0,1.1395737050294428
2052.0,1.1401440288147815
2053.0,1.141498461650499
2054.0,1.1424581393512903
2055.0,1.1437714981813858
2056.0,1.1444946852961788
2057.0,1.1442205130052368
2058.0,1.1449567781885739
2059.0,1.1459695587897223
2060.0,1.1475948412912123
2061.0,1.1484790710343695
2062.0,1.1496769558571582
2063.0,1.1501593317677863
2064.0,1.1501733064504969
2065.0,1.1512383503985009
2066.0,1.1520146696205358
2067.0,1.1526133185627536
2068.0,1.152636490180262
2069.0,1.1534823729378576
2070.0,1.1546666612118521
2071.0,1.155877584545299
2072.0,1.1577225291919238
2073.0,1.1590611633474175
2074.0,1.1598792542504894
2075.0,1.1613484447656293
2076.0,1.1620737606159977
2077.0,1.1639155016726692
2078.0,1.165316817775371
2079.0,1.1651657726408498
2080.0,1.1652293636900757
2081.0,1.1648564505788586
2082.0,1.1660920828003887
2083.0,1.1682808596578684
2084.0,1.1703018174563546
2085.0,1.1750482966439262
2086.0,1.1767670401211598
2087.0,1.1754140485878217
2088.0,1.176505694287818
2089.0,1.1785306275253413
2090.0,1.1777767619263786
2091.0,1.1797258808591085
2092.0,1.1828245111595437
2093.0,1.1830232232651423
2094.0,1.1842446485528606
2095.0,1.184666099664803
2096.0,1.1841270318276034
2097.0,1.184132019309444
2098.0,1.1835909671335214
2099.0,1.1838172528511641
2100.0,1.1843578718095968
2101.0,1.1854354778779772
2102.0,1.1876921322011635
2103.0,1.1887166812674614
2104.0,1.1895971186716845
2105.0,1.1906704281332783
2106.0,1.191156978991765
2107.0,1.1914972726936566
2108.0,1.1941642202868081
2109.0,1.1942000458079904
2110.0,1.1933226320957646
2111.0,1.1940852365473242
2112.0,1.1930848434458383
2113.0,1.1942853492244851
2114.0,1.1959543319567867
2115.0,1.1993868960929452
2116.0,1.2010089413667384
2117.0,1.202898402336003
2118.0,1.2036627275084375
2119.0,1.2026508869666357
2120.0,1.2031496023055996
2121.0,1.2040346413230576
2122.0,1.2046334469590394
2123.0,1.2053530836054231
2124.0,1.2058924925864
2125.0,1.206093684634312
2126.0,1.20725801622523
2127.0,1.2062268338789057
2128.0,1.2080910422503652
2129.0,1.2075153185031253
2130.0,1.2039472112019352
2131.0,1.2029350053354309
2132.0,1.2028409292128177
2133.0,1.2026411648468478
2134.0,1.2035865580118694
2135.0,1.2041561780962782
2136.0,1.2040631345436688
2137.0,1.204774360736127
2138.0,1.2068824026816136
2139.0,1.2079693170958716
2140.0,1.2089113414198238
2141.0,1.2095789234824186
2142.0,1.2093661473122848
2143.0,1.2092366750167878
2144.0,1.2108940892341025
2145.0,1.2125355767154031
2146.0,1.2133381385513722
2147.0,1.2140007796900072
2148.0,1.2136065708354054
2149.0,1.2132756260946265
2150.0,1.213974631813013
2151.0,1.2144328832640374
2152.0,1.214280155020353
2153.0,1.2127074983230886
2154.0,1.2131443027336704
2155.0,1.214507935934418
2156.0,1.215472323254306
2157.0,1.2185732104785745
2158.0,1.219486351262324
2159.0,1.2184969008993753
2160.0,1.2179336863235488
2161.0,1.2163312082067548
2162.0,1.2155103200885722
2163.0,1.2151135412282499
2164.0,1.2140911547371833
2165.0,1.214404584628775
2166.0,1.2151667111299733
2167.0,1.2152998878663328
2168.0,1.2157126685969044
2169.0,1.2148153564021846
2170.0,1.2140327193833589
2171.0,1.214116350773964
2172.0,1.2145379166394685
2173.0,1.2153612377875875
2174.0,1.2168620074264682
2175.0,1.217964914275766
2176.0,1.2196028597365547
2177.0,1.2200974568922713
2178.0,1.2210633142102225
2179.0,1.2213042067666822
2180.0,1.219726535515542
2181.0,1.2188779856244762
2182.0,1.2173500017677152
2183.0,1.2162797215252883
2184.0,1.214975936199129
2185.0,1.215515571401749
2186.0,1.2168721306943426
2187.0,1.216991731152591
2188.0,1.2171914906988182
2189.0,1.2178147760072124
2190.0,1.2190938631545896
2191.0,1.220482070365014
2192.0,1.2212805771604376
2193.0,1.2228359788464493
2194.0,1.2236327279387167
2195.0,1.2232866186976492
2196.0,1.2237406354392952
2197.0,1.2246162492640187
2198.0,1.2247821776472554
2199.0,1.225292615646152
2200.0,1.2251147065658636
2201.0,1.2239840599792282
2202.0,1.223233930008411
2203.0,1.2215138188930679
2204.0,1.2205149598241194
2205.0,1.2192857924322174
2206.0,1.2201475441112863
2207.0,1.2213388003111247
2208.0,1.2209397890607365
2209.0,1.2205536920599014
2210.0,1.2189321539649751
2211.0,1.2156506862751975
2212.0,1.2150279799098946
2213.0,1.2169721327888943
2214.0,1.2176072352576086
2215.0,1.2192123338694614
2216.0,1.222149741423931
2217.0,1.2243326796279945
2218.0,1.226693502219606
2219.0,1.2281569331764723
2220.0,1.2295776345690204
2221.0,1.2301391800978025
2222.0,1.2279283459833772
2223.0,1.2270033249083803
2224.0,1.2257859621192426
2225.0,1.2265079611769951
2226.0,1.2289508642322666
2227.0,1.2317316065807267
2228.0,1.236931716994605
2229.0,1.2406248157375928
2230.0,1.2438940996392605
2231.0,1.2454651319988799
2232.0,1.2460210571521924
2233.0,1.2462336032414323
2234.0,1.2435233118981484
2235.0,1.2451537423015526
2236.0,1.2440306441166058
2237.0,1.242004557857292
2238.0,1.2451322995243506
2239.0,1.2426179593526214
2240.0,1.242970534583757
2241.0,1.244280714235019
2242.0,1.24197857512168
2243.0,1.2435414407275953
2244.0,1.245761077202357
2245.0,1.2452787401180745
2246.0,1.2456062195913464
2247.0,1.2456736881466925
2248.0,1.246731715362574
2249.0,1.2494500118453162
2250.0,1.249567721950786
2251.0,1.248661370154016
2252.0,1.2469618068979507
2253.0,1.2423360366182639
2254.0,1.2397262311278354
2255.0,1.2372396302021815
2256.0,1.236665515761762
2257.0,1.2377399390736943
2258.0,1.2381767266114965
2259.0,1.2417580922311326
2260.0,1.2418924976412344
2261.0,1.238260056439432
2262.0,1.2375139600637428
2263.0,1.2353879066835511
2264.0,1.2345627315286383
2265.0,1.2419647016338276
2266.0,1.2434830387874047
2267.0,1.2459541794164581
2268.0,1.2506139528285272
2269.0,1.249213014255113
2270.0,1.2514654465390438
2271.0,1.2539493749181776
2272.0,1.2539839161737603
2273.0,1.2536595888225297
2274.0,1.2533524176508
2275.0,1.2558642000117841
2276.0,1.2561606978209579
2277.0,1.256831852240545
2278.0,1.260476768500926
2279.0,1.2588645860344576
2280.0,1.252790639391645
2281.0,1.2509900231548314
2282.0,1.24781920234322
2283.0,1.2478530864264339
2284.0,1.2518599021067658
2285.0,1.2517645254123388
2286.0,1.2505209165297937
2287.0,1.2505129863141276
2288.0,1.2493698616150584
2289.0,1.2505252494617312
2290.0,1.256314225454252
2291.0,1.2567349630705642
2292.0,1.254185282986973
2293.0,1.2514937731927454
2294.0,1.2446128944132449
2295.0,1.2414765341989518
2296.0,1.2385955740001309
2297.0,1.2396145893974675
2298.0,1.243861898980828
2299.0,1.2437004177548772
2300.0,1.2429046068643856
2301.0,1.2440136522499783
2302.0,1.2462122177450867
2303.0,1.247052837162911
2304.0,1.2475817328467518
2305.0,1.2501489776224848
2306.0,1.2450342749226004
2307.0,1.2423854069930909
2308.0,1.2436319328797925
2309.0,1.2400024288544682
2310.0,1.2417492210001049
2311.0,1.2460148283779373
2312.0,1.2479694621113937
2313.0,1.2510590519573177
2314.0,1.2539194400712708
2315.0,1.2530824031987
2316.0,1.2521632305646417
2317.0,1.2538508298794104
2318.0,1.253206790483716
2319.0,1.251862175401771
2320.0,1.252410466270375
2321.0,1.2540847477019523
2322.0,1.2548003460652046
2323.0,1.2558144199878096
2324.0,1.2584443968646206
2325.0,1.2607733613253744
2326.0,1.2638517369699895
2327.0,1.2697631492705082
2328.0,1.2715371369166795
2329.0,1.2739134046589335
2330.0,1.2749011887558186
2331.0,1.2721100872695439
2332.0,1.2713283675296512
2333.0,1.2664130988433215
2334.0,1.2651381766352212
2335.0,1.2687246811513886
2336.0,1.270061447483785
2337.0,1.2740855308559658
2338.0,1.2750611206647546
2339.0,1.2716058252257874
2340.0,1.269749353855841
2341.0,1.2696142843475051
2342.0,1.2697714177132011
2343.0,1.2698515044880219
2344.0,1.2680403755520822
2345.0,1.26209235985836
2346.0,1.2592283971123681
2347.0,1.2548400702160676
2348.0,1.2580068102707844
2349.0,1.2629584334825277
2350.0,1.270673123042284
2351.0,1.2704389949522086
2352.0,1.2660654025718612
2353.0,1.2680612662523787
2354.0,1.2638018808910738
2355.0,1.264521641802835
2356.0,1.2682387453180917
2357.0,1.2622852270500258
2358.0,1.2621233808691363
2359.0,1.2663095494302352
2360.0,1.2659636220162864
2361.0,1.2637720829713903
2362.0,1.2625454139603174
2363.0,1.256466419884704
2364.0,1.2540462500013487
2365.0,1.264569739247051
2366.0,1.2661029967080235
2367.0,1.266440729958823
2368.0,1.275261011843462
2369.0,1.276161295354993
2370.0,1.2785243923977947
2371.0,1.2835022376994407
2372.0,1.283615869912174
2373.0,1.279757145102984
2374.0,1.279088702638197
2375.0,1.282614960743566
2376.0,1.2840517721455817
2377.0,1.2853511922430898
2378.0,1.2836354904576903
2379.0,1.2803947523361163
2380.0,1.269412204759077
2381.0,1.2553089515359461
2382.0,1.2449829549472742
2383.0,1.2366198831624229
2384.0,1.2399866007455884
2385.0,1.2482184266296033
2386.0,1.256240111576702
2387.0,1.2574262774851153
2388.0,1.2508169235990632
2389.0,1.2488077589250293
2390.0,1.2474746372741643
2391.0,1.2469391732865465
2392.0,1.247876963380667
2393.0,1.2448499785594787
2394.0,1.2408791094154283
2395.0,1.2323110756151632
2396.0,1.2313788384634194
2397.0,1.2359633241842432
2398.0,1.2277499886581071
2399.0,1.2321157805834353
2400.0,1.235706939903492
2401.0,1.227805222297126
2402.0,1.2268761111101898
2403.0,1.214324458721325
2404.0,1.1978577388129452
2405.0,1.1832607639420425
2406.0,1.1730601087764798
2407.0,1.1856301469778583
2408.0,1.2043547138307646
2409.0,1.2234468904624693
2410.0,1.240462910715944
2411.0,1.2433442204970313
2412.0,1.238319713118283
2413.0,1.2276071901242276
2414.0,1.2233983405164135
2415.0,1.2183582502343533
2416.0,1.205471165184513
2417.0,1.2013426095695388
2418.0,1.2013159923720504
2419.0,1.202440889292958
2420.0,1.2058837686665185
2421.0,1.2006125984146283
2422.0,1.2001778596088386
2423.0,1.1959505540780662
2424.0,1.1904178800590848
2425.0,1.2075059987710945
2426.0,1.2083235819247662
2427.0,1.1992373809809576
2428.0,1.1948661021689597
2429.0,1.1790819565426618
2430.0,1.1649705955996523
2431.0,1.162388714618938
2432.0,1.1671597809317873
2433.0,1.173523447607525
2434.0,1.1791227797556738
2435.0,1.1792691392965946
2436.0,1.188670957937281
2437.0,1.182508971777103
2438.0,1.1697839506851064
2439.0,1.1712006669845885
2440.0,1.1514300238647328
2441.0,1.143747824759077
2442.0,1.1554491342162707
2443.0,1.1626047053964648
2444.0,1.162969433049114
2445.0,1.1508759318697876
2446.0,1.1372757864789893
2447.0,1.1275271825442144
2448.0,1.1418138476991269
2449.0,1.1754494588516713
2450.0,1.2036226563390422
2451.0,1.2103179290738466
2452.0,1.186131674911782
2453.0,1.1679366333984675
2454.0,1.15860161117415
2455.0,1.154761375296387
2456.0,1.189977162654477
2457.0,1.225853178052891
2458.0,1.2237520291743706
2459.0,1.197815318801531
2460.0,1.1622220032507506
2461.0,1.1181444337404585
2462.0,1.0828552397081417
2463.0,1.0911422321136488
2464.0,1.1204220091692327
2465.0,1.1481132776793646
2466.0,1.1655458707466144
2467.0,1.1687661318677594
2468.0,1.1500400050255446
2469.0,1.115636597057203
2470.0,1.114113899410342
2471.0,1.1138344952644053
2472.0,1.1213607057216253
2473.0,1.1582197526413756
2474.0,1.1747074107231874
2475.0,1.1895102245715807
2476.0,1.188822476145507
2477.0,1.1634855958777552
2478.0,1.1477598240435214
2479.0,1.122403836079154
2480.0,1.1194430063805147
2481.0,1.1373055272630943
2482.0,1.1363040649089988
2483.0,1.1398435096787647
2484.0,1.140615660828484
2485.0,1.1345116544273637
2486.0,1.1225408449519627
2487.0,1.0966682237105845
2488.0,1.08817619617873
2489.0,1.072753924847473
2490.0,1.0727339170203136
2491.0,1.113586629990299
2492.0,1.107714676446134
2493.0,1.074837726666859
2494.0,1.0738177235301607
2495.0,1.0539900219612244
2496.0,1.0670053249395042
2497.0,1.1322587342478077
2498.0,1.142210989308388
2499.0,1.1377067721886096
2500.0,1.128308538033377
