350.0,-0.19855017749001141
351.0,-0.07530670068583555
352.0,0.053689889186035525
353.0,0.03209390835780725
354.0,-0.010910437363902325
355.0,-0.0016340399083752117
356.0,0.055617262090901176
357.0,-0.006456941642941091
358.0,0.006785085867748745
359.0,0.047008676276611705
360.0,0.03268584583209204
361.0,0.04815071461729101
362.0,0.04546970603701939
363.0,0.025539727347265333
364.0,0.01555211532818934
365.0,0.015274151842271776
366.0,0.026365313253808163
367.0,0.03509235654348414
368.0,0.021883001852101444
369.0,0.023419081011446123
370.0,0.013776444653294164
371.0,0.001235891632911809
372.0,0.03501639863007785
373.0,0.05329661386357492
374.0,0.046409368423424684
375.0,0.025728784989250335
376.0,0.025621451191460802
377.0,0.018090428962571445
378.0,0.016111980966175655
379.0,0.027823441038344273
380.0,0.02018209276564298
381.0,0.028718244414705888
382.0,0.042704698476517915
383.0,0.042819387553471686
384.0,0.04620347796824499
385.0,0.030235275790528347
386.0,0.01868390793067042
387.0,0.04785072202691869
388.0,0.046537803560578905
389.0,0.04263526226423044
390.0,0.046016252876987664
391.0,0.043522032136197306
392.0,0.03846942891221572
393.0,0.0346196487037956
394.0,0.034976409326211405
395.0,0.04076020362518017
396.0,0.04432003298576017
397.0,0.04352107842524557
398.0,0.04028392825368925
399.0,0.0424468275676144
400.0,0.03942676947052378
401.0,0.03640748497314051
402.0,0.04143397087068645
403.0,0.05410349304911138
404.0,0.05060291168365976
405.0,0.03811011433046138
406.0,0.038982582694013765
407.0,0.04903144838815259
408.0,0.05034563120960009
409.0,0.042079163821220844
410.0,0.04047621017890135
411.0,0.04348426861225539
412.0,0.04780247867970725
413.0,0.05053959229462338
414.0,0.05016410949449894
415.0,0.048619505051798004
416.0,0.048587114375305246
417.0,0.05104954607093553
418.0,0.05235343350777968
419.0,0.048114262871493986
420.0,0.045453231627631874
421.0,0.05243254658770359
422.0,0.05258914649071341
423.0,0.05175876898583103
424.0,0.050764347641369716
425.0,0.045750558309228674
426.0,0.04338383196420881
427.0,0.04607553366691922
428.0,0.05052484501242056
429.0,0.04608802626009628
430.0,0.046986585140509025
431.0,0.050177539903561205
432.0,0.05063449420099599
433.0,0.05088721925383874
434.0,0.05079417756511105
435.0,0.0503679334883017
436.0,0.04983130264792627
437.0,0.05023987512109141
438.0,0.05119635566095594
439.0,0.05194141558565545
440.0,0.05164628104611833
441.0,0.0511746461521628
442.0,0.05047083993018468
443.0,0.04972795893492269
444.0,0.04985230268911747
445.0,0.050613106829610746
446.0,0.05098854162162791
447.0,0.05033855066477916
448.0,0.05018109342463025
449.0,0.05043290370694878
450.0,0.050959283584558895
451.0,0.05136949332764269
452.0,0.049341941950799474
453.0,0.04866433307469
454.0,0.05031666582985166
455.0,0.051197765880303434
456.0,0.05219710273452227
457.0,0.05133808950043494
458.0,0.0486359285112851
459.0,0.05062423018878271
460.0,0.05128560874602477
461.0,0.0503911165997685
462.0,0.049926280477271254
463.0,0.05010713879001633
464.0,0.05103391383579941
465.0,0.051868910300644146
466.0,0.0511850316744753
467.0,0.05048292854051472
468.0,0.050023594471426264
469.0,0.05014729297683016
470.0,0.05192542467466883
471.0,0.05094268070993544
472.0,0.049905917199026976
473.0,0.051780936728085425
474.0,0.05116797931134519
475.0,0.05056918007641357
476.0,0.05058868584732738
477.0,0.05051468403601698
478.0,0.051128619824819053
479.0,0.05154978939964337
480.0,0.05111434466187467
481.0,0.04974401447149159
482.0,0.04911981772373076
483.0,0.04973186627582724
484.0,0.05117442193355282
485.0,0.05166069333503223
486.0,0.05113078768826685
487.0,0.05003267627230541
488.0,0.049242177459000176
489.0,0.05032038139333625
490.0,0.05096386055611878
491.0,0.05080811826238616
492.0,0.05236139882677793
493.0,0.05195353840545466
494.0,0.05037603897417798
495.0,0.04940152040749549
496.0,0.05053466209677689
497.0,0.050951296885007075
498.0,0.0507756270501007
499.0,0.0514116336108835
500.0,0.052186000521644973
501.0,0.051818753964968794
502.0,0.050718503857635815
503.0,0.051190470380923975
504.0,0.0513043075239646
505.0,0.05140833561042656
506.0,0.051879669671578525
507.0,0.05185112161371227
508.0,0.05145166541217366
509.0,0.051200889788785967
510.0,0.051593270764262025
511.0,0.05159334713300561
512.0,0.05169730494226414
513.0,0.0520880777320896
514.0,0.05245046030714196
515.0,0.053227125552518795
516.0,0.0528419456167902
517.0,0.05084958567112914
518.0,0.05093726147383512
519.0,0.051327022254810784
520.0,0.05170023710741455
521.0,0.05228199535607213
522.0,0.052086366222823255
523.0,0.051839471621300245
524.0,0.051807851495399786
525.0,0.05152456543542107
526.0,0.0515190992207772
527.0,0.051738501237185326
528.0,0.05197861410524383
529.0,0.052004500336740686
530.0,0.05221845548980311
531.0,0.05235387541586919
532.0,0.051952469630488524
533.0,0.052116054052841906
534.0,0.05207845182979397
535.0,0.05179824705763957
536.0,0.052483630576785296
537.0,0.052968200461041885
538.0,0.05295662178302047
539.0,0.05251741931864339
540.0,0.051969943569359266
541.0,0.052079348256888515
542.0,0.052555314828745765
543.0,0.0525332668960304
544.0,0.05286641001709117
545.0,0.053076925567602545
546.0,0.05288714162698076
547.0,0.0525871711130233
548.0,0.052502269200548846
549.0,0.05275352591491996
550.0,0.05321517076537458
551.0,0.05320750364362401
552.0,0.0527502050076787
553.0,0.05230619064283737
554.0,0.052590833430399164
555.0,0.05304812578308934
556.0,0.05333125074875474
557.0,0.05333016217382647
558.0,0.05333496070766665
559.0,0.053289705728530826
560.0,0.05318030790318373
561.0,0.053022213130267705
562.0,0.052935318126800315
563.0,0.05289350197158963
564.0,0.05298498209800468
565.0,0.05340479413695014
566.0,0.05374316149028896
567.0,0.053793410737383945
568.0,0.05355052095066342
569.0,0.05335032141803165
570.0,0.053386713315032766
571.0,0.05346946020570028
572.0,0.053335955086364024
573.0,0.05393424157230526
574.0,0.05424559257949133
575.0,0.053896923607872425
576.0,0.05366079375414819
577.0,0.05350847240259101
578.0,0.053574979763165345
579.0,0.05389589269691811
580.0,0.054145674926473354
581.0,0.05412694946860266
582.0,0.05399333558158927
583.0,0.05410545267663497
584.0,0.05416389422974996
585.0,0.05426359902558039
586.0,0.054408981986524135
587.0,0.05432461117012149
588.0,0.054307945771168716
589.0,0.054522527935270175
590.0,0.054928723386677696
591.0,0.0547709745277137
592.0,0.05451792813665778
593.0,0.054422847388203896
594.0,0.05446755232800993
595.0,0.05485067468531872
596.0,0.05516565502347956
597.0,0.05510880962700981
598.0,0.05490024306119426
599.0,0.05512911596779271
600.0,0.05547006827123456
601.0,0.05526724990438301
602.0,0.05527244122158125
603.0,0.05547769606825076
604.0,0.05564799923160775
605.0,0.05533743391877024
606.0,0.05543636868229683
607.0,0.05575475742335289
608.0,0.05589593973570366
609.0,0.0559303823937706
610.0,0.05575625897690249
611.0,0.05567803019144794
612.0,0.05619212382880355
613.0,0.056344714949323436
614.0,0.05636069963013749
615.0,0.05641885895569708
616.0,0.05617988266801821
617.0,0.056330685642854095
618.0,0.05670463230762191
619.0,0.05685039173323735
620.0,0.05669627976102992
621.0,0.05673575293681872
622.0,0.05699611001394262
623.0,0.056984070354617944
624.0,0.05696159208446822
625.0,0.05695407703089065
626.0,0.056989318566907685
627.0,0.05726998381615669
628.0,0.05740213835333708
629.0,0.05736894863730527
630.0,0.057373496839092014
631.0,0.057481621099498385
632.0,0.057602435945349785
633.0,0.057704818981171704
634.0,0.05789179941453429
635.0,0.057898171299964676
636.0,0.057916857178313595
637.0,0.0581543091006633
638.0,0.058250029501407764
639.0,0.05825564450913084
640.0,0.05827125564350981
641.0,0.05841035617091934
642.0,0.058445898101628146
643.0,0.05864055787494777
644.0,0.059047235848923886
645.0,0.05904544895762244
646.0,0.058940111985825515
647.0,0.05890742076728236
648.0,0.05903908685033226
649.0,0.059131229387547043
650.0,0.05940702386414372
651.0,0.05977538884851613
652.0,0.05974298093426368
653.0,0.05980756786118532
654.0,0.059962948818219584
655.0,0.06008549340787163
656.0,0.06007938093302073
657.0,0.06013968424658141
658.0,0.06025887728516253
659.0,0.06031538655844414
660.0,0.060451892597461636
661.0,0.060614558689788156
662.0,0.06081792193156608
663.0,0.061260089633279884
664.0,0.061517652733615764
665.0,0.06137790620978017
666.0,0.0609328418759038
667.0,0.06123056415735681
668.0,0.061614698917753195
669.0,0.061843451331924246
670.0,0.06211243689539913
671.0,0.062061694546238146
672.0,0.06214398211475005
673.0,0.06254577171577727
674.0,0.062390279779394583
675.0,0.062434630379832434
676.0,0.06268110144702294
677.0,0.06282237845180548
678.0,0.06292501424490855
679.0,0.06320565967262823
680.0,0.06361041782521028
681.0,0.06373478632264284
682.0,0.06370941520575682
683.0,0.06373333961446008
684.0,0.06392499574815337
685.0,0.06405142967021701
686.0,0.06421702242356384
687.0,0.06447190587954452
688.0,0.06478132281836947
689.0,0.06463117991954065
690.0,0.06455229275305842
691.0,0.06482448229825233
692.0,0.06504621283395827
693.0,0.06525829614420076
694.0,0.0655032510501739
695.0,0.06577831409612434
696.0,0.06579849344378368
697.0,0.06587037231192329
698.0,0.06612572714852148
699.0,0.06649451250337639
700.0,0.06661339866382272
701.0,0.06676578324639636
702.0,0.06712595271335785
703.0,0.06733751025038207
704.0,0.06734660179919211
705.0,0.06738719206140942
706.0,0.06770515006479269
707.0,0.06767519801112233
708.0,0.06784032723290416
709.0,0.0683152447958962
710.0,0.06862032787689704
711.0,0.06885924994759485
712.0,0.0689793898292634
713.0,0.06898283033570146
714.0,0.06908396585819589
715.0,0.06936551654643411
716.0,0.06966744925137604
717.0,0.06976427042550051
718.0,0.07016241289160312
719.0,0.07045436314274862
720.0,0.07049083454201857
721.0,0.07063776745637952
722.0,0.0709525576712551
723.0,0.07123071752090963
724.0,0.0713171722547365
725.0,0.07156306907167771
726.0,0.07185684970301019
727.0,0.07211244388057264
728.0,0.07228007219119426
729.0,0.07241810265498913
730.0,0.0726416517329267
731.0,0.07295978439612949
732.0,0.07318714774470977
733.0,0.07330673172093553
734.0,0.07351713804194052
735.0,0.07395350778391079
736.0,0.0741382537447941
737.0,0.07421438145039198
738.0,0.07437526169046518
739.0,0.07479038875855853
740.0,0.07493725644928745
741.0,0.07517248249538189
742.0,0.07569783874549023
743.0,0.07611461300811517
744.0,0.07631564836904689
745.0,0.07639658814159013
746.0,0.07654610498269307
747.0,0.07692331928423463
748.0,0.07709874559328322
749.0,0.07718300842304449
750.0,0.07776109242113076
751.0,0.07817824556680755
752.0,0.07841612504641034
753.0,0.07859081067157483
754.0,0.07886105494584672
755.0,0.07900391834725251
756.0,0.07917096178730722
757.0,0.07958270687773386
758.0,0.08000500708756403
759.0,0.08039718797076988
760.0,0.0806536385844567
761.0,0.08063375280185836
762.0,0.08089223291595823
763.0,0.08132492172523177
764.0,0.08172847265073316
765.0,0.08197200396305007
766.0,0.08231381218892683
767.0,0.0826411768762573
768.0,0.08278034580785906
769.0,0.0831001840941803
770.0,0.0834278762261404
771.0,0.08369588187338403
772.0,0.08397706227986468
773.0,0.08441425629659177
774.0,0.08488171779691706
775.0,0.08525565598799224
776.0,0.08553369685897537
777.0,0.08575852030741286
778.0,0.08606607521205006
779.0,0.08654458509672437
780.0,0.08686314041762935
781.0,0.08722460770971044
782.0,0.08762919036471366
783.0,0.08788298921422108
784.0,0.08807319092493071
785.0,0.0883477394966322
786.0,0.08875528076346134
787.0,0.08911823489891398
788.0,0.08965151910311438
789.0,0.09008756532341594
790.0,0.09019493832216144
791.0,0.0906373976211574
792.0,0.09107108707855686
793.0,0.09140932362145611
794.0,0.09178745740886253
795.0,0.09218161895020503
796.0,0.09259479060568102
797.0,0.09303816015485704
798.0,0.0935395464273042
799.0,0.09393539293337383
800.0,0.09417890235901152
801.0,0.09434654434955334
802.0,0.09477856590157041
803.0,0.09531356653897224
804.0,0.09582346380729626
805.0,0.09622495191886803
806.0,0.09657382902614553
807.0,0.09695795779321018
808.0,0.09735739083008585
809.0,0.09762570227640169
810.0,0.0981266950386836
811.0,0.09865580049398609
812.0,0.09900778355906917
813.0,0.09931902541210037
814.0,0.09981647648646766
815.0,0.10030865821890804
816.0,0.10052493529057784
817.0,0.10084612198148094
818.0,0.10143722199870175
819.0,0.10210745612139956
820.0,0.10241898239580233
821.0,0.1029391801551056
822.0,0.10341098481943867
823.0,0.1037063104569001
824.0,0.10414822068043879
825.0,0.10475693082588813
826.0,0.10530428345739098
827.0,0.10563194911305739
828.0,0.10611378984688762
829.0,0.10670898837973129
830.0,0.10727649845724614
831.0,0.10765380132215459
832.0,0.10791997162047415
833.0,0.10834330303069704
834.0,0.10894675935342073
835.0,0.10947485664391797
836.0,0.11007921296629967
837.0,0.11048693463897503
838.0,0.1106760301045318
839.0,0.11130769374227292
840.0,0.1118005402450719
841.0,0.11219706370662248
842.0,0.11269427506884716
843.0,0.11325680224242314
844.0,0.11385860019059067
845.0,0.11441703425539825
846.0,0.11486860184829317
847.0,0.11553045136293731
848.0,0.11610658592942807
849.0,0.11649900922467313
850.0,0.11690474000591111
851.0,0.1174555687159665
852.0,0.11810953811640965
853.0,0.11872603259302324
854.0,0.1190441508546652
855.0,0.11959541654523013
856.0,0.1201492281573902
857.0,0.12046099108531504
858.0,0.12117493447088296
859.0,0.1216123050577701
860.0,0.12197188253747648
861.0,0.12275949328303075
862.0,0.12322386610233786
863.0,0.12369133507621179
864.0,0.12434164247099541
865.0,0.12510523018132863
866.0,0.12561109166582324
867.0,0.12595070271332193
868.0,0.1263310027257153
869.0,0.12699145591725117
870.0,0.12763928042882816
871.0,0.1282832050896619
872.0,0.1289520126381533
873.0,0.12951648369384514
874.0,0.13011112880616338
875.0,0.13063658752721852
876.0,0.13102146694312752
877.0,0.13167954650461544
878.0,0.13241389822186345
879.0,0.13314357962492668
880.0,0.13386341917717517
881.0,0.1344686819429292
882.0,0.1350385095046706
883.0,0.13563102753189574
884.0,0.13625369025685408
885.0,0.13684653423129764
886.0,0.13744869407995558
887.0,0.1381146640584766
888.0,0.1388913590001647
889.0,0.1396139064959468
890.0,0.14010831584281883
891.0,0.14044245173104075
892.0,0.14122884544000328
893.0,0.14194128923362476
894.0,0.14243255403837374
895.0,0.14283883372928313
896.0,0.14382206009606424
897.0,0.14466445683140997
898.0,0.14520912633489613
899.0,0.14566015998298296
900.0,0.1464195873951413
901.0,0.14697114710149659
902.0,0.1474084833288509
903.0,0.14825345921834032
904.0,0.14953032868437108
905.0,0.15038007132648232
906.0,0.15069886220273754
907.0,0.15122398480402818
908.0,0.15187337382982158
909.0,0.15269522037105793
910.0,0.1534694941422042
911.0,0.1536707452430859
912.0,0.15485626502906863
913.0,0.15608358070627953
914.0,0.15661351405860774
915.0,0.1571749322231935
916.0,0.15784705206979058
917.0,0.15838021316915923
918.0,0.1587234600124605
919.0,0.15965607637372378
920.0,0.1605333731771742
921.0,0.1613244039211081
922.0,0.16212277954510568
923.0,0.1626928693131192
924.0,0.1631906794300064
925.0,0.1637142793001235
926.0,0.1644663284155018
927.0,0.16634949196437102
928.0,0.16716721000872437
929.0,0.16707688533848958
930.0,0.1675142354407972
931.0,0.16809062252116458
932.0,0.16925177692608703
933.0,0.1705068236083878
934.0,0.17089723527211884
935.0,0.17124699712409
936.0,0.17203938644051583
937.0,0.17306574874708908
938.0,0.17367749800133175
939.0,0.1747645325794663
940.0,0.17564859419854287
941.0,0.17624827014002886
942.0,0.17724906318298336
943.0,0.17865148454455354
944.0,0.17908808981532306
945.0,0.17878837803202527
946.0,0.1799333060772729
947.0,0.18077270433050815
948.0,0.18177232735301482
949.0,0.18304962188152052
950.0,0.18379307293451136
951.0,0.18455745377197016
952.0,0.18494974176127008
953.0,0.18501588923100262
954.0,0.18569721171373774
955.0,0.18716446098465572
956.0,0.18821906667572402
957.0,0.1884295194792576
958.0,0.18914830019478335
959.0,0.1903967510073403
960.0,0.1915368002447983
961.0,0.19231197262409064
962.0,0.19348354573178803
963.0,0.19450763006344193
964.0,0.19536176758217375
965.0,0.19606612962460157
966.0,0.1964767781026313
967.0,0.19775347981497354
968.0,0.1986088432681286
969.0,0.19850221158135695
970.0,0.19951658662356125
971.0,0.20092085034205026
972.0,0.20204063350783466
973.0,0.20259135742248363
974.0,0.20302924098032452
975.0,0.20403167454356122
976.0,0.20492172999506078
977.0,0.2054341955306868
978.0,0.2067368554421673
979.0,0.2066885622292646
980.0,0.20763003066496624
981.0,0.21035830123075358
982.0,0.2110194154507261
983.0,0.2119646374639107
984.0,0.21244852680674373
985.0,0.21226539736736622
986.0,0.2131751050092212
987.0,0.21480053466593135
988.0,0.21608141699538147
989.0,0.2165769070467184
990.0,0.21708491499861815
991.0,0.21821589788248527
992.0,0.21893825785432172
993.0,0.21915239983199866
994.0,0.22036058275893888
995.0,0.22138145782795682
996.0,0.22243710051799634
997.0,0.22381831621485407
998.0,0.22548943256369677
999.0,0.2262791966973963
1000.0,0.226256557057688
1001.0,0.2370232185675772
1002.0,0.23919117930264255
1003.0,0.23971264904696588
1004.0,0.24133211138372007
1005.0,0.24057192580108083
1006.0,0.23761078978153752
1007.0,0.23799262950887615
1008.0,0.24003364098456392
1009.0,0.24199647879566716
1010.0,0.24224645094248115
1011.0,0.24243019122790233
1012.0,0.24544357392145916
1013.0,0.24687282933908147
1014.0,0.24834699076167133
1015.0,0.2528707711638432
1016.0,0.25502947570928486
1017.0,0.25478069502303
1018.0,0.25487094765430107
1019.0,0.25558716853745106
1020.0,0.25595605092526147
1021.0,0.2564708020290112
1022.0,0.2559602913569
1023.0,0.2591340107436652
1024.0,0.2622045971074216
1025.0,0.26284068546453293
1026.0,0.2651408325448218
1027.0,0.264533304830364
1028.0,0.2624442618261968
1029.0,0.2623636380837907
1030.0,0.2633455393212505
1031.0,0.2640713891760523
1032.0,0.26589444850092814
1033.0,0.2678929658317795
1034.0,0.26865251311901406
1035.0,0.26841597255655125
1036.0,0.26808032400862813
1037.0,0.2701001469872838
1038.0,0.27189884358643457
1039.0,0.2742239083837812
1040.0,0.27631278471236387
1041.0,0.2750719485408274
1042.0,0.2756447199531243
1043.0,0.2760324570177306
1044.0,0.2760209324558775
1045.0,0.2760600297202416
1046.0,0.27909635581412745
1047.0,0.2804864323930248
1048.0,0.28255763344729656
1049.0,0.28472146652142866
1050.0,0.28484666584430246
1051.0,0.2848547667000189
1052.0,0.28352707636053204
1053.0,0.28371113367558376
1054.0,0.28560997198251603
1055.0,0.28691603479532884
1056.0,0.2883627467796185
1057.0,0.2904709946056555
1058.0,0.2925540698134495
1059.0,0.29449673102816415
1060.0,0.296106060524838
1061.0,0.29723233169057184
1062.0,0.29709157564276084
1063.0,0.2970963232953934
1064.0,0.29885387218953496
1065.0,0.29998129120619577
1066.0,0.3017591101630276
1067.0,0.30346250783971546
1068.0,0.3027299198009413
1069.0,0.30236428645185953
1070.0,0.30316403347687937
1071.0,0.30416353689600056
1072.0,0.3052591135342283
1073.0,0.3064123454675745
1074.0,0.3080785123934739
1075.0,0.3095791609774797
1076.0,0.30967941791007314
1077.0,0.31053866033180133
1078.0,0.3123750827020065
1079.0,0.3145519697494071
1080.0,0.3169026414878654
1081.0,0.31712354216766003
1082.0,0.31741966226787105
1083.0,0.31852241203073733
1084.0,0.31965828690715364
1085.0,0.32159251751495455
1086.0,0.32337630357975417
1087.0,0.32552631040398095
1088.0,0.32648248927478246
1089.0,0.32723229630131223
1090.0,0.32778058720171926
1091.0,0.328907313767098
1092.0,0.33008772528129593
1093.0,0.3306727297412198
1094.0,0.3318217682743673
1095.0,0.3332198534127167
1096.0,0.33315059128806424
1097.0,0.33395811389006336
1098.0,0.3363881988592776
1099.0,0.33755572788274335
1100.0,0.33764527948349826
1101.0,0.3389584129844026
1102.0,0.340856464978725
1103.0,0.34174833246817726
1104.0,0.3431383773119813
1105.0,0.34543857825731333
1106.0,0.34651914758939256
1107.0,0.3477969822054478
1108.0,0.3491876008908263
1109.0,0.35048230325455
1110.0,0.35194113241840597
1111.0,0.3526745823203351
1112.0,0.3538432651545483
1113.0,0.35497487639375097
1114.0,0.356263095086107
1115.0,0.3581160623177029
1116.0,0.3595216378918541
1117.0,0.3607883249987642
1118.0,0.36189520068866676
1119.0,0.36281586786986525
1120.0,0.3632906957188512
1121.0,0.3642037291083019
1122.0,0.36587757472475063
1123.0,0.3674957220878132
1124.0,0.3688604618227909
1125.0,0.3702877628722164
1126.0,0.3711154582637416
1127.0,0.372240823521958
1128.0,0.37362675524552036
1129.0,0.37461819803043805
1130.0,0.3754297485011884
1131.0,0.37664629295133567
1132.0,0.3774689394526088
1133.0,0.3789262676861007
1134.0,0.3814363030252338
1135.0,0.3827114517118488
1136.0,0.38394987500243566
1137.0,0.38537563710684797
1138.0,0.3867005272907729
1139.0,0.3880506013546184
1140.0,0.3889743636572013
1141.0,0.3904748225659619
1142.0,0.3918471448988907
1143.0,0.39274930694725013
1144.0,0.3939985015636177
1145.0,0.3960447703512805
1146.0,0.3972377447894266
1147.0,0.39793325015257164
1148.0,0.3990321711128535
1149.0,0.4000493740399258
1150.0,0.400790420402043
1151.0,0.4021948594500351
1152.0,0.4032669614282905
1153.0,0.4046271798676578
1154.0,0.4057643879408093
1155.0,0.4067086513490506
1156.0,0.40808223396017373
1157.0,0.4093605986165253
1158.0,0.4106029425118818
1159.0,0.4120072150423967
1160.0,0.413679544265816
1161.0,0.4150101020413885
1162.0,0.4161219775497664
1163.0,0.41736806013206973
1164.0,0.41832659570108965
1165.0,0.41969614453853854
1166.0,0.42146918941965456
1167.0,0.4232932741951062
1168.0,0.42438364187505095
1169.0,0.42586766650618274
1170.0,0.4271977418154031
1171.0,0.42777159796068087
1172.0,0.4289357106504121
1173.0,0.4304601635801579
1174.0,0.43173465548651235
1175.0,0.4329856606373187
1176.0,0.4344573861210416
1177.0,0.43616288026212435
1178.0,0.4376069627084012
1179.0,0.43883025075918947
1180.0,0.44024348940490493
1181.0,0.4418675214280382
1182.0,0.44301108598142785
1183.0,0.4442173670927184
1184.0,0.4454999801146676
1185.0,0.4461425610304644
1186.0,0.447474443577158
1187.0,0.44885700037067483
1188.0,0.45044113395279695
1189.0,0.4521816245235873
1190.0,0.45442577215938995
1191.0,0.4559740841085242
1192.0,0.4573795984878586
1193.0,0.45885096435545075
1194.0,0.45962420593208647
1195.0,0.4610522841970423
1196.0,0.4634872891294398
1197.0,0.46493765948728677
1198.0,0.4660403296206312
1199.0,0.46719292697834564
1200.0,0.46771914027785555
1201.0,0.4683615475529618
1202.0,0.4697518589361511
1203.0,0.471101316438019
1204.0,0.47232610110652207
1205.0,0.4736467130684495
1206.0,0.4748221456701657
1207.0,0.47578876477443843
1208.0,0.4769145031453889
1209.0,0.47769772549306044
1210.0,0.4791909161415441
1211.0,0.4815249534759911
1212.0,0.4831173133104866
1213.0,0.48486563012118905
1214.0,0.4864418955068579
1215.0,0.4876415881513926
1216.0,0.488146359173821
1217.0,0.4899657109585161
1218.0,0.49180984156283664
1219.0,0.49319538191925716
1220.0,0.49460531735253355
1221.0,0.49588065146376265
1222.0,0.4965717856168286
1223.0,0.4979359251513981
1224.0,0.49981304747107724
1225.0,0.5012688736803363
1226.0,0.5027548764899241
1227.0,0.5040809280578852
1228.0,0.5049747297408401
1229.0,0.5062652675242563
1230.0,0.5076958176608947
1231.0,0.5091574523630706
1232.0,0.5110048782940249
1233.0,0.5126134567809131
1234.0,0.5133010870047812
1235.0,0.5145997380874168
1236.0,0.5159405856896447
1237.0,0.5169313668059111
1238.0,0.5184856118907288
1239.0,0.5208945365256716
1240.0,0.5225077362859772
1241.0,0.5238823947737662
1242.0,0.5253266861859488
1243.0,0.5264646910831113
1244.0,0.527822082763059
1245.0,0.5293062160634784
1246.0,0.5307530000563221
1247.0,0.5323761118064978
1248.0,0.5337614984413414
1249.0,0.53504020214878
1250.0,0.5362588225144518
1251.0,0.5373989470780188
1252.0,0.5381815048109829
1253.0,0.5394209005266886
1254.0,0.5407913793914594
1255.0,0.5422221239999205
1256.0,0.5438622599665925
1257.0,0.5454467578820325
1258.0,0.5471522693757742
1259.0,0.548576659768156
1260.0,0.5498860677652597
1261.0,0.551290873431925
1262.0,0.5524258299617233
1263.0,0.5538798247365708
1264.0,0.5558938208348737
1265.0,0.5573066801516267
1266.0,0.5583787302753183
1267.0,0.5595980756345675
1268.0,0.5602308067861628
1269.0,0.5615509407178227
1270.0,0.562812285834462
1271.0,0.5644280265526196
1272.0,0.5657928660871915
1273.0,0.567150607865785
1274.0,0.5684271973634992
1275.0,0.5694819293129705
1276.0,0.5709225218657802
1277.0,0.5725637611145284
1278.0,0.5740895838159518
1279.0,0.5758735272936183
1280.0,0.5774345940666639
1281.0,0.5789560282611512
1282.0,0.5801825866844341
1283.0,0.5810571969492196
1284.0,0.5822037785267438
1285.0,0.5830903795980754
1286.0,0.5842282606962035
1287.0,0.5857476756370268
1288.0,0.5871810984026901
1289.0,0.5887947199440149
1290.0,0.5905290575243269
1291.0,0.5921775062042447
1292.0,0.5939648548268469
1293.0,0.5956355571429155
1294.0,0.5973384618972476
1295.0,0.5987195523741363
1296.0,0.5998365352917779
1297.0,0.6011810467710865
1298.0,0.6021690022087444
1299.0,0.6036141861058437
1300.0,0.6054799931379271
1301.0,0.6072890819788702
1302.0,0.6094469589530771
1303.0,0.6112481066534622
1304.0,0.6128618799042949
1305.0,0.6145498109832351
1306.0,0.6161781040824219
1307.0,0.6175565125267352
1308.0,0.6192054667655602
1309.0,0.6210756258606379
1310.0,0.6227162195429755
1311.0,0.6242813084717398
1312.0,0.6258818414564401
1313.0,0.6273998025189524
1314.0,0.6290000952894286
1315.0,0.6307790297382834
1316.0,0.6322782027185877
1317.0,0.6336698198922236
1318.0,0.6350252168322156
1319.0,0.6364089030623717
1320.0,0.6374220962625882
1321.0,0.6378243029097699
1322.0,0.6388862516711448
1323.0,0.6398902410211842
1324.0,0.6411431511834279
1325.0,0.643154557583157
1326.0,0.6449379136558904
1327.0,0.6466733492002661
1328.0,0.648477185315869
1329.0,0.649703180407195
1330.0,0.65060121073482
1331.0,0.6517281401999977
1332.0,0.652383195925384
1333.0,0.653544762179919
1334.0,0.6551884366480868
1335.0,0.6566074455112411
1336.0,0.6581700336433426
1337.0,0.6593605869289607
1338.0,0.6600115592501974
1339.0,0.6613802559281159
1340.0,0.6628947364090408
1341.0,0.6644556017071734
1342.0,0.666831495407948
1343.0,0.6686383738966487
1344.0,0.6700791186548183
1345.0,0.6714038280263214
1346.0,0.6724624651296264
1347.0,0.6735553637602945
1348.0,0.6746125229744544
1349.0,0.6753436702545661
1350.0,0.6767595413108286
1351.0,0.6785693921338444
1352.0,0.6800670659327382
1353.0,0.6818040803527109
1354.0,0.6833790270743895
1355.0,0.6844263929673494
1356.0,0.6861860689408401
1357.0,0.688408224678509
1358.0,0.6905477391216744
1359.0,0.69359457253572
1360.0,0.695340722798708
1361.0,0.6961990995246331
1362.0,0.6974121499631005
1363.0,0.6976261850875303
1364.0,0.6986904171264464
1365.0,0.7009764933735845
1366.0,0.7024211771116992
1367.0,0.7036170049733033
1368.0,0.7047902988967832
1369.0,0.7058378735423413
1370.0,0.7063577463606382
1371.0,0.7073006066928507
1372.0,0.7084466079432341
1373.0,0.7095729644758558
1374.0,0.7105435006066763
1375.0,0.7119497232821076
1376.0,0.7136820099632886
1377.0,0.7153283073422524
1378.0,0.717229414458554
1379.0,0.7189824874537718
1380.0,0.7207576918041276
1381.0,0.7224094539609751
1382.0,0.7241500754978911
1383.0,0.7255408937764164
1384.0,0.7265346535783712
1385.0,0.7276983022704792
1386.0,0.7287147486580177
1387.0,0.7297689345972734
1388.0,0.7310452620410951
1389.0,0.7320795106219664
1390.0,0.732882586693119
1391.0,0.7337499558222383
1392.0,0.7346477073745564
1393.0,0.7354444618528978
1394.0,0.7364709231105996
1395.0,0.7376338566448696
1396.0,0.7387803997520773
1397.0,0.7401140892982874
1398.0,0.7411094848611307
1399.0,0.7418494622655512
1400.0,0.7429624772637939
1401.0,0.7440248447471338
1402.0,0.7452204544232383
1403.0,0.7467190557893149
1404.0,0.7481377169300665
1405.0,0.7497049554274148
1406.0,0.7509585327618852
1407.0,0.7522661907936791
1408.0,0.753295051613863
1409.0,0.7536383927742402
1410.0,0.7544468760390115
1411.0,0.755344072521222
1412.0,0.7563485393381537
1413.0,0.7576590382510798
1414.0,0.759015533905015
1415.0,0.7599370439634663
1416.0,0.7608658504088733
1417.0,0.7618779486640364
1418.0,0.7626820009084353
1419.0,0.763842672577222
1420.0,0.7653648467332562
1421.0,0.7665436826746543
1422.0,0.767688159400527
1423.0,0.768791514355414
1424.0,0.7696578846793456
1425.0,0.7707828421198167
1426.0,0.7720709344599085
1427.0,0.7732976055636088
1428.0,0.7744042659943634
1429.0,0.7758735061681777
1430.0,0.7776001150073777
1431.0,0.7791730291006751
1432.0,0.7811370112382531
1433.0,0.7826608863702315
1434.0,0.7837592317920269
1435.0,0.7849953039586095
1436.0,0.7861340653586256
1437.0,0.7872781707400892
1438.0,0.7884601216920089
1439.0,0.7895865566474984
1440.0,0.7906134315265528
1441.0,0.7919870364289211
1442.0,0.7932887179526612
1443.0,0.7945254820404312
1444.0,0.79590745613762
1445.0,0.797278105114281
1446.0,0.7987362593078444
1447.0,0.800463524406559
1448.0,0.8018441606909942
1449.0,0.8030708585290292
1450.0,0.8044145115145458
1451.0,0.8057143744912887
1452.0,0.8068733694788495
1453.0,0.8080471177800745
1454.0,0.8091513614282515
1455.0,0.8098763165249718
1456.0,0.8110359612243436
1457.0,0.812441761213527
1458.0,0.8138464758246301
1459.0,0.8155094977325911
1460.0,0.8169975125973875
1461.0,0.8186428396448625
1462.0,0.8199035282818012
1463.0,0.8206664867742678
1464.0,0.8218062117803493
1465.0,0.8228640981563419
1466.0,0.8240086070110142
1467.0,0.8253581097690562
1468.0,0.8269240973131748
1469.0,0.8282422685562494
1470.0,0.8295579303583993
1471.0,0.8308829769134741
1472.0,0.8322364486287863
1473.0,0.8335402519139639
1474.0,0.8347622194896184
1475.0,0.8361590351207048
1476.0,0.8376530861333393
1477.0,0.83908710648367
1478.0,0.8404644975130245
1479.0,0.8420860932718948
1480.0,0.8438249810670596
1481.0,0.8455216774114342
1482.0,0.8476012643719252
1483.0,0.8491860277690615
1484.0,0.8503916851192901
1485.0,0.8517024425178623
1486.0,0.8528098355926238
1487.0,0.854081529981789
1488.0,0.8553902833867574
1489.0,0.8568310938505601
1490.0,0.8584253508858829
1491.0,0.8599007567847071
1492.0,0.8615559778946007
1493.0,0.8629522418467384
1494.0,0.8640270302145479
1495.0,0.8652977660233735
1496.0,0.8663689582502582
1497.0,0.8677409274228093
1498.0,0.869629514919135
1499.0,0.8711611364924067
1500.0,0.872640635614432
1501.0,0.8740832111248606
1502.0,0.8755336937803218
1503.0,0.8767209877149482
1504.0,0.8779916121620126
1505.0,0.8793215018957399
1506.0,0.8807566034291563
1507.0,0.8821656254213367
1508.0,0.8835455679424075
1509.0,0.8850624615471273
1510.0,0.8865310323499714
1511.0,0.8878021449265666
1512.0,0.8892373830428465
1513.0,0.8908205853430173
1514.0,0.8924656476924739
1515.0,0.8940696649010574
1516.0,0.8958706701194873
1517.0,0.8980223881337944
1518.0,0.8998525378449125
1519.0,0.9016668634633812
1520.0,0.9033457545950995
1521.0,0.9048153723299075
1522.0,0.9063076855724971
1523.0,0.907883569337127
1524.0,0.9091736140013459
1525.0,0.9101968560650929
1526.0,0.9113360792595785
1527.0,0.9123082364988676
1528.0,0.9133693925297465
1529.0,0.9144557515521542
1530.0,0.9157076303079442
1531.0,0.9171527580107464
1532.0,0.9183860931425222
1533.0,0.9195983203089836
1534.0,0.9208755691649112
1535.0,0.9220322924251764
1536.0,0.9232166801888168
1537.0,0.9247142366436628
1538.0,0.9258760180143706
1539.0,0.9268875709725176
1540.0,0.9278428573405597
1541.0,0.9288739533929184
1542.0,0.9297088000856708
1543.0,0.9311438319473003
1544.0,0.9328950506989434
1545.0,0.9345388876327883
1546.0,0.9366022033876562
1547.0,0.9381859461461506
1548.0,0.9393978139480605
1549.0,0.9409407651926062
1550.0,0.9425625188037947
1551.0,0.9440559160880373
1552.0,0.9457423084647422
1553.0,0.9470753599102167
1554.0,0.9480867451275428
1555.0,0.9492326215403751
1556.0,0.9501722420418903
1557.0,0.9514103821298985
1558.0,0.9527551944557194
1559.0,0.9541943745198888
1560.0,0.9559525087928499
1561.0,0.9574372664721427
1562.0,0.9589429654394184
1563.0,0.9602376081048327
1564.0,0.9611266948663209
1565.0,0.9624086168100487
1566.0,0.9638809443504553
1567.0,0.9651708540193422
1568.0,0.9665918385358392
1569.0,0.9679261591890023
1570.0,0.9688449915062272
1571.0,0.970180176895814
1572.0,0.9718440957582145
1573.0,0.9734251939045768
1574.0,0.9752290580111368
1575.0,0.9768447258326677
1576.0,0.9785045787209748
1577.0,0.9798844116810667
1578.0,0.9809382223180564
1579.0,0.982143104886865
1580.0,0.9831174615984154
1581.0,0.9842713482968886
1582.0,0.9856507512623471
1583.0,0.986975131305609
1584.0,0.9882497416376119
1585.0,0.9896567913543489
1586.0,0.9915480867571181
1587.0,0.992815554783969
1588.0,0.9935649842765506
1589.0,0.9946067119551475
1590.0,0.9955838975296221
1591.0,0.9961051210004032
1592.0,0.9971488549199895
1593.0,0.9987081696339811
1594.0,0.9998035418842739
1595.0,1.0007101491782282
1596.0,1.0017573801804494
1597.0,1.0027936470800234
1598.0,1.003839611859361
1599.0,1.0048575682534837
1600.0,1.0060714208726356
1601.0,1.0072100559298283
1602.0,1.0088186057971626
1603.0,1.0110568887131008
1604.0,1.0124194862456803
1605.0,1.0136802146424013
1606.0,1.0148515355102379
1607.0,1.0152294927966883
1608.0,1.016524471994481
1609.0,1.0185227543466326
1610.0,1.0198866015779524
1611.0,1.0213014932890456
1612.0,1.022507127934828
1613.0,1.0233405562412698
1614.0,1.024275464052918
1615.0,1.025017592627063
1616.0,1.02624639295447
1617.0,1.0276813340505977
1618.0,1.0290006620548817
1619.0,1.0307187462299587
1620.0,1.0321091993629912
1621.0,1.0332088396520103
1622.0,1.034303336640965
1623.0,1.0355712448771062
1624.0,1.0363972097496974
1625.0,1.036810137369848
1626.0,1.037362677991938
1627.0,1.0375722099881874
1628.0,1.0381634538943334
1629.0,1.0387473690214413
1630.0,1.0398132809230376
1631.0,1.0414621016087175
1632.0,1.0427627464244213
1633.0,1.0444651502435232
1634.0,1.0456026190284586
1635.0,1.0460608828709697
1636.0,1.0469912193828743
1637.0,1.0479604231603592
1638.0,1.0489105220930992
1639.0,1.0500811785994768
1640.0,1.0511244940709208
1641.0,1.051911094629213
1642.0,1.0529678491964158
1643.0,1.0542818733021126
1644.0,1.055404179397068
1645.0,1.056529556457334
1646.0,1.0576677768312606
1647.0,1.058769265811072
1648.0,1.059750594775027
1649.0,1.0610301236946333
1650.0,1.0616752078095897
1651.0,1.0615585605720954
1652.0,1.0619508398395126
1653.0,1.062088321539596
1654.0,1.0626128068085439
1655.0,1.0639510064907514
1656.0,1.064644529172736
1657.0,1.064805495116003
1658.0,1.0653719594266169
1659.0,1.0658683972562981
1660.0,1.0665109101907768
1661.0,1.0676008776167862
1662.0,1.0686426910792524
1663.0,1.0697055630944627
1664.0,1.0705357218374836
1665.0,1.071555046125591
1666.0,1.0721795001245484
1667.0,1.0716962264631333
1668.0,1.0724507786469064
1669.0,1.0739992727016774
1670.0,1.0751040498856645
1671.0,1.0767024592557464
1672.0,1.0781982305499416
1673.0,1.0787826720935465
1674.0,1.0803425901495842
1675.0,1.083385323075011
1676.0,1.0852467937483181
1677.0,1.086861005667373
1678.0,1.0883681117770185
1679.0,1.0889753334296977
1680.0,1.0898985722588124
1681.0,1.0912279710106834
1682.0,1.0921875675625865
1683.0,1.0926320917533823
1684.0,1.0935271840041474
1685.0,1.0944914001187205
1686.0,1.095737163751144
1687.0,1.0974154516082317
1688.0,1.0989304579131616
1689.0,1.1001824702346152
1690.0,1.1019986350940847
1691.0,1.1046610380173199
1692.0,1.1064015293360703
1693.0,1.108106106452169
1694.0,1.109621851013501
1695.0,1.1101284148657857
1696.0,1.1111065510534646
1697.0,1.1124924956261393
1698.0,1.1136659620132474
1699.0,1.1145996258494477
1700.0,1.1157646788485984
1701.0,1.1170954366568162
1702.0,1.118386460219667
1703.0,1.1198509534922614
1704.0,1.1211881782981947
1705.0,1.1226145440113346
1706.0,1.1236364219061008
1707.0,1.124141953327124
1708.0,1.1250091257905968
1709.0,1.1257743725970004
1710.0,1.126669118346566
1711.0,1.1278729608549447
1712.0,1.1292112712921099
1713.0,1.1304950716898639
1714.0,1.131842304116827
1715.0,1.1338323090554598
1716.0,1.134912088513697
1717.0,1.1350672371138224
1718.0,1.1362854330435714
1719.0,1.1374985421363701
1720.0,1.1389073205592444
1721.0,1.1415279692175673
1722.0,1.1431172141399162
1723.0,1.1440316407529465
1724.0,1.1450528907437099
1725.0,1.1457243065903273
1726.0,1.1464299087663785
1727.0,1.146971185629834
1728.0,1.1479099662335872
1729.0,1.149094394240858
1730.0,1.1499823409202237
1731.0,1.1512149231197346
1732.0,1.1518253950368929
1733.0,1.1516660084288624
1734.0,1.1523911794705108
1735.0,1.153284598595305
1736.0,1.1539673872203924
1737.0,1.154809902169461
1738.0,1.155785414655401
1739.0,1.1568677501565856
1740.0,1.1576344441649005
1741.0,1.1585934371012163
1742.0,1.1593164403330682
1743.0,1.1593022257529857
1744.0,1.1601903204534618
1745.0,1.161679298246262
1746.0,1.1626764982667224
1747.0,1.1637680120963076
1748.0,1.1647035207326975
1749.0,1.1651378555762741
1750.0,1.16610755249644
1751.0,1.1674806837280405
1752.0,1.1687246251939993
1753.0,1.170175779426169
1754.0,1.1715777327810741
1755.0,1.17225627747662
1756.0,1.1731651425724476
1757.0,1.1752880148691798
1758.0,1.1764165316280664
1759.0,1.177150694196598
1760.0,1.1774356950629736
1761.0,1.1764427901860772
1762.0,1.1761771872003628
1763.0,1.1760305055105524
1764.0,1.1760636238352737
1765.0,1.176711212899847
1766.0,1.1770514383502306
1767.0,1.1785325169566478
1768.0,1.1809090347282647
1769.0,1.1824106350900803
1770.0,1.1844273479483634
1771.0,1.1860490237500618
1772.0,1.1862635473634189
1773.0,1.186666428627181
1774.0,1.187086544580664
1775.0,1.1880742003173022
1776.0,1.1891937183105887
1777.0,1.1908345957440967
1778.0,1.192785840269534
1779.0,1.193156153905944
1780.0,1.193362499444243
1781.0,1.1936163002607798
1782.0,1.1938342983083936
1783.0,1.194658717884638
1784.0,1.1965347405521072
1785.0,1.198559800504368
1786.0,1.1990252627460947
1787.0,1.1998312206851474
1788.0,1.2008177668451288
1789.0,1.2008757768304705
1790.0,1.203347224457152
1791.0,1.2048016235892378
1792.0,1.2057059386340263
1793.0,1.2069923631932087
1794.0,1.2084545456422764
1795.0,1.2091870087173342
1796.0,1.2095931998005032
1797.0,1.2101618199236996
1798.0,1.2098226226191744
1799.0,1.2099399722366169
1800.0,1.2112401705166642
1801.0,1.2059811833704106
1802.0,1.203890393349877
1803.0,1.204848834845329
1804.0,1.2062543959466114
1805.0,1.2089755048381317
1806.0,1.210943050329286
1807.0,1.2145287732201728
1808.0,1.2160792665648812
1809.0,1.2157281268216382
1810.0,1.216956805602383
1811.0,1.219071326207648
1812.0,1.2193588076626674
1813.0,1.2202440522390858
1814.0,1.2226704492849187
1815.0,1.2240357852286001
1816.0,1.2250790368449922
1817.0,1.225527555467136
1818.0,1.2253725722819802
1819.0,1.2258034625155907
1820.0,1.2247268249921468
1821.0,1.225598521374827
1822.0,1.227758009446517
1823.0,1.2312132998614975
1824.0,1.2335476458085846
1825.0,1.2357335200970565
1826.0,1.2365679742105542
1827.0,1.2353022470371595
1828.0,1.2348650512105854
1829.0,1.2340990010598398
1830.0,1.2338358079166136
1831.0,1.2332678229044098
1832.0,1.2334817552115251
1833.0,1.2349170107409189
1834.0,1.2355847790328747
1835.0,1.2373529162297143
1836.0,1.240774712381283
1837.0,1.2427232128107482
1838.0,1.244386877859292
1839.0,1.2460879755445788
1840.0,1.2475942040108594
1841.0,1.2483468381169538
1842.0,1.2496261707856895
1843.0,1.2512321296419604
1844.0,1.2514638629158907
1845.0,1.253212944707266
1846.0,1.2545646169254954
1847.0,1.2567681368531431
1848.0,1.2569267113888967
1849.0,1.255990996455005
1850.0,1.2550994843088041
1851.0,1.2522902159366567
1852.0,1.2507025539474994
1853.0,1.2523266230478654
1854.0,1.254462031514222
1855.0,1.255858369107708
1856.0,1.2575094316660855
1857.0,1.2584166417356641
1858.0,1.258023358921335
1859.0,1.2578287201404101
1860.0,1.2577840914309149
1861.0,1.2571512533819618
1862.0,1.2569031034083353
1863.0,1.255841727992153
1864.0,1.2562009132722514
1865.0,1.2582498483707119
1866.0,1.2605129377790867
1867.0,1.2619059315181018
1868.0,1.2625431287561095
1869.0,1.2621182874263903
1870.0,1.2628078218850631
1871.0,1.263283183043668
1872.0,1.2638840333413643
1873.0,1.2644452067170915
1874.0,1.2655603339900519
1875.0,1.263906118947218
1876.0,1.2608001177382857
1877.0,1.2581170117502514
1878.0,1.2534887434790494
1879.0,1.2505613797142905
1880.0,1.248510893075791
1881.0,1.2462829103804427
1882.0,1.244617081807555
1883.0,1.2432802668097085
1884.0,1.2411746830927894
1885.0,1.2371445102223304
1886.0,1.2325654369181762
1887.0,1.228142010546569
1888.0,1.2232709537408502
1889.0,1.217971819466621
1890.0,1.2122488399583817
1891.0,1.2061933761671217
1892.0,1.2004107151810093
1893.0,1.1936908260771628
1894.0,1.1866708346863337
1895.0,1.181317494573815
1896.0,1.175120508997258
1897.0,1.1685736548769956
1898.0,1.1624989839816082
1899.0,1.1560430931128682
1900.0,1.1491402567298636
1901.0,1.14251342261409
1902.0,1.1362036064532057
1903.0,1.1298721900453583
1904.0,1.122231574658658
1905.0,1.116170496740847
1906.0,1.1101585326039287
1907.0,1.102893062035886
1908.0,1.0979802545221105
1909.0,1.0937095230581417
1910.0,1.0896589296287111
1911.0,1.0873205926658422
1912.0,1.085060185640183
1913.0,1.0832116112840864
1914.0,1.0812658931331507
1915.0,1.0803810512079546
1916.0,1.080243312369548
1917.0,1.0806047360804794
1918.0,1.0819796852055836
1919.0,1.0826176252529232
1920.0,1.0818465144521345
1921.0,1.0812094448146348
1922.0,1.0800887949686058
1923.0,1.078671198951035
1924.0,1.0779049664857856
1925.0,1.0779364961419489
1926.0,1.0775098134554533
1927.0,1.0774867862126514
1928.0,1.0789760641719277
1929.0,1.080645232770874
1930.0,1.0836602693846284
1931.0,1.0868666668479487
1932.0,1.0880881048051676
1933.0,1.0886019974616026
1934.0,1.0902870045752755
1935.0,1.0919708878793617
1936.0,1.094038054532679
1937.0,1.0957716662837607
1938.0,1.098052292525331
1939.0,1.0990587742435418
1940.0,1.099996325109754
1941.0,1.1006432753286703
1942.0,1.1026779589344415
1943.0,1.1049041124066343
1944.0,1.1060571447417362
1945.0,1.108060676174764
1946.0,1.10978461710086
1947.0,1.1110393438095831
1948.0,1.1130257491471125
1949.0,1.1157032538866305
1950.0,1.1185940074193859
1951.0,1.121431884356133
1952.0,1.124339227403392
1953.0,1.126193478288536
1954.0,1.1273985852763808
1955.0,1.128563321732549
1956.0,1.1291832008443696
1957.0,1.1311338717505097
1958.0,1.1340829369714025
1959.0,1.136667805204525
1960.0,1.1402271741713499
1961.0,1.142337899641137
1962.0,1.1437823891168333
1963.0,1.1451171580714232
1964.0,1.14566686515723
1965.0,1.145775154755758
1966.0,1.147176378178347
1967.0,1.1482928890795148
1968.0,1.1508159416676993
1969.0,1.1545094193895242
1970.0,1.1568384618934884
1971.0,1.1595762383879409
1972.0,1.1619270200340182
1973.0,1.1627339463955235
1974.0,1.1644382398440256
1975.0,1.166531618987231
1976.0,1.1692537727011865
1977.0,1.1718870100766305
1978.0,1.1748306892732647
1979.0,1.1776573302655733
1980.0,1.179484484548117
1981.0,1.182060509826043
1982.0,1.1840688886258555
1983.0,1.1848169817720455
1984.0,1.1857274415399832
1985.0,1.1864405302712298
1986.0,1.1849219163699531
1987.0,1.1857071318574088
1988.0,1.187762399369939
1989.0,1.1903849586220807
1990.0,1.1927932262799186
1991.0,1.1957320274422683
1992.0,1.1970844435638288
1993.0,1.1986109394935431
1994.0,1.200414352282529
1995.0,1.2008881520679604
1996.0,1.20211069236266
1997.0,1.2033499924308568
1998.0,1.2047389151794754
1999.0,1.2067736874496071
2000.0,1.2085161417240473
2001.0,1.2100429674502446
2002.0,1.211874905477026
2003.0,1.2141119343233557
2004.0,1.2170148688280595
2005.0,1.2209329099782837
2006.0,1.2256980658779237
2007.0,1.2293938157037445
2008.0,1.2314912443535757
2009.0,1.233850908453074
2010.0,1.234981483174422
2011.0,1.236927626788244
2012.0,1.2400798251263967
2013.0,1.2418679916691406
2014.0,1.243018466737741
2015.0,1.2439133858159932
2016.0,1.2446836251562332
2017.0,1.244353775704429
2018.0,1.2463517239973785
2019.0,1.2488058721803237
2020.0,1.2488554317010712
2021.0,1.2511966422272276
2022.0,1.2526004634219483
2023.0,1.2530058066069805
2024.0,1.2548363587357967
2025.0,1.258395509816048
2026.0,1.2609454044916224
2027.0,1.263519147369908
2028.0,1.2657881925223398
2029.0,1.2687645647978132
2030.0,1.2700115236917966
2031.0,1.2694306346290574
2032.0,1.2712705618485247
2033.0,1.2719590887762726
2034.0,1.2728524136269976
2035.0,1.2750792380330387
2036.0,1.276656288681581
2037.0,1.2789365852379555
2038.0,1.2821441638855988
2039.0,1.2842723685992785
2040.0,1.2870456694716428
2041.0,1.2880113543796106
2042.0,1.2866107351730678
2043.0,1.2864704117303463
2044.0,1.2850625954773383
2045.0,1.286368953137275
2046.0,1.2882079479685271
2047.0,1.2899132006931289
2048.0,1.292075402023413
2049.0,1.2925041782592233
2050.0,1.2925901222016491
2051.0,1.29487633876127
2052.0,1.2961645603520269
2053.0,1.2976953947609406
2054.0,1.2987151693053782
2055.0,1.2985682388085633
2056.0,1.299848150014264
2057.0,1.3020830951839362
2058.0,1.3033630682693256
2059.0,1.3057626898899581
2060.0,1.306568854352884
2061.0,1.304814770886932
2062.0,1.3047384388864307
2063.0,1.3047825412877103
2064.0,1.304769240316039
2065.0,1.3065315864291127
2066.0,1.3095745839576798
2067.0,1.312288059429839
2068.0,1.315802015507128
2069.0,1.3187637979645526
2070.0,1.322435271448512
2071.0,1.3244198430841942
2072.0,1.325871199274581
2073.0,1.3266621308017719
2074.0,1.3267489013682028
2075.0,1.324237390532204
2076.0,1.3237778768683277
2077.0,1.3243627882521738
2078.0,1.323949380118229
2079.0,1.3242387423336528
2080.0,1.324561419806192
2081.0,1.324680008002885
2082.0,1.3260229572033202
2083.0,1.3301618747701598
2084.0,1.3306385148963773
2085.0,1.3291018913912949
2086.0,1.3292940935292865
2087.0,1.3280139027985378
2088.0,1.3280402989595208
2089.0,1.330492367707487
2090.0,1.3320028506078394
2091.0,1.330516258254584
2092.0,1.330189158642151
2093.0,1.3315258147084121
2094.0,1.3333323287186385
2095.0,1.3371610262635683
2096.0,1.3406199835319428
2097.0,1.3425592546098468
2098.0,1.3436228860310573
2099.0,1.3438601794492322
2100.0,1.3423433795808999
2101.0,1.3422116574129812
2102.0,1.34102222923233
2103.0,1.3419109853496847
2104.0,1.3451276740796938
2105.0,1.3467167982721027
2106.0,1.3484712264397434
2107.0,1.3504472299970527
2108.0,1.3501767377147431
2109.0,1.35131504733594
2110.0,1.3536815762482022
2111.0,1.35337134635808
2112.0,1.3547287768896747
2113.0,1.356189531876033
2114.0,1.356983278549567
2115.0,1.3580933858903912
2116.0,1.358639195142023
2117.0,1.3584755089255274
2118.0,1.3577492280388015
2119.0,1.35547829849198
2120.0,1.354167827428138
2121.0,1.3526081032321566
2122.0,1.3523587596320414
2123.0,1.3536365206854444
2124.0,1.3545619898651968
2125.0,1.3569887532701106
2126.0,1.356902870344637
2127.0,1.3558814328137212
2128.0,1.3563197981336208
2129.0,1.3551327553965302
2130.0,1.354579744796809
2131.0,1.3561796409491291
2132.0,1.3590389576242385
2133.0,1.3605096601036308
2134.0,1.3628901594123564
2135.0,1.3633705767610864
2136.0,1.3619039424410924
2137.0,1.3606887736101976
2138.0,1.35881101794455
2139.0,1.3579019943398491
2140.0,1.3566654173311532
2141.0,1.356105251331017
2142.0,1.356575749513027
2143.0,1.356213192637531
2144.0,1.3566862356182832
2145.0,1.358409632286362
2146.0,1.3580644412709757
2147.0,1.3590700228574006
2148.0,1.3604498423539944
2149.0,1.358978638881995
2150.0,1.3591584609828802
2151.0,1.360454707279379
2152.0,1.3608561474662844
2153.0,1.3613709874530684
2154.0,1.361550141823122
2155.0,1.3604717657800969
2156.0,1.3609541371919913
2157.0,1.3622857448528152
2158.0,1.3625730482586722
2159.0,1.364139516109544
2160.0,1.3642016632491618
2161.0,1.3610853026318452
2162.0,1.3614346960608963
2163.0,1.363785226356293
2164.0,1.3642014963513234
2165.0,1.3684387848864143
2166.0,1.3702335880153236
2167.0,1.3688121134017819
2168.0,1.3702081524153444
2169.0,1.369852658421421
2170.0,1.3681735055265873
2171.0,1.3671735040131192
2172.0,1.366834213253446
2173.0,1.3647492172197988
2174.0,1.361103690092688
2175.0,1.3597773688269306
2176.0,1.357369373177379
2177.0,1.3569187232171158
2178.0,1.3600664547703938
2179.0,1.3608252253635493
2180.0,1.3608615074163415
2181.0,1.3617179718833379
2182.0,1.3628184096685303
2183.0,1.3625818335012134
2184.0,1.3616921809052844
2185.0,1.3621111705728874
2186.0,1.3600031106846944
2187.0,1.358870153082788
2188.0,1.3598434572764886
2189.0,1.3614939486235262
2190.0,1.3656558366590221
2191.0,1.3682664514211227
2192.0,1.3698156876730296
2193.0,1.371403046816172
2194.0,1.371513766808767
2195.0,1.3696085590932565
2196.0,1.3683543121581656
2197.0,1.3668149520761312
2198.0,1.365085834551171
2199.0,1.3620115636974708
2200.0,1.3613025513612431
2201.0,1.3612072118012737
2202.0,1.361679764926446
2203.0,1.3643982662272216
2204.0,1.3655602715590733
2205.0,1.3675651084866565
2206.0,1.3665433153630497
2207.0,1.365583203717288
2208.0,1.365499987565791
2209.0,1.3625044015725953
2210.0,1.3637405087191181
2211.0,1.363742581696293
2212.0,1.3633414212192163
2213.0,1.3666859950727943
2214.0,1.3674891814999466
2215.0,1.3684263214563221
2216.0,1.3705450661300582
2217.0,1.371345521699132
2218.0,1.370917306747548
2219.0,1.3714619451194825
2220.0,1.3716922939009872
2221.0,1.372023689338298
2222.0,1.372572891144782
2223.0,1.3721945643478541
2224.0,1.372083835704224
2225.0,1.3724364124936586
2226.0,1.372244008525197
2227.0,1.3724326827002014
2228.0,1.3725765153805172
2229.0,1.372425781502727
2230.0,1.3727077316246068
2231.0,1.3728321659225902
2232.0,1.372565549786554
2233.0,1.3728353826148316
2234.0,1.375757782651157
2235.0,1.373836999966847
2236.0,1.3718866563343237
2237.0,1.3727420519976923
2238.0,1.3709894950879453
2239.0,1.371127840678167
2240.0,1.3727649885756161
2241.0,1.3724275347388348
2242.0,1.3731375185579882
2243.0,1.373572876840925
2244.0,1.3739277781267538
2245.0,1.3768502406108911
2246.0,1.377752966865888
2247.0,1.3771680319438375
2248.0,1.3773780066332708
2249.0,1.3784415677256838
2250.0,1.3771841806593599
2251.0,1.3746650026640512
2252.0,1.3736531143506743
2253.0,1.3708684998862406
2254.0,1.369133800654398
2255.0,1.3698090744408644
2256.0,1.368795067906145
2257.0,1.3660315590705683
2258.0,1.3655384080027022
2259.0,1.3655585630013678
2260.0,1.3660824373074674
2261.0,1.3690991366694891
2262.0,1.3700785946693668
2263.0,1.3679155647348025
2264.0,1.368956203445446
2265.0,1.3700143419162003
2266.0,1.3713877343814742
2267.0,1.3759362757115883
2268.0,1.376318942843683
2269.0,1.3744627648608068
2270.0,1.3758633927333994
2271.0,1.3741425278950412
2272.0,1.3731129992926556
2273.0,1.3742395408256056
2274.0,1.371824295265616
2275.0,1.3714957845647981
2276.0,1.373646605024172
2277.0,1.375817808331704
2278.0,1.3805393218204889
2279.0,1.3801090781743042
2280.0,1.3784781209675572
2281.0,1.3760769633388608
2282.0,1.3681288273686887
2283.0,1.3640161638040704
2284.0,1.3604390093463585
2285.0,1.3600510725964756
2286.0,1.3634290663064754
2287.0,1.3648937298586077
2288.0,1.369469383180333
2289.0,1.3704202606038394
2290.0,1.3678012749975244
2291.0,1.3650968365330953
2292.0,1.3607347821071591
2293.0,1.3582386081002478
2294.0,1.353035445747785
2295.0,1.353075912350605
2296.0,1.356874923448566
2297.0,1.3624138197980102
2298.0,1.3675837045803325
2299.0,1.369918119183455
2300.0,1.3687503375018995
2301.0,1.3652574925741228
2302.0,1.3671715603815233
2303.0,1.367788459404968
2304.0,1.3690946483688256
2305.0,1.3718224098200729
2306.0,1.3663654912504988
2307.0,1.365890566809235
2308.0,1.3669487132542857
2309.0,1.3616330441209592
2310.0,1.35585843616527
2311.0,1.3539536151219544
2312.0,1.3554528471016567
2313.0,1.3585877670851518
2314.0,1.365883988018538
2315.0,1.3680703195249855
2316.0,1.3689966556759892
2317.0,1.369511213184882
2318.0,1.367210420079341
2319.0,1.368649149752261
2320.0,1.3688780052923277
2321.0,1.3663489329548224
2322.0,1.3673868469749493
2323.0,1.3714436816860205
2324.0,1.375398175142495
2325.0,1.3804777197386322
2326.0,1.3845717964959534
2327.0,1.391861762796515
2328.0,1.3892094467159892
2329.0,1.3799767374179503
2330.0,1.3737441260257088
2331.0,1.3607139073657657
2332.0,1.356028656448303
2333.0,1.3585633069230343
2334.0,1.3561980016960227
2335.0,1.3534672327656798
2336.0,1.35323745923698
2337.0,1.352507185322195
2338.0,1.3535862613379113
2339.0,1.356820538870885
2340.0,1.3593163887130788
2341.0,1.3615832622300208
2342.0,1.3646529254586006
2343.0,1.3709848336767518
2344.0,1.3765926659248542
2345.0,1.3831272375174104
2346.0,1.3857078386306871
2347.0,1.3898687577016522
2348.0,1.3821441074821368
2349.0,1.3782998144089043
2350.0,1.3706983230206828
2351.0,1.3561896275399867
2352.0,1.3588363763962692
2353.0,1.3549558809985762
2354.0,1.352139612801294
2355.0,1.3595973153275822
2356.0,1.3549071993544617
2357.0,1.3524939840010002
2358.0,1.3539671749302757
2359.0,1.3483006243316569
2360.0,1.3457889248296169
2361.0,1.3400456451864673
2362.0,1.3347010658789928
2363.0,1.3407179270390388
2364.0,1.342471669929194
2365.0,1.342086068748982
2366.0,1.3455852080418857
2367.0,1.3459014115596741
2368.0,1.3463576349117994
2369.0,1.34863136242389
2370.0,1.3485990549135638
2371.0,1.345798371100998
2372.0,1.342338529478699
2373.0,1.3423603273133298
2374.0,1.3440256016205852
2375.0,1.3448845609611948
2376.0,1.3466091561860731
2377.0,1.3397389670184943
2378.0,1.3301475837057208
2379.0,1.3263332004624764
2380.0,1.3158035680299176
2381.0,1.3055877863199776
2382.0,1.3043978499021023
2383.0,1.294482367051658
2384.0,1.2862324723368546
2385.0,1.298088717386368
2386.0,1.3079669809880503
2387.0,1.3128515603952449
2388.0,1.3241834216692634
2389.0,1.3263476629109658
2390.0,1.3254734579547616
2391.0,1.3263480412250834
2392.0,1.3151565948744481
2393.0,1.3041840739791832
2394.0,1.2953079661710485
2395.0,1.2889265120192928
2396.0,1.2905778070449199
2397.0,1.2912054524590202
2398.0,1.2958046497794742
2399.0,1.298131265778272
2400.0,1.2971586197456628
2401.0,1.2985364732399312
2402.0,1.288340787371109
2403.0,1.2741855804148678
2404.0,1.2744259494958867
2405.0,1.283165418754159
2406.0,1.2790746517867146
2407.0,1.2795355123670846
2408.0,1.2861467675769986
2409.0,1.2738365209773859
2410.0,1.2748789150347077
2411.0,1.2924048862525457
2412.0,1.2958988053605065
2413.0,1.2984115066979032
2414.0,1.307016056403318
2415.0,1.3023428014755833
2416.0,1.2938345062777568
2417.0,1.2958785819343548
2418.0,1.2869075890853152
2419.0,1.270292926180129
2420.0,1.2640418212473092
2421.0,1.2638067659175232
2422.0,1.267706779362452
2423.0,1.278321979418161
2424.0,1.2875000467181057
2425.0,1.2807268108098353
2426.0,1.2682712484836725
2427.0,1.2726254448124965
2428.0,1.2600552887662373
2429.0,1.2415107483857633
2430.0,1.2405658089996476
2431.0,1.213881088708513
2432.0,1.2042676559184862
2433.0,1.2180938450358376
2434.0,1.217982617816439
2435.0,1.2244177938292387
2436.0,1.2387966833931827
2437.0,1.22509640688412
2438.0,1.2153854984006784
2439.0,1.2322653628311788
2440.0,1.2269271183310446
2441.0,1.2340918302794326
2442.0,1.2293755388964356
2443.0,1.2022945267647809
2444.0,1.1925509152123306
2445.0,1.1921844243311963
2446.0,1.2143407774864066
2447.0,1.2422871287897281
2448.0,1.267738327273211
2449.0,1.2729640107135047
2450.0,1.256491491161779
2451.0,1.2506647810892777
2452.0,1.2235204738476693
2453.0,1.1919117384383704
2454.0,1.1959597796658787
2455.0,1.1923252382829925
2456.0,1.179299269021731
2457.0,1.1683687221831642
2458.0,1.1473341650832896
2459.0,1.1276632916690965
2460.0,1.1234301918611005
2461.0,1.141633989283447
2462.0,1.1828563695661285
2463.0,1.2130987658530519
2464.0,1.238446996424542
2465.0,1.2640431418855949
2466.0,1.2481795141830243
2467.0,1.2267584458734717
2468.0,1.1956814686737383
2469.0,1.1549418262487128
2470.0,1.1333194538867417
2471.0,1.1564400060120663
2472.0,1.1622896402659464
2473.0,1.1851862139698413
2474.0,1.1976842720820358
2475.0,1.1783719187265604
2476.0,1.1828858873779864
2477.0,1.204290479824172
2478.0,1.2121886691030368
2479.0,1.2377134166364938
2480.0,1.2405384709389276
2481.0,1.2201603618581003
2482.0,1.207379359712659
2483.0,1.1765215640396725
2484.0,1.159879034364428
2485.0,1.1519817263422059
2486.0,1.153211080583492
2487.0,1.1741650331085398
2488.0,1.1609754684706548
2489.0,1.1150482559219255
2490.0,1.1227664846914849
2491.0,1.1526383405753713
2492.0,1.170002348232544
2493.0,1.2368557690887294
2494.0,1.2570984867224015
2495.0,1.2192011573393968
2496.0,1.2052683520863061
2497.0,1.2003369418116856
2498.0,1.1982489607811235
2499.0,1.1853463210513366
2500.0,1.2052502837492869
