350.0,-0.10497275640827286
351.0,-0.05502082820811754
352.0,-0.04294692419008146
353.0,-0.11089711151867317
354.0,-0.12470911381048379
355.0,-0.06427373720033944
356.0,0.009776705691159486
357.0,-0.015874819626456368
358.0,0.00766411373660082
359.0,0.013135903313878294
360.0,-0.06494111521013116
361.0,-0.006069581473484128
362.0,0.016255102325274357
363.0,-0.00029105695598358866
364.0,0.0244484290715466
365.0,0.029464130387394087
366.0,0.03869519473108175
367.0,0.039386317023195616
368.0,-0.0018751556703220816
369.0,-0.000807877702191257
370.0,0.011305957059507422
371.0,0.02224654603521506
372.0,0.05526425708095203
373.0,0.05333080521673158
374.0,0.030818214574129817
375.0,0.00848174606841622
376.0,-0.0022040538870860245
377.0,0.01768905091020594
378.0,0.04263158243236108
379.0,0.0477684446360583
380.0,0.04108986670492339
381.0,0.02960161889137012
382.0,0.02730675728713991
383.0,0.03999224669995929
384.0,0.03497163771642025
385.0,0.03954425261009874
386.0,0.04973715395201852
387.0,0.046008752151607664
388.0,0.044605714074199415
389.0,0.038029682409456575
390.0,0.030066296510674672
391.0,0.034741011844001454
392.0,0.043440626292566134
393.0,0.049026139313963824
394.0,0.04880090192130654
395.0,0.04659473430785283
396.0,0.04176224514291
397.0,0.04106297060490548
398.0,0.04636850035268173
399.0,0.044665089090095283
400.0,0.05271232162071449
401.0,0.06037326315593747
402.0,0.05618845948263481
403.0,0.06216726765730883
404.0,0.050781500459268034
405.0,0.0354476480840786
406.0,0.046358786503687306
407.0,0.055014681691103975
408.0,0.0608574276362873
409.0,0.06172384013844006
410.0,0.052743634056262395
411.0,0.04820802198232979
412.0,0.04950849325721849
413.0,0.05341452716795321
414.0,0.05317014579193861
415.0,0.05550008559658464
416.0,0.057935888211560226
417.0,0.05779716982626438
418.0,0.05956432534283083
419.0,0.058142045154282264
420.0,0.05579722610115693
421.0,0.056941902554793006
422.0,0.057962760581306165
423.0,0.06058523883385226
424.0,0.062140376523283546
425.0,0.05724777766626674
426.0,0.05517544610148404
427.0,0.056687572135563205
428.0,0.05944044662276559
429.0,0.05863591318180994
430.0,0.059745992062952065
431.0,0.061857343645137806
432.0,0.0625748614378265
433.0,0.059519927980839236
434.0,0.05921958392817593
435.0,0.060865130895544496
436.0,0.06076722810492504
437.0,0.0598961277564457
438.0,0.061377614897117884
439.0,0.0632824369780785
440.0,0.059835181232077414
441.0,0.059058951733172965
442.0,0.05963370201533909
443.0,0.05986464441604556
444.0,0.060184498194031426
445.0,0.06179044363896352
446.0,0.06246748051774931
447.0,0.06041489503480177
448.0,0.05876189851691166
449.0,0.058766508110404216
450.0,0.05973456488015548
451.0,0.0600359008543201
452.0,0.060673670129316994
453.0,0.06107550281845302
454.0,0.06107608954072332
455.0,0.06114790781358165
456.0,0.059963548065850865
457.0,0.059167598666257
458.0,0.06014429759832107
459.0,0.06216349396398536
460.0,0.06396660829789579
461.0,0.06404348843790061
462.0,0.06166041069520215
463.0,0.05965858111538288
464.0,0.059136056966759935
465.0,0.05994988421887697
466.0,0.06097718504612347
467.0,0.062149461075045445
468.0,0.06315508151004162
469.0,0.06352935713640412
470.0,0.06252118733241994
471.0,0.060867062196648974
472.0,0.059753759321486945
473.0,0.06025179477898729
474.0,0.0628371543746545
475.0,0.06366805195584112
476.0,0.06262414388169434
477.0,0.06205219615072042
478.0,0.06101891594011164
479.0,0.060926561016147594
480.0,0.06170950363778491
481.0,0.060835723749570324
482.0,0.061505161929285866
483.0,0.0623738523597954
484.0,0.06181192588608337
485.0,0.061207159345513
486.0,0.0607776699003712
487.0,0.060478621096469745
488.0,0.06024041674533726
489.0,0.06129145308530431
490.0,0.0615772552776636
491.0,0.06100501407761042
492.0,0.06226937020220623
493.0,0.06221344193745815
494.0,0.06149476218654943
495.0,0.061384741353934784
496.0,0.062321139428395476
497.0,0.06279292465315042
498.0,0.06290551453006431
499.0,0.06334611352031103
500.0,0.06272312223722136
501.0,0.06223528252793483
502.0,0.06224401541671007
503.0,0.061910940962669525
504.0,0.0622726854238705
505.0,0.06301855512376082
506.0,0.06344859013160328
507.0,0.06251785592262002
508.0,0.06189509338019361
509.0,0.06217650175251398
510.0,0.06313556709491575
511.0,0.06306046496134032
512.0,0.06298177297290707
513.0,0.06321799877431968
514.0,0.06301738657920507
515.0,0.06295909799706183
516.0,0.06281642469244633
517.0,0.06244070242479286
518.0,0.062352238521830125
519.0,0.06240976875097608
520.0,0.06254568891078735
521.0,0.0627193756731706
522.0,0.06290359070580019
523.0,0.06293650139598109
524.0,0.06287202020031275
525.0,0.06302214145550894
526.0,0.06338192433398548
527.0,0.06361404353850357
528.0,0.06346538777768908
529.0,0.06307336789855118
530.0,0.06315252959302299
531.0,0.06363542172088993
532.0,0.06400887355102473
533.0,0.06410358165439581
534.0,0.06377121364536509
535.0,0.06330411928943455
536.0,0.06355869289886365
537.0,0.06381262144607912
538.0,0.06376082672399716
539.0,0.06346906484362362
540.0,0.06383949557466799
541.0,0.06445226097370377
542.0,0.06452336133158364
543.0,0.06336288591960625
544.0,0.06331727745020284
545.0,0.06393089246650874
546.0,0.0644565144481003
547.0,0.06429019064950461
548.0,0.06431595693698162
549.0,0.06452673676380397
550.0,0.06462768040930358
551.0,0.06435219534244226
552.0,0.06414852469726269
553.0,0.06415341218281595
554.0,0.06424159374473774
555.0,0.06470177384864526
556.0,0.06493402354752993
557.0,0.06469129820492629
558.0,0.06474514354257929
559.0,0.06471032122741377
560.0,0.06460785170393257
561.0,0.06458502834701695
562.0,0.0647077902775228
563.0,0.06465850627481198
564.0,0.06450094164944055
565.0,0.0646943486396035
566.0,0.06500811956191671
567.0,0.06513181014716835
568.0,0.0650138622291396
569.0,0.06537659767120314
570.0,0.06547959272185058
571.0,0.06532660509066061
572.0,0.06528604888541435
573.0,0.06536949849044058
574.0,0.06552354253326886
575.0,0.06553994512531391
576.0,0.06500640994380917
577.0,0.06489269353827486
578.0,0.06516274892425984
579.0,0.06545505889884393
580.0,0.06534841085815417
581.0,0.06542414257071948
582.0,0.06569689096925387
583.0,0.06579245903542266
584.0,0.065879940823422
585.0,0.06596138223350968
586.0,0.06601732846825194
587.0,0.06601349210546217
588.0,0.06612337429092757
589.0,0.06633673149685589
590.0,0.06655322806327275
591.0,0.06659918458261577
592.0,0.06661423886210818
593.0,0.0666471725965277
594.0,0.06664216461628636
595.0,0.06659213811504403
596.0,0.06664326865428716
597.0,0.06686529087991894
598.0,0.06709584797935146
599.0,0.0669773597028014
600.0,0.06665323635453252
601.0,0.06653076559983756
602.0,0.06678251452675886
603.0,0.06707240729412234
604.0,0.06720444452570085
605.0,0.06725658146811109
606.0,0.06728285801717633
607.0,0.06728832428106085
608.0,0.0673123919421226
609.0,0.06762314817865006
610.0,0.06767206396162717
611.0,0.06755246967209183
612.0,0.0677840465285245
613.0,0.06784883238408083
614.0,0.06787931938467295
615.0,0.06797199071049256
616.0,0.06793140923135839
617.0,0.06814638597791317
618.0,0.06832688477247698
619.0,0.06809706554464687
620.0,0.06807383518089247
621.0,0.06832326369297181
622.0,0.06870123434026792
623.0,0.06888694936295203
624.0,0.06899005596136115
625.0,0.06903615765880108
626.0,0.06903842960464918
627.0,0.0689838399909209
628.0,0.0690949343066631
629.0,0.06928490062356499
630.0,0.06934869146524217
631.0,0.06975750437714756
632.0,0.06989765660265405
633.0,0.06957480962114415
634.0,0.06942137663819586
635.0,0.0692955767700041
636.0,0.06937851248153198
637.0,0.06976826278096625
638.0,0.06989784146658796
639.0,0.0700491205193896
640.0,0.07023943193250376
641.0,0.0702568336310256
642.0,0.07021338175736536
643.0,0.07028931927269048
644.0,0.07054221004670524
645.0,0.07073862798125247
646.0,0.07088875189922442
647.0,0.07102431081690265
648.0,0.07113552012144005
649.0,0.07073738325331592
650.0,0.0709925463658349
651.0,0.07181557897642121
652.0,0.07151037289448053
653.0,0.07155278141594938
654.0,0.07170620518712154
655.0,0.0715822878313214
656.0,0.0716781069411185
657.0,0.07174505686190095
658.0,0.071747948068891
659.0,0.07179899566776897
660.0,0.07203614457322224
661.0,0.0723003855304936
662.0,0.07250840945793416
663.0,0.07277494635995534
664.0,0.07312484867597063
665.0,0.0731854014924916
666.0,0.07277277140823529
667.0,0.07320901095961059
668.0,0.07345669852458031
669.0,0.0734281712784383
670.0,0.07392877868743877
671.0,0.07384888514145646
672.0,0.07367027967600687
673.0,0.07384478374917275
674.0,0.07399839879556769
675.0,0.07429434582269816
676.0,0.07449847983209497
677.0,0.07435110350959977
678.0,0.07470090866895382
679.0,0.07482143499638584
680.0,0.07463375735564626
681.0,0.0750436057698538
682.0,0.0754047207776282
683.0,0.07550581698773627
684.0,0.075398174263901
685.0,0.075607133814023
686.0,0.07596749037596373
687.0,0.07616559126012863
688.0,0.07591111342553543
689.0,0.0761853483051302
690.0,0.07634543208569868
691.0,0.0761529572368342
692.0,0.07647223296896728
693.0,0.07686755754281037
694.0,0.07704463620560846
695.0,0.07693448826504906
696.0,0.07732557099014341
697.0,0.07761491076783741
698.0,0.07765096080869315
699.0,0.07774899547514398
700.0,0.07816479678877249
701.0,0.0784789349635528
702.0,0.07846241683877135
703.0,0.07864394423762601
704.0,0.0786934227040768
705.0,0.07877470855377579
706.0,0.07914845352028223
707.0,0.07933181178664568
708.0,0.0795529745135723
709.0,0.07979606721082393
710.0,0.07971199747863879
711.0,0.07999325239188218
712.0,0.08026701894152444
713.0,0.08019645764205294
714.0,0.08030549008417898
715.0,0.08054082790934546
716.0,0.08085864561861776
717.0,0.0811910392259444
718.0,0.08131269333470181
719.0,0.08142704549919284
720.0,0.08160276097210653
721.0,0.08163172330040769
722.0,0.08193847816405214
723.0,0.08220495358873076
724.0,0.08216596755182866
725.0,0.08260072212059553
726.0,0.08287159730953166
727.0,0.08287067905299256
728.0,0.08290200609459944
729.0,0.08314089862572233
730.0,0.08353854640140791
731.0,0.08394661523288544
732.0,0.08410328665802792
733.0,0.08429712336417312
734.0,0.08454138906103591
735.0,0.08476249538105296
736.0,0.08493504931579672
737.0,0.08507364050181523
738.0,0.08524184608025694
739.0,0.08553127038081315
740.0,0.08588468122874915
741.0,0.08621077061568246
742.0,0.08642828833961322
743.0,0.08645917701292513
744.0,0.0866239640089549
745.0,0.08696601636957135
746.0,0.08737041825312929
747.0,0.08754857295226007
748.0,0.08770055168460487
749.0,0.08787398879134845
750.0,0.08796812438137322
751.0,0.08829689119168241
752.0,0.08866310496557817
753.0,0.08892790981258435
754.0,0.0893424737613379
755.0,0.08941849177090805
756.0,0.08946947952483714
757.0,0.08994779239302958
758.0,0.09019562110635296
759.0,0.09061587200819367
760.0,0.09111290643684053
761.0,0.09110262606415302
762.0,0.09126875190209845
763.0,0.09162361841679148
764.0,0.09199559763503044
765.0,0.09207259903245486
766.0,0.0922648978824151
767.0,0.09256965331896361
768.0,0.0928378661058945
769.0,0.09310815184436808
770.0,0.09339597811416307
771.0,0.09372159065848117
772.0,0.09409661854628729
773.0,0.09424561040492495
774.0,0.09446801092103894
775.0,0.09493636490652285
776.0,0.09531538006483466
777.0,0.09555657081373882
778.0,0.0958438739370872
779.0,0.0963222810539608
780.0,0.09638661163070662
781.0,0.09649783433156431
782.0,0.09681270190030723
783.0,0.09716272970914028
784.0,0.0975660014319385
785.0,0.0978310896516719
786.0,0.09796830790093695
787.0,0.09844999728702344
788.0,0.09889417977965385
789.0,0.0992260862628394
790.0,0.09948918239617799
791.0,0.09975671742188609
792.0,0.10000905403640632
793.0,0.10032169334450404
794.0,0.10081116264571771
795.0,0.1012151921639856
796.0,0.10148131084474722
797.0,0.10173812957630471
798.0,0.10236287722744
799.0,0.10265385434364611
800.0,0.10279724383296639
801.0,0.10312473501954295
802.0,0.10349934768758104
803.0,0.10380633767020914
804.0,0.1040562334214726
805.0,0.10433646576144731
806.0,0.10464404949272528
807.0,0.10495977727930576
808.0,0.10530706438172151
809.0,0.10576228120673888
810.0,0.10604073344595086
811.0,0.10627633754268793
812.0,0.10661529925016465
813.0,0.10695347226133328
814.0,0.1074474529589544
815.0,0.10800068959226237
816.0,0.10841857062925267
817.0,0.10864908363705827
818.0,0.10884823796147648
819.0,0.10916788069628912
820.0,0.10969626368510334
821.0,0.1099622018033169
822.0,0.11040139689363643
823.0,0.11112405788398705
824.0,0.11141352102999177
825.0,0.11151317899692709
826.0,0.11181616561026365
827.0,0.11250529520030163
828.0,0.11283984673952087
829.0,0.11333346119493258
830.0,0.11391420387070168
831.0,0.11422132367501536
832.0,0.11437363525246119
833.0,0.1146635918521499
834.0,0.11519920150747207
835.0,0.11584393941734426
836.0,0.11621141435639178
837.0,0.11655032157923616
838.0,0.11700293074624019
839.0,0.11720168029399802
840.0,0.11756579252132099
841.0,0.11800191281354686
842.0,0.11831896795743253
843.0,0.11862752302987796
844.0,0.11921070386916971
845.0,0.11982546700378606
846.0,0.12002598949509216
847.0,0.12042038883197127
848.0,0.1208636240549957
849.0,0.12124081922549347
850.0,0.12157035442060421
851.0,0.12213113548930866
852.0,0.12295416143301736
853.0,0.12373742302463406
854.0,0.12362290381688432
855.0,0.12380428999860646
856.0,0.12431435101889939
857.0,0.12485756089702504
858.0,0.12541685127587923
859.0,0.12591374326243637
860.0,0.12636679539576032
861.0,0.12680218573511856
862.0,0.12689260029707874
863.0,0.12732127665669368
864.0,0.1280996887265712
865.0,0.12859465475297607
866.0,0.12922700917384478
867.0,0.12966159788330126
868.0,0.1297635751150591
869.0,0.1298586842492701
870.0,0.1305086779891635
871.0,0.1313200820924062
872.0,0.13186150796635462
873.0,0.13229321523595075
874.0,0.13276588524392885
875.0,0.13316876894583296
876.0,0.13337071445589835
877.0,0.1335887310514744
878.0,0.13407645757940045
879.0,0.13472603294291008
880.0,0.13526061474501064
881.0,0.13596241236304202
882.0,0.13652655289530222
883.0,0.1368809914123968
884.0,0.13723296574955526
885.0,0.1376789222836518
886.0,0.13817869620793802
887.0,0.1387532782620735
888.0,0.13954840808732455
889.0,0.14047264176211222
890.0,0.14090131042001214
891.0,0.14077488147657813
892.0,0.14162172078214033
893.0,0.14210061854180744
894.0,0.14243981734838496
895.0,0.1431435804278158
896.0,0.1437903545632507
897.0,0.144385203318197
898.0,0.14484430793900024
899.0,0.14515607195878275
900.0,0.14582160223873117
901.0,0.1464818899492608
902.0,0.14705854724445938
903.0,0.14767502906981841
904.0,0.14808370022610964
905.0,0.14845233715861664
906.0,0.14884434737915705
907.0,0.1492100538827393
908.0,0.15004937133519294
909.0,0.1508940933390414
910.0,0.15141587323380912
911.0,0.15172749841869537
912.0,0.15219923234055574
913.0,0.1526555425308945
914.0,0.1530470852338175
915.0,0.1537986846455982
916.0,0.154865254039955
917.0,0.15552288351009302
918.0,0.15544057435501368
919.0,0.15580130782843168
920.0,0.15611383454101038
921.0,0.15672871644332756
922.0,0.15791098986226548
923.0,0.1587683749399857
924.0,0.15926016594077352
925.0,0.1596641651531858
926.0,0.1603196500034988
927.0,0.16108326882971513
928.0,0.1616061704322296
929.0,0.16213673219971367
930.0,0.1630874721084055
931.0,0.16366113265174864
932.0,0.1643617239215618
933.0,0.16513095468595376
934.0,0.16551639444677244
935.0,0.16571412617680406
936.0,0.16603724282848215
937.0,0.16676002512616278
938.0,0.16795636181746007
939.0,0.16858070621422
940.0,0.16912963203647316
941.0,0.169741340872442
942.0,0.17007077287200797
943.0,0.17122147514449199
944.0,0.17192830746773818
945.0,0.1721268071278779
946.0,0.17342811239683154
947.0,0.1736732145270815
948.0,0.17426215377568519
949.0,0.17535230630557397
950.0,0.17476530061883902
951.0,0.17546112228034524
952.0,0.17700812500834226
953.0,0.17816020486616957
954.0,0.17769355809469162
955.0,0.17763366606253858
956.0,0.17812996229731334
957.0,0.17904108750558823
958.0,0.18045336706913065
959.0,0.18101697779991444
960.0,0.18147987658563708
961.0,0.18253041964036018
962.0,0.18377346922602697
963.0,0.1845238770534565
964.0,0.18479227193151357
965.0,0.18483969022831753
966.0,0.18495930338955885
967.0,0.18648588409153005
968.0,0.18796553134809776
969.0,0.1883321464140287
970.0,0.1887573398487237
971.0,0.18867386016041335
972.0,0.18909506955167818
973.0,0.19028566007177963
974.0,0.19037652843840078
975.0,0.19205018806995147
976.0,0.19350694102401128
977.0,0.19335380680508574
978.0,0.1931750579740805
979.0,0.19376967755551214
980.0,0.19515143941029314
981.0,0.19674422266131678
982.0,0.19747892258620098
983.0,0.197807630624294
984.0,0.19789172565873045
985.0,0.1983000280193606
986.0,0.20018072809941198
987.0,0.2004897748949787
988.0,0.20038701790417257
989.0,0.20107557036941467
990.0,0.20223312261608087
991.0,0.20347041046990966
992.0,0.20348630858334388
993.0,0.202988210498551
994.0,0.20516344959291202
995.0,0.2066725180324745
996.0,0.20699087221115978
997.0,0.207010181101569
998.0,0.20836055383656743
999.0,0.20873629709001643
1000.0,0.2094438868102169
1001.0,0.2146838165334795
1002.0,0.2182009074649312
1003.0,0.21971643413996136
1004.0,0.2216824921746203
1005.0,0.2217203082593455
1006.0,0.22134660315866184
1007.0,0.21914368118113947
1008.0,0.2194476453893461
1009.0,0.22247614744965596
1010.0,0.2230964057130419
1011.0,0.22399840816866712
1012.0,0.2249759456992763
1013.0,0.22552623886548748
1014.0,0.22620479264485938
1015.0,0.2271381903590564
1016.0,0.2283412958234233
1017.0,0.22996850415683684
1018.0,0.23058351647483383
1019.0,0.23163514667955387
1020.0,0.23088015494752206
1021.0,0.23061822741603943
1022.0,0.2312747691590654
1023.0,0.2319841223357345
1024.0,0.23522852849087772
1025.0,0.23671208882478062
1026.0,0.23712877349881034
1027.0,0.23848758843666848
1028.0,0.2373868407737358
1029.0,0.2368450044063669
1030.0,0.23635084362109882
1031.0,0.23700787075916077
1032.0,0.23695400219130766
1033.0,0.2382527188172616
1034.0,0.2406118661145623
1035.0,0.24212414509537086
1036.0,0.24170455187335482
1037.0,0.2424904238230402
1038.0,0.24526623939867342
1039.0,0.24561754867000601
1040.0,0.24742260427452042
1041.0,0.2509236082223498
1042.0,0.2518181634326024
1043.0,0.25296758784293355
1044.0,0.25520183771988286
1045.0,0.25647979768702284
1046.0,0.2535074800195924
1047.0,0.25108683035026297
1048.0,0.25051892384399777
1049.0,0.2504062030670426
1050.0,0.25293945536861756
1051.0,0.25684833603810636
1052.0,0.25717124468917907
1053.0,0.25532110044874234
1054.0,0.2552612408823563
1055.0,0.2560302903672549
1056.0,0.25648341870864894
1057.0,0.2575148518654996
1058.0,0.2603221114610892
1059.0,0.2616099190263758
1060.0,0.2604631691573191
1061.0,0.26149477533303306
1062.0,0.2641231831405357
1063.0,0.2644794613457276
1064.0,0.26487253448484427
1065.0,0.26759719004943205
1066.0,0.26889561778134
1067.0,0.26880935981241283
1068.0,0.2700166011632172
1069.0,0.26979902574228376
1070.0,0.26804565444684053
1071.0,0.2684900248105605
1072.0,0.27041927064654914
1073.0,0.27340481815560974
1074.0,0.27555483782960744
1075.0,0.2771332213258989
1076.0,0.2787611669853506
1077.0,0.2797938996929069
1078.0,0.2802628876701859
1079.0,0.2820116920313449
1080.0,0.28220576265598085
1081.0,0.2807116529287781
1082.0,0.2805232711647654
1083.0,0.2810127149646549
1084.0,0.28199477975480547
1085.0,0.2846710556102162
1086.0,0.28607052103794733
1087.0,0.28722152706103327
1088.0,0.28810039975078655
1089.0,0.28932534323649284
1090.0,0.29017037964589465
1091.0,0.2906194639274671
1092.0,0.29105715830378265
1093.0,0.2906506405422672
1094.0,0.2906808640903407
1095.0,0.29323781691585943
1096.0,0.29590818101605953
1097.0,0.297779752925398
1098.0,0.29960704086590517
1099.0,0.3008955851294132
1100.0,0.3006446468415099
1101.0,0.301485719062551
1102.0,0.3027075657987764
1103.0,0.3040277519954552
1104.0,0.3052064200250009
1105.0,0.306506902539501
1106.0,0.3068103425103894
1107.0,0.3071168567139882
1108.0,0.3083701136027258
1109.0,0.3085923913437979
1110.0,0.3092374857371163
1111.0,0.31105761480544264
1112.0,0.3119736772804448
1113.0,0.3119532617282272
1114.0,0.31297744970533486
1115.0,0.31443237993016304
1116.0,0.31547754797967353
1117.0,0.31704670761746445
1118.0,0.3182925990402488
1119.0,0.31901632551013975
1120.0,0.31988266986916924
1121.0,0.3214601304523622
1122.0,0.3225790378399615
1123.0,0.3240665673176367
1124.0,0.3252977957369228
1125.0,0.32581566637310594
1126.0,0.3272608901100494
1127.0,0.3285435746471342
1128.0,0.32994778769610206
1129.0,0.3310857681673229
1130.0,0.33222347897450694
1131.0,0.33306523079749956
1132.0,0.3337119073022363
1133.0,0.3346306166311478
1134.0,0.33562345427781065
1135.0,0.33653723160207233
1136.0,0.337173305002154
1137.0,0.3371882070258629
1138.0,0.33745205203998424
1139.0,0.33795012595725665
1140.0,0.33925092776113325
1141.0,0.3409604257417124
1142.0,0.34187715498316407
1143.0,0.34230896635669494
1144.0,0.3432461573199158
1145.0,0.3436382730645604
1146.0,0.3448610567336658
1147.0,0.3470144670498628
1148.0,0.3488149130704389
1149.0,0.3509763340496337
1150.0,0.3527741824547443
1151.0,0.3539058512998083
1152.0,0.3546099029927273
1153.0,0.3550343461981795
1154.0,0.35552296639314546
1155.0,0.35609318044310373
1156.0,0.3571787973842635
1157.0,0.35825031823676345
1158.0,0.35940645412536465
1159.0,0.3604498087961069
1160.0,0.36156238656787865
1161.0,0.3628560024919588
1162.0,0.3644134718624822
1163.0,0.3656363324814521
1164.0,0.36677751208472187
1165.0,0.36787824267757174
1166.0,0.36871330170911976
1167.0,0.36968799414521275
1168.0,0.37015982156717847
1169.0,0.37144424418760297
1170.0,0.3723716176894513
1171.0,0.3726178524124859
1172.0,0.37362879883500744
1173.0,0.37512155407940034
1174.0,0.3763760307262752
1175.0,0.37791583562866055
1176.0,0.3792040775479653
1177.0,0.3802783489753741
1178.0,0.38129073163537486
1179.0,0.3823180405727664
1180.0,0.38320020018243733
1181.0,0.3837401447582513
1182.0,0.3846601056654351
1183.0,0.385592417695792
1184.0,0.3866113274759121
1185.0,0.38848469408025094
1186.0,0.39024308416075126
1187.0,0.3915628963057411
1188.0,0.3929476249856852
1189.0,0.394073208696612
1190.0,0.39454499400236837
1191.0,0.3954433337197428
1192.0,0.39645755449727677
1193.0,0.39749582569356684
1194.0,0.39846052025294193
1195.0,0.39977845224592634
1196.0,0.40138391374897997
1197.0,0.40272236348470347
1198.0,0.4042946141866262
1199.0,0.4058466926758095
1200.0,0.4056156536847353
1201.0,0.40665415625033424
1202.0,0.40790595511156214
1203.0,0.40824404635513684
1204.0,0.40929739136833176
1205.0,0.4111080524582735
1206.0,0.4124973690867959
1207.0,0.41375383306134145
1208.0,0.4150402501617404
1209.0,0.41645577194074795
1210.0,0.4176949937797472
1211.0,0.4188416165501972
1212.0,0.41980506615868907
1213.0,0.420717198225872
1214.0,0.4214891240068901
1215.0,0.42180141880329486
1216.0,0.42236419462923674
1217.0,0.4233339394373596
1218.0,0.42461953471377323
1219.0,0.42595541872829856
1220.0,0.4278416788815233
1221.0,0.42918325403159746
1222.0,0.43038832048685827
1223.0,0.4314995445210136
1224.0,0.432260810960002
1225.0,0.4335631848729203
1226.0,0.43506672277287306
1227.0,0.43639525728143935
1228.0,0.43829401108321886
1229.0,0.4395297968977782
1230.0,0.4399612777386613
1231.0,0.44089139695546187
1232.0,0.44228431865322904
1233.0,0.44257728651814154
1234.0,0.44354667322461144
1235.0,0.4454498797904719
1236.0,0.4468908583738342
1237.0,0.44868986318604814
1238.0,0.44967488248204884
1239.0,0.45004602761177503
1240.0,0.45105818912619494
1241.0,0.4516200776855582
1242.0,0.45288429508163147
1243.0,0.45528347421977655
1244.0,0.45677315024461335
1245.0,0.4577266247389624
1246.0,0.4591881905282972
1247.0,0.4609570810105643
1248.0,0.46222363796079713
1249.0,0.4635128168020571
1250.0,0.46476230177805083
1251.0,0.4654550893562122
1252.0,0.46610968069208625
1253.0,0.46732564466042203
1254.0,0.4690250770122071
1255.0,0.4705141724314816
1256.0,0.4724163515655403
1257.0,0.4735663266802149
1258.0,0.47430958300492626
1259.0,0.4752711337281417
1260.0,0.4757908160164757
1261.0,0.47667783531038505
1262.0,0.47774822921071347
1263.0,0.4790061700849915
1264.0,0.4806290669907962
1265.0,0.4819031654920709
1266.0,0.4835488300091706
1267.0,0.4846159289947409
1268.0,0.4848711238024186
1269.0,0.4852462232875855
1270.0,0.4863684647516529
1271.0,0.487627857369209
1272.0,0.488995827242091
1273.0,0.4912635522028951
1274.0,0.49261043845182934
1275.0,0.49335546684032233
1276.0,0.49448213627422677
1277.0,0.4957671705228019
1278.0,0.49663661764496975
1279.0,0.49708742939003986
1280.0,0.4980822648183959
1281.0,0.4989311045263758
1282.0,0.500068184094434
1283.0,0.5020178449714808
1284.0,0.5034977699150975
1285.0,0.504719173629678
1286.0,0.505992295537638
1287.0,0.5070536861492188
1288.0,0.5083136334293137
1289.0,0.5096145406289122
1290.0,0.5109376891431727
1291.0,0.512403963459155
1292.0,0.5140943184593953
1293.0,0.5155548667865408
1294.0,0.5171022943832209
1295.0,0.5184200692057206
1296.0,0.5196674037287219
1297.0,0.5206236979331389
1298.0,0.5210972442684161
1299.0,0.522010486116801
1300.0,0.5227739831080362
1301.0,0.5238114199362333
1302.0,0.5254084413035178
1303.0,0.5267196482021742
1304.0,0.5279233899603633
1305.0,0.5291695130137888
1306.0,0.5304034590838427
1307.0,0.5315570488263985
1308.0,0.5328654459576575
1309.0,0.5342238468677106
1310.0,0.5356533398080665
1311.0,0.5371192739720285
1312.0,0.5387120546490685
1313.0,0.5405751528562829
1314.0,0.5420799374106502
1315.0,0.5436105060622903
1316.0,0.544914259056671
1317.0,0.5455881895991097
1318.0,0.5469246127363117
1319.0,0.5488267599190535
1320.0,0.5501377117440248
1321.0,0.5512207684347528
1322.0,0.5526495486902956
1323.0,0.554116562043465
1324.0,0.5552412217652141
1325.0,0.5566019672503181
1326.0,0.557819214594194
1327.0,0.5587999903449151
1328.0,0.5591315963847051
1329.0,0.5598842273665453
1330.0,0.5607201188494456
1331.0,0.5617691633819207
1332.0,0.5628285482970671
1333.0,0.5639731330533237
1334.0,0.5654718926562853
1335.0,0.5667912393679944
1336.0,0.567989580420768
1337.0,0.569228107680563
1338.0,0.5703817260803041
1339.0,0.5718018729314008
1340.0,0.573585444336771
1341.0,0.5749298013120661
1342.0,0.5763139708439318
1343.0,0.5775180708864718
1344.0,0.5782614130637271
1345.0,0.5790573856261488
1346.0,0.5795009324827721
1347.0,0.580556366588779
1348.0,0.5817163247034348
1349.0,0.5827518030223791
1350.0,0.5844497068240978
1351.0,0.5870693238514616
1352.0,0.5887252650334728
1353.0,0.5904299145281854
1354.0,0.5917328554870186
1355.0,0.5921707657891861
1356.0,0.5933419558415998
1357.0,0.5947130934699782
1358.0,0.5961007080237531
1359.0,0.5979832647921691
1360.0,0.5993472889281148
1361.0,0.6003563881381274
1362.0,0.6015264472079489
1363.0,0.6025713374356059
1364.0,0.6035509727468626
1365.0,0.6046015434016995
1366.0,0.6056080157035139
1367.0,0.6062819482450618
1368.0,0.6071911865484366
1369.0,0.6084494447472607
1370.0,0.6101254301056387
1371.0,0.611236575362633
1372.0,0.6123365811017736
1373.0,0.613564312354415
1374.0,0.6143818492111826
1375.0,0.6156527633902655
1376.0,0.6175359536243855
1377.0,0.6188963353728013
1378.0,0.6201078713569841
1379.0,0.6213037165982342
1380.0,0.6223173573969385
1381.0,0.6234474959267149
1382.0,0.6245999722751477
1383.0,0.6257118118615702
1384.0,0.6267359525752192
1385.0,0.6278763358789615
1386.0,0.6290869267384668
1387.0,0.6302664820277025
1388.0,0.631644774992777
1389.0,0.6328209166395354
1390.0,0.6340432617817762
1391.0,0.6348295488014694
1392.0,0.635673760430117
1393.0,0.6364346174215332
1394.0,0.6370651783639737
1395.0,0.6373226262414622
1396.0,0.6382417292620773
1397.0,0.6394552075649147
1398.0,0.6403287423594373
1399.0,0.6414748767642569
1400.0,0.6424048670583523
1401.0,0.6426518797924501
1402.0,0.6436733671428864
1403.0,0.6453720267972224
1404.0,0.6465813210828772
1405.0,0.6479901188398055
1406.0,0.6490534562772424
1407.0,0.6495973772966277
1408.0,0.6503860155638798
1409.0,0.6510366377967879
1410.0,0.6519634074376834
1411.0,0.6531810905748642
1412.0,0.6542246637241889
1413.0,0.6553833066738609
1414.0,0.6564629210021847
1415.0,0.6571893491431992
1416.0,0.6581707152739583
1417.0,0.6593276851878881
1418.0,0.6606007421100315
1419.0,0.661919532895489
1420.0,0.6636728861738705
1421.0,0.6647605025636948
1422.0,0.6655459868219001
1423.0,0.6664149721309175
1424.0,0.6669075418058249
1425.0,0.6676804769493613
1426.0,0.6684390072782413
1427.0,0.6696213627160867
1428.0,0.6711404138762272
1429.0,0.6724606537693811
1430.0,0.6741630076438244
1431.0,0.6755234414394047
1432.0,0.676426020896256
1433.0,0.6775789681923179
1434.0,0.6787365669252567
1435.0,0.6800279587462716
1436.0,0.6816206348122185
1437.0,0.6829817462562221
1438.0,0.6844371414078165
1439.0,0.6855851438061908
1440.0,0.686641557460028
1441.0,0.6875351621028716
1442.0,0.6886104229062161
1443.0,0.6897938898233874
1444.0,0.6910463725967126
1445.0,0.6924086334525681
1446.0,0.6937657955942889
1447.0,0.6952005092756325
1448.0,0.6966209859173773
1449.0,0.6981000851342323
1450.0,0.6994816679797419
1451.0,0.700942498319756
1452.0,0.7021117975937964
1453.0,0.7031044091544539
1454.0,0.7040807024489185
1455.0,0.7047815510777619
1456.0,0.7056990654502431
1457.0,0.7065558562867711
1458.0,0.7076872904879977
1459.0,0.7091045440862532
1460.0,0.7103919813648121
1461.0,0.7119897786050652
1462.0,0.7132093031782035
1463.0,0.7139026623017186
1464.0,0.714983671725506
1465.0,0.7162271713886837
1466.0,0.7173337768153519
1467.0,0.7182979042686736
1468.0,0.7198568913281654
1469.0,0.7212903497261829
1470.0,0.7221002437872696
1471.0,0.7232374009383159
1472.0,0.7245180517206018
1473.0,0.7257218409882069
1474.0,0.7267565407466197
1475.0,0.7281086615402346
1476.0,0.7297471142893345
1477.0,0.7310646161323493
1478.0,0.732336037245618
1479.0,0.7336991824301103
1480.0,0.7349202705204384
1481.0,0.7362269430808924
1482.0,0.7377289691386884
1483.0,0.7391027565484981
1484.0,0.7403363497841638
1485.0,0.741679027918067
1486.0,0.7431089271375213
1487.0,0.7444623523307019
1488.0,0.7458304817233128
1489.0,0.7471253589942205
1490.0,0.7483797948967086
1491.0,0.7495941886892431
1492.0,0.7505840567242518
1493.0,0.751853101985319
1494.0,0.7533393526315486
1495.0,0.7547011234866644
1496.0,0.7561009345101907
1497.0,0.7575895282226601
1498.0,0.7591062191972936
1499.0,0.7604615405379388
1500.0,0.7619288372733451
1501.0,0.7632828301684476
1502.0,0.7641003869819439
1503.0,0.7653489484813225
1504.0,0.7666206414535295
1505.0,0.7680145154624133
1506.0,0.7692689284412848
1507.0,0.7707348894416884
1508.0,0.7717871131027094
1509.0,0.7724728758263503
1510.0,0.7734425939452028
1511.0,0.7741956749932806
1512.0,0.7753561230475096
1513.0,0.7768221423419944
1514.0,0.7782550328525044
1515.0,0.7798699709455755
1516.0,0.7815166088920424
1517.0,0.7833817760797489
1518.0,0.7848700187187732
1519.0,0.7863424428236522
1520.0,0.7875784994887554
1521.0,0.7883486026648217
1522.0,0.7894034505495728
1523.0,0.7904939107852292
1524.0,0.7915853735889263
1525.0,0.79268409811534
1526.0,0.7938583085770015
1527.0,0.7950337948962326
1528.0,0.7963011339889995
1529.0,0.7978203169814362
1530.0,0.799148461651881
1531.0,0.8004754035222815
1532.0,0.8016861133691086
1533.0,0.8026209756219985
1534.0,0.8036885288445301
1535.0,0.8046816607477484
1536.0,0.8058233512369171
1537.0,0.8071437397663627
1538.0,0.8086227615882698
1539.0,0.8093714211304562
1540.0,0.8101457795002243
1541.0,0.8109813132538333
1542.0,0.8113093122319354
1543.0,0.8124563179187829
1544.0,0.8141403155041376
1545.0,0.8156356421053785
1546.0,0.8173691482382688
1547.0,0.8189244340215291
1548.0,0.8204806388915213
1549.0,0.821957817047443
1550.0,0.8234121159699923
1551.0,0.8247566672149763
1552.0,0.8259980018694124
1553.0,0.8272726191809207
1554.0,0.8284617939534178
1555.0,0.829673867889153
1556.0,0.830910653378795
1557.0,0.8321177344044958
1558.0,0.833271043225644
1559.0,0.8344827246516869
1560.0,0.8358121736838621
1561.0,0.8369435390494955
1562.0,0.8379487511162791
1563.0,0.8390527753011309
1564.0,0.8400267232449948
1565.0,0.8411055059487391
1566.0,0.842309262382976
1567.0,0.8435250077771073
1568.0,0.8447938845147145
1569.0,0.8460123628114401
1570.0,0.8472411951358636
1571.0,0.8484892497434873
1572.0,0.8497856153044381
1573.0,0.8509339007736281
1574.0,0.8518222089591995
1575.0,0.8530864909677134
1576.0,0.8546570722948793
1577.0,0.8558780096270501
1578.0,0.8572304840494794
1579.0,0.8584646387092452
1580.0,0.8590493292427687
1581.0,0.8601053465722133
1582.0,0.8616371815723302
1583.0,0.8629452099895183
1584.0,0.8644486213782353
1585.0,0.86569764625299
1586.0,0.8666811502560774
1587.0,0.8676393360847049
1588.0,0.8681764714566801
1589.0,0.8691292641778414
1590.0,0.8702621480933569
1591.0,0.8715619764736576
1592.0,0.8727347271525784
1593.0,0.8741212113558932
1594.0,0.8754691027941216
1595.0,0.8766690815397875
1596.0,0.8779635290828532
1597.0,0.8795167666545287
1598.0,0.8807667392036873
1599.0,0.8818344805094244
1600.0,0.8828677396994403
1601.0,0.8836606640390284
1602.0,0.8849898550466536
1603.0,0.8865562317786678
1604.0,0.8878119250518451
1605.0,0.8894683920588071
1606.0,0.8904691780622765
1607.0,0.8905314670865753
1608.0,0.891745699620234
1609.0,0.8934303377687782
1610.0,0.8947493729603133
1611.0,0.8966782115147532
1612.0,0.8977799033157525
1613.0,0.8981721954264656
1614.0,0.8987996267834487
1615.0,0.8990432454759278
1616.0,0.8999138139239149
1617.0,0.900932098611868
1618.0,0.90215364461026
1619.0,0.9040760193053424
1620.0,0.9053795184843058
1621.0,0.9064346426065821
1622.0,0.9075887356985226
1623.0,0.9084997619545452
1624.0,0.9096185735657181
1625.0,0.9111444421188356
1626.0,0.9120806924495358
1627.0,0.9126310634423678
1628.0,0.9134490413750517
1629.0,0.9139947037213401
1630.0,0.9147621124715146
1631.0,0.9158043002635116
1632.0,0.9168701899850982
1633.0,0.9180670976877928
1634.0,0.9190020659131654
1635.0,0.919901925152223
1636.0,0.9208349180898179
1637.0,0.92149131073279
1638.0,0.9223638052677714
1639.0,0.9236769206408242
1640.0,0.9245253674033516
1641.0,0.9249108628822162
1642.0,0.9257543132326497
1643.0,0.9266420124769109
1644.0,0.9275184586315092
1645.0,0.9287107362174111
1646.0,0.9297625110987776
1647.0,0.9306361985904493
1648.0,0.9316084711918319
1649.0,0.932845091551843
1650.0,0.9337580447662169
1651.0,0.9343995875898801
1652.0,0.9351199633127988
1653.0,0.9355768892568225
1654.0,0.9363531553300906
1655.0,0.937656590760439
1656.0,0.9383578931616716
1657.0,0.9386617605003866
1658.0,0.9392665532629504
1659.0,0.9395595870706225
1660.0,0.9401325183019563
1661.0,0.9413848096617474
1662.0,0.9421934302114232
1663.0,0.9426709316992785
1664.0,0.9432677169335076
1665.0,0.9437966222300614
1666.0,0.9443409510070204
1667.0,0.9448260675512798
1668.0,0.9454803588936018
1669.0,0.9461137133398776
1670.0,0.9468906492118757
1671.0,0.9478605335574126
1672.0,0.948909400700747
1673.0,0.9500675842033585
1674.0,0.9513032571969706
1675.0,0.9528976684357713
1676.0,0.9541518831682804
1677.0,0.9552369573341261
1678.0,0.9563680171946579
1679.0,0.9571918322892808
1680.0,0.9582199340444121
1681.0,0.9595852114855639
1682.0,0.9605861428310318
1683.0,0.9612309247905275
1684.0,0.962265693340122
1685.0,0.9632130341951536
1686.0,0.9644993538808161
1687.0,0.9663327000448977
1688.0,0.9679998369926313
1689.0,0.9699052365699238
1690.0,0.9714521122628115
1691.0,0.9728667989495192
1692.0,0.9740851314162702
1693.0,0.9746244608697636
1694.0,0.9757636772732126
1695.0,0.9774020513490727
1696.0,0.9786397279611797
1697.0,0.9800909035148583
1698.0,0.9812519081877642
1699.0,0.9818198469995106
1700.0,0.982583638775043
1701.0,0.9832616091285451
1702.0,0.984238071994464
1703.0,0.9852871147175677
1704.0,0.9864546059590977
1705.0,0.9881535983386824
1706.0,0.9894500701325637
1707.0,0.9905595318308799
1708.0,0.9917127432548585
1709.0,0.9925885666806072
1710.0,0.9936214222664993
1711.0,0.9947381190651228
1712.0,0.9959367420798884
1713.0,0.997244049372448
1714.0,0.9984788419348795
1715.0,1.0001517828007742
1716.0,1.001060161078543
1717.0,1.0013885941309706
1718.0,1.002067861967607
1719.0,1.0022361417653876
1720.0,1.0027761794947303
1721.0,1.00367520542191
1722.0,1.0046032145133168
1723.0,1.005756781183079
1724.0,1.0066673275433828
1725.0,1.007733129788808
1726.0,1.0085423377444158
1727.0,1.0089004561906263
1728.0,1.0094759152861743
1729.0,1.0101746104836715
1730.0,1.0105920949460263
1731.0,1.0108189896158264
1732.0,1.0112904651860255
1733.0,1.011662663779672
1734.0,1.0123894073823005
1735.0,1.0134510527973226
1736.0,1.014317216936244
1737.0,1.0152017581962367
1738.0,1.016182021714965
1739.0,1.0174244588954884
1740.0,1.0181583558690355
1741.0,1.0184663620433159
1742.0,1.0190956696588582
1743.0,1.0195526922865652
1744.0,1.020324311068839
1745.0,1.0216515492333766
1746.0,1.0226557778683987
1747.0,1.0233255609007053
1748.0,1.0243666476417903
1749.0,1.0255238445273864
1750.0,1.026799972796297
1751.0,1.0284370557003586
1752.0,1.0296513862422727
1753.0,1.0306936923489154
1754.0,1.031845551072115
1755.0,1.0327769371982096
1756.0,1.0331826094534187
1757.0,1.0347173270189698
1758.0,1.0357000899701942
1759.0,1.0356636886862625
1760.0,1.03594873150537
1761.0,1.0357739225618707
1762.0,1.036345108189752
1763.0,1.0376680565863852
1764.0,1.0384151104639259
1765.0,1.0393182828733913
1766.0,1.0401991168440843
1767.0,1.0409699233917966
1768.0,1.042440817439946
1769.0,1.0435522290705757
1770.0,1.0442331292153983
1771.0,1.0449128758023292
1772.0,1.0449039507374358
1773.0,1.045186198534389
1774.0,1.045911581872349
1775.0,1.0465154653427662
1776.0,1.0474366806920306
1777.0,1.0494906856965631
1778.0,1.0515982374833397
1779.0,1.0524887052733902
1780.0,1.053683197774917
1781.0,1.054611983485788
1782.0,1.055274616839645
1783.0,1.0564019135024518
1784.0,1.0578866778007554
1785.0,1.0592672213937333
1786.0,1.0594719015833622
1787.0,1.0601769251323694
1788.0,1.06086332855447
1789.0,1.0609891644874696
1790.0,1.0627911788705138
1791.0,1.0637900762910226
1792.0,1.0645009091772717
1793.0,1.0656559796178313
1794.0,1.0668578135081495
1795.0,1.0679772779546384
1796.0,1.0696577014181936
1797.0,1.0707881658955256
1798.0,1.0709644039698614
1799.0,1.0708859866626046
1800.0,1.0720041195674987
1801.0,1.0671660945913888
1802.0,1.0677115395868133
1803.0,1.0706180147907087
1804.0,1.0721856269963448
1805.0,1.0725085976067856
1806.0,1.0738076064536666
1807.0,1.076135913817371
1808.0,1.077364646135011
1809.0,1.0780768041229598
1810.0,1.0790898438501029
1811.0,1.0805748438989349
1812.0,1.0808195773228784
1813.0,1.0804727553566709
1814.0,1.0802251191613432
1815.0,1.0805186879465896
1816.0,1.0800836125457045
1817.0,1.0807391642196302
1818.0,1.0830321587958853
1819.0,1.0842097699416104
1820.0,1.0850176654773722
1821.0,1.0861548447241656
1822.0,1.0877152120847904
1823.0,1.0881303077608857
1824.0,1.088707327340481
1825.0,1.0899655460729656
1826.0,1.0906023908040101
1827.0,1.090727005674334
1828.0,1.0910742941993599
1829.0,1.0911131033469785
1830.0,1.0915791353491293
1831.0,1.0921256493579108
1832.0,1.0930100338359847
1833.0,1.0942094278388443
1834.0,1.0952292142174818
1835.0,1.0961532003349457
1836.0,1.0968334819180054
1837.0,1.097729759226068
1838.0,1.098646374806979
1839.0,1.0996078121211537
1840.0,1.1003333169115483
1841.0,1.1017034499214369
1842.0,1.103207357002131
1843.0,1.1049661173562417
1844.0,1.1066884823638097
1845.0,1.1096909930831433
1846.0,1.1109116329406015
1847.0,1.1114741249430167
1848.0,1.111501189719855
1849.0,1.1093379680290685
1850.0,1.1087197459893894
1851.0,1.107667513778772
1852.0,1.1085802756868295
1853.0,1.1115695698780643
1854.0,1.1151094076015053
1855.0,1.1169400680240795
1856.0,1.1184473326196964
1857.0,1.118700720986507
1858.0,1.1158989429209283
1859.0,1.1151690456702992
1860.0,1.1150119133441743
1861.0,1.1143931903533162
1862.0,1.1146142900235883
1863.0,1.114737362625159
1864.0,1.1142922173718617
1865.0,1.1143311286212834
1866.0,1.1148216323447626
1867.0,1.1148372687602994
1868.0,1.1145897346626266
1869.0,1.1143428558083064
1870.0,1.1141219568604923
1871.0,1.1136403081731172
1872.0,1.1130857123589462
1873.0,1.1117315646567785
1874.0,1.1108653513093572
1875.0,1.1091506025881808
1876.0,1.1062901245979455
1877.0,1.1039721718811824
1878.0,1.1018783772703507
1879.0,1.100133884816238
1880.0,1.0989142570064434
1881.0,1.0971497627512727
1882.0,1.0958321627738312
1883.0,1.0936527651169239
1884.0,1.0907093957402696
1885.0,1.0871059286512692
1886.0,1.0835529557328876
1887.0,1.0794055539378797
1888.0,1.0746524622860878
1889.0,1.06945107748821
1890.0,1.0642524328826128
1891.0,1.0583405167319702
1892.0,1.0537226216210187
1893.0,1.0491622337370228
1894.0,1.043316336015067
1895.0,1.037862780596369
1896.0,1.0315841407579065
1897.0,1.0237733459843839
1898.0,1.017252308533403
1899.0,1.0103004958805717
1900.0,1.0029460277689788
1901.0,0.9968696312427222
1902.0,0.9918412476436077
1903.0,0.986134705945551
1904.0,0.9811358914422319
1905.0,0.9763765544125967
1906.0,0.970026028882795
1907.0,0.9646152148567162
1908.0,0.9601727062445505
1909.0,0.9566542162091545
1910.0,0.954159167600485
1911.0,0.951405024840116
1912.0,0.9487103626042223
1913.0,0.9472200715970222
1914.0,0.9460440369210432
1915.0,0.945801795070622
1916.0,0.9468612296173908
1917.0,0.9479216270703984
1918.0,0.9475123235716654
1919.0,0.9465405974761231
1920.0,0.9447090303140966
1921.0,0.943240223373792
1922.0,0.9426230632747709
1923.0,0.9422258438249097
1924.0,0.9418538803077197
1925.0,0.9418759086650542
1926.0,0.9416478184871495
1927.0,0.9422749018891278
1928.0,0.9431553508707995
1929.0,0.9445541806154285
1930.0,0.9468998567963043
1931.0,0.9483443302672129
1932.0,0.9497724687051958
1933.0,0.9512943487680355
1934.0,0.9524275409843013
1935.0,0.9544704215157315
1936.0,0.9563309822120531
1937.0,0.9582327797412575
1938.0,0.9603142413479705
1939.0,0.9630441370477493
1940.0,0.9642401207377087
1941.0,0.9655586707581172
1942.0,0.9668680556494331
1943.0,0.9667741299824325
1944.0,0.9671583143522471
1945.0,0.9676792199147422
1946.0,0.9690292841622573
1947.0,0.9713181662809592
1948.0,0.9731711693456577
1949.0,0.9754667197026299
1950.0,0.977934779992161
1951.0,0.9799104232747042
1952.0,0.9812894502933729
1953.0,0.982487120683465
1954.0,0.9838485150146952
1955.0,0.9843401167363621
1956.0,0.9841323764065484
1957.0,0.9848975655827951
1958.0,0.9866075108288829
1959.0,0.9887718132682288
1960.0,0.9923272570824122
1961.0,0.9947246268856762
1962.0,0.9973755017210514
1963.0,0.9993802304897454
1964.0,1.0003915231563347
1965.0,1.0016822047861478
1966.0,1.0029992461920638
1967.0,1.0043949661726863
1968.0,1.0066205707013467
1969.0,1.0080949431043473
1970.0,1.0098952428674648
1971.0,1.0119496544454738
1972.0,1.013644926755507
1973.0,1.01464308221911
1974.0,1.016619285671019
1975.0,1.018757573456606
1976.0,1.0213897564103676
1977.0,1.0250802623176474
1978.0,1.0273047294975222
1979.0,1.0294464096068499
1980.0,1.0310428366545639
1981.0,1.0320599871142784
1982.0,1.0337297141779318
1983.0,1.0353047226375263
1984.0,1.0372065244911677
1985.0,1.0388138441488914
1986.0,1.039971579720677
1987.0,1.0410963226678502
1988.0,1.04215688879547
1989.0,1.0433531266241762
1990.0,1.0443422170096663
1991.0,1.0459078899572096
1992.0,1.0479847278107488
1993.0,1.0492823899027417
1994.0,1.0502019446205513
1995.0,1.0518407293960828
1996.0,1.0538359683831946
1997.0,1.0561170227113588
1998.0,1.0582767258195511
1999.0,1.0615712328676923
2000.0,1.0634719973712625
2001.0,1.0641096855888974
2002.0,1.0656787863202535
2003.0,1.0675765673234578
2004.0,1.0690325846140494
2005.0,1.0718472177232587
2006.0,1.0747369356249648
2007.0,1.076286102950287
2008.0,1.0773656339344442
2009.0,1.079089816801781
2010.0,1.0806287585844832
2011.0,1.0821675707106264
2012.0,1.08479207394222
2013.0,1.0863860525894604
2014.0,1.0873468851012402
2015.0,1.0875105263563893
2016.0,1.0882938925015098
2017.0,1.0885627134497866
2018.0,1.0903625817853286
2019.0,1.0930502447820947
2020.0,1.094892157397114
2021.0,1.0979131493210041
2022.0,1.10040173687261
2023.0,1.1025934795424006
2024.0,1.1046108402917119
2025.0,1.107017104545182
2026.0,1.1087899074256096
2027.0,1.1094003228413412
2028.0,1.1107353509765168
2029.0,1.112875491568246
2030.0,1.1137314219495695
2031.0,1.1144762623583333
2032.0,1.1161109363128658
2033.0,1.1169785559455117
2034.0,1.1179000462498905
2035.0,1.1192695779215822
2036.0,1.1203539764652806
2037.0,1.1212502834881422
2038.0,1.122409046319441
2039.0,1.1231879584301583
2040.0,1.1234030954445555
2041.0,1.1236888069621662
2042.0,1.1227299489327713
2043.0,1.1227386030805468
2044.0,1.1227930494399183
2045.0,1.1245553104606767
2046.0,1.126625581482737
2047.0,1.129419033781545
2048.0,1.1319703968893737
2049.0,1.1333320835815857
2050.0,1.1334902833833913
2051.0,1.1348425143635197
2052.0,1.1354206387638497
2053.0,1.1352790263256425
2054.0,1.1358473155398383
2055.0,1.1360551379653518
2056.0,1.136948453964336
2057.0,1.1385878761299697
2058.0,1.1399480722551265
2059.0,1.1416655298042397
2060.0,1.1436141299372047
2061.0,1.144186565264567
2062.0,1.1457842063455743
2063.0,1.1470400137866443
2064.0,1.147205004659609
2065.0,1.148182493250025
2066.0,1.1506278497805478
2067.0,1.1525744622362366
2068.0,1.1551497633442238
2069.0,1.15666939351848
2070.0,1.1581964859164182
2071.0,1.1585364415950299
2072.0,1.157594204490211
2073.0,1.1576040143918904
2074.0,1.1574924958916244
2075.0,1.1564672502427615
2076.0,1.157529686410477
2077.0,1.1577808187748269
2078.0,1.1589736685332177
2079.0,1.1604986940189816
2080.0,1.1599732655762625
2081.0,1.1608459364923247
2082.0,1.1619368937491108
2083.0,1.1629322400307136
2084.0,1.1632631618185083
2085.0,1.1640163185249466
2086.0,1.1650440845052983
2087.0,1.1652119608889615
2088.0,1.1664487672080956
2089.0,1.1702302953058707
2090.0,1.1707692349333731
2091.0,1.1702729111377697
2092.0,1.1714147697560504
2093.0,1.1706076253064168
2094.0,1.171972428945963
2095.0,1.1755451032339381
2096.0,1.1769448125669335
2097.0,1.1774902296052083
2098.0,1.1774720770327056
2099.0,1.1774837714765842
2100.0,1.1754099060917003
2101.0,1.175247090609547
2102.0,1.176405371240745
2103.0,1.1778941590363274
2104.0,1.1801828013618294
2105.0,1.181857416686444
2106.0,1.1840352593846428
2107.0,1.1860076814478364
2108.0,1.1862444640449075
2109.0,1.186731347006559
2110.0,1.1876663401505692
2111.0,1.1857162143926503
2112.0,1.1845736665071471
2113.0,1.184882660830365
2114.0,1.1853349491715903
2115.0,1.1873435171761824
2116.0,1.1876088626727734
2117.0,1.1871635776952616
2118.0,1.1869871006795756
2119.0,1.184608782121178
2120.0,1.184614689765109
2121.0,1.1872792678050197
2122.0,1.188643161537568
2123.0,1.190710948263379
2124.0,1.1920542176487023
2125.0,1.1936810736293098
2126.0,1.1921132533602927
2127.0,1.1909656847072219
2128.0,1.192121411875081
2129.0,1.192421153170182
2130.0,1.1937847085032418
2131.0,1.195323156328911
2132.0,1.1963607780200618
2133.0,1.196588178277098
2134.0,1.196240522350383
2135.0,1.1953954128293005
2136.0,1.1924982822931622
2137.0,1.1916497160886785
2138.0,1.191440810242066
2139.0,1.1915874513293612
2140.0,1.1942472535959545
2141.0,1.1945819469966459
2142.0,1.1939936647672196
2143.0,1.1922943550955865
2144.0,1.19071621681996
2145.0,1.1911380567161562
2146.0,1.19095794161678
2147.0,1.1910660886594409
2148.0,1.1915908922157032
2149.0,1.190227910295391
2150.0,1.1914150597916666
2151.0,1.193652165146228
2152.0,1.194494598508988
2153.0,1.1956472963658797
2154.0,1.1958125785614857
2155.0,1.1943152784991526
2156.0,1.1939528792934306
2157.0,1.193444356136047
2158.0,1.1930510673303178
2159.0,1.1928450778606896
2160.0,1.1929317102040964
2161.0,1.193101432583927
2162.0,1.1939900197086164
2163.0,1.1961168946848395
2164.0,1.1969552683370135
2165.0,1.198813339180365
2166.0,1.1995181298232225
2167.0,1.1975531273507594
2168.0,1.1985266437463349
2169.0,1.1983509125044045
2170.0,1.1959201106805073
2171.0,1.1953567656111932
2172.0,1.196044416833567
2173.0,1.195078488692001
2174.0,1.1937802386729686
2175.0,1.193183133255254
2176.0,1.1913829819816333
2177.0,1.1907565357270269
2178.0,1.1914505077354027
2179.0,1.1917320473359894
2180.0,1.1923843374066287
2181.0,1.1931307209875228
2182.0,1.1945937444180375
2183.0,1.1948397083830506
2184.0,1.1945000143354518
2185.0,1.1936813435603049
2186.0,1.1921524877896565
2187.0,1.192921370236031
2188.0,1.1956739016294589
2189.0,1.1979949708861168
2190.0,1.2007755101771134
2191.0,1.200508881051848
2192.0,1.1988021170150245
2193.0,1.1973660969074795
2194.0,1.196338494817809
2195.0,1.1953543416233596
2196.0,1.194620899750675
2197.0,1.1948716641760035
2198.0,1.1941221657171568
2199.0,1.1925979750129743
2200.0,1.1917667796924316
2201.0,1.1901390170409631
2202.0,1.1893681031959107
2203.0,1.1898436396719823
2204.0,1.1896181331380111
2205.0,1.1894990082522376
2206.0,1.188966110424509
2207.0,1.1907661509426706
2208.0,1.1906657240088712
2209.0,1.1889965680051162
2210.0,1.191356737834614
2211.0,1.1912742159993743
2212.0,1.1918013576730493
2213.0,1.195070502190033
2214.0,1.1967261696146374
2215.0,1.1982745509697756
2216.0,1.1973028990313899
2217.0,1.1970358287849807
2218.0,1.1961454311482191
2219.0,1.1960214652354784
2220.0,1.1959755321700676
2221.0,1.1969671363226957
2222.0,1.1977823309137263
2223.0,1.1988114686766047
2224.0,1.2019314718893266
2225.0,1.202738518470384
2226.0,1.2031332051144625
2227.0,1.20296825329038
2228.0,1.200695890655272
2229.0,1.1997093961203515
2230.0,1.1979772722433315
2231.0,1.1974424220593936
2232.0,1.1986770535659428
2233.0,1.198341428491353
2234.0,1.199007940506423
2235.0,1.201100854479524
2236.0,1.2003797825925087
2237.0,1.19856842886994
2238.0,1.197955699419927
2239.0,1.197114392388917
2240.0,1.1970947118549136
2241.0,1.1976980799648709
2242.0,1.1982223834295271
2243.0,1.1972722704025787
2244.0,1.1970961896377303
2245.0,1.1998203619721015
2246.0,1.1987474943125895
2247.0,1.1951754389691256
2248.0,1.192676985342582
2249.0,1.1874267601890733
2250.0,1.1848264643797888
2251.0,1.1840497995168102
2252.0,1.183904819236899
2253.0,1.186105528902921
2254.0,1.1865069257088992
2255.0,1.1869219232020687
2256.0,1.1860214531887445
2257.0,1.1820804430236505
2258.0,1.1803974242489381
2259.0,1.1798772860634068
2260.0,1.1793441065198038
2261.0,1.178002422062449
2262.0,1.1816789505027354
2263.0,1.183499501522977
2264.0,1.1835261279784512
2265.0,1.186013691744728
2266.0,1.184818954236339
2267.0,1.1855935209478297
2268.0,1.186457614135862
2269.0,1.184564366230811
2270.0,1.1872341894309901
2271.0,1.1878193664613235
2272.0,1.187214893922008
2273.0,1.1905146842538032
2274.0,1.1885940313814036
2275.0,1.1842455079728873
2276.0,1.1816578863858178
2277.0,1.1801317770941828
2278.0,1.178393973588391
2279.0,1.1778983127594236
2280.0,1.1801977353233768
2281.0,1.180670235448723
2282.0,1.1804631347789918
2283.0,1.1782257966997198
2284.0,1.1738577977337918
2285.0,1.1731768594304701
2286.0,1.17199628428218
2287.0,1.172687839040025
2288.0,1.179822528014435
2289.0,1.1797469153616424
2290.0,1.1753371882669792
2291.0,1.1735245649516923
2292.0,1.1681379884549192
2293.0,1.1662260140730303
2294.0,1.1671349258562975
2295.0,1.1671911761909965
2296.0,1.1664803983643106
2297.0,1.1713768429801288
2298.0,1.173814813987675
2299.0,1.1725226494219358
2300.0,1.1716419473781492
2301.0,1.1675442906093587
2302.0,1.1672385453956782
2303.0,1.1719028122822597
2304.0,1.1731869935038473
2305.0,1.1741159126501597
2306.0,1.1709885186135167
2307.0,1.1680038710631082
2308.0,1.1700147518176804
2309.0,1.1688873312284738
2310.0,1.1669274055437397
2311.0,1.167658114337979
2312.0,1.170216569893954
2313.0,1.1762130174346448
2314.0,1.1823517108182777
2315.0,1.1826359199394456
2316.0,1.1811531170594458
2317.0,1.1793908334524783
2318.0,1.1797105829632193
2319.0,1.1818158558227376
2320.0,1.1821238418180504
2321.0,1.1814734283566302
2322.0,1.1822172453092492
2323.0,1.182334931429869
2324.0,1.1852343469759
2325.0,1.1907675019817454
2326.0,1.1954119798946818
2327.0,1.2029351305868035
2328.0,1.2023338410803712
2329.0,1.1963688740479708
2330.0,1.1935290023877854
2331.0,1.1876702691616599
2332.0,1.1841932350805107
2333.0,1.185462652451153
2334.0,1.182023451236877
2335.0,1.1738191479760665
2336.0,1.1697169992539087
2337.0,1.1651251047411186
2338.0,1.16456655057373
2339.0,1.1666243008350186
2340.0,1.167578897805527
2341.0,1.1727805955019504
2342.0,1.173957303989404
2343.0,1.1721088823273544
2344.0,1.1750175812862214
2345.0,1.1814753476404447
2346.0,1.1817580523870859
2347.0,1.1819125097800796
2348.0,1.1782792205867023
2349.0,1.1740778589547867
2350.0,1.1674303668089094
2351.0,1.162926339574395
2352.0,1.1668237749037689
2353.0,1.1697655442982937
2354.0,1.1737218850182016
2355.0,1.1797677244161469
2356.0,1.181347193223535
2357.0,1.1841274968935869
2358.0,1.1815145827699407
2359.0,1.175280011823082
2360.0,1.1708849697954429
2361.0,1.1607181818423855
2362.0,1.157469961827016
2363.0,1.1630646791083186
2364.0,1.1683570625488489
2365.0,1.1703765850009755
2366.0,1.1714629398710221
2367.0,1.1707276747559
2368.0,1.1674015489941694
2369.0,1.1649903036854858
2370.0,1.1570196107357362
2371.0,1.1522618607236121
2372.0,1.1554017407005661
2373.0,1.1604234282033021
2374.0,1.164815322796001
2375.0,1.1648751275977869
2376.0,1.163951136527893
2377.0,1.1627279548452076
2378.0,1.1605989457204888
2379.0,1.1583773444978274
2380.0,1.1492048691410066
2381.0,1.1380897152465832
2382.0,1.1311743496499707
2383.0,1.121278104625262
2384.0,1.1201487608827052
2385.0,1.1330950990302688
2386.0,1.1445128123309014
2387.0,1.1567594780662966
2388.0,1.1698196192658572
2389.0,1.1690646096826764
2390.0,1.1610823054051949
2391.0,1.1429581427845648
2392.0,1.117246570962722
2393.0,1.1017271510047326
2394.0,1.0911685354837792
2395.0,1.0953233596142384
2396.0,1.1076526791698276
2397.0,1.1083141524488853
2398.0,1.1137821747744934
2399.0,1.1159833865416016
2400.0,1.111685707970623
2401.0,1.1124506006946437
2402.0,1.1102107991169519
2403.0,1.1034068492420095
2404.0,1.1044766076230401
2405.0,1.1089328500645126
2406.0,1.1030566116585878
2407.0,1.1060786339809237
2408.0,1.111596221959805
2409.0,1.1127673287757038
2410.0,1.1177156244323592
2411.0,1.1355408364260682
2412.0,1.1484019443767721
2413.0,1.1354025223289093
2414.0,1.1284573193311722
2415.0,1.1119889267315328
2416.0,1.09258882603063
2417.0,1.100595677176849
2418.0,1.104886040500056
2419.0,1.0985399594310592
2420.0,1.0914798315506349
2421.0,1.0786051723048842
2422.0,1.0743644952365634
2423.0,1.0797888210540643
2424.0,1.0792458153651983
2425.0,1.080687636402049
2426.0,1.0759894765946523
2427.0,1.068265633472632
2428.0,1.065402283511333
2429.0,1.0649330231370069
2430.0,1.0772027460077138
2431.0,1.0761394090810152
2432.0,1.0707862809436297
2433.0,1.0740266546784474
2434.0,1.060107268442935
2435.0,1.0525211296571624
2436.0,1.060204609394379
2437.0,1.0466672225014413
2438.0,1.0423366211064042
2439.0,1.0522131715796694
2440.0,1.0430968433838845
2441.0,1.0441241704236623
2442.0,1.0377041946751429
2443.0,1.0345298812641794
2444.0,1.0400326366260928
2445.0,1.037628864967981
2446.0,1.0532506184418193
2447.0,1.0608112507092033
2448.0,1.0679556819410536
2449.0,1.0711382132848661
2450.0,1.0561672690570252
2451.0,1.050389978554905
2452.0,1.0321236490890193
2453.0,1.02245031196291
2454.0,1.0301806544150134
2455.0,1.0288331166501747
2456.0,1.0280061897426551
2457.0,1.0113233576855316
2458.0,0.9852627876495716
2459.0,0.9625085484075616
2460.0,0.9570985145361811
2461.0,0.9791305067420745
2462.0,1.0211749389705955
2463.0,1.0581529060562715
2464.0,1.0816184269156626
2465.0,1.1001515063349219
2466.0,1.0939941992860227
2467.0,1.066007937762109
2468.0,1.0276882106424168
2469.0,1.0055718070744613
2470.0,0.9869658130009688
2471.0,1.0017454366919731
2472.0,1.0061503322992242
2473.0,1.0015376954764212
2474.0,0.9997882524731997
2475.0,0.9906717581241595
2476.0,0.9964549181640874
2477.0,1.0179611734224898
2478.0,1.0223431524494266
2479.0,1.0348689258007833
2480.0,1.0372960639809374
2481.0,1.007841976738139
2482.0,1.001308056179208
2483.0,1.0135900028909688
2484.0,1.0147573308923734
2485.0,1.0136506538149233
2486.0,1.0159482347066262
2487.0,1.0246724159337544
2488.0,1.0038194979029864
2489.0,0.9589052118957725
2490.0,0.9586621830809229
2491.0,0.9611795543622796
2492.0,0.9731505098388104
2493.0,1.0404929312904785
2494.0,1.0582736355810864
2495.0,1.031359998232175
2496.0,1.023266004437438
2497.0,1.017377131170819
2498.0,1.0094539570643075
2499.0,0.9957707902809846
2500.0,0.9863772448402263
