350.0,-0.20944290876662378
351.0,-0.13853459289413694
352.0,-0.12720031021123
353.0,-0.13772079750713168
354.0,-0.12306944719991915
355.0,-0.06140998712789405
356.0,0.01988805845409292
357.0,-0.011449027967182909
358.0,-0.024022314558414436
359.0,-0.02695391959038441
360.0,-0.058810447627872485
361.0,-0.040505026151969374
362.0,-0.013093554140664763
363.0,0.0026119227196899366
364.0,0.003856853563463119
365.0,0.006414026658290719
366.0,-0.01634302382479493
367.0,-0.047257178610771035
368.0,-0.04173466543540536
369.0,-0.00959155502430655
370.0,-0.007910600246443243
371.0,-0.02255633242049189
372.0,0.03472782153103155
373.0,0.02412375972273511
374.0,-0.008082414330537965
375.0,-0.014428790578247513
376.0,-0.003576397469075237
377.0,0.005012835585671567
378.0,0.013887327721013362
379.0,0.026000243440307116
380.0,0.022818897291703277
381.0,0.022296763705568892
382.0,0.02551528797463571
383.0,0.02678325448874433
384.0,0.018531278698984577
385.0,0.023923452215811974
386.0,0.03696932524067469
387.0,0.036025183973272736
388.0,0.016841127077453787
389.0,0.010385821233717027
390.0,0.02152753081363052
391.0,0.02916791647744814
392.0,0.03698648050568162
393.0,0.03559305040361366
394.0,0.026060007669620584
395.0,0.02546322309150024
396.0,0.022480360594338836
397.0,0.02125135500105375
398.0,0.025871048302300168
399.0,0.03402202477082936
400.0,0.03317450936573793
401.0,0.03073324690453762
402.0,0.036321252741723715
403.0,0.04075941205280715
404.0,0.03516941407658042
405.0,0.027597265940852687
406.0,0.03317055786755805
407.0,0.04356882736902767
408.0,0.046217312156404226
409.0,0.03898462930993868
410.0,0.03006203001158724
411.0,0.02857628530105188
412.0,0.03171369025825386
413.0,0.03572932284033278
414.0,0.03981422657018783
415.0,0.040970512054304
416.0,0.040364785101529334
417.0,0.04015007258204459
418.0,0.04188684790767163
419.0,0.040649957539471614
420.0,0.04019064970004985
421.0,0.045466871690079284
422.0,0.0462824066389968
423.0,0.04489385278587413
424.0,0.042755538348849854
425.0,0.04009252476429661
426.0,0.04005579441792085
427.0,0.040927815170459986
428.0,0.04174573922017389
429.0,0.04398041225489245
430.0,0.04417444512559979
431.0,0.04353425541203222
432.0,0.04382640234148271
433.0,0.044839421975848434
434.0,0.045234909643192246
435.0,0.04498064635416051
436.0,0.044810091199759164
437.0,0.04587774607348575
438.0,0.04640682120990252
439.0,0.046102836785818085
440.0,0.0461314380138338
441.0,0.045803232197205404
442.0,0.04517296554845904
443.0,0.04462896727656532
444.0,0.04493760228053056
445.0,0.04619363334403863
446.0,0.04701089349566494
447.0,0.04606209168183039
448.0,0.04337669456862336
449.0,0.043859968817182717
450.0,0.04636873781614468
451.0,0.0465112431490988
452.0,0.04558766418614257
453.0,0.04417055614628794
454.0,0.04380285042008053
455.0,0.04697220997691409
456.0,0.04680754554924374
457.0,0.04568898389032218
458.0,0.04617554257845085
459.0,0.04580892963356802
460.0,0.046607261382260255
461.0,0.04682804281321951
462.0,0.044524449942125906
463.0,0.04475418599306719
464.0,0.04565300247806482
465.0,0.04611146975584
466.0,0.046098586095173935
467.0,0.04583389612115864
468.0,0.04586127874847178
469.0,0.04611116939506826
470.0,0.04522878581062094
471.0,0.04561280156382137
472.0,0.04668633564372166
473.0,0.0471609922739901
474.0,0.04703291184594227
475.0,0.04645649304634201
476.0,0.045404670288119425
477.0,0.043989502786645006
478.0,0.04472352869537823
479.0,0.04636167399195502
480.0,0.04746010559701421
481.0,0.04707574644648936
482.0,0.04590389772123631
483.0,0.045541254014480684
484.0,0.04658166144283698
485.0,0.04561112271809736
486.0,0.045929331037555074
487.0,0.04710464030158268
488.0,0.04694822867498057
489.0,0.047409827541120185
490.0,0.047922036993253286
491.0,0.047733410907432945
492.0,0.046219374128158235
493.0,0.04556148058838831
494.0,0.04596821706103054
495.0,0.047066353618831484
496.0,0.04864948737454381
497.0,0.04858346996498079
498.0,0.04748898738763953
499.0,0.047184867171067166
500.0,0.04697711809329251
501.0,0.04727506090349935
502.0,0.04803226813784195
503.0,0.04860052620400207
504.0,0.0479249791336006
505.0,0.047104467077274746
506.0,0.047031105670577375
507.0,0.04664848735439651
508.0,0.046531353678402367
509.0,0.04708313130263426
510.0,0.048360402054799724
511.0,0.048932346034360356
512.0,0.04870686049219063
513.0,0.048073273862446086
514.0,0.047784376246901024
515.0,0.047623999095296854
516.0,0.047733932123534065
517.0,0.04814784977675793
518.0,0.04853050751991621
519.0,0.04839581640957494
520.0,0.047922912843076156
521.0,0.04759722185893908
522.0,0.047306266649006896
523.0,0.04787682092019054
524.0,0.04880882121587401
525.0,0.04799530620473607
526.0,0.04802515451649924
527.0,0.048426651002570355
528.0,0.048371310029912865
529.0,0.048114525724271585
530.0,0.04837720390676883
531.0,0.048786523972271914
532.0,0.04855587655650822
533.0,0.048769345961385796
534.0,0.049146869333540386
535.0,0.04930976898664787
536.0,0.04893706849983155
537.0,0.0490392338544413
538.0,0.04927416885651892
539.0,0.04915125261838401
540.0,0.04895426124765965
541.0,0.04902881604318227
542.0,0.04918325492385855
543.0,0.04896819210811157
544.0,0.049084976301330775
545.0,0.049291452155200303
546.0,0.049375180591901824
547.0,0.049371547951164614
548.0,0.04929217636797552
549.0,0.04943076409575591
550.0,0.04990945424161235
551.0,0.04985159210032716
552.0,0.04935946154404377
553.0,0.04903077010829452
554.0,0.04969108002440794
555.0,0.05002115756132962
556.0,0.05003657767048426
557.0,0.049947626621286906
558.0,0.04987059726507048
559.0,0.04982092390878288
560.0,0.04983770000832732
561.0,0.04992181072962857
562.0,0.049870853959197874
563.0,0.049777835482038124
564.0,0.04980654579018839
565.0,0.05015158488929576
566.0,0.050403433974148884
567.0,0.05047697609329834
568.0,0.050425972153761
569.0,0.050474113741402565
570.0,0.05034758542077874
571.0,0.05018653820493277
572.0,0.05031027501950181
573.0,0.05072840483259359
574.0,0.050814892301520906
575.0,0.0505056095414644
576.0,0.05058921312214863
577.0,0.05054461282499512
578.0,0.050613314101625534
579.0,0.050991060673471506
580.0,0.0510099717770944
581.0,0.05084593020676652
582.0,0.05075113549423092
583.0,0.050967729392218955
584.0,0.05108476207878635
585.0,0.051144137829207126
586.0,0.05123703918096695
587.0,0.05142791064724745
588.0,0.05160307872653975
589.0,0.05163902936809547
590.0,0.0515049909866378
591.0,0.051621138483261185
592.0,0.05169852644960596
593.0,0.051643706807373485
594.0,0.05159833201317537
595.0,0.05188688783507741
596.0,0.05199837734262328
597.0,0.05171626092211024
598.0,0.052097313417285705
599.0,0.052308051808135254
600.0,0.05224292521340649
601.0,0.052153228758238544
602.0,0.05199472242242585
603.0,0.05228962901381432
604.0,0.05289103849614961
605.0,0.05267747996043929
606.0,0.052446643380003474
607.0,0.05232178877622642
608.0,0.05231093933849793
609.0,0.052707899763703395
610.0,0.05302062399357075
611.0,0.053121627352329774
612.0,0.05317620035651387
613.0,0.053304375190842426
614.0,0.05328408377092043
615.0,0.05304574593414509
616.0,0.05288668454984406
617.0,0.053169892242240134
618.0,0.05362523455468904
619.0,0.053810101869950694
620.0,0.05391692763892124
621.0,0.05389994416352869
622.0,0.053814742928502156
623.0,0.05383087697602281
624.0,0.05398484474451578
625.0,0.05416273237362849
626.0,0.05429641955354737
627.0,0.05459997841327011
628.0,0.054643860810166076
629.0,0.054512919813351726
630.0,0.05455308638033046
631.0,0.054619355510972266
632.0,0.05469355312256454
633.0,0.05476424183235129
634.0,0.05481707204757463
635.0,0.05473381692439154
636.0,0.054831914812235295
637.0,0.055311646350769086
638.0,0.05530654014186023
639.0,0.055333491656965196
640.0,0.05549311433295175
641.0,0.055513278942369036
642.0,0.055483325183859414
643.0,0.055714573443860556
644.0,0.056236820021411914
645.0,0.0563752261644628
646.0,0.056247726025998215
647.0,0.056104823483466154
648.0,0.05619958453744695
649.0,0.05617955141415304
650.0,0.05655490527297878
651.0,0.057117788162901806
652.0,0.05675578421848521
653.0,0.05711495847944095
654.0,0.057472122257030196
655.0,0.057081564114471746
656.0,0.05704998085536546
657.0,0.057173489086499545
658.0,0.057365940016357704
659.0,0.05760112948321594
660.0,0.05781699882979655
661.0,0.05789300110304687
662.0,0.05784547801817069
663.0,0.05792239248653178
664.0,0.05816154047193601
665.0,0.05842294410277981
666.0,0.05855279481623035
667.0,0.05865574059711052
668.0,0.05886709020083631
669.0,0.05913517586945413
670.0,0.05923978609832939
671.0,0.059084464966635594
672.0,0.05906906977350494
673.0,0.059435266345887305
674.0,0.05985837355496194
675.0,0.060036651769892514
676.0,0.06003390966181078
677.0,0.06009407992169105
678.0,0.06026787979415025
679.0,0.06043009439428174
680.0,0.06052470815278923
681.0,0.060606339730415515
682.0,0.060964170615825694
683.0,0.06118158259750066
684.0,0.0609573882348092
685.0,0.060997411352650195
686.0,0.06108840955557416
687.0,0.06120886227497706
688.0,0.06146312183126047
689.0,0.06193757723143321
690.0,0.062196562049506285
691.0,0.06215403623036075
692.0,0.0624683633083366
693.0,0.06256733137705087
694.0,0.06252665867399627
695.0,0.062597212773466
696.0,0.06276355683519189
697.0,0.06321382258582317
698.0,0.06369693379373297
699.0,0.06362026038329761
700.0,0.06362827967402021
701.0,0.06367790963520019
702.0,0.06375789537684448
703.0,0.06429477697750721
704.0,0.06455999222640957
705.0,0.06458394783402303
706.0,0.06473485765520967
707.0,0.06527675335732246
708.0,0.06545932387664895
709.0,0.0651666415794096
710.0,0.06510057733759615
711.0,0.06546339194893515
712.0,0.06599125210882141
713.0,0.06637868610434333
714.0,0.06662034513534956
715.0,0.06664015971921679
716.0,0.06664008926949434
717.0,0.06690962148852302
718.0,0.06704126304463627
719.0,0.06729338699303099
720.0,0.06770516108430764
721.0,0.06789201362431968
722.0,0.06823274510281722
723.0,0.06848801032752379
724.0,0.06843426062230723
725.0,0.06854761677445809
726.0,0.06872128158027459
727.0,0.06886174301827737
728.0,0.06893112409382157
729.0,0.0693718121005596
730.0,0.06970215185756584
731.0,0.06967017511018667
732.0,0.06963293839837854
733.0,0.06992631210324388
734.0,0.07037418752308963
735.0,0.07068685477674873
736.0,0.07102545017875476
737.0,0.0711327913136681
738.0,0.0711433645113777
739.0,0.07148060356188296
740.0,0.07167478880049288
741.0,0.07184472893298414
742.0,0.07212297761071458
743.0,0.07247605602492832
744.0,0.07283929821192844
745.0,0.07312463279697515
746.0,0.07328036325115854
747.0,0.07343674554718113
748.0,0.07370354627010567
749.0,0.07403911941966425
750.0,0.07427992735669087
751.0,0.07464445746257457
752.0,0.07496572924397253
753.0,0.07514423893761321
754.0,0.07539069439060844
755.0,0.07563426203045148
756.0,0.07583825474107933
757.0,0.07601870066015355
758.0,0.07641974765279776
759.0,0.07686212768176995
760.0,0.07714254892166117
761.0,0.07710324953334671
762.0,0.0773573386308411
763.0,0.07775778333447458
764.0,0.07807274853400355
765.0,0.07821370120522766
766.0,0.0784730807807889
767.0,0.07883081063396893
768.0,0.07915593975763761
769.0,0.07950522062584586
770.0,0.07979802088867219
771.0,0.07999366125050295
772.0,0.0801150525943159
773.0,0.08046504777849983
774.0,0.08084064361152812
775.0,0.08107650442019748
776.0,0.08131002915144078
777.0,0.08155087330284219
778.0,0.08182809485240616
779.0,0.0821556099768286
780.0,0.08245946752618737
781.0,0.0828142434409963
782.0,0.08318127481939738
783.0,0.08342900532915809
784.0,0.08370739327882926
785.0,0.08401334995236406
786.0,0.08433626615721036
787.0,0.08470282147529493
788.0,0.08507854888943168
789.0,0.0853939655016806
790.0,0.08565907081186827
791.0,0.08631937366011518
792.0,0.08656923767704072
793.0,0.08656744124216093
794.0,0.08714573829007642
795.0,0.08756501273219
796.0,0.08790003602272242
797.0,0.08822966910090389
798.0,0.08844580902225489
799.0,0.08886033552098925
800.0,0.08928957462547839
801.0,0.0895333801848344
802.0,0.08987588600850044
803.0,0.0902994699784331
804.0,0.09062761655057455
805.0,0.0906802199344502
806.0,0.09098490829896323
807.0,0.09143740110114894
808.0,0.09190033148787054
809.0,0.09229276302616883
810.0,0.09257136002613374
811.0,0.09289903028524489
812.0,0.09337360140771961
813.0,0.09380598697181627
814.0,0.0941286881907995
815.0,0.09444379732352419
816.0,0.09487871447211198
817.0,0.09524905426597839
818.0,0.09555130693711565
819.0,0.09585683246436637
820.0,0.0962780980529894
821.0,0.09669000833794592
822.0,0.09713796489221996
823.0,0.09762300172541594
824.0,0.09801630498516302
825.0,0.09851282668920007
826.0,0.09897829225889458
827.0,0.09927871421299796
828.0,0.09963985158686531
829.0,0.10001875649702309
830.0,0.10048840441465821
831.0,0.10108722985769866
832.0,0.10114576521035697
833.0,0.10140568777856693
834.0,0.10202266016819157
835.0,0.10239402496248655
836.0,0.10288795748151802
837.0,0.10334691265165513
838.0,0.103684602690067
839.0,0.10416029226692458
840.0,0.10464389432280993
841.0,0.10502170111058101
842.0,0.10526401008464054
843.0,0.10560434227677172
844.0,0.10630178870571039
845.0,0.10704769248182017
846.0,0.10730082448060353
847.0,0.1075470587674204
848.0,0.1078904351789795
849.0,0.10825973679270066
850.0,0.10847026492494263
851.0,0.10922527250422696
852.0,0.11010609797855735
853.0,0.11060308254068457
854.0,0.11043026286754634
855.0,0.11103811567022043
856.0,0.11179295384043919
857.0,0.11188149564439687
858.0,0.11238451056757785
859.0,0.1129401377577969
860.0,0.1134042314537332
861.0,0.11379369782240283
862.0,0.11436971972742051
863.0,0.11485492323580822
864.0,0.11522480625756006
865.0,0.11570598653836404
866.0,0.11612977872453799
867.0,0.11665302501735915
868.0,0.1173303173456301
869.0,0.11798735906537978
870.0,0.11833322166226892
871.0,0.11869987446547982
872.0,0.11933513596188719
873.0,0.11983701955618689
874.0,0.12026507805925737
875.0,0.12056015969356891
876.0,0.12078115521041226
877.0,0.1216303437588312
878.0,0.12225165151999662
879.0,0.12261366857899374
880.0,0.1232020819564139
881.0,0.12402785440754811
882.0,0.12455187756101872
883.0,0.12484976735239012
884.0,0.12556688896978804
885.0,0.1260125058639497
886.0,0.1263456678081259
887.0,0.12673519983741338
888.0,0.12715872235796732
889.0,0.12808432923381646
890.0,0.1287865657758224
891.0,0.12892438643696166
892.0,0.12975519751476788
893.0,0.1300387895989644
894.0,0.13027018626204365
895.0,0.13112674384750714
896.0,0.13183436670796367
897.0,0.13237839047715105
898.0,0.1328132309701815
899.0,0.1332616977630543
900.0,0.13392195557450842
901.0,0.1344042662113048
902.0,0.13485826371909493
903.0,0.13571875710288545
904.0,0.13632176967863557
905.0,0.1370175273331737
906.0,0.1376795682013205
907.0,0.1377064405472121
908.0,0.1378972584980357
909.0,0.13874627940984985
910.0,0.1398619542839089
911.0,0.1398265714373667
912.0,0.14055903750436802
913.0,0.1415475938684818
914.0,0.14211703680274454
915.0,0.14232202677055972
916.0,0.14277684674331356
917.0,0.14342001990341977
918.0,0.143998209185356
919.0,0.14428954281417797
920.0,0.14503844901146426
921.0,0.14594997630722767
922.0,0.14654715815032784
923.0,0.14712033228246563
924.0,0.14772557130165626
925.0,0.14840942607024854
926.0,0.14918115311694669
927.0,0.15001196762440572
928.0,0.15024932956932982
929.0,0.15046995771767582
930.0,0.15155499290594135
931.0,0.15175989315309363
932.0,0.15234030574273527
933.0,0.15332102106410547
934.0,0.15377078872009395
935.0,0.15365631291294615
936.0,0.1540079443922542
937.0,0.15509865138747933
938.0,0.15633741540897036
939.0,0.15675996044408452
940.0,0.15742241043178914
941.0,0.15839585900352668
942.0,0.1586213197710601
943.0,0.15950263889442573
944.0,0.1602347155151393
945.0,0.1607150235521931
946.0,0.1619609900868328
947.0,0.1628604601539274
948.0,0.16323106455708328
949.0,0.16338209817513907
950.0,0.16400998320393073
951.0,0.16481210006774918
952.0,0.16546505145642876
953.0,0.16592479070153812
954.0,0.16657282673505308
955.0,0.16719854229133527
956.0,0.16780605732835677
957.0,0.16835362781656446
958.0,0.16867084029805152
959.0,0.1694841620972571
960.0,0.17068829489760326
961.0,0.17188584931135054
962.0,0.17260058935700753
963.0,0.17334865805224708
964.0,0.17373520283311927
965.0,0.17365157085178423
966.0,0.17390161435901386
967.0,0.17523078177846552
968.0,0.17654863470083512
969.0,0.17713253631116596
970.0,0.1779580882190308
971.0,0.17845303737520798
972.0,0.17859844522534
973.0,0.17885935352560983
974.0,0.18028302354449904
975.0,0.18103676625141568
976.0,0.18124280425279285
977.0,0.18167356167914878
978.0,0.18320897216834575
979.0,0.1838681023403169
980.0,0.18396694156350732
981.0,0.1842186835168088
982.0,0.18488764361435314
983.0,0.1861449908012188
984.0,0.18749635241805857
985.0,0.1886372993112709
986.0,0.18984906385990857
987.0,0.1890867068588363
988.0,0.18835506228833174
989.0,0.1892001873380312
990.0,0.19088465884879782
991.0,0.19213472812543061
992.0,0.19250258806966253
993.0,0.19276020739335534
994.0,0.19466059097815647
995.0,0.19468799026837766
996.0,0.19482284072343256
997.0,0.19627236342281565
998.0,0.19806049582990026
999.0,0.20023807905450894
1000.0,0.20061938490046288
1001.0,0.20929595619900324
1002.0,0.20837585755522914
1003.0,0.20849999677374303
1004.0,0.20836034212647395
1005.0,0.2093122645471843
1006.0,0.21130224401079453
1007.0,0.21218819097697864
1008.0,0.21390959691529007
1009.0,0.2156778201967268
1010.0,0.21552823234153703
1011.0,0.21662265667896496
1012.0,0.22052561803059575
1013.0,0.2206872276409139
1014.0,0.22143561751343202
1015.0,0.22459679930013646
1016.0,0.22569535700226603
1017.0,0.22434951303439274
1018.0,0.22369143025927074
1019.0,0.22556813549825147
1020.0,0.2214494208372545
1021.0,0.22070486514812454
1022.0,0.22396160285901237
1023.0,0.22585948060362046
1024.0,0.2284544573813532
1025.0,0.23050878475453082
1026.0,0.23042847453923357
1027.0,0.2284970315841509
1028.0,0.22898451855567079
1029.0,0.22922849375562102
1030.0,0.22937186601525186
1031.0,0.229371791372277
1032.0,0.2326406209826371
1033.0,0.23372577534914296
1034.0,0.23463282239724298
1035.0,0.23686885840351007
1036.0,0.23584601453935758
1037.0,0.23556297127867773
1038.0,0.23770555165385174
1039.0,0.23900789488534385
1040.0,0.24035955386980537
1041.0,0.24045377392240738
1042.0,0.23920868536256862
1043.0,0.23883233223037087
1044.0,0.2376529753093927
1045.0,0.23811715856398735
1046.0,0.24163448859350228
1047.0,0.2452400181807238
1048.0,0.24792202694391516
1049.0,0.24858203246674002
1050.0,0.24685791559468967
1051.0,0.24653700127643058
1052.0,0.24837015369951587
1053.0,0.25182086626824157
1054.0,0.25601112174388085
1055.0,0.2576978261212478
1056.0,0.25827157221383384
1057.0,0.2570171732056923
1058.0,0.25536532810691015
1059.0,0.2535065988309041
1060.0,0.25412567416174975
1061.0,0.25517910758299295
1062.0,0.25698532275673175
1063.0,0.2601948063475588
1064.0,0.2603389903209123
1065.0,0.2611811178823924
1066.0,0.26265202530870174
1067.0,0.26246120336131756
1068.0,0.2645072260739547
1069.0,0.26507351610892815
1070.0,0.26467412995128137
1071.0,0.2657390893947942
1072.0,0.26782540292061807
1073.0,0.26860014223279405
1074.0,0.27057722189445127
1075.0,0.2719453703557926
1076.0,0.26991322910040594
1077.0,0.2687735109326644
1078.0,0.2687753058484504
1079.0,0.2692160022687262
1080.0,0.2712768281012514
1081.0,0.2741952838691742
1082.0,0.27542612450138887
1083.0,0.27617018749452005
1084.0,0.27753567951995495
1085.0,0.2790074895730515
1086.0,0.27978672443187624
1087.0,0.28035679800418306
1088.0,0.28193371082320684
1089.0,0.28256421529689413
1090.0,0.2835474106234505
1091.0,0.28461622613181603
1092.0,0.2850184575066926
1093.0,0.2854899962474937
1094.0,0.28570933336369075
1095.0,0.28679560058344783
1096.0,0.2883825315273725
1097.0,0.28894346292468087
1098.0,0.28980047211277415
1099.0,0.2906417062856479
1100.0,0.29086911897260337
1101.0,0.2918392755755256
1102.0,0.29327312963182334
1103.0,0.2948850874948016
1104.0,0.29641852287753906
1105.0,0.29704519687400266
1106.0,0.2971138652146306
1107.0,0.29850928478600813
1108.0,0.29938050031137603
1109.0,0.30028886627076895
1110.0,0.3030642860783602
1111.0,0.30459351904852455
1112.0,0.3056689734674334
1113.0,0.3069048191449985
1114.0,0.30774700120799714
1115.0,0.307222051204198
1116.0,0.3078234357924579
1117.0,0.309223061440036
1118.0,0.31017248182480706
1119.0,0.31138764018984916
1120.0,0.31171829837362375
1121.0,0.3124749953834236
1122.0,0.31341619923131114
1123.0,0.3143531316527387
1124.0,0.31592565834550074
1125.0,0.3169789050704582
1126.0,0.31804080465917356
1127.0,0.31907045933435246
1128.0,0.32005780583623616
1129.0,0.3208342347628392
1130.0,0.32159898873776926
1131.0,0.32224156934923076
1132.0,0.3222599162960814
1133.0,0.32316624664330706
1134.0,0.324652143116989
1135.0,0.32570854226976986
1136.0,0.32701623891074666
1137.0,0.32885084856747854
1138.0,0.3299956894116244
1139.0,0.33100718392057166
1140.0,0.3324078192533312
1141.0,0.3335672518243535
1142.0,0.3349823323946879
1143.0,0.33701146156168477
1144.0,0.33822902906864694
1145.0,0.3389834000996523
1146.0,0.3399262605521023
1147.0,0.3406088115199424
1148.0,0.3411707862654036
1149.0,0.34150725966528733
1150.0,0.34257851927864374
1151.0,0.34311881985634934
1152.0,0.34328322732491745
1153.0,0.3443757654720976
1154.0,0.3457548894919507
1155.0,0.3473214384335454
1156.0,0.3489828360834306
1157.0,0.3501273246861883
1158.0,0.3509631119697824
1159.0,0.35174331717022755
1160.0,0.3518570328149202
1161.0,0.3528616081631638
1162.0,0.3541777380502506
1163.0,0.3554192889675097
1164.0,0.35744431584765096
1165.0,0.3587932456951369
1166.0,0.35954520556282726
1167.0,0.3608574041167749
1168.0,0.361834712400668
1169.0,0.3621851229241291
1170.0,0.3625998280140613
1171.0,0.36303418058527853
1172.0,0.36368958980842625
1173.0,0.3641433902803193
1174.0,0.3654224667870391
1175.0,0.3676068927640992
1176.0,0.3688776203310366
1177.0,0.370356506873516
1178.0,0.3713851538552725
1179.0,0.37136734871859295
1180.0,0.372116224415882
1181.0,0.37310575381458355
1182.0,0.37422415099559636
1183.0,0.37560854222301243
1184.0,0.3770695575143846
1185.0,0.37848486479926985
1186.0,0.37974580594167956
1187.0,0.3811479719919629
1188.0,0.3828226346613814
1189.0,0.3837940837185335
1190.0,0.3843312605616547
1191.0,0.3853727412856047
1192.0,0.3860773469699311
1193.0,0.38707250970994445
1194.0,0.3887083666545569
1195.0,0.3900355339146066
1196.0,0.39095707019754034
1197.0,0.3922047419118049
1198.0,0.3938877122058304
1199.0,0.39525011293946294
1200.0,0.39618072318856257
1201.0,0.3972789515363671
1202.0,0.39807618199822437
1203.0,0.39819590554465123
1204.0,0.3988139741185642
1205.0,0.3994580176062657
1206.0,0.4004129178071954
1207.0,0.4015717680613741
1208.0,0.4027809252793936
1209.0,0.404330985898399
1210.0,0.4055871237053374
1211.0,0.40656231135387383
1212.0,0.4079332504530257
1213.0,0.40968104736099986
1214.0,0.4110649015884077
1215.0,0.41256370290794137
1216.0,0.41378663387848935
1217.0,0.41516842637890466
1218.0,0.41602759514255455
1219.0,0.4167391884606961
1220.0,0.4171834255567145
1221.0,0.4181447623083657
1222.0,0.4188481607412086
1223.0,0.42001251657834054
1224.0,0.4221359924075182
1225.0,0.4234146167992834
1226.0,0.424279217718547
1227.0,0.42518067435386137
1228.0,0.4256765096891147
1229.0,0.42658445869899264
1230.0,0.42779148931024175
1231.0,0.42878357432112285
1232.0,0.42981824842498134
1233.0,0.43088504070708394
1234.0,0.4311653012641473
1235.0,0.4323040240329198
1236.0,0.4339607788672563
1237.0,0.4364429455922987
1238.0,0.43781414837173976
1239.0,0.439537437720011
1240.0,0.4405935362521282
1241.0,0.4402594918819882
1242.0,0.4411198163368896
1243.0,0.4425433851219436
1244.0,0.44374386393455845
1245.0,0.44531285530158554
1246.0,0.4465127861438981
1247.0,0.4473203511146724
1248.0,0.4484122283397834
1249.0,0.44951008848856194
1250.0,0.4506937680973396
1251.0,0.4521838060158767
1252.0,0.4535022714992253
1253.0,0.4546860348956697
1254.0,0.4557992236248532
1255.0,0.45671724137965375
1256.0,0.4573105858776277
1257.0,0.4582959898143916
1258.0,0.45936417923355566
1259.0,0.460354670944758
1260.0,0.46155854609068014
1261.0,0.46256400307938356
1262.0,0.4631724011989412
1263.0,0.46419791859669496
1264.0,0.4655215994476435
1265.0,0.46668834666708153
1266.0,0.4678817366141668
1267.0,0.4691755212991247
1268.0,0.4705051890912323
1269.0,0.4717861230097417
1270.0,0.4729437266375194
1271.0,0.4742074347155228
1272.0,0.47532618380584446
1273.0,0.4760954651107586
1274.0,0.4772579543964009
1275.0,0.47871093281216043
1276.0,0.4798804030292721
1277.0,0.48100476750104526
1278.0,0.48217352437072947
1279.0,0.48339918863380243
1280.0,0.4843455350356374
1281.0,0.48513661218453225
1282.0,0.48603833331947816
1283.0,0.4864865730030698
1284.0,0.48741330633558394
1285.0,0.4888923536828929
1286.0,0.49013345756947607
1287.0,0.49136275080233566
1288.0,0.4927434098720994
1289.0,0.49402589239603545
1290.0,0.4952651996528413
1291.0,0.496341293528135
1292.0,0.4975067290378267
1293.0,0.49832381169736606
1294.0,0.49844474619303397
1295.0,0.4994727878785294
1296.0,0.5010480970264982
1297.0,0.5020289858609038
1298.0,0.5031245005623594
1299.0,0.5042415205505836
1300.0,0.5045220388831628
1301.0,0.5056714645455676
1302.0,0.5078337133865616
1303.0,0.5094605823112952
1304.0,0.5112883779205449
1305.0,0.5128014271258746
1306.0,0.5140915109209493
1307.0,0.5149986073438916
1308.0,0.5161035301648365
1309.0,0.516882455840878
1310.0,0.5184101560597278
1311.0,0.5205356486155003
1312.0,0.5218752784504527
1313.0,0.5233176532915628
1314.0,0.5245697640439375
1315.0,0.5248388200808416
1316.0,0.5261365104908573
1317.0,0.528302781315638
1318.0,0.5298715210956914
1319.0,0.5316264893920524
1320.0,0.5330606186622041
1321.0,0.5339693668368438
1322.0,0.5351056832036495
1323.0,0.536440752738486
1324.0,0.5374845710881544
1325.0,0.5385037058961102
1326.0,0.5393170644759787
1327.0,0.5399318380594649
1328.0,0.5400486767208744
1329.0,0.5408230680715824
1330.0,0.5416162099764587
1331.0,0.5427397132140663
1332.0,0.5444857657897239
1333.0,0.5456912326997034
1334.0,0.5467451579943194
1335.0,0.5479290616133756
1336.0,0.5488733057141617
1337.0,0.5501248958256008
1338.0,0.5517405063434752
1339.0,0.5531087701908133
1340.0,0.5543917458651408
1341.0,0.5558028535483938
1342.0,0.5572517902859498
1343.0,0.5586213040552092
1344.0,0.5603452989577288
1345.0,0.561560996129103
1346.0,0.5621619605293305
1347.0,0.5631648418355902
1348.0,0.5638565926571262
1349.0,0.5639528992263824
1350.0,0.5651171524727463
1351.0,0.5668944675360268
1352.0,0.568073161212255
1353.0,0.5695390627611847
1354.0,0.5708448253535509
1355.0,0.571465690427155
1356.0,0.5727845370935939
1357.0,0.5748281393903202
1358.0,0.5763071879226574
1359.0,0.5776349902977537
1360.0,0.5790237138816945
1361.0,0.5804159666268289
1362.0,0.5815810983047476
1363.0,0.5825952852515373
1364.0,0.583691627122909
1365.0,0.584495868336963
1366.0,0.585460590336388
1367.0,0.5865219527074048
1368.0,0.5878703718821312
1369.0,0.5888898827832534
1370.0,0.5898262923253698
1371.0,0.5907639020263139
1372.0,0.591559617855986
1373.0,0.5924841723480525
1374.0,0.5933184599891899
1375.0,0.5945109443674638
1376.0,0.5960107373933456
1377.0,0.5972186305737471
1378.0,0.5986092199132947
1379.0,0.5998516405970739
1380.0,0.6007814320345464
1381.0,0.6018756836776263
1382.0,0.6030428319583743
1383.0,0.6042021096959608
1384.0,0.6053000251081478
1385.0,0.6064887663137657
1386.0,0.6078787529067895
1387.0,0.6091012242107798
1388.0,0.6103790534711357
1389.0,0.6114127069164453
1390.0,0.6122609216697044
1391.0,0.6129706510033689
1392.0,0.6138055915836174
1393.0,0.6146367237190203
1394.0,0.6152296476975617
1395.0,0.6156904506470843
1396.0,0.6164344639164653
1397.0,0.6169285527913548
1398.0,0.6178596807329786
1399.0,0.6194320055605935
1400.0,0.6204286883599173
1401.0,0.6211748817290649
1402.0,0.6221417587893513
1403.0,0.6230055223201437
1404.0,0.6239993491640775
1405.0,0.6253237437941003
1406.0,0.6263436468854899
1407.0,0.6269890547868364
1408.0,0.6280406308158388
1409.0,0.6291232814440385
1410.0,0.6303691863010198
1411.0,0.6322131306583147
1412.0,0.6335698642773065
1413.0,0.6346300844478673
1414.0,0.6358931272239978
1415.0,0.6366664082065687
1416.0,0.6374928982113556
1417.0,0.63824252889748
1418.0,0.6388984724982152
1419.0,0.6395856380746553
1420.0,0.64010267231411
1421.0,0.6409859189887628
1422.0,0.6420358508260381
1423.0,0.6431007557712649
1424.0,0.6444083544074237
1425.0,0.6456136348115695
1426.0,0.6468085124251435
1427.0,0.6479572568188926
1428.0,0.6490624693049515
1429.0,0.6502332992731925
1430.0,0.6513871930512112
1431.0,0.6525516078525275
1432.0,0.653767520117039
1433.0,0.6550257963772758
1434.0,0.6562295793000626
1435.0,0.6575476705981547
1436.0,0.6591837851471312
1437.0,0.6604982830847412
1438.0,0.6617408861003438
1439.0,0.6628387635351563
1440.0,0.6638502814756349
1441.0,0.6646485328681575
1442.0,0.6652535299078225
1443.0,0.6659138830716865
1444.0,0.6667559394168361
1445.0,0.6674382498697878
1446.0,0.6685507714124077
1447.0,0.6701397798524785
1448.0,0.6713934524322684
1449.0,0.6726133544443725
1450.0,0.6739420066326738
1451.0,0.6753024016083907
1452.0,0.6765872693168297
1453.0,0.6780397339935037
1454.0,0.6792049371322627
1455.0,0.6801128690235825
1456.0,0.6810639171799527
1457.0,0.6819016926299583
1458.0,0.6828293862740564
1459.0,0.6838630430163731
1460.0,0.6846901246649719
1461.0,0.6852341710524784
1462.0,0.686118260488966
1463.0,0.6870739730658001
1464.0,0.6880535852969383
1465.0,0.6892450615071387
1466.0,0.6904824112352459
1467.0,0.6916336726119859
1468.0,0.6928535691720636
1469.0,0.694517304360305
1470.0,0.6962829829128677
1471.0,0.6977630885757349
1472.0,0.6992858580713534
1473.0,0.7006024734191534
1474.0,0.701617565339812
1475.0,0.7028148220315753
1476.0,0.7040654514711882
1477.0,0.705247829655328
1478.0,0.7064202810271447
1479.0,0.7074904199700364
1480.0,0.7084786202710044
1481.0,0.7094762551819449
1482.0,0.7102483412132654
1483.0,0.7114494593109187
1484.0,0.7129841413891237
1485.0,0.7142233921558417
1486.0,0.7156496553374894
1487.0,0.71683208028328
1488.0,0.717542886867087
1489.0,0.7186364084336141
1490.0,0.7199341365917382
1491.0,0.7211102514402572
1492.0,0.7224681478003213
1493.0,0.7236113239561465
1494.0,0.7244361534622369
1495.0,0.7255038098072456
1496.0,0.7266837624888585
1497.0,0.7277608410476435
1498.0,0.7287137688823822
1499.0,0.7299774330894607
1500.0,0.7314527413589917
1501.0,0.7327425030294542
1502.0,0.7343485153514305
1503.0,0.7359396872786573
1504.0,0.7372469669123586
1505.0,0.7383251561913396
1506.0,0.739394706690507
1507.0,0.7402971569449721
1508.0,0.7412944777419137
1509.0,0.7421137513463744
1510.0,0.7433084033494222
1511.0,0.7448157658127424
1512.0,0.7460357106193
1513.0,0.7472915720873539
1514.0,0.7485297824897554
1515.0,0.74956512447161
1516.0,0.750764653908016
1517.0,0.7523005285745334
1518.0,0.7534285113858429
1519.0,0.7542344326237475
1520.0,0.7552464478105436
1521.0,0.7560561557881988
1522.0,0.7571587480761682
1523.0,0.7585685214158767
1524.0,0.7598956738721564
1525.0,0.7614392684296032
1526.0,0.7627128576559654
1527.0,0.7638663635058645
1528.0,0.7649599265245903
1529.0,0.7656804221233443
1530.0,0.7667382916339416
1531.0,0.7678381690298817
1532.0,0.7691497962503637
1533.0,0.7708570061178217
1534.0,0.7724298380642685
1535.0,0.7741635543306258
1536.0,0.7757277484101476
1537.0,0.777369481928095
1538.0,0.7786361558260808
1539.0,0.779498388969626
1540.0,0.780455535783298
1541.0,0.7812976313685741
1542.0,0.7817181137196569
1543.0,0.7827769068567967
1544.0,0.7841843837321962
1545.0,0.7852956456027146
1546.0,0.7866001845080455
1547.0,0.7876889365522614
1548.0,0.7885148388066203
1549.0,0.7894519144637776
1550.0,0.7904399513074737
1551.0,0.7913511207067028
1552.0,0.7921423052282541
1553.0,0.7930819291710877
1554.0,0.7940277160033599
1555.0,0.795095737239911
1556.0,0.7962368266508805
1557.0,0.7974902486617204
1558.0,0.798976080635873
1559.0,0.8002426654608316
1560.0,0.801395066816279
1561.0,0.8027466617155413
1562.0,0.8040538947403743
1563.0,0.8054648504405945
1564.0,0.8073324958826441
1565.0,0.8086671930440607
1566.0,0.8096644829840884
1567.0,0.8107815564054647
1568.0,0.811709993343086
1569.0,0.8126709790584735
1570.0,0.8137790055909515
1571.0,0.8147069339853001
1572.0,0.8151929276659848
1573.0,0.8161891756897354
1574.0,0.8173860579956299
1575.0,0.8186318597971305
1576.0,0.8203512608162159
1577.0,0.8218018776816878
1578.0,0.8231225552143671
1579.0,0.8244389995474593
1580.0,0.82553524376971
1581.0,0.8268758912253131
1582.0,0.8283589152028284
1583.0,0.8298050048891275
1584.0,0.8317945997287045
1585.0,0.833122655190215
1586.0,0.8337979609358666
1587.0,0.8347276650470792
1588.0,0.8352444596208708
1589.0,0.8360168177548191
1590.0,0.8369793900621204
1591.0,0.8383237947151803
1592.0,0.8394278375454329
1593.0,0.840480673039831
1594.0,0.8416920166785752
1595.0,0.8430340315350908
1596.0,0.8441537080737762
1597.0,0.8453399752210121
1598.0,0.8462802749719747
1599.0,0.8469470625074189
1600.0,0.8477489877170289
1601.0,0.8484236188435236
1602.0,0.8493852868736851
1603.0,0.8504525435106721
1604.0,0.8515562501877881
1605.0,0.8528839050233323
1606.0,0.8540610889905903
1607.0,0.8551661056629419
1608.0,0.8563475274016932
1609.0,0.8575867369573003
1610.0,0.8587317602764002
1611.0,0.8599571247613221
1612.0,0.8609215197894532
1613.0,0.8616204516997505
1614.0,0.8625480192036475
1615.0,0.8633482292643884
1616.0,0.8643881572801388
1617.0,0.865785226165286
1618.0,0.8668474797488778
1619.0,0.8678114169407577
1620.0,0.8688233682207567
1621.0,0.869710955034097
1622.0,0.8706408303196062
1623.0,0.871569111058757
1624.0,0.8726597864591031
1625.0,0.8740132873400577
1626.0,0.8748807214383874
1627.0,0.8754792829188711
1628.0,0.8764061225423225
1629.0,0.8770581459607234
1630.0,0.8779817498145294
1631.0,0.8794646953826651
1632.0,0.8806372858628607
1633.0,0.8816635382391098
1634.0,0.8826564310451336
1635.0,0.8836948595467798
1636.0,0.8845900137910534
1637.0,0.8852041179934191
1638.0,0.8859858391331417
1639.0,0.8869433859298924
1640.0,0.8876389365635649
1641.0,0.8880492929065071
1642.0,0.8888605577814541
1643.0,0.8897258307058084
1644.0,0.8905814936872993
1645.0,0.8917949570089685
1646.0,0.8928236237338493
1647.0,0.8935174405923698
1648.0,0.8945253223813603
1649.0,0.8958082388026419
1650.0,0.8969356672923021
1651.0,0.898200700544797
1652.0,0.8992273376738295
1653.0,0.9002540309680869
1654.0,0.9009451125719083
1655.0,0.9012125927964303
1656.0,0.9016980866586731
1657.0,0.9018298611346698
1658.0,0.9023130635329325
1659.0,0.9032332302945852
1660.0,0.9039208104148023
1661.0,0.9045164350673004
1662.0,0.9053359502718311
1663.0,0.9063618021556451
1664.0,0.9071113515940467
1665.0,0.9077678505794138
1666.0,0.908623963877722
1667.0,0.9090720263993781
1668.0,0.9100381863089855
1669.0,0.9116518664630713
1670.0,0.9130626657858706
1671.0,0.9149576913176001
1672.0,0.9162380552760976
1673.0,0.9170109257727385
1674.0,0.9179495006294389
1675.0,0.9184732513088798
1676.0,0.9192030663972622
1677.0,0.9202559011916377
1678.0,0.9212204754947381
1679.0,0.9220991735591123
1680.0,0.9229945524205506
1681.0,0.9238924896217514
1682.0,0.9247968312005274
1683.0,0.9256783052188399
1684.0,0.9266125494935838
1685.0,0.927493670331123
1686.0,0.9285752199451094
1687.0,0.9297256765594211
1688.0,0.9310419074062931
1689.0,0.9328334152694945
1690.0,0.934283178655316
1691.0,0.9356280184158697
1692.0,0.9369999662868782
1693.0,0.9379972801726296
1694.0,0.9392799487997975
1695.0,0.9410406165021309
1696.0,0.9421783029188842
1697.0,0.9429541135450681
1698.0,0.9441950712435528
1699.0,0.9452878387353602
1700.0,0.9465041895859254
1701.0,0.9483816714463151
1702.0,0.9495854957485708
1703.0,0.9503201988895242
1704.0,0.9510826737032513
1705.0,0.9515198101753262
1706.0,0.952074453800162
1707.0,0.9524011575923721
1708.0,0.9532064721617906
1709.0,0.9545403726277367
1710.0,0.9554885606436859
1711.0,0.9566052413474101
1712.0,0.9573976496860054
1713.0,0.957532389302218
1714.0,0.9582406512403184
1715.0,0.9591098088158629
1716.0,0.9600695167967676
1717.0,0.9617203244969502
1718.0,0.9625201852070027
1719.0,0.9626136309478825
1720.0,0.9634305117057137
1721.0,0.9642988200772891
1722.0,0.9648551368073947
1723.0,0.9655754950983166
1724.0,0.9664255675944077
1725.0,0.9667868545149332
1726.0,0.9679114893472522
1727.0,0.9698979143967539
1728.0,0.9715092782094247
1729.0,0.9733446001280559
1730.0,0.9745870466646976
1731.0,0.9755725010758393
1732.0,0.9763617427645984
1733.0,0.9766325239616348
1734.0,0.9771652845089651
1735.0,0.9775524221433901
1736.0,0.9784001172443807
1737.0,0.979702429532115
1738.0,0.9804602020458499
1739.0,0.9810094629099958
1740.0,0.9817977770478393
1741.0,0.9824763706268662
1742.0,0.9832455900849767
1743.0,0.9845742040694794
1744.0,0.9853800457289908
1745.0,0.985561815672196
1746.0,0.9859483334737844
1747.0,0.9860348295610228
1748.0,0.986690286883136
1749.0,0.9878434086779077
1750.0,0.9888208551870228
1751.0,0.9900115944638231
1752.0,0.9911227746533783
1753.0,0.9921108972293354
1754.0,0.9933029222157048
1755.0,0.994767754610799
1756.0,0.9958386976344928
1757.0,0.9967150702898002
1758.0,0.9975095040996699
1759.0,0.9977493003864163
1760.0,0.9986794154691537
1761.0,0.9996966695277242
1762.0,1.0010704327162787
1763.0,1.002894535693091
1764.0,1.0042799796041426
1765.0,1.0050003333285964
1766.0,1.0053110273533636
1767.0,1.0058124158107147
1768.0,1.0062867305268677
1769.0,1.0074905875471427
1770.0,1.0085948816404051
1771.0,1.009118326972489
1772.0,1.0103834943305843
1773.0,1.0111094864807588
1774.0,1.0115334958042699
1775.0,1.0123826770300859
1776.0,1.012808087377378
1777.0,1.0134030921148527
1778.0,1.014238935706831
1779.0,1.0157923517432785
1780.0,1.0173907455031101
1781.0,1.0180244445952331
1782.0,1.0185863524621654
1783.0,1.0192465314050911
1784.0,1.019713070183195
1785.0,1.0201180794497564
1786.0,1.0212585441741697
1787.0,1.022171474548169
1788.0,1.0223690437333748
1789.0,1.02334786959038
1790.0,1.0244357182628696
1791.0,1.0253479020747553
1792.0,1.0268933127740638
1793.0,1.0278335279660975
1794.0,1.0280813200225067
1795.0,1.0288868868485954
1796.0,1.0298440289523112
1797.0,1.03075163160545
1798.0,1.0320701575536213
1799.0,1.0325121401789656
1800.0,1.0323520970905815
1801.0,1.0301682571780477
1802.0,1.0305387724535366
1803.0,1.0313110083283032
1804.0,1.032069942559288
1805.0,1.0323310610645533
1806.0,1.0337399265977905
1807.0,1.0363310690522998
1808.0,1.0374475780803467
1809.0,1.038656710632691
1810.0,1.0397843170126233
1811.0,1.0397053307216981
1812.0,1.0400048388030965
1813.0,1.0422427982219367
1814.0,1.044349495731555
1815.0,1.0447741171084526
1816.0,1.0441436416973864
1817.0,1.044193029836342
1818.0,1.0426060623627493
1819.0,1.042864187018578
1820.0,1.0441689643452436
1821.0,1.046118683104692
1822.0,1.050106565229463
1823.0,1.0523066862628392
1824.0,1.0532483714710088
1825.0,1.0544122361360488
1826.0,1.0553944713535144
1827.0,1.054480285145799
1828.0,1.0551956630269845
1829.0,1.0581274307208033
1830.0,1.0589225641942204
1831.0,1.0584598068199222
1832.0,1.0581282373350718
1833.0,1.0585818657165158
1834.0,1.0599463980871955
1835.0,1.0609618951577238
1836.0,1.0633200054975422
1837.0,1.0641052115312901
1838.0,1.0634011165600645
1839.0,1.0637413124074722
1840.0,1.0636528979030881
1841.0,1.0652198066209715
1842.0,1.06687409792211
1843.0,1.0676944693914252
1844.0,1.0694391733406694
1845.0,1.0709053269313495
1846.0,1.0713300339927483
1847.0,1.0708197533511603
1848.0,1.0712907131860117
1849.0,1.0708785204593763
1850.0,1.0714774637399822
1851.0,1.073144477474451
1852.0,1.0750421052982242
1853.0,1.0768307612556463
1854.0,1.077404125853959
1855.0,1.0777720404839606
1856.0,1.078267319904053
1857.0,1.0784624707040504
1858.0,1.0781153642734085
1859.0,1.0784927607157448
1860.0,1.0794393507411055
1861.0,1.079292921856328
1862.0,1.0797649740765969
1863.0,1.0791069544575382
1864.0,1.078180595666368
1865.0,1.0772883061817535
1866.0,1.0764778234748391
1867.0,1.0777840306576396
1868.0,1.0784775621552398
1869.0,1.0797765924954459
1870.0,1.080811172245644
1871.0,1.0822790762118997
1872.0,1.0823150736110296
1873.0,1.082998816992041
1874.0,1.0824441291042166
1875.0,1.081778958853535
1876.0,1.0801576668854074
1877.0,1.0771479519108307
1878.0,1.0762797494959586
1879.0,1.0753190978915665
1880.0,1.0748503830685319
1881.0,1.0741268969577618
1882.0,1.0740593865773018
1883.0,1.0727929855673075
1884.0,1.071833602454147
1885.0,1.0701382394760675
1886.0,1.0679916393804276
1887.0,1.0651186575983855
1888.0,1.061174614882398
1889.0,1.056326640483764
1890.0,1.0523898288591993
1891.0,1.048089379757544
1892.0,1.0456311791868633
1893.0,1.0439468241906604
1894.0,1.041676914437396
1895.0,1.039550302757338
1896.0,1.0363297890342447
1897.0,1.0306794029020607
1898.0,1.0260192332293383
1899.0,1.0211864423623682
1900.0,1.0149535538693724
1901.0,1.0101078586695742
1902.0,1.00607828162104
1903.0,1.0020880193063983
1904.0,0.9975269788724194
1905.0,0.9942767012558525
1906.0,0.9909734277305159
1907.0,0.9875912440409261
1908.0,0.9859373819757027
1909.0,0.9836341883067015
1910.0,0.9809164356247796
1911.0,0.9798276796994655
1912.0,0.9784271902725586
1913.0,0.9767263277757019
1914.0,0.9749175334419907
1915.0,0.9750501620215662
1916.0,0.9750375375172279
1917.0,0.9743221922907805
1918.0,0.9756063345989924
1919.0,0.9762262458462012
1920.0,0.97525707100475
1921.0,0.9745680558098017
1922.0,0.9743218589383553
1923.0,0.9739027090854832
1924.0,0.9739818154133059
1925.0,0.9739187944026686
1926.0,0.9761080023563005
1927.0,0.9784284930230769
1928.0,0.9798841676909948
1929.0,0.9825483818213168
1930.0,0.9821747264196155
1931.0,0.9806476587951517
1932.0,0.9816842650781084
1933.0,0.9826531752216178
1934.0,0.9858536031294801
1935.0,0.9902136452127505
1936.0,0.9927385029320974
1937.0,0.9944376812509733
1938.0,0.9953710011850737
1939.0,0.9947083225473203
1940.0,0.9942300929521791
1941.0,0.9950432750843061
1942.0,0.9970588694297293
1943.0,1.0004990610786961
1944.0,1.0027664776012024
1945.0,1.0047822367788364
1946.0,1.0064121352323072
1947.0,1.0069141176306529
1948.0,1.0081769691849136
1949.0,1.0099610590373023
1950.0,1.0112818495015556
1951.0,1.0122014006160422
1952.0,1.0137503017970784
1953.0,1.0154442504324381
1954.0,1.0168343280656316
1955.0,1.0178061230952413
1956.0,1.0182909105813163
1957.0,1.0183854654963864
1958.0,1.018597892008342
1959.0,1.0197952011986908
1960.0,1.0224547481461481
1961.0,1.0251912353584953
1962.0,1.0286932655083214
1963.0,1.031223654294853
1964.0,1.0343870381605247
1965.0,1.0360272258741245
1966.0,1.0365694101223628
1967.0,1.038641595184545
1968.0,1.0407311385521203
1969.0,1.0411069371671222
1970.0,1.0411515753111968
1971.0,1.0410938092734672
1972.0,1.0417019271337025
1973.0,1.0421536093957406
1974.0,1.0435482574292758
1975.0,1.04632599375761
1976.0,1.048354649361989
1977.0,1.0497459992129576
1978.0,1.0503771795752794
1979.0,1.0501495253900466
1980.0,1.0515353788153015
1981.0,1.0534228151552543
1982.0,1.0554553702437646
1983.0,1.058544202378641
1984.0,1.0610873763782407
1985.0,1.062809915048464
1986.0,1.0639004372550303
1987.0,1.0648898572138026
1988.0,1.0650762722799034
1989.0,1.0654908615169632
1990.0,1.0656881766490582
1991.0,1.0660407940041803
1992.0,1.068264721290239
1993.0,1.0692473822077881
1994.0,1.0707462626896957
1995.0,1.0747655080164673
1996.0,1.0769215847557938
1997.0,1.077751605164165
1998.0,1.079734578204007
1999.0,1.0815921448889716
2000.0,1.083645880935437
2001.0,1.0860472209051433
2002.0,1.0895124761613777
2003.0,1.092183230675331
2004.0,1.0935113093780249
2005.0,1.094856836374099
2006.0,1.0953485167044095
2007.0,1.0951249765508007
2008.0,1.0951992993165784
2009.0,1.0956035578662013
2010.0,1.0955762378075804
2011.0,1.0967306825148437
2012.0,1.0995382286060271
2013.0,1.1008901801017614
2014.0,1.1016275345671303
2015.0,1.103104309054687
2016.0,1.104945723552929
2017.0,1.1064155444099972
2018.0,1.109253482514169
2019.0,1.1114562075848646
2020.0,1.11278322679814
2021.0,1.1137993550619874
2022.0,1.1149869209437628
2023.0,1.1166854849255725
2024.0,1.1176133755304243
2025.0,1.1174413464126856
2026.0,1.1184784394557086
2027.0,1.120018906110905
2028.0,1.1210738352735892
2029.0,1.1222281939065843
2030.0,1.124219765114403
2031.0,1.1254267098559867
2032.0,1.127238624676187
2033.0,1.1294229270365301
2034.0,1.1311230913629806
2035.0,1.1320003677452048
2036.0,1.131464828573599
2037.0,1.1316960372492981
2038.0,1.1315186777336184
2039.0,1.1322176208555093
2040.0,1.133600743641775
2041.0,1.1345251268876884
2042.0,1.1351160794339414
2043.0,1.1363183545539737
2044.0,1.1375274290210395
2045.0,1.1399023354372917
2046.0,1.1414717010184379
2047.0,1.1435856337020796
2048.0,1.1442079242840015
2049.0,1.1450374374753707
2050.0,1.1462837341684273
2051.0,1.1467904537095588
2052.0,1.1477241464318837
2053.0,1.1488514323679606
2054.0,1.1491403063290277
2055.0,1.1494071320299728
2056.0,1.1497823766139255
2057.0,1.1492431056937056
2058.0,1.1497229704014043
2059.0,1.1512527667291685
2060.0,1.1514841878827171
2061.0,1.1522692520652007
2062.0,1.1536578613867983
2063.0,1.1542448808935006
2064.0,1.1550499292219902
2065.0,1.1561705365603352
2066.0,1.1581286806643445
2067.0,1.1594026153717025
2068.0,1.1609092946870405
2069.0,1.1622767486645982
2070.0,1.1633862022182677
2071.0,1.163756713221559
2072.0,1.1632924390882935
2073.0,1.1637392872778913
2074.0,1.1642353518902684
2075.0,1.1645612220968444
2076.0,1.1650222778930908
2077.0,1.1658859181312617
2078.0,1.1659244903814776
2079.0,1.1656896480154497
2080.0,1.165676925450501
2081.0,1.1663919117020978
2082.0,1.1661515011641401
2083.0,1.1642443678145613
2084.0,1.1642387182378668
2085.0,1.1646839374409594
2086.0,1.1654988399159745
2087.0,1.1681463882447283
2088.0,1.1695147740044776
2089.0,1.1702847462517563
2090.0,1.171490129092291
2091.0,1.1717909574207903
2092.0,1.1726341709333166
2093.0,1.1740615705626454
2094.0,1.1747210286275522
2095.0,1.1767458371097672
2096.0,1.1787672726953502
2097.0,1.180476154168026
2098.0,1.1833388828466533
2099.0,1.1837724003598915
2100.0,1.1818106347060178
2101.0,1.1815956456604375
2102.0,1.1801745033764959
2103.0,1.181109714858516
2104.0,1.185340587666427
2105.0,1.1874002799123817
2106.0,1.1901836737707856
2107.0,1.1902366469877788
2108.0,1.1904995267785687
2109.0,1.1913246794570034
2110.0,1.1907215507794968
2111.0,1.1915352311490115
2112.0,1.1929168628840088
2113.0,1.1928443634549983
2114.0,1.1937255320538267
2115.0,1.1963111327944096
2116.0,1.1972149429882537
2117.0,1.196909876142697
2118.0,1.197393112261501
2119.0,1.1983069995589513
2120.0,1.1983346181815238
2121.0,1.1980233406883027
2122.0,1.1976554887362452
2123.0,1.1956124833731387
2124.0,1.195459739834693
2125.0,1.1968065893844024
2126.0,1.1979506434918448
2127.0,1.1989359491430907
2128.0,1.1979145517207275
2129.0,1.1946590246596311
2130.0,1.1933019196675565
2131.0,1.1917222839853856
2132.0,1.191463956814385
2133.0,1.192916357693281
2134.0,1.19670202497876
2135.0,1.1989345504212139
2136.0,1.2030992313408948
2137.0,1.2047777880996533
2138.0,1.2039801134262977
2139.0,1.2045160478370893
2140.0,1.2052146334757714
2141.0,1.2050218642723218
2142.0,1.2042517905045522
2143.0,1.2047083878353784
2144.0,1.2037673953249701
2145.0,1.203760493484811
2146.0,1.204450191321631
2147.0,1.204238478728269
2148.0,1.2052463356154681
2149.0,1.2048472289524625
2150.0,1.2050111248076996
2151.0,1.2061210484897222
2152.0,1.2065668440339314
2153.0,1.2064969731323292
2154.0,1.2066023474049437
2155.0,1.2071193772177011
2156.0,1.2064139469679427
2157.0,1.2042986091329317
2158.0,1.2038351318745089
2159.0,1.203914158466656
2160.0,1.204013336492867
2161.0,1.20546680365195
2162.0,1.2055930138145685
2163.0,1.2045891405777713
2164.0,1.202294339607377
2165.0,1.205310429137159
2166.0,1.2081944422776345
2167.0,1.211225005130422
2168.0,1.2145736322002374
2169.0,1.2118687259268495
2170.0,1.2076267534132554
2171.0,1.205999431268108
2172.0,1.204147048820884
2173.0,1.2037583201862536
2174.0,1.2061914167174048
2175.0,1.2063277845437763
2176.0,1.20553497027161
2177.0,1.205606290471533
2178.0,1.205176530511464
2179.0,1.2052571347392647
2180.0,1.2064472249315885
2181.0,1.206742244901114
2182.0,1.206553703176797
2183.0,1.2066999138782926
2184.0,1.2076474963365247
2185.0,1.2064411304902047
2186.0,1.2047744052287246
2187.0,1.2065697769473067
2188.0,1.2086011067823785
2189.0,1.2102329246015997
2190.0,1.2116783395562158
2191.0,1.212337128570526
2192.0,1.2115538651202802
2193.0,1.2119125102346366
2194.0,1.2107470134398841
2195.0,1.208582993237367
2196.0,1.2069974205964051
2197.0,1.203347339594081
2198.0,1.2027584213854796
2199.0,1.2048783213596859
2200.0,1.206384383465607
2201.0,1.2102048272218087
2202.0,1.2109978064520928
2203.0,1.210640076302144
2204.0,1.2099675390316016
2205.0,1.2071684102347888
2206.0,1.2048220381387722
2207.0,1.2037771220831548
2208.0,1.2026208612144376
2209.0,1.2037135011818205
2210.0,1.205365141900692
2211.0,1.2073646831785185
2212.0,1.2107461945319
2213.0,1.2124219903270181
2214.0,1.212240352688846
2215.0,1.2111893041056614
2216.0,1.2080898956307942
2217.0,1.2078567625279772
2218.0,1.2092546177756964
2219.0,1.2085040800255336
2220.0,1.2085840693430028
2221.0,1.2088589480958276
2222.0,1.2054825564575238
2223.0,1.2060585960203343
2224.0,1.2112503630335005
2225.0,1.2130270311548745
2226.0,1.2153701855700099
2227.0,1.2163912244696566
2228.0,1.215017775251823
2229.0,1.2135110947546652
2230.0,1.2106437226063742
2231.0,1.2092226345196704
2232.0,1.2087335186888073
2233.0,1.2069644075593007
2234.0,1.2048108631209435
2235.0,1.2039015028895044
2236.0,1.201310921534181
2237.0,1.2014882548908317
2238.0,1.2051096484809254
2239.0,1.2091042019608418
2240.0,1.215080696308089
2241.0,1.218308466412462
2242.0,1.2203846395984457
2243.0,1.219801692051895
2244.0,1.2156087907222586
2245.0,1.2164305868240746
2246.0,1.2158937251896331
2247.0,1.2146642800122018
2248.0,1.2152315941340663
2249.0,1.2176738660460105
2250.0,1.2180492270750434
2251.0,1.2191271786977136
2252.0,1.220139261321537
2253.0,1.2196949165651687
2254.0,1.219004827838742
2255.0,1.2183765480966784
2256.0,1.2181113178920149
2257.0,1.216447559462081
2258.0,1.216154839815529
2259.0,1.2195601019150846
2260.0,1.218974324815292
2261.0,1.2152886336012105
2262.0,1.2142178365201783
2263.0,1.212310258257866
2264.0,1.2108199514497344
2265.0,1.2118335581576605
2266.0,1.2127808441054515
2267.0,1.2125503809022538
2268.0,1.2108134025574981
2269.0,1.2133644445798115
2270.0,1.216864705166662
2271.0,1.217407062446665
2272.0,1.217650375864546
2273.0,1.212904836943505
2274.0,1.2075617407787909
2275.0,1.205739998698591
2276.0,1.2023293602450709
2277.0,1.200295478225236
2278.0,1.1987389841800404
2279.0,1.1995388694059297
2280.0,1.2026850239013716
2281.0,1.2045160264726975
2282.0,1.207750573031288
2283.0,1.210517082283006
2284.0,1.2125750733209602
2285.0,1.2136848530899045
2286.0,1.2155957073137729
2287.0,1.2162010142144501
2288.0,1.2125622634998376
2289.0,1.2130953481377629
2290.0,1.2179438144145298
2291.0,1.2177841431755443
2292.0,1.2160070242659804
2293.0,1.215962024533558
2294.0,1.213819219170931
2295.0,1.2130271706218616
2296.0,1.2149885912833778
2297.0,1.2150940897615021
2298.0,1.2164257364941393
2299.0,1.2154850874363339
2300.0,1.2110348816939613
2301.0,1.2094441066703858
2302.0,1.2068892086300753
2303.0,1.2013932190727405
2304.0,1.1996016301202328
2305.0,1.201623086867922
2306.0,1.202998758712991
2307.0,1.2059070440687185
2308.0,1.2126144718296612
2309.0,1.2141730341397374
2310.0,1.2093118274314842
2311.0,1.2040587021481692
2312.0,1.1989613748095604
2313.0,1.1957670454998965
2314.0,1.2003177455302032
2315.0,1.2061389446480275
2316.0,1.2064767353610542
2317.0,1.207301606522944
2318.0,1.2068774278335888
2319.0,1.2021198537182256
2320.0,1.2002223200415099
2321.0,1.2015278477312386
2322.0,1.2019272056044787
2323.0,1.1995480341378457
2324.0,1.2026569371248732
2325.0,1.2090216211345646
2326.0,1.212440190948243
2327.0,1.2192433629755586
2328.0,1.2237701301966126
2329.0,1.225937743473086
2330.0,1.2292585950515487
2331.0,1.2349237197722955
2332.0,1.2347809692080134
2333.0,1.2283448678611941
2334.0,1.2278117791639935
2335.0,1.2261645186730867
2336.0,1.2249682704664184
2337.0,1.2302296820152847
2338.0,1.2307785756774379
2339.0,1.2274089947324414
2340.0,1.2253175635666123
2341.0,1.220933296094134
2342.0,1.2200349642740898
2343.0,1.2214752140854677
2344.0,1.2213481132166972
2345.0,1.2256742853191664
2346.0,1.2242285355271854
2347.0,1.2177120422185461
2348.0,1.2108004896346798
2349.0,1.2073560439694067
2350.0,1.204724996151018
2351.0,1.205967523712256
2352.0,1.2121130377604186
2353.0,1.2128028829269235
2354.0,1.2115677905994802
2355.0,1.2095128745701473
2356.0,1.2055998747551266
2357.0,1.2080426427556776
2358.0,1.2113260614015864
2359.0,1.2153839686707129
2360.0,1.2154457661033626
2361.0,1.2130099414667255
2362.0,1.2102040660662894
2363.0,1.2077721521740452
2364.0,1.214612345383546
2365.0,1.2201306602074118
2366.0,1.2190248858145953
2367.0,1.222645329502119
2368.0,1.224255413670107
2369.0,1.2164915789916306
2370.0,1.2199011610261183
2371.0,1.2198702771444156
2372.0,1.211933343652256
2373.0,1.2098629829476668
2374.0,1.2016336364288007
2375.0,1.2022887002164138
2376.0,1.2052142307460372
2377.0,1.2059318158055752
2378.0,1.2119642574285339
2379.0,1.2136404535421481
2380.0,1.2144571020159
2381.0,1.216588812438416
2382.0,1.2246383585043952
2383.0,1.2294243503042217
2384.0,1.2261647433284322
2385.0,1.2178482777091917
2386.0,1.2059917606671706
2387.0,1.1899219531553435
2388.0,1.1760194110587268
2389.0,1.1869119925108242
2390.0,1.1922476516374712
2391.0,1.1904253274170276
2392.0,1.2047374223190217
2393.0,1.1966895121053593
2394.0,1.1929132557360638
2395.0,1.2000045788352478
2396.0,1.1862818818951497
2397.0,1.1809329498627803
2398.0,1.1788749519017856
2399.0,1.1694463451369788
2400.0,1.1678249208228406
2401.0,1.169731321802939
2402.0,1.168190886513782
2403.0,1.1734076078496425
2404.0,1.184718005758524
2405.0,1.1993277913955782
2406.0,1.2047254894239416
2407.0,1.2059975605176851
2408.0,1.2105945283574626
2409.0,1.1897512449228573
2410.0,1.1717081754875587
2411.0,1.1610831556937415
2412.0,1.149605367758178
2413.0,1.1431572493225712
2414.0,1.1383123457048683
2415.0,1.1466978303461624
2416.0,1.137178524171421
2417.0,1.136251560138834
2418.0,1.165584239789388
2419.0,1.1766313606548844
2420.0,1.1810308585375378
2421.0,1.1819947016372383
2422.0,1.1538850458992853
2423.0,1.1261022650091121
2424.0,1.1200384598764979
2425.0,1.1235903661831366
2426.0,1.1348636230757914
2427.0,1.1472357943045113
2428.0,1.1455303143660178
2429.0,1.147797903961574
2430.0,1.1564937476482373
2431.0,1.1577914955136437
2432.0,1.1662410025275212
2433.0,1.1617667980264816
2434.0,1.129464226576213
2435.0,1.1239677225377576
2436.0,1.1354356840170814
2437.0,1.122767102625306
2438.0,1.1353314028525097
2439.0,1.1338656384091663
2440.0,1.1009880263471536
2441.0,1.1096084453640633
2442.0,1.1095421423073155
2443.0,1.1026242900842678
2444.0,1.1134734502626784
2445.0,1.1055745137601891
2446.0,1.1119594204348922
2447.0,1.1330356585394508
2448.0,1.137622940268161
2449.0,1.1439011339204745
2450.0,1.147783170018844
2451.0,1.1284210890208344
2452.0,1.1134147787965256
2453.0,1.1269920014125723
2454.0,1.1354512273018404
2455.0,1.1421527389966697
2456.0,1.1495290086331147
2457.0,1.119819651733002
2458.0,1.0968828565016273
2459.0,1.08883349847921
2460.0,1.0852971231725486
2461.0,1.1076307253491622
2462.0,1.1216103741929397
2463.0,1.1196522043656667
2464.0,1.1302806514933048
2465.0,1.129814891392351
2466.0,1.1288501544097986
2467.0,1.1487403559593905
2468.0,1.1559732545854802
2469.0,1.1855899273122097
2470.0,1.1832140889990996
2471.0,1.156689367683369
2472.0,1.1409006704230675
2473.0,1.0932660201826094
2474.0,1.0718093622870284
2475.0,1.0705311182419528
2476.0,1.0674103119590441
2477.0,1.072132714018551
2478.0,1.0773726602368707
2479.0,1.0845612791628134
2480.0,1.0952371482710637
2481.0,1.1039519112687946
2482.0,1.1215041699141037
2483.0,1.1734518652146608
2484.0,1.1763499888967723
2485.0,1.145846601121101
2486.0,1.1400629608436401
2487.0,1.1141631007488415
2488.0,1.1004258991839835
2489.0,1.1026057018789346
2490.0,1.1196321743010442
2491.0,1.1461729191307575
2492.0,1.1460935954004907
2493.0,1.1620074235738285
2494.0,1.1549700126402114
2495.0,1.099654302054109
2496.0,1.0856842123201327
2497.0,1.1025723508876324
2498.0,1.1071208606950291
2499.0,1.111746325856868
2500.0,1.0978934770636555
