350.0,-0.28445095462128417
351.0,-0.18045852497094722
352.0,-0.14901626733320295
353.0,-0.11148817938105086
354.0,-0.12450976168169545
355.0,-0.10359471039561795
356.0,-0.020133339464402173
357.0,-0.05503115113875637
358.0,-0.04794860543572696
359.0,-0.02214847212149305
360.0,-0.03530454429225418
361.0,0.011081897312381876
362.0,0.015786409475332712
363.0,-0.004031172268615714
364.0,0.011462450543855177
365.0,-0.043105921785640794
366.0,-0.0441599453910156
367.0,-0.00560927287003223
368.0,-0.03329965968000912
369.0,-0.012807960692203609
370.0,0.0012788248675017207
371.0,-0.005685684408976041
372.0,0.009360877555328783
373.0,0.0012199487910916455
374.0,-0.012742281100512181
375.0,-0.014780818594775601
376.0,-0.009145837956130677
377.0,-0.005962511043598291
378.0,0.002142282029210837
379.0,0.01733641736505962
380.0,0.015379153921161957
381.0,0.013105938652321023
382.0,0.014970306152665298
383.0,0.01864005497769796
384.0,0.011667715289065506
385.0,0.017855186594197856
386.0,0.026272136579823073
387.0,0.014092475874808313
388.0,0.009746821344017435
389.0,0.017881727346978883
390.0,0.026868363492091932
391.0,0.01678677006194186
392.0,0.028259877175552253
393.0,0.03131503130091507
394.0,0.0184205810228031
395.0,0.02625967714779611
396.0,0.03034356424574511
397.0,0.02726171074756625
398.0,0.021053813714192474
399.0,0.021659856990941008
400.0,0.019016425940320995
401.0,0.01805205405836352
402.0,0.025631848176964785
403.0,0.038619221227340524
404.0,0.03589820243916761
405.0,0.02548629914160896
406.0,0.029118850639189273
407.0,0.035102695096470724
408.0,0.03724572918472009
409.0,0.033888152096518305
410.0,0.02781965716296034
411.0,0.029333429362226937
412.0,0.034337117114952256
413.0,0.03745809971031632
414.0,0.036302731203025004
415.0,0.035240430795692355
416.0,0.03608656592241694
417.0,0.038602208272207936
418.0,0.03927604613049626
419.0,0.037051624367942716
420.0,0.03597911472747551
421.0,0.040229180668495554
422.0,0.04195871037636468
423.0,0.040185150520532474
424.0,0.037031031566203285
425.0,0.03643965775885509
426.0,0.03648007999277101
427.0,0.03938498229617302
428.0,0.04358611150638566
429.0,0.0411227649465755
430.0,0.040705722853847486
431.0,0.04119502002876259
432.0,0.04040813257351963
433.0,0.04067793085072324
434.0,0.04077204944667267
435.0,0.04076339862186391
436.0,0.0410651861630562
437.0,0.040183506989610436
438.0,0.04066919416809482
439.0,0.04161698363606776
440.0,0.03932220211498086
441.0,0.03974069306070945
442.0,0.04116208593189034
443.0,0.041802539704308125
444.0,0.04203509000191558
445.0,0.04195770553319462
446.0,0.04264739872346199
447.0,0.0441678965090836
448.0,0.04185716525535633
449.0,0.04085136054508645
450.0,0.04204920832122621
451.0,0.04348915955026561
452.0,0.04337253930542562
453.0,0.042872382173056285
454.0,0.04285494351765004
455.0,0.04333902169361339
456.0,0.0426908587867343
457.0,0.041785702751044713
458.0,0.04158228250635704
459.0,0.04174213734050817
460.0,0.04274863896233641
461.0,0.043647168693541176
462.0,0.04331283456633551
463.0,0.04299595440997058
464.0,0.042184588471123656
465.0,0.04206496635233441
466.0,0.044816361949206115
467.0,0.04462940180624869
468.0,0.043417759948315926
469.0,0.04318482340177079
470.0,0.04376352215893186
471.0,0.04315811854682589
472.0,0.042784549796382
473.0,0.04394724300597726
474.0,0.043083452201821124
475.0,0.041872080411687114
476.0,0.04180877946729718
477.0,0.04366200878767119
478.0,0.04390258126474074
479.0,0.043664524408999504
480.0,0.043636360395415935
481.0,0.04295972267764349
482.0,0.04274234431038702
483.0,0.04291272334934336
484.0,0.04305290398611617
485.0,0.04254406463617967
486.0,0.04373452078225447
487.0,0.04550327338807986
488.0,0.04524055549833824
489.0,0.04511513460642018
490.0,0.04471102352363014
491.0,0.043811340052539505
492.0,0.042751827356215445
493.0,0.04304056874602122
494.0,0.0430933935422068
495.0,0.0422588796384642
496.0,0.04503996036744942
497.0,0.046075483157926825
498.0,0.04448819132670523
499.0,0.042158882810743106
500.0,0.042626435494142446
501.0,0.0440232561660591
502.0,0.044918648305890735
503.0,0.04505697633046408
504.0,0.04496389769825878
505.0,0.04465983612815123
506.0,0.04419757796062029
507.0,0.04401697604749513
508.0,0.04384079141007071
509.0,0.044071933954927006
510.0,0.04512347894701708
511.0,0.0454517608614136
512.0,0.04540685920728107
513.0,0.045146416843229314
514.0,0.044431874944581916
515.0,0.04424143069511747
516.0,0.044110304837132276
517.0,0.04382570760734421
518.0,0.04494885075536509
519.0,0.0451528314587982
520.0,0.044664220906819756
521.0,0.04475721148912767
522.0,0.04444259814789928
523.0,0.04427825488403006
524.0,0.04440975022604656
525.0,0.044341701790646254
526.0,0.0452200626709034
527.0,0.04590293884211101
528.0,0.045519169407549055
529.0,0.04559619880934046
530.0,0.04532900701817655
531.0,0.045094451155386926
532.0,0.045674114843172665
533.0,0.0457614320068069
534.0,0.045770290050395755
535.0,0.04587264577239975
536.0,0.04565276569686598
537.0,0.045870545888501445
538.0,0.04599418816132853
539.0,0.045558895730288027
540.0,0.04545575326057477
541.0,0.045876692091047395
542.0,0.046467183751095174
543.0,0.04656735666172421
544.0,0.04621209553328625
545.0,0.046049775237638875
546.0,0.04632267611349905
547.0,0.04650481456493875
548.0,0.04642652709678215
549.0,0.04619022158399189
550.0,0.04602606123139169
551.0,0.046259051224756514
552.0,0.04610017655918374
553.0,0.045769427394462936
554.0,0.046241081954215425
555.0,0.046867608379621645
556.0,0.047121133255889305
557.0,0.04684136973099012
558.0,0.04648421046156419
559.0,0.04669734868444495
560.0,0.04702966198064057
561.0,0.046814747137848584
562.0,0.046828514161918
563.0,0.04706764715435237
564.0,0.04736794485586058
565.0,0.04745475616955773
566.0,0.04712105703647685
567.0,0.04697553541964016
568.0,0.04740339619979232
569.0,0.04781676529727327
570.0,0.047707654455860414
571.0,0.04721122603825918
572.0,0.04687601653879971
573.0,0.0474548311934321
574.0,0.04774219918053123
575.0,0.04735510550925939
576.0,0.047307709850666506
577.0,0.04778069735615839
578.0,0.04803079167986095
579.0,0.04757795701143827
580.0,0.04796555881902705
581.0,0.04793231932104733
582.0,0.047595321006347426
583.0,0.04796315193358556
584.0,0.0482802278562969
585.0,0.048387639800199014
586.0,0.04831006024662526
587.0,0.0482181438927233
588.0,0.048478796436636
589.0,0.048697194342215706
590.0,0.04844938388671741
591.0,0.048629980223242567
592.0,0.048795332801776635
593.0,0.048837904486883355
594.0,0.04902388058786716
595.0,0.04902544310747507
596.0,0.04895710390595071
597.0,0.0489773439374479
598.0,0.049135365475537915
599.0,0.049226450429858924
600.0,0.04919845088291407
601.0,0.04911451027274013
602.0,0.04923631318709281
603.0,0.049312426298676895
604.0,0.04930525176149746
605.0,0.04954625278328144
606.0,0.04971281281274517
607.0,0.04971256409417393
608.0,0.049634654948052165
609.0,0.0500149959601141
610.0,0.05008523016291223
611.0,0.04995484162095022
612.0,0.050309732516078925
613.0,0.05030871258276491
614.0,0.05040808491223928
615.0,0.05079232350826934
616.0,0.050695943628353335
617.0,0.05067106595523818
618.0,0.05078522612221556
619.0,0.05093145374485072
620.0,0.05105514874062106
621.0,0.0511743155443342
622.0,0.051282912655204564
623.0,0.051342522492780936
624.0,0.05124754177918846
625.0,0.051363964065279086
626.0,0.05183158283516242
627.0,0.05185746344484086
628.0,0.051762321959777174
629.0,0.051758142042227326
630.0,0.05194896549126548
631.0,0.051966920155960016
632.0,0.05209027912008603
633.0,0.052367672627853044
634.0,0.05237221850871911
635.0,0.05247540496622091
636.0,0.052584670792308365
637.0,0.0525564359798058
638.0,0.05262611164412029
639.0,0.05286633842742979
640.0,0.05311762998811742
641.0,0.05306948043962305
642.0,0.05319221256152169
643.0,0.053351136270355544
644.0,0.05345062269904188
645.0,0.05377555792414181
646.0,0.05382974062172024
647.0,0.053737237777618456
648.0,0.05381864400433693
649.0,0.05374012164903467
650.0,0.05400361522351653
651.0,0.054524550795630636
652.0,0.05446235123622425
653.0,0.05447572329864524
654.0,0.05463915516017936
655.0,0.054840775316851297
656.0,0.05484156086355555
657.0,0.05477454359484977
658.0,0.05487647943029105
659.0,0.05535120777268599
660.0,0.055445595530227744
661.0,0.05547677855648899
662.0,0.055673955257007364
663.0,0.0558689016527692
664.0,0.05603609594648915
665.0,0.05617603825950821
666.0,0.056284083599363106
667.0,0.05623634087592712
668.0,0.05626500894909321
669.0,0.056528448596105646
670.0,0.05705932287649756
671.0,0.057080015723429654
672.0,0.05714547693380915
673.0,0.057594253353944705
674.0,0.05757055159990636
675.0,0.05757545557122086
676.0,0.057724122435614686
677.0,0.057933494242846426
678.0,0.05796651344541529
679.0,0.05813154238477442
680.0,0.05848639748133229
681.0,0.05871522486428262
682.0,0.058935157888017786
683.0,0.0590771659299132
684.0,0.05909703311735099
685.0,0.05916558355018281
686.0,0.05920160169635969
687.0,0.05932999070795244
688.0,0.059743020984992234
689.0,0.05987090132987229
690.0,0.06004498736907955
691.0,0.06035176581793755
692.0,0.06019475487500701
693.0,0.060484365852424365
694.0,0.0609135473999329
695.0,0.060986999126121724
696.0,0.061392790124695625
697.0,0.0615397370813732
698.0,0.06146838321294727
699.0,0.06178852800995212
700.0,0.062020261989148825
701.0,0.06217885405406274
702.0,0.06236998675675125
703.0,0.06273867963818866
704.0,0.06283254317090102
705.0,0.06284827031061506
706.0,0.06313919971567193
707.0,0.06307119594124255
708.0,0.06328056159283778
709.0,0.06378072104156365
710.0,0.06377456609180414
711.0,0.06396540683406811
712.0,0.0642255605279113
713.0,0.06436535658026117
714.0,0.06459991067212584
715.0,0.06480142308901626
716.0,0.06492161522802846
717.0,0.0650005615814957
718.0,0.06541951411228646
719.0,0.06573291345078071
720.0,0.06580330845752361
721.0,0.06607589135285377
722.0,0.06641771308692679
723.0,0.06666236005546758
724.0,0.06674605184080364
725.0,0.06704270700747235
726.0,0.06739453831386552
727.0,0.06761326240495326
728.0,0.0675603135179731
729.0,0.06776393177596454
730.0,0.06818982992268319
731.0,0.06860281712597643
732.0,0.06853830272464598
733.0,0.06873133194708042
734.0,0.06910967683655174
735.0,0.06937554157382478
736.0,0.06952629429192012
737.0,0.0697068898089644
738.0,0.07000469355410924
739.0,0.07041998123956553
740.0,0.0705582506345777
741.0,0.07064924002420898
742.0,0.07089786801922561
743.0,0.07124022862297034
744.0,0.07159533614329278
745.0,0.0718965516684819
746.0,0.07212645223119363
747.0,0.07246863368123317
748.0,0.07271039129123884
749.0,0.07281163191312316
750.0,0.07292194524137066
751.0,0.07328587496910266
752.0,0.0736094169061707
753.0,0.07375496819292805
754.0,0.07420193166099127
755.0,0.07447435857566302
756.0,0.0747148094355109
757.0,0.07518563868970268
758.0,0.07541167939046395
759.0,0.07571375185282751
760.0,0.07607573578957762
761.0,0.0761487784842452
762.0,0.07659188427866838
763.0,0.0770139943016654
764.0,0.0771414711028776
765.0,0.07745178216516051
766.0,0.077650370893702
767.0,0.07788055367536924
768.0,0.07833737732355565
769.0,0.07856360915900079
770.0,0.07880464509742528
771.0,0.0791046849299347
772.0,0.07929132213803003
773.0,0.07961834315218781
774.0,0.07999102307258354
775.0,0.08030266389546661
776.0,0.0805598208226545
777.0,0.0808692152640619
778.0,0.08129157909957123
779.0,0.08178404397211217
780.0,0.08190809997832235
781.0,0.08208991767524765
782.0,0.08245063987172875
783.0,0.08280530832835638
784.0,0.08332336113531363
785.0,0.0837633247947853
786.0,0.08401997141678864
787.0,0.08437038536836496
788.0,0.08488353184816211
789.0,0.08532979630794474
790.0,0.08552141999548431
791.0,0.08598137230694414
792.0,0.08629997870762758
793.0,0.08651571844339756
794.0,0.08697762025683484
795.0,0.08719073219279166
796.0,0.08737148372684976
797.0,0.0877224725480595
798.0,0.08825890243236711
799.0,0.0887244411688379
800.0,0.08911373060210238
801.0,0.08947080774017405
802.0,0.08968875497693495
803.0,0.09007852166741467
804.0,0.09053504894992755
805.0,0.09075242493439065
806.0,0.09098224404409688
807.0,0.09138588891040313
808.0,0.09195000672752901
809.0,0.09245958535645708
810.0,0.09284193719253768
811.0,0.09306644069596409
812.0,0.09324091544020714
813.0,0.09380839085189543
814.0,0.09425107453039012
815.0,0.09457781395324902
816.0,0.09499471828427865
817.0,0.09547707314943059
818.0,0.09578917914765096
819.0,0.09600180973068635
820.0,0.09643916624791757
821.0,0.0968234774577574
822.0,0.09732270115119908
823.0,0.09796358202066013
824.0,0.09840983666432183
825.0,0.09876922695127298
826.0,0.09908417035033153
827.0,0.0994187944546691
828.0,0.09994651753176055
829.0,0.10064716021173546
830.0,0.1013091933848844
831.0,0.10165478466886477
832.0,0.1016782350306386
833.0,0.10182032112101125
834.0,0.10230646573366671
835.0,0.1030481163120108
836.0,0.10369188305912976
837.0,0.10417119699682269
838.0,0.1045322732880924
839.0,0.10491780861254082
840.0,0.1051002001432958
841.0,0.10535370782459814
842.0,0.10595743512509363
843.0,0.10654501581684667
844.0,0.1072101669091972
845.0,0.10779509931353234
846.0,0.10806365608865483
847.0,0.10831807485255081
848.0,0.1089033587606708
849.0,0.10960437263956978
850.0,0.10967141045466464
851.0,0.11018616173054607
852.0,0.1109641048387664
853.0,0.1116005460278549
854.0,0.1117553904009104
855.0,0.11208349425803256
856.0,0.11260451683044939
857.0,0.11312502430161563
858.0,0.11349147066084461
859.0,0.1138596405717171
860.0,0.11446723613252342
861.0,0.11539427793396709
862.0,0.11561494871258537
863.0,0.11566807783197551
864.0,0.11605211879160218
865.0,0.11701116859479221
866.0,0.11782801269828153
867.0,0.11826937050144223
868.0,0.11844464327941245
869.0,0.11882858627041759
870.0,0.11923465440468349
871.0,0.11986917991400006
872.0,0.12071153620515336
873.0,0.120870738565564
874.0,0.12142020676183216
875.0,0.1221268274986567
876.0,0.12244467264707388
877.0,0.12265777252852372
878.0,0.12352216797745723
879.0,0.12457448337948593
880.0,0.12484525857016948
881.0,0.12556741497037507
882.0,0.12618158977419955
883.0,0.12648144720827284
884.0,0.12678489559707298
885.0,0.12751883752094198
886.0,0.12814983140203937
887.0,0.12848690936332952
888.0,0.12908821234005013
889.0,0.12987636391665142
890.0,0.13050255717899117
891.0,0.13081123463391456
892.0,0.13124415575633638
893.0,0.13169496190335006
894.0,0.13229173299144983
895.0,0.13309470528759518
896.0,0.13372892602400274
897.0,0.1342561772792243
898.0,0.13473157463801586
899.0,0.13523064878793134
900.0,0.13588145903957738
901.0,0.13678216486704084
902.0,0.13766425086848996
903.0,0.13812603978476604
904.0,0.13880849669799925
905.0,0.139321877144757
906.0,0.13960976768896438
907.0,0.14003521686156345
908.0,0.1404011132862121
909.0,0.14113201861814006
910.0,0.14206924211569058
911.0,0.1422007196930262
912.0,0.1428318993321264
913.0,0.14331054018117945
914.0,0.14345420204473971
915.0,0.14476112031270563
916.0,0.14557649772110218
917.0,0.14604037283827062
918.0,0.14655686233145282
919.0,0.14681578531305195
920.0,0.14710240017748494
921.0,0.1477592452263889
922.0,0.14889515272375084
923.0,0.1498932770573101
924.0,0.15023100601077644
925.0,0.15043777894006846
926.0,0.15130097568568074
927.0,0.15246666082980564
928.0,0.15272432216646806
929.0,0.15266342012370268
930.0,0.15361590510735076
931.0,0.15462614241699565
932.0,0.15529801120481262
933.0,0.15576977027677516
934.0,0.15645114515505973
935.0,0.15684907959032757
936.0,0.15742961448963022
937.0,0.15826097324226487
938.0,0.15900286816049175
939.0,0.15965923207616864
940.0,0.16031836936763913
941.0,0.16097576024521631
942.0,0.16156139634753175
943.0,0.16267632251186315
944.0,0.163290050671815
945.0,0.16347236049416713
946.0,0.16471639338512228
947.0,0.1649490257199985
948.0,0.1655202086660348
949.0,0.16674884595065986
950.0,0.16687779499753075
951.0,0.16827339613113973
952.0,0.16943018150884473
953.0,0.16940292414895497
954.0,0.1693094692690976
955.0,0.16990829884853287
956.0,0.1712665351673463
957.0,0.1725806073474645
958.0,0.1721174877055375
959.0,0.17300707119753653
960.0,0.17410519512769423
961.0,0.1745695475724804
962.0,0.1759469637504676
963.0,0.17632689455793163
964.0,0.17691225900812202
965.0,0.17823822400814265
966.0,0.17817235754879854
967.0,0.17903978284718602
968.0,0.1799397182529321
969.0,0.18006557233721426
970.0,0.1803928692402569
971.0,0.18155769698210358
972.0,0.18251276466348657
973.0,0.18280792882659957
974.0,0.18400657813842172
975.0,0.18509508768986865
976.0,0.18565081084189272
977.0,0.18586219327788955
978.0,0.1867164901713711
979.0,0.1880362265447796
980.0,0.18913819711057486
981.0,0.18987961430896175
982.0,0.191279575212972
983.0,0.19106767611418526
984.0,0.19089283450714645
985.0,0.19192267758364115
986.0,0.19287941126731073
987.0,0.19385903764908527
988.0,0.19444809298873816
989.0,0.19466247165499537
990.0,0.19524863686805602
991.0,0.19563866370737834
992.0,0.19641518402906108
993.0,0.19754202356672315
994.0,0.19802881954164314
995.0,0.19997825228778965
996.0,0.20146687460556498
997.0,0.20140819345647043
998.0,0.20078326732594787
999.0,0.2011185284073408
1000.0,0.20289049902959133
1001.0,0.20971555362840869
1002.0,0.2070943826788814
1003.0,0.20649198504934946
1004.0,0.2070819022887522
1005.0,0.21058094003733818
1006.0,0.2133489464986329
1007.0,0.21429417410463722
1008.0,0.21581158483799592
1009.0,0.2157710832596839
1010.0,0.2137295317521766
1011.0,0.21413248383454966
1012.0,0.21553747789286565
1013.0,0.21820803681751116
1014.0,0.22008001247071168
1015.0,0.22300168836406156
1016.0,0.22409800238890612
1017.0,0.22443165139648502
1018.0,0.22310666840548948
1019.0,0.2228829791020692
1020.0,0.2230187068499541
1021.0,0.22383958916132862
1022.0,0.22676295388942203
1023.0,0.2281773646642235
1024.0,0.2281910052876517
1025.0,0.2301299395775894
1026.0,0.23205071508237235
1027.0,0.23147429188974297
1028.0,0.2331042491937757
1029.0,0.23478783202832268
1030.0,0.23684711723378818
1031.0,0.23584857545003324
1032.0,0.23560005384601382
1033.0,0.23581111718392864
1034.0,0.23549848333222476
1035.0,0.2360740387690947
1036.0,0.23764231378666004
1037.0,0.23878229835908646
1038.0,0.2393285331607719
1039.0,0.24121477562369706
1040.0,0.2425347189000511
1041.0,0.2436168256011108
1042.0,0.2445438461518896
1043.0,0.245248982469101
1044.0,0.2443932063609773
1045.0,0.2456903221821904
1046.0,0.24689690125560712
1047.0,0.24761292850447295
1048.0,0.24905571344172103
1049.0,0.2490459945616575
1050.0,0.24909323305130748
1051.0,0.25034681223465505
1052.0,0.2504385022233805
1053.0,0.25116218911235266
1054.0,0.25343238083048675
1055.0,0.2540461192493336
1056.0,0.25524053965635285
1057.0,0.25688774194948216
1058.0,0.25846259608167427
1059.0,0.25890189735371066
1060.0,0.26122431312780725
1061.0,0.2629948051382751
1062.0,0.2638509516127477
1063.0,0.26455787538617215
1064.0,0.26429506642518236
1065.0,0.26490138220376835
1066.0,0.2651780252562832
1067.0,0.2662648417124592
1068.0,0.2675070973442621
1069.0,0.26730471528213995
1070.0,0.2678161336211572
1071.0,0.26892056301626815
1072.0,0.26990773741973434
1073.0,0.2722393128089731
1074.0,0.2751811197683993
1075.0,0.2770022878555164
1076.0,0.27788183472074873
1077.0,0.27653350003054095
1078.0,0.27558906632789754
1079.0,0.2749282318706911
1080.0,0.2744307201372422
1081.0,0.27610723018276845
1082.0,0.2774425500813517
1083.0,0.27897649597673496
1084.0,0.2808246824926849
1085.0,0.2834420167952432
1086.0,0.28489125687436284
1087.0,0.28594113812127603
1088.0,0.2876207149207795
1089.0,0.28793338964886445
1090.0,0.2881071991746187
1091.0,0.28919495171572923
1092.0,0.2894755028460185
1093.0,0.2903089509421624
1094.0,0.2918813926088651
1095.0,0.2928961356982227
1096.0,0.2933042433528448
1097.0,0.29442955111628755
1098.0,0.29500313488600666
1099.0,0.2959064023490335
1100.0,0.2976256021923193
1101.0,0.29897345227763605
1102.0,0.30005915694270213
1103.0,0.30104097593511286
1104.0,0.30226248701730263
1105.0,0.3027107552504994
1106.0,0.30359202408261443
1107.0,0.30453922571663494
1108.0,0.3051311990865331
1109.0,0.30551641385792794
1110.0,0.3065434381104704
1111.0,0.3081599167281838
1112.0,0.30912821185360395
1113.0,0.31012516995897604
1114.0,0.3115062317296851
1115.0,0.31227529429242407
1116.0,0.3136215811548522
1117.0,0.316516297742981
1118.0,0.31803946295967445
1119.0,0.31899724482543346
1120.0,0.3196688079118349
1121.0,0.3197731425857115
1122.0,0.3203166628341502
1123.0,0.3210918313707644
1124.0,0.32253950159404815
1125.0,0.32470612639964463
1126.0,0.325455242838513
1127.0,0.32677588403311997
1128.0,0.32881048136829366
1129.0,0.329695586447668
1130.0,0.32957734323081667
1131.0,0.3306297500613713
1132.0,0.3315572767412761
1133.0,0.3322801969375371
1134.0,0.3333560824254183
1135.0,0.33520375178410544
1136.0,0.33534838288405194
1137.0,0.33547689021424154
1138.0,0.3368081105540144
1139.0,0.3376159965711377
1140.0,0.33916747904814876
1141.0,0.3413579109974519
1142.0,0.3423588839202323
1143.0,0.34240637053257367
1144.0,0.34323300029288867
1145.0,0.34368644828141176
1146.0,0.3443994204183295
1147.0,0.3456862335305481
1148.0,0.34691483741962853
1149.0,0.347997602405098
1150.0,0.3492097188004248
1151.0,0.3509852618833522
1152.0,0.3523664330113098
1153.0,0.3529314675324206
1154.0,0.3535412149831074
1155.0,0.35434506697872964
1156.0,0.35531138040857835
1157.0,0.356487835206794
1158.0,0.35846706914777327
1159.0,0.3596169370817675
1160.0,0.36036721034141644
1161.0,0.36137924203861227
1162.0,0.362196635639981
1163.0,0.36324838982899504
1164.0,0.3643032684223478
1165.0,0.36555059719284827
1166.0,0.36700040941921214
1167.0,0.3684879735622536
1168.0,0.37002716353998066
1169.0,0.3716076035222142
1170.0,0.37283864073639095
1171.0,0.37361228542440666
1172.0,0.3745091787170212
1173.0,0.3753831946156146
1174.0,0.3761033692204241
1175.0,0.37649831089263813
1176.0,0.37735663300023903
1177.0,0.37804317786080277
1178.0,0.3792015601348682
1179.0,0.3809155769153568
1180.0,0.3825663884237794
1181.0,0.3846571978118238
1182.0,0.3863839851188161
1183.0,0.3876856860509472
1184.0,0.3890111004590632
1185.0,0.3903798657285837
1186.0,0.39137785101341094
1187.0,0.3922488371691138
1188.0,0.39306728750906345
1189.0,0.3940725560989888
1190.0,0.3948062362959548
1191.0,0.395705753158756
1192.0,0.39698317076981393
1193.0,0.39791135852611054
1194.0,0.39863144612948187
1195.0,0.39934578406069404
1196.0,0.3995556056041583
1197.0,0.4006184233567707
1198.0,0.4021520251306845
1199.0,0.4033997519596083
1200.0,0.40536595251522206
1201.0,0.40774322121915524
1202.0,0.40892033588180526
1203.0,0.40994834602590097
1204.0,0.4111308676259845
1205.0,0.41201710383110035
1206.0,0.4130687864151808
1207.0,0.4144368507514117
1208.0,0.4154600387010749
1209.0,0.41617679740865277
1210.0,0.4169939464219946
1211.0,0.41767795693439846
1212.0,0.41858878976109215
1213.0,0.41973264067321864
1214.0,0.4207036856417978
1215.0,0.42176474624746707
1216.0,0.422680653706248
1217.0,0.42326107196864554
1218.0,0.4239692331478735
1219.0,0.42512323163544213
1220.0,0.4266906892944566
1221.0,0.42780337274770697
1222.0,0.42895069415294446
1223.0,0.43021836055620233
1224.0,0.43116754839026356
1225.0,0.4324204847557603
1226.0,0.43426044541809183
1227.0,0.4357273029289537
1228.0,0.43687578699511775
1229.0,0.438211281322133
1230.0,0.43965074018513317
1231.0,0.44091841560514394
1232.0,0.4418035257063855
1233.0,0.44357401733434576
1234.0,0.4444048306154123
1235.0,0.44560426554635474
1236.0,0.44683282308615774
1237.0,0.4481987168824914
1238.0,0.449167978015255
1239.0,0.44998820820432345
1240.0,0.4510858146090403
1241.0,0.45188294924382755
1242.0,0.45311741266938127
1243.0,0.4551451015051683
1244.0,0.45647802925104153
1245.0,0.45740170109310235
1246.0,0.45856688075262586
1247.0,0.4597370111455716
1248.0,0.460698934366997
1249.0,0.46155052159042015
1250.0,0.4626735069191936
1251.0,0.46396485779657354
1252.0,0.46470326425116176
1253.0,0.46584422460429953
1254.0,0.46737361218311363
1255.0,0.4685972592556854
1256.0,0.4696096114212975
1257.0,0.4707829369866954
1258.0,0.4719638170211298
1259.0,0.4732745437917985
1260.0,0.47485073849075043
1261.0,0.4760372525571435
1262.0,0.4770812839599645
1263.0,0.47818755333343504
1264.0,0.47875050000907243
1265.0,0.47996291669429925
1266.0,0.48205877094710725
1267.0,0.4834655617706874
1268.0,0.48501341933606096
1269.0,0.4859531801998822
1270.0,0.4871139788590139
1271.0,0.4877573670769083
1272.0,0.4888916145847787
1273.0,0.4903556568018867
1274.0,0.491705197776159
1275.0,0.493044432690296
1276.0,0.49438870206836694
1277.0,0.4961251722385639
1278.0,0.49717940422272816
1279.0,0.4975636489569461
1280.0,0.4985370110365727
1281.0,0.4993119951160456
1282.0,0.5003658411251496
1283.0,0.5021325025892598
1284.0,0.5035023921171315
1285.0,0.504507903208063
1286.0,0.5057926904271579
1287.0,0.5073493460898492
1288.0,0.5086412665880468
1289.0,0.5098029326393889
1290.0,0.5110506758890855
1291.0,0.5120455561992664
1292.0,0.5123997564936775
1293.0,0.5136101324173621
1294.0,0.5151397465834217
1295.0,0.5166926086543656
1296.0,0.5189275323572137
1297.0,0.520455599471469
1298.0,0.521730915794894
1299.0,0.5229053393775694
1300.0,0.523628196808046
1301.0,0.5245797124918344
1302.0,0.5252816715317553
1303.0,0.5264425958506966
1304.0,0.5280963446462571
1305.0,0.529471922862816
1306.0,0.5308651753272876
1307.0,0.5325031110293018
1308.0,0.5339028461752661
1309.0,0.5350613338688727
1310.0,0.5362731059345464
1311.0,0.5375210122183581
1312.0,0.5387594092770018
1313.0,0.5396997301563562
1314.0,0.5411116003575565
1315.0,0.5429222302116747
1316.0,0.5444625781204578
1317.0,0.5462769507491503
1318.0,0.547666624955895
1319.0,0.5487623844868778
1320.0,0.5498123682507071
1321.0,0.5505629916402569
1322.0,0.5514529256522747
1323.0,0.552132206197799
1324.0,0.5531099416971481
1325.0,0.5542762499828187
1326.0,0.5555046780326208
1327.0,0.5568562753528482
1328.0,0.5587141455892771
1329.0,0.5595694449958546
1330.0,0.5597645774550629
1331.0,0.5608651670888694
1332.0,0.56184308281613
1333.0,0.5629590731805155
1334.0,0.5649555064213566
1335.0,0.5662187231134616
1336.0,0.5666789792672501
1337.0,0.5677411964856028
1338.0,0.5690933117524574
1339.0,0.5703311341893201
1340.0,0.5717180607133359
1341.0,0.5730056830824509
1342.0,0.5740994966621111
1343.0,0.5753665056811567
1344.0,0.5768211108066162
1345.0,0.5781238399673772
1346.0,0.5794374047814376
1347.0,0.5807555272055488
1348.0,0.5818856802850394
1349.0,0.5827618537452848
1350.0,0.5838512767616276
1351.0,0.5848385268257045
1352.0,0.5861692384683236
1353.0,0.5877093942785698
1354.0,0.589229952685191
1355.0,0.5910320576612509
1356.0,0.5925857910258634
1357.0,0.594202561570674
1358.0,0.5954986858951251
1359.0,0.5963244168698073
1360.0,0.5976020967968939
1361.0,0.5989713381390754
1362.0,0.6002215921924949
1363.0,0.6017031967003784
1364.0,0.6030762191624582
1365.0,0.6041996759754704
1366.0,0.6053497848195204
1367.0,0.6065197568295213
1368.0,0.6077615073389299
1369.0,0.6091004825860385
1370.0,0.6104606202307967
1371.0,0.6117593806107328
1372.0,0.6132770765851139
1373.0,0.6144442895454066
1374.0,0.6152902827265085
1375.0,0.6162889568750151
1376.0,0.6171227257091705
1377.0,0.6183157413305824
1378.0,0.6197601504922121
1379.0,0.6210617687971024
1380.0,0.6225260217353522
1381.0,0.6239054404395759
1382.0,0.6252279023147632
1383.0,0.6264270094322175
1384.0,0.627724483076163
1385.0,0.6287576752893707
1386.0,0.6293495381990757
1387.0,0.6301498546466886
1388.0,0.6308409443190569
1389.0,0.6317252761464266
1390.0,0.6325453602904951
1391.0,0.6339751884715599
1392.0,0.6350503529629402
1393.0,0.6360592904675277
1394.0,0.6373010492842889
1395.0,0.6386367984614022
1396.0,0.6399057052464778
1397.0,0.6414762426427277
1398.0,0.6426321984099278
1399.0,0.6435019232382327
1400.0,0.6444222784871717
1401.0,0.6450726961182086
1402.0,0.6460609363646673
1403.0,0.6472790268562405
1404.0,0.6482594453973927
1405.0,0.6493091494995901
1406.0,0.6502946708672457
1407.0,0.6510478092211693
1408.0,0.6518888880811698
1409.0,0.6528111596304977
1410.0,0.6537664790905559
1411.0,0.6545766530087336
1412.0,0.655602537646067
1413.0,0.657054083338597
1414.0,0.6580465063770413
1415.0,0.6590771400276826
1416.0,0.6602731784751223
1417.0,0.6611767979444397
1418.0,0.6617300507979478
1419.0,0.6626762563966406
1420.0,0.6636610507005093
1421.0,0.6647819704516783
1422.0,0.6661815781707937
1423.0,0.6673698787817383
1424.0,0.6686098359243797
1425.0,0.6696606193505047
1426.0,0.6704507752213867
1427.0,0.6715436652517099
1428.0,0.6726924340971784
1429.0,0.6737648211763939
1430.0,0.674907341725106
1431.0,0.6761388914453249
1432.0,0.6773880203767274
1433.0,0.6785672564515812
1434.0,0.6798314222791041
1435.0,0.6810940396602514
1436.0,0.682104360805461
1437.0,0.6833791306815755
1438.0,0.6850086186010371
1439.0,0.6864582601911253
1440.0,0.6876588426939809
1441.0,0.6892111675733765
1442.0,0.6904145828726799
1443.0,0.6915937739826181
1444.0,0.6930867345251065
1445.0,0.6949029107456789
1446.0,0.6962107168902184
1447.0,0.6975783370941943
1448.0,0.6986800145143757
1449.0,0.699237009300015
1450.0,0.7002690270600946
1451.0,0.7013486760863556
1452.0,0.7026334037166921
1453.0,0.7043389340833309
1454.0,0.7055816492511283
1455.0,0.7067967725766282
1456.0,0.7078334158199051
1457.0,0.7083275087802378
1458.0,0.7093096631617674
1459.0,0.710530179301805
1460.0,0.7117226943462868
1461.0,0.7132189713514261
1462.0,0.7144291025870813
1463.0,0.715332488849883
1464.0,0.7164503518954554
1465.0,0.7175805824709299
1466.0,0.7187401421189274
1467.0,0.7199891487593354
1468.0,0.7213781002382768
1469.0,0.7226319151886198
1470.0,0.723773665838603
1471.0,0.7249249318940352
1472.0,0.726022446594255
1473.0,0.72720757351174
1474.0,0.7283729428506195
1475.0,0.7296286638911431
1476.0,0.7309682768377029
1477.0,0.7323155908939283
1478.0,0.7337549462336281
1479.0,0.7350364915114496
1480.0,0.7363304104573372
1481.0,0.7375246570771005
1482.0,0.7385145305168772
1483.0,0.7396551778794183
1484.0,0.7408780476463203
1485.0,0.7419773868806421
1486.0,0.7429264886097617
1487.0,0.7441625411787428
1488.0,0.7455152384042415
1489.0,0.7468029827356487
1490.0,0.7482264627482008
1491.0,0.7496427949723296
1492.0,0.7511081254256069
1493.0,0.7523864941935265
1494.0,0.7534646492046013
1495.0,0.7548562562046934
1496.0,0.7563528102579697
1497.0,0.7576608670963184
1498.0,0.7592141426527871
1499.0,0.7606460665402267
1500.0,0.761893123971326
1501.0,0.7628358793272978
1502.0,0.7641767353834946
1503.0,0.7655328118126224
1504.0,0.7667043836318161
1505.0,0.767669605392133
1506.0,0.7690659246142636
1507.0,0.7705404544919384
1508.0,0.7720260620125976
1509.0,0.7739950668071098
1510.0,0.7753175952641697
1511.0,0.7763155274213576
1512.0,0.7772624032877136
1513.0,0.7777541407060452
1514.0,0.7787488557408546
1515.0,0.7797466281754362
1516.0,0.7810640913898419
1517.0,0.7829310527562824
1518.0,0.7844103590446843
1519.0,0.7859359207433229
1520.0,0.7872840741377974
1521.0,0.7884272157622182
1522.0,0.789553961845669
1523.0,0.7904135393511418
1524.0,0.7916466628014603
1525.0,0.7930326013616109
1526.0,0.7943635933096866
1527.0,0.7959332389287208
1528.0,0.7974384715361614
1529.0,0.7989778060648642
1530.0,0.8003074744158615
1531.0,0.8014894644330307
1532.0,0.8027773627610257
1533.0,0.8039747758161063
1534.0,0.8050814833642195
1535.0,0.8062523362737792
1536.0,0.807429686575921
1537.0,0.8084507327680632
1538.0,0.8094401099830947
1539.0,0.810751820845185
1540.0,0.8120962973779671
1541.0,0.8133183296473047
1542.0,0.8144906658123348
1543.0,0.81584124340127
1544.0,0.8172464249576129
1545.0,0.8184885794263559
1546.0,0.8198511925911306
1547.0,0.8210284151393419
1548.0,0.822018670457911
1549.0,0.8229022077530213
1550.0,0.823544852105978
1551.0,0.8246450679750448
1552.0,0.8258833229934961
1553.0,0.8268889912155579
1554.0,0.8280404711566443
1555.0,0.8292938384099244
1556.0,0.830301009809876
1557.0,0.831474584671563
1558.0,0.8331761694378095
1559.0,0.8344013853170268
1560.0,0.8351638273772475
1561.0,0.8362441050367639
1562.0,0.8372262063479036
1563.0,0.8385486397218292
1564.0,0.8403616493583081
1565.0,0.8416960117586768
1566.0,0.8429821400905528
1567.0,0.8442772642283383
1568.0,0.8451392390206109
1569.0,0.8463474445995823
1570.0,0.847995516423514
1571.0,0.8493184627570274
1572.0,0.8504616928488175
1573.0,0.851757426184269
1574.0,0.8529950070982482
1575.0,0.8542761951267407
1576.0,0.8558908321047266
1577.0,0.857144006871651
1578.0,0.858071574330871
1579.0,0.8591251348249807
1580.0,0.8600778039451654
1581.0,0.8610093329602518
1582.0,0.8619786357166678
1583.0,0.8629690657062201
1584.0,0.8638887361206867
1585.0,0.8648280557631985
1586.0,0.8658652612378018
1587.0,0.8668520279832568
1588.0,0.8676054543125248
1589.0,0.8686302684599858
1590.0,0.869789493628787
1591.0,0.8710710184895699
1592.0,0.8723475705968621
1593.0,0.873862963785708
1594.0,0.8751128264303307
1595.0,0.8761903138938688
1596.0,0.8774756416762934
1597.0,0.8787826252218909
1598.0,0.8801050529793786
1599.0,0.8816184599854158
1600.0,0.8827920706632322
1601.0,0.883827080985165
1602.0,0.8848079020977825
1603.0,0.8854521177947213
1604.0,0.8866069159359694
1605.0,0.8880426422527297
1606.0,0.8891640338253831
1607.0,0.8903700920751656
1608.0,0.8915878223749998
1609.0,0.8924042471757181
1610.0,0.8938342240167548
1611.0,0.8959444938440517
1612.0,0.8973358117207181
1613.0,0.8987364084935607
1614.0,0.8997938404287539
1615.0,0.9003364712336248
1616.0,0.9010089968116596
1617.0,0.901551780755906
1618.0,0.9021933895511657
1619.0,0.9027033178792206
1620.0,0.9034255264084119
1621.0,0.9042615308131532
1622.0,0.9052109618281521
1623.0,0.9062803984559981
1624.0,0.9074050482207623
1625.0,0.9086737938604132
1626.0,0.9099403258032567
1627.0,0.9114825071869297
1628.0,0.9125327558836807
1629.0,0.9132431677154822
1630.0,0.91421493395073
1631.0,0.9148464051260178
1632.0,0.9159123240561949
1633.0,0.9175206295477842
1634.0,0.9188338245059585
1635.0,0.9201572086764128
1636.0,0.9213920269919746
1637.0,0.9226341524765226
1638.0,0.923655279672271
1639.0,0.9244549918626871
1640.0,0.9253663291599693
1641.0,0.9263121884897306
1642.0,0.9269506340498667
1643.0,0.9272255311427403
1644.0,0.9280264955920926
1645.0,0.928739405057998
1646.0,0.9297120225519204
1647.0,0.9313516273742606
1648.0,0.9326827912321694
1649.0,0.9341028200731495
1650.0,0.9351321276528141
1651.0,0.9359971025732773
1652.0,0.9367423937708196
1653.0,0.9367876693792734
1654.0,0.9374216475518093
1655.0,0.9386656276439933
1656.0,0.9393174308658392
1657.0,0.939772866146134
1658.0,0.9404115790487464
1659.0,0.9405440590795482
1660.0,0.9411114998409622
1661.0,0.9422087611721833
1662.0,0.9432169190182504
1663.0,0.9443355617383213
1664.0,0.9454064788112266
1665.0,0.946681487559636
1666.0,0.9476243263474173
1667.0,0.9483524207737785
1668.0,0.949054710164011
1669.0,0.9492496238332545
1670.0,0.9500008883470785
1671.0,0.9510053737760381
1672.0,0.9521027404855193
1673.0,0.9535668640767537
1674.0,0.9550400756876928
1675.0,0.9568839864493811
1676.0,0.9581772253655226
1677.0,0.9593524754002507
1678.0,0.9603750080058602
1679.0,0.9605904673654789
1680.0,0.96139431146065
1681.0,0.9624370077799506
1682.0,0.9635515205906703
1683.0,0.9651280900048422
1684.0,0.9664120092937828
1685.0,0.9675694802001573
1686.0,0.9687277952002532
1687.0,0.9698246102483971
1688.0,0.970888297123407
1689.0,0.9717210288554325
1690.0,0.972946175816503
1691.0,0.974445362821196
1692.0,0.9757373502791432
1693.0,0.9771879714244658
1694.0,0.9786736658861291
1695.0,0.9798564826976026
1696.0,0.9813201276540362
1697.0,0.9833368196020515
1698.0,0.9847858549845702
1699.0,0.9860449597122648
1700.0,0.9872190886230143
1701.0,0.98787189972111
1702.0,0.98893207193921
1703.0,0.9902175611421136
1704.0,0.991459235342018
1705.0,0.9930025859788175
1706.0,0.9940871470162308
1707.0,0.994802531319062
1708.0,0.9957471915792031
1709.0,0.9965493680842593
1710.0,0.9975076190429911
1711.0,0.9987671339962085
1712.0,0.9997013837558606
1713.0,1.000141195842914
1714.0,1.0010906061592113
1715.0,1.0025590502161938
1716.0,1.0035819266718062
1717.0,1.0047818153826584
1718.0,1.0056599677677003
1719.0,1.005549172415367
1720.0,1.0063213386382852
1721.0,1.0075279213974013
1722.0,1.008928842825808
1723.0,1.0114099437192106
1724.0,1.012599516565445
1725.0,1.0129660931709095
1726.0,1.013687500297019
1727.0,1.0136659415423412
1728.0,1.0143961605526148
1729.0,1.0159949060471603
1730.0,1.0170328929514252
1731.0,1.017747090406153
1732.0,1.0188485398977936
1733.0,1.0200674764668582
1734.0,1.0213129078263075
1735.0,1.0231472221821067
1736.0,1.0241960831842305
1737.0,1.024513991847843
1738.0,1.0253616926056706
1739.0,1.0262027849274873
1740.0,1.0271326757638477
1741.0,1.0285415558577236
1742.0,1.0291725852477553
1743.0,1.0290180036537782
1744.0,1.0297833891305526
1745.0,1.0308166904234808
1746.0,1.0318084601992732
1747.0,1.0332857788046266
1748.0,1.0343027433009118
1749.0,1.034756496895734
1750.0,1.0355531190719323
1751.0,1.0367906494104662
1752.0,1.0375195108853
1753.0,1.0381585115470096
1754.0,1.0381817791233472
1755.0,1.0384217755415313
1756.0,1.0395600801309233
1757.0,1.0401547568332157
1758.0,1.0404647137296466
1759.0,1.0407720462635373
1760.0,1.0403822081756304
1761.0,1.0399438581945348
1762.0,1.0407104428266758
1763.0,1.041448630840909
1764.0,1.0421405373359869
1765.0,1.0433355779509401
1766.0,1.0440922055062776
1767.0,1.0456761032141653
1768.0,1.0475007845879432
1769.0,1.0484030447402886
1770.0,1.0497846096739274
1771.0,1.0509941434241834
1772.0,1.0519753606391276
1773.0,1.0533728696148799
1774.0,1.054152774977054
1775.0,1.054393915673313
1776.0,1.0551122611076722
1777.0,1.056088214324718
1778.0,1.0571853473878283
1779.0,1.0586441714392603
1780.0,1.059316170929427
1781.0,1.0596229318352326
1782.0,1.0603450639781489
1783.0,1.0610002175036235
1784.0,1.0625246158706638
1785.0,1.0641517954947384
1786.0,1.0649650577576455
1787.0,1.0657883121908043
1788.0,1.0656509759875652
1789.0,1.0655978613010406
1790.0,1.0663655445001181
1791.0,1.0672239562686567
1792.0,1.0687022980293595
1793.0,1.069984623829074
1794.0,1.071415112746144
1795.0,1.0729622011963302
1796.0,1.074632473069117
1797.0,1.075617712358665
1798.0,1.0764976635126875
1799.0,1.0767207610124665
1800.0,1.0768417414026628
1801.0,1.0781479001142282
1802.0,1.0787660506717882
1803.0,1.0785602036243802
1804.0,1.0793713992290177
1805.0,1.0801092496680929
1806.0,1.0814913019136345
1807.0,1.0844295687341063
1808.0,1.085464033769816
1809.0,1.0864987540966524
1810.0,1.08651741048059
1811.0,1.085188070135385
1812.0,1.0832134758666645
1813.0,1.081662424562539
1814.0,1.0812623666541015
1815.0,1.08254775052571
1816.0,1.086157772723768
1817.0,1.087922579546889
1818.0,1.0907898305152561
1819.0,1.092202372890602
1820.0,1.0923992500184896
1821.0,1.09259887687572
1822.0,1.091223566103595
1823.0,1.0915968790406552
1824.0,1.0943497174057417
1825.0,1.0955802503407746
1826.0,1.097020941587403
1827.0,1.1006927189513576
1828.0,1.102100887629715
1829.0,1.1013369267741138
1830.0,1.1012930717681146
1831.0,1.1011265591557675
1832.0,1.1005377680024837
1833.0,1.1005128009010603
1834.0,1.1001069113906379
1835.0,1.1016710320427607
1836.0,1.1057988501178568
1837.0,1.1079574336660003
1838.0,1.1104979995098754
1839.0,1.1122426763320163
1840.0,1.1137425823233857
1841.0,1.1129323634823294
1842.0,1.112872411827897
1843.0,1.1148325878096454
1844.0,1.1156490556661567
1845.0,1.1164349526634585
1846.0,1.117055182710665
1847.0,1.117425017687228
1848.0,1.1179162206718396
1849.0,1.1179782872589807
1850.0,1.118490610091705
1851.0,1.119285015117186
1852.0,1.1199191317726387
1853.0,1.1209846652034026
1854.0,1.12269823820627
1855.0,1.1242417902348687
1856.0,1.1250578993673928
1857.0,1.1256001046646806
1858.0,1.1258721769787963
1859.0,1.1259394087016608
1860.0,1.1253876771279023
1861.0,1.1248503506703962
1862.0,1.1258733101567604
1863.0,1.1261637055545233
1864.0,1.1255779931138614
1865.0,1.12601818714789
1866.0,1.124327176932111
1867.0,1.1218998273058725
1868.0,1.1223175454292418
1869.0,1.126116130401832
1870.0,1.1263536719928409
1871.0,1.1262369032515245
1872.0,1.1271484648149828
1873.0,1.1253118056218696
1874.0,1.1231565332680897
1875.0,1.1235078210436817
1876.0,1.1233773820337305
1877.0,1.1220047847716033
1878.0,1.1201272096189803
1879.0,1.1183880378077833
1880.0,1.1154967943402547
1881.0,1.113639850409422
1882.0,1.1126384777109366
1883.0,1.1115648601365573
1884.0,1.1082532853213292
1885.0,1.1077469153326993
1886.0,1.105276705776835
1887.0,1.1009407916566696
1888.0,1.1000082235701083
1889.0,1.0967261553975676
1890.0,1.0932340884727199
1891.0,1.0892332018874644
1892.0,1.0867655648482257
1893.0,1.0812804766310138
1894.0,1.0765875080016913
1895.0,1.0724065284626527
1896.0,1.0673315271201582
1897.0,1.0639025676093767
1898.0,1.0596530724822795
1899.0,1.0549579790070018
1900.0,1.0512900108810683
1901.0,1.0471021833908165
1902.0,1.0422501958907182
1903.0,1.0379186030484786
1904.0,1.0349739752516633
1905.0,1.0316693154758263
1906.0,1.029041748418626
1907.0,1.0274196452827549
1908.0,1.024628231471382
1909.0,1.021413476957119
1910.0,1.017360365071421
1911.0,1.0140367336865166
1912.0,1.0124066955130293
1913.0,1.0108248350369582
1914.0,1.0098421183786022
1915.0,1.0101226114535202
1916.0,1.0090009085141847
1917.0,1.007788591748119
1918.0,1.0077197139884302
1919.0,1.007264861105206
1920.0,1.0080988519950873
1921.0,1.0086604262297092
1922.0,1.008215523567084
1923.0,1.0078578924561585
1924.0,1.007960413152615
1925.0,1.0082617920883863
1926.0,1.0083268814752064
1927.0,1.0088639419689758
1928.0,1.0099554351783684
1929.0,1.0102436528448218
1930.0,1.0120377212641445
1931.0,1.0143631592776432
1932.0,1.0153461373912887
1933.0,1.0166346658661987
1934.0,1.0170804209789543
1935.0,1.0162982692981737
1936.0,1.0164064395997425
1937.0,1.0175483564609817
1938.0,1.0193070113775708
1939.0,1.021882997354694
1940.0,1.0251486052397596
1941.0,1.0279523197217184
1942.0,1.030315699140379
1943.0,1.0316012224170337
1944.0,1.0318959264719687
1945.0,1.0328340298300174
1946.0,1.0337959374165595
1947.0,1.0339298832285158
1948.0,1.0345965750109316
1949.0,1.0356635360850117
1950.0,1.0371396791163436
1951.0,1.0378841341572322
1952.0,1.0388800446219184
1953.0,1.0397425840056003
1954.0,1.0406164528001607
1955.0,1.0432643851820769
1956.0,1.0457606463272118
1957.0,1.0476117688724582
1958.0,1.0498720342126613
1959.0,1.0515510703447675
1960.0,1.0514123534804833
1961.0,1.0523639263909887
1962.0,1.0541785456949564
1963.0,1.0554376360819127
1964.0,1.055798464631119
1965.0,1.0584522899261093
1966.0,1.0607955943321534
1967.0,1.062683810203863
1968.0,1.0652831905117224
1969.0,1.0668851746572814
1970.0,1.068236730842541
1971.0,1.0698794655166504
1972.0,1.0712386765335749
1973.0,1.0720477069804586
1974.0,1.0729021068316327
1975.0,1.0731470932705773
1976.0,1.0752395982716607
1977.0,1.0767822560498383
1978.0,1.078276081217834
1979.0,1.0805050927582553
1980.0,1.0808785411816813
1981.0,1.0819404408032787
1982.0,1.0831523951566873
1983.0,1.0844987202053042
1984.0,1.0867104340697287
1985.0,1.0888661960484074
1986.0,1.0915673474571383
1987.0,1.0938121526052096
1988.0,1.09610001179438
1989.0,1.0982770989059516
1990.0,1.0995542967442486
1991.0,1.1003296529551965
1992.0,1.1019358945145727
1993.0,1.1026740538710245
1994.0,1.1049080288713986
1995.0,1.1070464188122324
1996.0,1.1084525123435223
1997.0,1.1095585219801374
1998.0,1.1111709180877503
1999.0,1.1120830715696888
2000.0,1.1134695835472954
2001.0,1.1150416521546802
2002.0,1.1183860023041394
2003.0,1.120089547141364
2004.0,1.1213156145070118
2005.0,1.1235806185456867
2006.0,1.124864050009054
2007.0,1.1267189972262026
2008.0,1.1294409517470718
2009.0,1.1306832993454135
2010.0,1.1307708770345442
2011.0,1.1319105381887353
2012.0,1.1321577936570602
2013.0,1.1333549258181035
2014.0,1.1357837914094124
2015.0,1.13826189473953
2016.0,1.1391819592093502
2017.0,1.1405585452633884
2018.0,1.1426486433068552
2019.0,1.1451504145131979
2020.0,1.1479478378145407
2021.0,1.1504038768010725
2022.0,1.1519634207320422
2023.0,1.152594903070635
2024.0,1.154027182125587
2025.0,1.1561218839137566
2026.0,1.1577050644631963
2027.0,1.1594998936608165
2028.0,1.1606277673555112
2029.0,1.1610051573533173
2030.0,1.1611318259409171
2031.0,1.1626194101815621
2032.0,1.1630111697550998
2033.0,1.1639467596194109
2034.0,1.1641360917037276
2035.0,1.1629358484975811
2036.0,1.1651816704149183
2037.0,1.166594081701601
2038.0,1.1685061535406518
2039.0,1.1703344518201506
2040.0,1.1724737942972105
2041.0,1.1739044013100437
2042.0,1.175117494694989
2043.0,1.176649132923419
2044.0,1.1786270401967172
2045.0,1.1790682497465008
2046.0,1.17964204746502
2047.0,1.182147623955605
2048.0,1.1833502798215167
2049.0,1.1848009285588958
2050.0,1.1854631351474998
2051.0,1.1840766091206611
2052.0,1.1841381178159276
2053.0,1.1838828289853935
2054.0,1.1842721266481453
2055.0,1.1858584080740004
2056.0,1.1869520152369475
2057.0,1.187847806078488
2058.0,1.1884819307245065
2059.0,1.1885475625298676
2060.0,1.1898853034810166
2061.0,1.1918088111743217
2062.0,1.1921320277080223
2063.0,1.1933739442218085
2064.0,1.1946601837809383
2065.0,1.1950890870554518
2066.0,1.1962739005663874
2067.0,1.1972848175999913
2068.0,1.1987129117337887
2069.0,1.1995018408866356
2070.0,1.199403202234837
2071.0,1.2007390272033718
2072.0,1.2032551681219044
2073.0,1.2047005202814038
2074.0,1.2064881386353155
2075.0,1.2074250523921006
2076.0,1.208995935851472
2077.0,1.2090763643264641
2078.0,1.2100154705399304
2079.0,1.2102724881195004
2080.0,1.208731179431594
2081.0,1.2074375817270186
2082.0,1.2072961884410236
2083.0,1.207374254042952
2084.0,1.2089109964609461
2085.0,1.2132189837947451
2086.0,1.2148579186140605
2087.0,1.216690880603822
2088.0,1.2172280939131985
2089.0,1.2157470565961948
2090.0,1.2138040572684994
2091.0,1.214467971850225
2092.0,1.2139310182142187
2093.0,1.214940433559134
2094.0,1.2169500835482927
2095.0,1.217257079294687
2096.0,1.2183706785243793
2097.0,1.21908344352517
2098.0,1.2192054967889938
2099.0,1.2192302507317454
2100.0,1.2192654819344597
2101.0,1.2200323067617886
2102.0,1.2209333002946552
2103.0,1.2223298760826744
2104.0,1.2255616352113263
2105.0,1.2260263263313214
2106.0,1.2254147163723141
2107.0,1.223808038815913
2108.0,1.221597380542913
2109.0,1.2201575953019166
2110.0,1.2218831880042436
2111.0,1.2246622810592687
2112.0,1.226512971323026
2113.0,1.2286342714317997
2114.0,1.2296308531118438
2115.0,1.2287688325969188
2116.0,1.22888585123154
2117.0,1.2282952835428405
2118.0,1.2295628115437967
2119.0,1.2327191565820679
2120.0,1.2336029643136732
2121.0,1.235576710640218
2122.0,1.2359208051274613
2123.0,1.2327810938514898
2124.0,1.23166797888083
2125.0,1.2312863796681082
2126.0,1.2296400009022563
2127.0,1.231629253249599
2128.0,1.2338686223927242
2129.0,1.2369858774020952
2130.0,1.2415304630386506
2131.0,1.2411256727208824
2132.0,1.2384646844078002
2133.0,1.2369134143276361
2134.0,1.2325519168233972
2135.0,1.2316136832333362
2136.0,1.2331146160458044
2137.0,1.2337052137267437
2138.0,1.2353952564651465
2139.0,1.2361028875189384
2140.0,1.2371042768877818
2141.0,1.237282230331977
2142.0,1.2365441079616684
2143.0,1.2350038790326214
2144.0,1.2366832042851472
2145.0,1.237418537802016
2146.0,1.2389395918346635
2147.0,1.2415555344551232
2148.0,1.2421935128279225
2149.0,1.2403595132236767
2150.0,1.2383912327969493
2151.0,1.2379514668368736
2152.0,1.2383879101290474
2153.0,1.239639635256743
2154.0,1.2405914865413326
2155.0,1.243413203386451
2156.0,1.2441628593787986
2157.0,1.2430446662612524
2158.0,1.243341226202667
2159.0,1.2440435418216584
2160.0,1.2437666093583022
2161.0,1.2444162712971423
2162.0,1.2428475452218122
2163.0,1.2382271294944927
2164.0,1.2361010806263035
2165.0,1.233363709386473
2166.0,1.2307296477899343
2167.0,1.231249997427133
2168.0,1.2316851899598602
2169.0,1.233482996940833
2170.0,1.2355204270069284
2171.0,1.2363982801673643
2172.0,1.237289671787634
2173.0,1.2375488560048091
2174.0,1.2362837126132762
2175.0,1.2363120866699306
2176.0,1.2375090457648534
2177.0,1.2361342360240295
2178.0,1.2341471219217772
2179.0,1.2318427221864698
2180.0,1.2258794771099506
2181.0,1.2235441799246993
2182.0,1.2233763385494243
2183.0,1.2229708097860017
2184.0,1.2237636359849535
2185.0,1.2252087385949038
2186.0,1.226871791662891
2187.0,1.2271013254431378
2188.0,1.2254023075798248
2189.0,1.225239437756222
2190.0,1.2255403883022657
2191.0,1.2257590561492189
2192.0,1.229193632954767
2193.0,1.2317788885898533
2194.0,1.2335619057645215
2195.0,1.2350714621644439
2196.0,1.2359074620318873
2197.0,1.2364179044699493
2198.0,1.2364088521475585
2199.0,1.2350487995440018
2200.0,1.2335567064557547
2201.0,1.2304204418237754
2202.0,1.2289552699063822
2203.0,1.2285523911643847
2204.0,1.228458070714696
2205.0,1.2285109113249777
2206.0,1.2301533142845384
2207.0,1.2333811392231864
2208.0,1.235777799069409
2209.0,1.2380976649868736
2210.0,1.2383918820642934
2211.0,1.2358425942768492
2212.0,1.2332936156176397
2213.0,1.2312164513017725
2214.0,1.2284894118427636
2215.0,1.2264682532339963
2216.0,1.2264534941660623
2217.0,1.22803181369345
2218.0,1.2321305030400374
2219.0,1.2354298957393832
2220.0,1.2415728962553734
2221.0,1.2432604027933258
2222.0,1.242776993038666
2223.0,1.2424841759114265
2224.0,1.2396026224517458
2225.0,1.2376472861734507
2226.0,1.2350883535289794
2227.0,1.2349757097949656
2228.0,1.2370490908711533
2229.0,1.2370804015607673
2230.0,1.2383079600606341
2231.0,1.2384402159047234
2232.0,1.2368442562299697
2233.0,1.232898204008231
2234.0,1.2341806958795858
2235.0,1.233369317553168
2236.0,1.2322025005697352
2237.0,1.2349554345266154
2238.0,1.2380730694148314
2239.0,1.2390285358220199
2240.0,1.2397310909814585
2241.0,1.2394445388019648
2242.0,1.2356125260235769
2243.0,1.2344049969631228
2244.0,1.2361037131428485
2245.0,1.2376191138297372
2246.0,1.2371689850582275
2247.0,1.2372274855981462
2248.0,1.2352927425904559
2249.0,1.2289349893667394
2250.0,1.2271779960906204
2251.0,1.2266900569346721
2252.0,1.2261725274664057
2253.0,1.2281090438668494
2254.0,1.2283954839836146
2255.0,1.2281432694075582
2256.0,1.2297249772360677
2257.0,1.231870284182467
2258.0,1.2329237847676988
2259.0,1.234605430768052
2260.0,1.2348987320777467
2261.0,1.233465597895808
2262.0,1.2333868252547522
2263.0,1.231813067052625
2264.0,1.2301184317528362
2265.0,1.2293107778346064
2266.0,1.2286222388021282
2267.0,1.2280642323646993
2268.0,1.2260035756956669
2269.0,1.2226225300450368
2270.0,1.2198464439441365
2271.0,1.2196085091278084
2272.0,1.2208343944882174
2273.0,1.2248847157897578
2274.0,1.2272125816588921
2275.0,1.225590365519694
2276.0,1.2283684840873
2277.0,1.229453966628593
2278.0,1.2283349050790333
2279.0,1.2296315585128132
2280.0,1.232393875277884
2281.0,1.2327902295313091
2282.0,1.2332708972541688
2283.0,1.2339480093341626
2284.0,1.2349129393044926
2285.0,1.23527629849441
2286.0,1.233901214226719
2287.0,1.2344320560210567
2288.0,1.235447780059269
2289.0,1.2355750961854575
2290.0,1.237993338853559
2291.0,1.23825218310977
2292.0,1.23435824966547
2293.0,1.2343018661446075
2294.0,1.2368865313708701
2295.0,1.2368228706008473
2296.0,1.2381180499730242
2297.0,1.2370434761057008
2298.0,1.2318690197730366
2299.0,1.2320726404117435
2300.0,1.2325004833342401
2301.0,1.234401623624419
2302.0,1.2369235740280353
2303.0,1.2330609527566911
2304.0,1.2291541962225387
2305.0,1.2301333149964204
2306.0,1.2324787963760477
2307.0,1.2352215073402832
2308.0,1.2382452957738617
2309.0,1.2339772496323471
2310.0,1.227662095462169
2311.0,1.2255967034971729
2312.0,1.2266378661508888
2313.0,1.229474418639778
2314.0,1.2322569156197007
2315.0,1.2363285725536501
2316.0,1.2384096196059782
2317.0,1.2426732947129
2318.0,1.247038288831347
2319.0,1.245038658751578
2320.0,1.2430252751793267
2321.0,1.2372964714380468
2322.0,1.2346495242982158
2323.0,1.23159037211421
2324.0,1.2295904243556124
2325.0,1.2288764512874426
2326.0,1.2273567937651046
2327.0,1.2244922326692156
2328.0,1.2262245487973278
2329.0,1.2297334172989058
2330.0,1.2354621898521623
2331.0,1.2495485554964718
2332.0,1.25347914457365
2333.0,1.2534874818316766
2334.0,1.2528659042318437
2335.0,1.2444912172319789
2336.0,1.2400081530648628
2337.0,1.2374054922182889
2338.0,1.2362079554345184
2339.0,1.2334703719453104
2340.0,1.2346406074080052
2341.0,1.24230993238488
2342.0,1.2453289176503257
2343.0,1.2486737303036393
2344.0,1.2522804502535236
2345.0,1.2532297484220372
2346.0,1.25577559816693
2347.0,1.2625557747027851
2348.0,1.261065217981689
2349.0,1.2588596754683836
2350.0,1.253924382313922
2351.0,1.2492337546477066
2352.0,1.2442899223954225
2353.0,1.2402592516220712
2354.0,1.2352576250753826
2355.0,1.2280942413345064
2356.0,1.2311610345220683
2357.0,1.2366071768084548
2358.0,1.241119227410407
2359.0,1.2465189584431993
2360.0,1.247193237795374
2361.0,1.2412489075872837
2362.0,1.2361209298696998
2363.0,1.2383857644936016
2364.0,1.2392388354384407
2365.0,1.2452196268501945
2366.0,1.2506505406099184
2367.0,1.2438513181156212
2368.0,1.2343166267497176
2369.0,1.2251477777892608
2370.0,1.220041650302462
2371.0,1.2137161862426893
2372.0,1.2125717360691624
2373.0,1.2173980932713375
2374.0,1.2185645393977744
2375.0,1.2219288295046475
2376.0,1.2203639352313032
2377.0,1.22031131633508
2378.0,1.21252516465635
2379.0,1.2037258559356487
2380.0,1.208350158214731
2381.0,1.2056619760832756
2382.0,1.213665411470433
2383.0,1.2236533365300089
2384.0,1.2216613177002846
2385.0,1.2177421928226866
2386.0,1.205890604999131
2387.0,1.2080711365291
2388.0,1.2113790751061426
2389.0,1.2075231646821027
2390.0,1.21950060467162
2391.0,1.2170192691099488
2392.0,1.21428522178693
2393.0,1.224709925768964
2394.0,1.2195612786772558
2395.0,1.2157483431539549
2396.0,1.2155850901042686
2397.0,1.2070253292455344
2398.0,1.197867855401443
2399.0,1.2020621148992316
2400.0,1.205166792263321
2401.0,1.2087387477828349
2402.0,1.212701585561796
2403.0,1.2048761874612928
2404.0,1.1937198135836529
2405.0,1.180491621706542
2406.0,1.1801631590899382
2407.0,1.1801136315716632
2408.0,1.1857740326649457
2409.0,1.2007527601289611
2410.0,1.211300320693927
2411.0,1.225849779576127
2412.0,1.2248823614370794
2413.0,1.2090157543121571
2414.0,1.1873949069385428
2415.0,1.1784745901500715
2416.0,1.1912414573027643
2417.0,1.202786712219594
2418.0,1.2156089127706455
2419.0,1.2027892787419023
2420.0,1.1595259077691251
2421.0,1.1343683314007493
2422.0,1.1215957304816155
2423.0,1.1170178141703955
2424.0,1.1355274690215926
2425.0,1.1482799047059955
2426.0,1.1527495357065722
2427.0,1.1587908215625884
2428.0,1.1536757128223236
2429.0,1.160000544572422
2430.0,1.164191278517518
2431.0,1.1580708712079717
2432.0,1.167508642212763
2433.0,1.161494490280035
2434.0,1.1516129318329624
2435.0,1.1632567640505336
2436.0,1.167152149536344
2437.0,1.1530068524591766
2438.0,1.149342641855143
2439.0,1.1624339655289457
2440.0,1.170912395710022
2441.0,1.1910385995929718
2442.0,1.2003921563905424
2443.0,1.1967312091190183
2444.0,1.1925897196660056
2445.0,1.1890085325273259
2446.0,1.2060055638404108
2447.0,1.1976364845646834
2448.0,1.174889876888883
2449.0,1.1510464678561854
2450.0,1.1222326102714881
2451.0,1.1228684818798103
2452.0,1.1099365089350373
2453.0,1.0826786578454262
2454.0,1.084069286087927
2455.0,1.0936752068166409
2456.0,1.1069590038547017
2457.0,1.1188548037322918
2458.0,1.1122528823448155
2459.0,1.0851259117386796
2460.0,1.0504767566864346
2461.0,1.0511332683645216
2462.0,1.0682408932732819
2463.0,1.0650948726453986
2464.0,1.0678126992700911
2465.0,1.0746300450594677
2466.0,1.0596853775265316
2467.0,1.0436631761351778
2468.0,1.0405846597235358
2469.0,1.020698631657748
2470.0,1.0230849347319502
2471.0,1.0696794396255018
2472.0,1.0880679634159383
2473.0,1.1335926952858661
2474.0,1.1439315692354481
2475.0,1.0912844111049917
2476.0,1.0798101145233143
2477.0,1.0664979379374553
2478.0,1.0622875449645492
2479.0,1.0984171420099726
2480.0,1.105737486391928
2481.0,1.0857038733384574
2482.0,1.0894984457610697
2483.0,1.1024629217487845
2484.0,1.093868101340648
2485.0,1.097252685151028
2486.0,1.0878577312002842
2487.0,1.0355450360411793
2488.0,1.0237933355785045
2489.0,1.0408231303644784
2490.0,1.0366523309024878
2491.0,1.0313114754534702
2492.0,1.0380039542926442
2493.0,1.0429949329861585
2494.0,1.046413098569604
2495.0,1.063334554815757
2496.0,1.067909599133288
2497.0,1.0568668279028364
2498.0,1.0702836506346656
2499.0,1.0922531574524774
2500.0,1.1536858247870088
