350.0,-0.1181166083263738
351.0,-0.05737673249975953
352.0,-0.07979670934396046
353.0,-0.10098875988926993
354.0,-0.11577539143791425
355.0,-0.09243526580770216
356.0,-0.03546817886358463
357.0,-0.03653708903937422
358.0,-0.015889406947152
359.0,-0.0033122623813850774
360.0,-0.03632698142577879
361.0,-0.010830569003936977
362.0,0.005161355313258266
363.0,0.0005484326468888058
364.0,-0.002687121483160915
365.0,-0.013807649580487316
366.0,-0.003455555490155328
367.0,0.011079585417492049
368.0,-0.010913695751195648
369.0,0.01213397187111842
370.0,0.026906346329414865
371.0,0.02136221157641199
372.0,0.0374680625922566
373.0,0.04211054256616082
374.0,0.033168413643887916
375.0,0.019971789047128513
376.0,0.024084473735357437
377.0,0.026774294513465448
378.0,0.024997539074270214
379.0,0.022703370426825475
380.0,0.030965168261044035
381.0,0.035176158746586236
382.0,0.031218834390680326
383.0,0.023455372016948015
384.0,0.03593748562152851
385.0,0.03485946137186651
386.0,0.02601057838499742
387.0,0.03316605664749367
388.0,0.03764077427129689
389.0,0.036762018669672616
390.0,0.03566624329542455
391.0,0.04368910844199488
392.0,0.048891306351824156
393.0,0.03998071431446597
394.0,0.02454617533748168
395.0,0.033504112902218046
396.0,0.041419901197791854
397.0,0.042501694806908526
398.0,0.038799027444356406
399.0,0.03963252412576747
400.0,0.039309433582046534
401.0,0.040908535869544904
402.0,0.047688421133854665
403.0,0.05380202702519609
404.0,0.047957828573183
405.0,0.04094274557014112
406.0,0.05079204608314835
407.0,0.05125043259220416
408.0,0.050378934934051454
409.0,0.05090545970242529
410.0,0.04806374909487584
411.0,0.047334877792631444
412.0,0.05051248497438183
413.0,0.055016818102444534
414.0,0.0528043281218919
415.0,0.053186379069924
416.0,0.054611857523759876
417.0,0.05356377947542486
418.0,0.04892771303234378
419.0,0.049048081166771444
420.0,0.05373348050559067
421.0,0.05832962835466163
422.0,0.058977477566801474
423.0,0.054501220287781434
424.0,0.04901464014624889
425.0,0.04984879033045369
426.0,0.050908083737823906
427.0,0.05166089307923849
428.0,0.052659047132884565
429.0,0.05494182728681719
430.0,0.05523861274466014
431.0,0.054542404856595686
432.0,0.05451521456967991
433.0,0.055506579766221247
434.0,0.055690549652459634
435.0,0.055402491616584
436.0,0.055729704157251446
437.0,0.05575295086786752
438.0,0.055519046924558946
439.0,0.054825348202783626
440.0,0.05344806451842471
441.0,0.05576944939535028
442.0,0.057956893486777454
443.0,0.05768523795751031
444.0,0.05766324221915915
445.0,0.05687272480116935
446.0,0.05599068941548085
447.0,0.055494433182613497
448.0,0.05310566691100202
449.0,0.05327834535864432
450.0,0.0553926835093519
451.0,0.05608526689473101
452.0,0.05681441568951303
453.0,0.05565765273255961
454.0,0.05346447083457341
455.0,0.05453261777703821
456.0,0.054988825389164574
457.0,0.05534832003179042
458.0,0.05621599801833314
459.0,0.05597712967573459
460.0,0.056295301764522625
461.0,0.05618045951447873
462.0,0.05442017865550146
463.0,0.05430168577744228
464.0,0.0555756596395332
465.0,0.05686227542656579
466.0,0.05631063555981985
467.0,0.05678461866985865
468.0,0.05703168263417735
469.0,0.056395316651816754
470.0,0.0565739759725633
471.0,0.05597646339706445
472.0,0.055756033013684474
473.0,0.056848287536599644
474.0,0.05590305018562491
475.0,0.05586623474974998
476.0,0.05651565228136355
477.0,0.05573635327522133
478.0,0.05584310930417757
479.0,0.056783661850616535
480.0,0.05726098773891637
481.0,0.05461431058678873
482.0,0.05492922298663472
483.0,0.057019125539664074
484.0,0.05803591196570585
485.0,0.05640224919080217
486.0,0.056017211882860296
487.0,0.0562387486888909
488.0,0.05453223569457631
489.0,0.05513684362112856
490.0,0.056083482936861655
491.0,0.056219681203336154
492.0,0.056233407551036806
493.0,0.056538939520570916
494.0,0.05637728573220427
495.0,0.05565073817201516
496.0,0.05713835383350095
497.0,0.05757455298596929
498.0,0.05690572402158525
499.0,0.0566406436873044
500.0,0.05693454204961378
501.0,0.05779048081085132
502.0,0.05840092799921151
503.0,0.05717460177289291
504.0,0.05659640547537923
505.0,0.05663187280947162
506.0,0.05675450890392274
507.0,0.056757452951334934
508.0,0.05682862787057538
509.0,0.05716023693674581
510.0,0.05778906697954888
511.0,0.057868878873980824
512.0,0.05732080205245678
513.0,0.056745694281068786
514.0,0.05736234240475364
515.0,0.057443923931576234
516.0,0.05709735811426538
517.0,0.056842343019761765
518.0,0.0571817562478393
519.0,0.057198437768560914
520.0,0.057233095651255915
521.0,0.05790391797472088
522.0,0.057030791921622845
523.0,0.0572075383326833
524.0,0.058579369451585935
525.0,0.05793761165309999
526.0,0.05816896170676625
527.0,0.05834014336989655
528.0,0.05762934877140436
529.0,0.0582781101688556
530.0,0.058216699424679684
531.0,0.057779483962283704
532.0,0.05831283432158731
533.0,0.05800020114886322
534.0,0.057822283063048735
535.0,0.05828071534864662
536.0,0.058857988226392315
537.0,0.058747442445527286
538.0,0.058341845861992835
539.0,0.05816963613213263
540.0,0.05789477550180457
541.0,0.05817656533287518
542.0,0.058650941448277705
543.0,0.05842111909518173
544.0,0.058343046756188705
545.0,0.05839736241320828
546.0,0.05852924300906006
547.0,0.05883582689030586
548.0,0.05888149072929823
549.0,0.05871881207799782
550.0,0.05856041867727556
551.0,0.05856743306026117
552.0,0.058417457387406765
553.0,0.05819986706228888
554.0,0.058328465238581
555.0,0.05880795565117495
556.0,0.05912568029718967
557.0,0.05900844147957393
558.0,0.05877489237908615
559.0,0.059033752065741664
560.0,0.05924413114407618
561.0,0.05877006964397679
562.0,0.05917274663637676
563.0,0.05928912530574764
564.0,0.058946562932671094
565.0,0.05912816581149599
566.0,0.059494789791782174
567.0,0.059663491925669186
568.0,0.059495638405238103
569.0,0.05958093824437765
570.0,0.05925522275973316
571.0,0.058803800611103026
572.0,0.05894289207032093
573.0,0.05982428668982305
574.0,0.0600170634321231
575.0,0.05930149376080537
576.0,0.05932435450458939
577.0,0.0593050595360412
578.0,0.059571037706233
579.0,0.06027340973669606
580.0,0.05992100927237364
581.0,0.0597436101740088
582.0,0.059960330864917186
583.0,0.060049990453613165
584.0,0.05998489485985445
585.0,0.06017781278682586
586.0,0.06055914361811557
587.0,0.05996965100150443
588.0,0.060076392013706695
589.0,0.06050617509981165
590.0,0.06041211948927628
591.0,0.06038357970469628
592.0,0.06041606329347403
593.0,0.06043744206301594
594.0,0.060353306533479784
595.0,0.060639844450729986
596.0,0.06082727980319638
597.0,0.060650788819363866
598.0,0.06093770584505972
599.0,0.0609995368042754
600.0,0.060962546324024404
601.0,0.06123995140426036
602.0,0.06114471878222538
603.0,0.061047862327670385
604.0,0.061181470238408524
605.0,0.06144340650352575
606.0,0.06163332280899592
607.0,0.061660827668568216
608.0,0.06155076114119957
609.0,0.06157507626012092
610.0,0.061579000196172747
611.0,0.06162511089117731
612.0,0.06190131688255723
613.0,0.062055325966880175
614.0,0.062088956315682446
615.0,0.062091170218118864
616.0,0.06220092508360833
617.0,0.0624494805701508
618.0,0.06255546725095884
619.0,0.06230409888233247
620.0,0.06253356941412452
621.0,0.0628032279257783
622.0,0.06289980768125994
623.0,0.06293933638096975
624.0,0.06303081077255228
625.0,0.06288251337468476
626.0,0.06245152457163304
627.0,0.06266251666183874
628.0,0.06299848224031991
629.0,0.06332027111164445
630.0,0.06365080886594293
631.0,0.06357590046057007
632.0,0.0634248850040152
633.0,0.06341304126432827
634.0,0.06344031019069798
635.0,0.06350454495857392
636.0,0.06364567268042642
637.0,0.06386822470302696
638.0,0.06395847989152526
639.0,0.06423599703643429
640.0,0.06444248863045318
641.0,0.06392278187540605
642.0,0.06384850924560473
643.0,0.06417818056280762
644.0,0.06464834686296705
645.0,0.06507268730910636
646.0,0.06505758505412346
647.0,0.064809457545815
648.0,0.0647648078312936
649.0,0.06487746572076945
650.0,0.06488462970696554
651.0,0.06482631024419967
652.0,0.06512088453664375
653.0,0.06553390712656672
654.0,0.0658173502886082
655.0,0.06582317327097391
656.0,0.06570678760352242
657.0,0.06567724277266368
658.0,0.06580801962867036
659.0,0.06604065328316465
660.0,0.06601674272039623
661.0,0.06613024386606738
662.0,0.06654629409319046
663.0,0.06687845597487756
664.0,0.06706372099632034
665.0,0.06708766991131847
666.0,0.06701594571017717
667.0,0.06707112179474162
668.0,0.06730063582320758
669.0,0.06762362482240679
670.0,0.06784886105994466
671.0,0.06777390485872438
672.0,0.06781573977771131
673.0,0.06816803765947627
674.0,0.0681583751081215
675.0,0.06833200203424755
676.0,0.06861154216206378
677.0,0.0686893805583351
678.0,0.06873582614693219
679.0,0.06879236668040464
680.0,0.06893928795748257
681.0,0.06931626009072518
682.0,0.06958799513340715
683.0,0.06962895116507942
684.0,0.0695106963820163
685.0,0.06973730872134412
686.0,0.0699457063722403
687.0,0.07007084435372929
688.0,0.07024786566520784
689.0,0.07049623578206694
690.0,0.07057872244826387
691.0,0.07052065502922514
692.0,0.07087927244907292
693.0,0.07117643429816631
694.0,0.07132580718548615
695.0,0.0714119650873689
696.0,0.07168172884563946
697.0,0.07184270828455216
698.0,0.0719520950397362
699.0,0.072354138642113
700.0,0.07234101773997748
701.0,0.0722529320813361
702.0,0.07244838451127047
703.0,0.072928024324765
704.0,0.07302842342331163
705.0,0.07303725042602356
706.0,0.07349440845235305
707.0,0.07365094337355103
708.0,0.07378720566372245
709.0,0.07394661118715981
710.0,0.07381978090666157
711.0,0.07410358069147305
712.0,0.07451151054540295
713.0,0.07470702114907415
714.0,0.07495110141743555
715.0,0.07502682158319528
716.0,0.07505707014798446
717.0,0.07530640938051764
718.0,0.07550643139230774
719.0,0.07572599309674823
720.0,0.07600499179097787
721.0,0.07629371580344109
722.0,0.07647982527662052
723.0,0.076633674802528
724.0,0.07684095135010353
725.0,0.07700912149293149
726.0,0.07732285156138724
727.0,0.07767442553091708
728.0,0.07778475323561687
729.0,0.0779467364811715
730.0,0.07810746366222181
731.0,0.07825331398884608
732.0,0.07853354622706084
733.0,0.07874653979474487
734.0,0.07903863089863698
735.0,0.0795318583792054
736.0,0.07972090468850955
737.0,0.07991939960469772
738.0,0.08015222462363271
739.0,0.08021015871019314
740.0,0.08049820651914871
741.0,0.08089754905854728
742.0,0.08124605136202406
743.0,0.0814762923472395
744.0,0.08168101620154444
745.0,0.08193527985591777
746.0,0.08227850487556522
747.0,0.08262023856281539
748.0,0.08291017216570622
749.0,0.08315203947885726
750.0,0.08339461716363235
751.0,0.08355268749378728
752.0,0.08382620183733706
753.0,0.08425940571432411
754.0,0.08443686882856179
755.0,0.08452121875487331
756.0,0.08481334748033205
757.0,0.0854769011002796
758.0,0.08560349530028354
759.0,0.08568541262097207
760.0,0.08596385669167379
761.0,0.08633589622097997
762.0,0.08658244200111533
763.0,0.08687361627044209
764.0,0.08730955114670548
765.0,0.08766864181459784
766.0,0.08781606586777882
767.0,0.08794531105013019
768.0,0.0883150743031263
769.0,0.08871624670371993
770.0,0.08909065246746496
771.0,0.08945305205661243
772.0,0.08987069789308154
773.0,0.09013432298997584
774.0,0.09025752763989567
775.0,0.09038591309157266
776.0,0.0909020861261218
777.0,0.0911152430637693
778.0,0.09132320398739852
779.0,0.09198185554813479
780.0,0.09229492965192236
781.0,0.09262892386827837
782.0,0.09302015486986369
783.0,0.09319012121940896
784.0,0.09351163983690307
785.0,0.09387243935734733
786.0,0.09418203411731743
787.0,0.09454856275105086
788.0,0.09506541183419967
789.0,0.09557619931983172
790.0,0.09587827044153421
791.0,0.09595736948024518
792.0,0.09623277300805912
793.0,0.09673348706090533
794.0,0.09718248151533056
795.0,0.09763697135225395
796.0,0.0979408454746741
797.0,0.09809217689043273
798.0,0.09837081212329213
799.0,0.09882475708842461
800.0,0.09927146892247272
801.0,0.09957076246788613
802.0,0.10001020634458165
803.0,0.10046469989662567
804.0,0.10092315393655815
805.0,0.10139955637263924
806.0,0.10149910856696612
807.0,0.10175698012750625
808.0,0.10230469387289387
809.0,0.10265544243358307
810.0,0.10309954802171178
811.0,0.1035555039154034
812.0,0.10390169370128662
813.0,0.10410792368067484
814.0,0.10440298397453168
815.0,0.10488623988080616
816.0,0.10549802734433203
817.0,0.10571873551091494
818.0,0.10604606446717352
819.0,0.10659791289798741
820.0,0.10709003296047956
821.0,0.10738610889584416
822.0,0.10780232429575712
823.0,0.10846096169512226
824.0,0.10901148483387449
825.0,0.10948120933749346
826.0,0.10995617589295499
827.0,0.11047662387063584
828.0,0.11080916831838775
829.0,0.11139585146139103
830.0,0.1120300887145517
831.0,0.11227445915104572
832.0,0.11285237879255354
833.0,0.1134161810043612
834.0,0.11379522357374343
835.0,0.11413813359739529
836.0,0.1148122440284784
837.0,0.11549650726693128
838.0,0.11596737478123513
839.0,0.11650400094620748
840.0,0.11694940104658685
841.0,0.1174306959499577
842.0,0.11801236276947409
843.0,0.1181149663523482
844.0,0.11861485163535877
845.0,0.11943515669881553
846.0,0.1199634916892407
847.0,0.12051113244270087
848.0,0.12079788660347297
849.0,0.12096493425141422
850.0,0.12162394257895034
851.0,0.12228366738233978
852.0,0.12281205193291991
853.0,0.12321403576355047
854.0,0.12360967492953082
855.0,0.12433853851647741
856.0,0.1251635420122391
857.0,0.12569805530648925
858.0,0.12570143231307243
859.0,0.12619460065466803
860.0,0.12701875689204667
861.0,0.12749325147403384
862.0,0.12813830578881746
863.0,0.12881470604719686
864.0,0.12943588203705092
865.0,0.12999569453572835
866.0,0.13034580042569582
867.0,0.13081604554746307
868.0,0.1315180743773086
869.0,0.13211921043299904
870.0,0.13286859786889624
871.0,0.1336330063911402
872.0,0.13423576432447726
873.0,0.13461211394029102
874.0,0.13500302946959672
875.0,0.13550411227740447
876.0,0.13610744974316644
877.0,0.13661402678515963
878.0,0.13752872359014057
879.0,0.13852315597382348
880.0,0.13893757305987983
881.0,0.13973902464666954
882.0,0.14009464685204345
883.0,0.14015146487976896
884.0,0.14104381623741502
885.0,0.14191817475023655
886.0,0.14285810130568755
887.0,0.14375524986841975
888.0,0.1440471611177665
889.0,0.14429661580371447
890.0,0.1448552662698405
891.0,0.14577714358868987
892.0,0.14659294209538365
893.0,0.1472178768229074
894.0,0.1478045635272547
895.0,0.14849454833628803
896.0,0.14901019762628562
897.0,0.1497483266330969
898.0,0.15053119104632118
899.0,0.1510337118212204
900.0,0.1517136057380619
901.0,0.15260228177020949
902.0,0.153432788312096
903.0,0.15385337314394804
904.0,0.1544045474600182
905.0,0.1550623149257165
906.0,0.1556840537901424
907.0,0.15613656848219848
908.0,0.15717660241149498
909.0,0.15808728153244644
910.0,0.15849700445749823
911.0,0.15885520513301643
912.0,0.1594479883080775
913.0,0.16034706386741726
914.0,0.16140724489522945
915.0,0.1622283229650919
916.0,0.16278970789821584
917.0,0.16326116493814727
918.0,0.16376157065189728
919.0,0.16404897114046504
920.0,0.16477945396135082
921.0,0.16578551952090903
922.0,0.16674111089699473
923.0,0.16796729631163282
924.0,0.1686782081249134
925.0,0.16888239927255402
926.0,0.16917017899253906
927.0,0.17082524784249012
928.0,0.17196180990225757
929.0,0.17240754602619393
930.0,0.1730599589761569
931.0,0.17418923501820086
932.0,0.1749700561368859
933.0,0.17539995443353915
934.0,0.17604919931515706
935.0,0.1765499416979082
936.0,0.17768216843400636
937.0,0.17887803122925663
938.0,0.17877332036179686
939.0,0.18047036428343538
940.0,0.18173035891988323
941.0,0.18189105778456233
942.0,0.1825699266595557
943.0,0.18375059694835474
944.0,0.18438783160695776
945.0,0.18467007413306707
946.0,0.1862395443978078
947.0,0.18647021571012534
948.0,0.1871019878468481
949.0,0.1886442634955203
950.0,0.18901256881921696
951.0,0.19026620789308807
952.0,0.19119009557542863
953.0,0.1912088123811967
954.0,0.1916661774356601
955.0,0.19236840205793637
956.0,0.19340924785578242
957.0,0.19469179881824494
958.0,0.19578161970142186
959.0,0.1963542295553448
960.0,0.19708129592055176
961.0,0.19819623416086418
962.0,0.198724487064298
963.0,0.1998212210114556
964.0,0.20102786034419115
965.0,0.20184177467654393
966.0,0.2024829470535805
967.0,0.20306034953463237
968.0,0.20362551054032382
969.0,0.20425801256448575
970.0,0.20511518865625863
971.0,0.206250308665997
972.0,0.2076035979337677
973.0,0.2087209085915906
974.0,0.20851321364875533
975.0,0.20999739598355055
976.0,0.21144301573087165
977.0,0.21151030902760812
978.0,0.21199329801981265
979.0,0.21347004164804528
980.0,0.2156995435573097
981.0,0.21752302143985974
982.0,0.21685572022287566
983.0,0.2175314108008106
984.0,0.21822016281963297
985.0,0.21832781706002777
986.0,0.22046735297330908
987.0,0.22209831504122435
988.0,0.22324074744776556
989.0,0.22393133858982098
990.0,0.22351465668928558
991.0,0.22399329976865406
992.0,0.22500920175967307
993.0,0.22634440532036673
994.0,0.22851083980194922
995.0,0.229283370181215
996.0,0.2298809199753995
997.0,0.23071441943998355
998.0,0.23061065291764146
999.0,0.2303539302479153
1000.0,0.23335413048135564
1001.0,0.24290205104891277
1002.0,0.24123551869984666
1003.0,0.2418733954776186
1004.0,0.24382396321568753
1005.0,0.24451007276926598
1006.0,0.24654444603127293
1007.0,0.24763117818648453
1008.0,0.2474286630126901
1009.0,0.24885291159645986
1010.0,0.24808522923836962
1011.0,0.25028427624576804
1012.0,0.2542143331355191
1013.0,0.25287797645148635
1014.0,0.25354155437450115
1015.0,0.25488680136808245
1016.0,0.25516549748794615
1017.0,0.25404407118437855
1018.0,0.2566977273257975
1019.0,0.25795668599494653
1020.0,0.25734589057493756
1021.0,0.25952443136483166
1022.0,0.2606390417037373
1023.0,0.260663732760084
1024.0,0.2634866257572621
1025.0,0.26535651063243343
1026.0,0.2669486222926054
1027.0,0.26997072590839266
1028.0,0.27058133191553096
1029.0,0.2716526315750791
1030.0,0.27234767718432606
1031.0,0.2743237643936255
1032.0,0.2739860340026397
1033.0,0.2739835316786114
1034.0,0.27512748557506267
1035.0,0.27541162505114286
1036.0,0.27640204847727756
1037.0,0.2788862291862464
1038.0,0.27986439988999195
1039.0,0.27909750107988013
1040.0,0.27964624704465946
1041.0,0.2808336486483469
1042.0,0.2825679853812119
1043.0,0.28354771600182604
1044.0,0.2845630894303546
1045.0,0.28547913837902633
1046.0,0.28640650440441756
1047.0,0.2872220449912104
1048.0,0.29053603855891436
1049.0,0.2928919445568521
1050.0,0.29461498855514456
1051.0,0.29559143241161284
1052.0,0.2951634719952188
1053.0,0.29512903057725476
1054.0,0.2949777558287075
1055.0,0.2962972569446247
1056.0,0.29717244231134643
1057.0,0.29837916025253997
1058.0,0.29924272765693355
1059.0,0.3002034385206052
1060.0,0.3002585801892384
1061.0,0.30125437448306974
1062.0,0.30323155502308147
1063.0,0.3055094365967945
1064.0,0.307955510505458
1065.0,0.3090092465885512
1066.0,0.3086410625666634
1067.0,0.3086051956039517
1068.0,0.3093192003365276
1069.0,0.31060026011920283
1070.0,0.31330575004733996
1071.0,0.31592476872488384
1072.0,0.3192482783577905
1073.0,0.32115152041453215
1074.0,0.3234629610933798
1075.0,0.32504157552761426
1076.0,0.32488120679881216
1077.0,0.3255038208790863
1078.0,0.3257641828432205
1079.0,0.32627019195509815
1080.0,0.32713273393193504
1081.0,0.32694799805812547
1082.0,0.32704011957168133
1083.0,0.3269892384646196
1084.0,0.3278968670205913
1085.0,0.3297215401445585
1086.0,0.331541980848892
1087.0,0.33368263656943326
1088.0,0.33629474569327444
1089.0,0.3390048352182564
1090.0,0.3406579265898935
1091.0,0.34107673959185025
1092.0,0.34182124698008737
1093.0,0.3425852209435148
1094.0,0.3434674673883031
1095.0,0.34542809723521173
1096.0,0.347238239488478
1097.0,0.34807267692287364
1098.0,0.34954947565340344
1099.0,0.3511565065182575
1100.0,0.3529641544636199
1101.0,0.35434021503489865
1102.0,0.3561006875168177
1103.0,0.3571649071409796
1104.0,0.3569951271583766
1105.0,0.35857492191175633
1106.0,0.36033705176120456
1107.0,0.36159344253333764
1108.0,0.36272530403880643
1109.0,0.36303279680382167
1110.0,0.36339042089598766
1111.0,0.36388884703921065
1112.0,0.36497953057814037
1113.0,0.3670873199449373
1114.0,0.3689739965341623
1115.0,0.37130801161206584
1116.0,0.37269639247058434
1117.0,0.373497117881356
1118.0,0.37474676785438066
1119.0,0.37541506838107686
1120.0,0.376888789700989
1121.0,0.37882749900718665
1122.0,0.38060636850604984
1123.0,0.38211584077994526
1124.0,0.38293544417087777
1125.0,0.3842724140495422
1126.0,0.3853780940914427
1127.0,0.38627420793229367
1128.0,0.386985145573112
1129.0,0.3880752689256667
1130.0,0.3884499940816799
1131.0,0.39021085130303734
1132.0,0.3936645554970384
1133.0,0.39554893877831815
1134.0,0.3973655693964959
1135.0,0.3991466884668061
1136.0,0.3997166047084986
1137.0,0.40004425916667813
1138.0,0.400531131623643
1139.0,0.40120786317083834
1140.0,0.4024677159830187
1141.0,0.40401509415595743
1142.0,0.40509280020849603
1143.0,0.40619197471855983
1144.0,0.40759788109051587
1145.0,0.40868887395022113
1146.0,0.4098154569160912
1147.0,0.41175859719270247
1148.0,0.4130824655298463
1149.0,0.4138191703239757
1150.0,0.4146278274627668
1151.0,0.41530325170823024
1152.0,0.41653467171750375
1153.0,0.4179865408116156
1154.0,0.41942218647333585
1155.0,0.4214593567774487
1156.0,0.42327849648034616
1157.0,0.42519300537087185
1158.0,0.42752822016467273
1159.0,0.42901914145951187
1160.0,0.4300379761041943
1161.0,0.43129266075896755
1162.0,0.4319284354277788
1163.0,0.433008063699033
1164.0,0.43450465301536095
1165.0,0.43601022420909785
1166.0,0.43745526294048914
1167.0,0.439168072002841
1168.0,0.4410102424491234
1169.0,0.4428508139710262
1170.0,0.4443251859195865
1171.0,0.44560434212286937
1172.0,0.4469279589856503
1173.0,0.4480268503131576
1174.0,0.44906849017324
1175.0,0.45000341176370356
1176.0,0.45119540098707867
1177.0,0.4523407659881962
1178.0,0.4537292569577293
1179.0,0.45561635063011685
1180.0,0.45709566894280484
1181.0,0.4585708760191509
1182.0,0.45960963086643253
1183.0,0.46048803931177634
1184.0,0.46230538554523065
1185.0,0.4642291212197454
1186.0,0.4656368218940282
1187.0,0.4668880247120758
1188.0,0.46793606343886596
1189.0,0.46904960929056927
1190.0,0.4695930950676675
1191.0,0.47101295213162775
1192.0,0.4731752919166046
1193.0,0.47475390137378176
1194.0,0.4765379683065513
1195.0,0.47810333536789706
1196.0,0.47900209432743496
1197.0,0.480408019862453
1198.0,0.48217601569008695
1199.0,0.48376483625247174
1200.0,0.48543409087768846
1201.0,0.48687908604312735
1202.0,0.48810733195762546
1203.0,0.48991709277029943
1204.0,0.4911955900033095
1205.0,0.49232376312470283
1206.0,0.4936140142311583
1207.0,0.4947087432788905
1208.0,0.4957768657344324
1209.0,0.4969602055285466
1210.0,0.49824201759011005
1211.0,0.4991654291643735
1212.0,0.5006083981639015
1213.0,0.5029833069723119
1214.0,0.5045356582109267
1215.0,0.5060778345566679
1216.0,0.5070798462778348
1217.0,0.5075816659082956
1218.0,0.5084364858535344
1219.0,0.5095325695450634
1220.0,0.5108992076911355
1221.0,0.512183188343001
1222.0,0.5136081518541425
1223.0,0.5149524867801124
1224.0,0.5164345598598795
1225.0,0.5176065654513647
1226.0,0.5184464808999852
1227.0,0.5197407789253702
1228.0,0.5207753180877887
1229.0,0.5223029314607265
1230.0,0.524733029990331
1231.0,0.5266024378141825
1232.0,0.5282640967380079
1233.0,0.530261230463282
1234.0,0.5315646906123959
1235.0,0.5326092387336187
1236.0,0.5339448524656549
1237.0,0.535216847528063
1238.0,0.5365366762997074
1239.0,0.5380796394705212
1240.0,0.5393613191834937
1241.0,0.5401066305694799
1242.0,0.5416599992489481
1243.0,0.5439031250273976
1244.0,0.5454747438321081
1245.0,0.5472139218200243
1246.0,0.5487699054230527
1247.0,0.5495207666951946
1248.0,0.5507612703527147
1249.0,0.5521231139697431
1250.0,0.553846209082501
1251.0,0.556084271998072
1252.0,0.5581390147462034
1253.0,0.5599294682052867
1254.0,0.5619846280270397
1255.0,0.5635558201701525
1256.0,0.5644147061559976
1257.0,0.5658286348984178
1258.0,0.5674853667589285
1259.0,0.5689132938796378
1260.0,0.5704626096355019
1261.0,0.5716985028965942
1262.0,0.5724467070722362
1263.0,0.5736124365141837
1264.0,0.5745864838503428
1265.0,0.5760420950711901
1266.0,0.5783774180173801
1267.0,0.5800928248647321
1268.0,0.5818912957071286
1269.0,0.583211414653272
1270.0,0.5847226248599792
1271.0,0.5859004735092805
1272.0,0.5871594699520308
1273.0,0.5885168149141253
1274.0,0.5899588297730041
1275.0,0.5909857943354452
1276.0,0.5927493439069825
1277.0,0.5954887077683638
1278.0,0.5972033572009318
1279.0,0.5989028999796785
1280.0,0.6002432671738628
1281.0,0.6006137054688981
1282.0,0.6015486049132374
1283.0,0.6024745729755177
1284.0,0.6036921973150023
1285.0,0.6053406485026829
1286.0,0.6067973236496718
1287.0,0.6082323417308433
1288.0,0.6100833214460446
1289.0,0.611185002621117
1290.0,0.6117123547574002
1291.0,0.6129048522063048
1292.0,0.6137507784469637
1293.0,0.6154766526237236
1294.0,0.6182974017642653
1295.0,0.6201856097370161
1296.0,0.6221395792970966
1297.0,0.6238249536079358
1298.0,0.6250671211927423
1299.0,0.6262581257132546
1300.0,0.6273021477074261
1301.0,0.6284248422589568
1302.0,0.6289421115053598
1303.0,0.6301829941647702
1304.0,0.6321498511859445
1305.0,0.6337925472062489
1306.0,0.6354805921365799
1307.0,0.6375437084470156
1308.0,0.6390499480427562
1309.0,0.6400927886760048
1310.0,0.6415404964149568
1311.0,0.6431266234769157
1312.0,0.6443990245127442
1313.0,0.6454868458244414
1314.0,0.6469034826768543
1315.0,0.6481869315529789
1316.0,0.6496775917343904
1317.0,0.6516675152436175
1318.0,0.6533550070263665
1319.0,0.6547347306998952
1320.0,0.656412270807224
1321.0,0.6583141717939444
1322.0,0.6600640969689852
1323.0,0.6621251171035318
1324.0,0.6637554459591289
1325.0,0.6647251825934803
1326.0,0.6661473611339644
1327.0,0.6676578934276972
1328.0,0.6692116116098261
1329.0,0.6704977514088477
1330.0,0.6719620529603934
1331.0,0.6732697700740093
1332.0,0.6740972880648636
1333.0,0.6753408092498743
1334.0,0.6769540287753213
1335.0,0.6783017070723278
1336.0,0.6794593452651573
1337.0,0.6808149565685958
1338.0,0.6822366746516
1339.0,0.6836886044236758
1340.0,0.6853919409755675
1341.0,0.6868335031755898
1342.0,0.6882303146374263
1343.0,0.689426145356328
1344.0,0.6900830036045433
1345.0,0.6912442113899947
1346.0,0.6924571850885813
1347.0,0.6938555005754652
1348.0,0.695536607287262
1349.0,0.6979091871355008
1350.0,0.699321006847744
1351.0,0.7004113212845728
1352.0,0.7017685753486813
1353.0,0.702633306278505
1354.0,0.7040882225762167
1355.0,0.7060237162923936
1356.0,0.7078623442940603
1357.0,0.7101116411548661
1358.0,0.7116952418367273
1359.0,0.7129843071228165
1360.0,0.7143872198831585
1361.0,0.7152904936562315
1362.0,0.7164852581700475
1363.0,0.7179775309999923
1364.0,0.7194288396874594
1365.0,0.7209484330641782
1366.0,0.7222999125107645
1367.0,0.7236606947323752
1368.0,0.7249017332724477
1369.0,0.726242194171353
1370.0,0.7274381650625746
1371.0,0.7288093535409074
1372.0,0.7302822898999443
1373.0,0.7318107526634933
1374.0,0.7334369944546625
1375.0,0.734897561880528
1376.0,0.7365282540046134
1377.0,0.7379269183031812
1378.0,0.7388246649379515
1379.0,0.7403068157069033
1380.0,0.7421452263442955
1381.0,0.7436711216671936
1382.0,0.7455185034376867
1383.0,0.746978652321771
1384.0,0.7479244105974545
1385.0,0.7490606046178115
1386.0,0.7501236594059248
1387.0,0.751222989335289
1388.0,0.75255881707828
1389.0,0.7536020285532906
1390.0,0.7545952995501422
1391.0,0.7553094990171778
1392.0,0.7560886042696582
1393.0,0.7564329961508578
1394.0,0.7574951536909593
1395.0,0.758969306730352
1396.0,0.7602019532720142
1397.0,0.7618140882092126
1398.0,0.7629609199414951
1399.0,0.7636572653446476
1400.0,0.7646960720453717
1401.0,0.7656960610533596
1402.0,0.7668274811822496
1403.0,0.7681181092115102
1404.0,0.769375993814847
1405.0,0.7708336371516703
1406.0,0.7720221640678224
1407.0,0.7732469865441599
1408.0,0.774186043219533
1409.0,0.7744640438449889
1410.0,0.7753332632997406
1411.0,0.7762114354225548
1412.0,0.77740576205696
1413.0,0.7794501413981618
1414.0,0.7809681640666727
1415.0,0.7822515335914686
1416.0,0.7832584103121126
1417.0,0.7841977957502564
1418.0,0.7845391476424882
1419.0,0.785693777942407
1420.0,0.7871983159738691
1421.0,0.7885874340448603
1422.0,0.7901725450365219
1423.0,0.7917849587559627
1424.0,0.7933903193351071
1425.0,0.7949963819429626
1426.0,0.7969002555165784
1427.0,0.7984526130830749
1428.0,0.7998130078565606
1429.0,0.8011142130828458
1430.0,0.8022058145108879
1431.0,0.8034322286045689
1432.0,0.8048656326778553
1433.0,0.8058421632659304
1434.0,0.8062967899713379
1435.0,0.8072500219004571
1436.0,0.8079638430609862
1437.0,0.8090951605608712
1438.0,0.8106717687525895
1439.0,0.8127590615870712
1440.0,0.8144630702885044
1441.0,0.8157590302788376
1442.0,0.8165656107173527
1443.0,0.8175111791163405
1444.0,0.8186691934324554
1445.0,0.8196082306863595
1446.0,0.8211544191734256
1447.0,0.823369102044205
1448.0,0.8249317936758797
1449.0,0.8265834724145376
1450.0,0.827975355247852
1451.0,0.8287358617935322
1452.0,0.8302038122500974
1453.0,0.8321712630894529
1454.0,0.833575324726348
1455.0,0.8351164557644639
1456.0,0.8362851978017903
1457.0,0.8365837297102829
1458.0,0.8376634593437647
1459.0,0.839178782170124
1460.0,0.8404753818713493
1461.0,0.8421112276126892
1462.0,0.843411720883544
1463.0,0.8442102347243291
1464.0,0.8453573188739795
1465.0,0.8465405526021085
1466.0,0.8478476149749059
1467.0,0.8495476819602584
1468.0,0.8509668148897083
1469.0,0.8521073110794031
1470.0,0.8534560245986103
1471.0,0.8547694988621812
1472.0,0.8559351288824703
1473.0,0.8572896884265232
1474.0,0.8588394084543545
1475.0,0.8602536319085261
1476.0,0.8614686904507519
1477.0,0.8630863851861909
1478.0,0.8649610506407601
1479.0,0.8666757195217011
1480.0,0.8687053585877773
1481.0,0.8702713683917002
1482.0,0.8713701019500207
1483.0,0.8728645741326616
1484.0,0.8744923808686773
1485.0,0.8758517295274278
1486.0,0.8773581892122349
1487.0,0.8786373937331053
1488.0,0.8793888624521405
1489.0,0.8805428016312482
1490.0,0.8818772691512275
1491.0,0.8831145911791036
1492.0,0.8843929043991994
1493.0,0.885756863430553
1494.0,0.886984637548243
1495.0,0.8885099010358456
1496.0,0.8904677146289488
1497.0,0.892140258352952
1498.0,0.8939794518792713
1499.0,0.8955583204165597
1500.0,0.8967099763460221
1501.0,0.8979858232069348
1502.0,0.8993539655506188
1503.0,0.9008711196287291
1504.0,0.9022162423781276
1505.0,0.9035307477193469
1506.0,0.9051343326546353
1507.0,0.9067909218099195
1508.0,0.9083065144942231
1509.0,0.9101751799277573
1510.0,0.9115895644380442
1511.0,0.9125935811437843
1512.0,0.9136795865302206
1513.0,0.9146564852560986
1514.0,0.9157387822132749
1515.0,0.9165767434061539
1516.0,0.917865315915106
1517.0,0.9195550963736697
1518.0,0.9210474713550404
1519.0,0.9228226574530625
1520.0,0.9242096743627936
1521.0,0.925354209441886
1522.0,0.9264441245111288
1523.0,0.9270210461979757
1524.0,0.9282636669662324
1525.0,0.9298513997570466
1526.0,0.9312981122697505
1527.0,0.9331774298707229
1528.0,0.9347742947945512
1529.0,0.9362053884878726
1530.0,0.9374979102599376
1531.0,0.9386727732614069
1532.0,0.9398418151837576
1533.0,0.9406098523053199
1534.0,0.9416801185742968
1535.0,0.9431766485440373
1536.0,0.9443452371477857
1537.0,0.9452455382549464
1538.0,0.946470776433047
1539.0,0.9477586636489989
1540.0,0.9488247649913103
1541.0,0.9502286480987772
1542.0,0.9520244109344195
1543.0,0.9535825713180628
1544.0,0.9550583225165385
1545.0,0.9566850803122293
1546.0,0.9585136622025475
1547.0,0.9599909588519008
1548.0,0.9615057649259985
1549.0,0.9625515374298282
1550.0,0.9630150026647278
1551.0,0.9640311581606473
1552.0,0.9649170736950475
1553.0,0.9661722337610965
1554.0,0.9678871852699549
1555.0,0.9694219906577582
1556.0,0.9711161443452163
1557.0,0.9725614265965143
1558.0,0.9738548394134366
1559.0,0.9753137451093884
1560.0,0.976755913132025
1561.0,0.9780783363677997
1562.0,0.9793804972693878
1563.0,0.9808305307952638
1564.0,0.9823522725274755
1565.0,0.9836145814726707
1566.0,0.98490879933663
1567.0,0.9861865405642866
1568.0,0.9869169317280622
1569.0,0.9882099965036969
1570.0,0.9900621864397678
1571.0,0.9916204418229236
1572.0,0.9934715225724142
1573.0,0.9948621237940581
1574.0,0.9959514387573729
1575.0,0.9969286420783745
1576.0,0.9973140182530685
1577.0,0.9981870699639336
1578.0,0.9990836438181007
1579.0,1.000208279801837
1580.0,1.0021066715749478
1581.0,1.0033754968575446
1582.0,1.0041283482583743
1583.0,1.0052923791132164
1584.0,1.0063189745845917
1585.0,1.0074494552993112
1586.0,1.0092302087022404
1587.0,1.010585283445432
1588.0,1.0114410642841083
1589.0,1.0125207305264097
1590.0,1.0136220493609418
1591.0,1.0146421768005733
1592.0,1.015778822337072
1593.0,1.0171047802673465
1594.0,1.0182755145450348
1595.0,1.0193972634812518
1596.0,1.0204492950204591
1597.0,1.0214771747308804
1598.0,1.0224649110527708
1599.0,1.023298267673987
1600.0,1.0243355662646962
1601.0,1.0254530718315586
1602.0,1.026556999976138
1603.0,1.0277708166485513
1604.0,1.0288560506056665
1605.0,1.0298859879815627
1606.0,1.030921897275595
1607.0,1.0317667004299338
1608.0,1.033052380878882
1609.0,1.034539499553024
1610.0,1.0360113994324367
1611.0,1.0379105405405342
1612.0,1.039283903541189
1613.0,1.0405047359661421
1614.0,1.0414652174916412
1615.0,1.0420510937263783
1616.0,1.0428023578756695
1617.0,1.043233255051324
1618.0,1.0441298390286626
1619.0,1.0452764751261912
1620.0,1.0464291679338231
1621.0,1.0477627014423798
1622.0,1.0491618459128798
1623.0,1.0507082420155363
1624.0,1.0521148947664
1625.0,1.0536779153076914
1626.0,1.0550262777657147
1627.0,1.0563284895822962
1628.0,1.0572629657418122
1629.0,1.057608222578003
1630.0,1.058640301076709
1631.0,1.0595383314251654
1632.0,1.0608945093444873
1633.0,1.0633499435920863
1634.0,1.0648710380670638
1635.0,1.0661370116637463
1636.0,1.0672429021839835
1637.0,1.067723747493855
1638.0,1.068567800680383
1639.0,1.0693719932535337
1640.0,1.070373720487787
1641.0,1.0717638419962856
1642.0,1.0727828027141282
1643.0,1.0735649843388153
1644.0,1.0746980147468614
1645.0,1.075865773440368
1646.0,1.0769779018706112
1647.0,1.0786201945745761
1648.0,1.079622134119368
1649.0,1.0801131834172837
1650.0,1.0806220996200722
1651.0,1.080597549708075
1652.0,1.0811160187984947
1653.0,1.0819900479407734
1654.0,1.0825727172714001
1655.0,1.0832576403508665
1656.0,1.0839562351213465
1657.0,1.0843914079396706
1658.0,1.0850199025383083
1659.0,1.0858785312167456
1660.0,1.0866971322128907
1661.0,1.0874919349138836
1662.0,1.0883426457044485
1663.0,1.0892020701138065
1664.0,1.0902383160228564
1665.0,1.0913815298371667
1666.0,1.09246761882821
1667.0,1.093807960697057
1668.0,1.0949463455690034
1669.0,1.0957503592476834
1670.0,1.096882923584772
1671.0,1.0982437748177345
1672.0,1.0994104564435778
1673.0,1.1004988660080164
1674.0,1.1018080660644358
1675.0,1.1032179220915488
1676.0,1.104428883053769
1677.0,1.1058194976893632
1678.0,1.1071461770142403
1679.0,1.1081335762006395
1680.0,1.1092285707762912
1681.0,1.110446109970593
1682.0,1.1116175627018363
1683.0,1.1127660601469997
1684.0,1.113889392734251
1685.0,1.1148705756519626
1686.0,1.1160930999954888
1687.0,1.1175507832173275
1688.0,1.1188312629932848
1689.0,1.1202548359638766
1690.0,1.1215343185863305
1691.0,1.1222886644584162
1692.0,1.1235260587687028
1693.0,1.1248725920994214
1694.0,1.1266049371237676
1695.0,1.1293460903711106
1696.0,1.1311071100190846
1697.0,1.1325882377630616
1698.0,1.133901764600561
1699.0,1.1343718477633473
1700.0,1.1352270606365025
1701.0,1.1361992379300203
1702.0,1.13727682595086
1703.0,1.1383316681374573
1704.0,1.1395617979148929
1705.0,1.1414542974479969
1706.0,1.1426079525537058
1707.0,1.1434863010875338
1708.0,1.1443014385298136
1709.0,1.1443014262179996
1710.0,1.1449002879983823
1711.0,1.1460723491206237
1712.0,1.1466764025812914
1713.0,1.1467744921315723
1714.0,1.1475651419151927
1715.0,1.14874734839467
1716.0,1.1495350320772078
1717.0,1.1505897236525922
1718.0,1.1516357561928277
1719.0,1.1520095655886333
1720.0,1.1527781795426082
1721.0,1.1542590718988561
1722.0,1.1554853429722154
1723.0,1.1567431372380665
1724.0,1.157722421997069
1725.0,1.1584063475960589
1726.0,1.1592260706658866
1727.0,1.1597758743272524
1728.0,1.160436235127759
1729.0,1.1611796162206838
1730.0,1.1621204786481938
1731.0,1.1632576344970689
1732.0,1.1643608860548489
1733.0,1.1657297155429878
1734.0,1.1668945015765206
1735.0,1.167982593793718
1736.0,1.1686235010538462
1737.0,1.1690811301933208
1738.0,1.1694899611658598
1739.0,1.1693830388114146
1740.0,1.1698617211148121
1741.0,1.1707086166711884
1742.0,1.1712386851961674
1743.0,1.1714515677398198
1744.0,1.172245473878456
1745.0,1.173211227535069
1746.0,1.1743894485129318
1747.0,1.1763910492466993
1748.0,1.177612611945049
1749.0,1.1784715377951664
1750.0,1.178999108970822
1751.0,1.1791388229862565
1752.0,1.1795901205624322
1753.0,1.1799754724943627
1754.0,1.1807072860572112
1755.0,1.181179680232221
1756.0,1.1822557955855588
1757.0,1.1827680911848368
1758.0,1.1832989618859244
1759.0,1.1847898135245991
1760.0,1.185886408818936
1761.0,1.1869575494964282
1762.0,1.188102998829336
1763.0,1.188382399945346
1764.0,1.1892309439926094
1765.0,1.1901429360816682
1766.0,1.1910804878915486
1767.0,1.1927926917877683
1768.0,1.1938083738443184
1769.0,1.1945929950727248
1770.0,1.195732070591512
1771.0,1.1968528951119344
1772.0,1.1975167051309297
1773.0,1.1978991699809975
1774.0,1.19855169497351
1775.0,1.1983483841564198
1776.0,1.1987354814358293
1777.0,1.20100790412907
1778.0,1.202714507470654
1779.0,1.2042985386385032
1780.0,1.205812426750268
1781.0,1.206264269963884
1782.0,1.206292658563955
1783.0,1.206499932398019
1784.0,1.2078990757300818
1785.0,1.2087108737368317
1786.0,1.2088241072006005
1787.0,1.2101981969110454
1788.0,1.2109936042265372
1789.0,1.2114093145452038
1790.0,1.213704258332059
1791.0,1.2148817837616144
1792.0,1.2152210767291194
1793.0,1.216052818070131
1794.0,1.2168150318804531
1795.0,1.2175115056318546
1796.0,1.2184124675786534
1797.0,1.2191935925964128
1798.0,1.2201337125970155
1799.0,1.2202779314040482
1800.0,1.2201757415767285
1801.0,1.2226221668358817
1802.0,1.2218866965181852
1803.0,1.218338884564785
1804.0,1.2186432707177313
1805.0,1.219532533729402
1806.0,1.2211624338449973
1807.0,1.2260666759952155
1808.0,1.2278066744778278
1809.0,1.2284840617051382
1810.0,1.2290802341169567
1811.0,1.2284291661091402
1812.0,1.2275432116097376
1813.0,1.2281233164286232
1814.0,1.2281897805146818
1815.0,1.2299003886111548
1816.0,1.233391719103712
1817.0,1.2353140717141027
1818.0,1.2384895750631972
1819.0,1.2398025395983023
1820.0,1.2393009304739273
1821.0,1.2391961436360563
1822.0,1.2381494177002434
1823.0,1.2373615074209061
1824.0,1.2372182014147328
1825.0,1.237572314880288
1826.0,1.238554750338092
1827.0,1.2411076439811595
1828.0,1.2421805217856057
1829.0,1.2429652955562331
1830.0,1.2439090864879798
1831.0,1.2446470644609178
1832.0,1.24467806819856
1833.0,1.2449257498101665
1834.0,1.2454746795296827
1835.0,1.2467915441155206
1836.0,1.2489310458863754
1837.0,1.250334087512004
1838.0,1.2518159713197818
1839.0,1.2536950901182256
1840.0,1.2566271182123157
1841.0,1.2560322627566778
1842.0,1.2564070680290498
1843.0,1.2585651162994702
1844.0,1.2582237637286662
1845.0,1.2597805575857877
1846.0,1.2613906134604942
1847.0,1.2646189228841849
1848.0,1.2654853421497112
1849.0,1.2657520544662624
1850.0,1.26571466879662
1851.0,1.264403234755538
1852.0,1.2628313168451324
1853.0,1.2629356485925043
1854.0,1.2622941027381835
1855.0,1.2628826376013127
1856.0,1.2639410920148388
1857.0,1.2646305777679434
1858.0,1.2661067425107864
1859.0,1.2669165903851514
1860.0,1.2668201065884488
1861.0,1.2675070790845315
1862.0,1.2692311062971733
1863.0,1.2687554736172608
1864.0,1.2686933715092081
1865.0,1.2683737221227172
1866.0,1.2664579332742874
1867.0,1.265162569862898
1868.0,1.2655701532714758
1869.0,1.2687225857254125
1870.0,1.2687227262257117
1871.0,1.2683930091811206
1872.0,1.2683038426787745
1873.0,1.265761879418909
1874.0,1.26340825851027
1875.0,1.2636486867820076
1876.0,1.2640107687403235
1877.0,1.2628355106790163
1878.0,1.2608303746881033
1879.0,1.2589994577355976
1880.0,1.255801952568828
1881.0,1.2530875536038957
1882.0,1.250824725251431
1883.0,1.2489551192214374
1884.0,1.2452794865957042
1885.0,1.2433708545927775
1886.0,1.2408195259422292
1887.0,1.2371845400259849
1888.0,1.234332966692
1889.0,1.2291467386080395
1890.0,1.2239057106136106
1891.0,1.2178793646219888
1892.0,1.2124221301816953
1893.0,1.205338210975906
1894.0,1.1998915454238839
1895.0,1.1940228110587678
1896.0,1.1873250981480947
1897.0,1.1825194424185534
1898.0,1.1762410215325945
1899.0,1.1691276723397144
1900.0,1.162101110874103
1901.0,1.15539480944401
1902.0,1.1476050286166821
1903.0,1.1414397934120157
1904.0,1.1373714014066616
1905.0,1.1337870908914354
1906.0,1.1301949194482404
1907.0,1.126416785228732
1908.0,1.1226894331798662
1909.0,1.1191438427357414
1910.0,1.11562042351738
1911.0,1.113568375808367
1912.0,1.1120016354957036
1913.0,1.109515926582652
1914.0,1.1065258703307967
1915.0,1.104831614456281
1916.0,1.1024243122015538
1917.0,1.09983458089273
1918.0,1.0997183318062607
1919.0,1.0992386865198336
1920.0,1.0995022978706042
1921.0,1.100276560436749
1922.0,1.0995643344724815
1923.0,1.0987195211456982
1924.0,1.0987512020577819
1925.0,1.0988201288186894
1926.0,1.0988557917561246
1927.0,1.1003374479182733
1928.0,1.1020984054276417
1929.0,1.1035063486018157
1930.0,1.1056333098828803
1931.0,1.1070566397041446
1932.0,1.1093415024076048
1933.0,1.1106592850696153
1934.0,1.110560002228891
1935.0,1.1102607616369462
1936.0,1.1090804394110139
1937.0,1.1098686634267971
1938.0,1.1117285786610238
1939.0,1.11463468031542
1940.0,1.1171714026031132
1941.0,1.1200050892903193
1942.0,1.121261789275211
1943.0,1.1209650357175163
1944.0,1.121524220188361
1945.0,1.1230484754887016
1946.0,1.124701605656769
1947.0,1.1268510841821038
1948.0,1.128701900591279
1949.0,1.1308366010748336
1950.0,1.1324866043765136
1951.0,1.1331295342087555
1952.0,1.133617472220543
1953.0,1.1350824645576871
1954.0,1.1364467248094439
1955.0,1.1397679321916727
1956.0,1.1426675380657205
1957.0,1.142783219221233
1958.0,1.1441072733116617
1959.0,1.145495324031194
1960.0,1.1453328700710865
1961.0,1.1469948244374795
1962.0,1.1508336284650698
1963.0,1.1529733594506535
1964.0,1.1541698237696552
1965.0,1.1566082630883068
1966.0,1.1584134897672704
1967.0,1.160011424024026
1968.0,1.1626413758297465
1969.0,1.1651615349619198
1970.0,1.167118624403733
1971.0,1.1694072839261402
1972.0,1.1715965904043784
1973.0,1.1737294392345436
1974.0,1.1753174453789568
1975.0,1.1763066490531322
1976.0,1.1785441782955008
1977.0,1.1799796067954036
1978.0,1.181198925693742
1979.0,1.1834737302891767
1980.0,1.1847232333582944
1981.0,1.1859675500049458
1982.0,1.1863425003256751
1983.0,1.1869245375923905
1984.0,1.188583246991842
1985.0,1.1900798217691246
1986.0,1.1921029911045264
1987.0,1.1944718894943458
1988.0,1.1975614000188728
1989.0,1.199160655575501
1990.0,1.2012659539899857
1991.0,1.202796026215158
1992.0,1.2039720615461442
1993.0,1.205117507208698
1994.0,1.2076032683383164
1995.0,1.211067488129393
1996.0,1.213145831081564
1997.0,1.2152682693088268
1998.0,1.2167941489681326
1999.0,1.2166838157097322
2000.0,1.2175687780921238
2001.0,1.218302979649901
2002.0,1.2202774316049203
2003.0,1.2227291421168667
2004.0,1.2250778765545587
2005.0,1.2284983760381614
2006.0,1.2320207369811602
2007.0,1.2350345937453664
2008.0,1.237632566901486
2009.0,1.2390594363920095
2010.0,1.2390942675175918
2011.0,1.2395288732695506
2012.0,1.2389371887840337
2013.0,1.238629151149217
2014.0,1.2377199078768837
2015.0,1.2385805997578596
2016.0,1.2390974266345551
2017.0,1.2413539174874177
2018.0,1.2462794155540886
2019.0,1.2504673292909643
2020.0,1.254347346058634
2021.0,1.2568632438311251
2022.0,1.257864024503749
2023.0,1.257820104049744
2024.0,1.2578830620656165
2025.0,1.256609652632061
2026.0,1.2577864623819628
2027.0,1.2600911511998591
2028.0,1.2620105162787294
2029.0,1.2651748382165109
2030.0,1.2676838491136075
2031.0,1.2706509493453482
2032.0,1.271328992201304
2033.0,1.2719198592530232
2034.0,1.2737766642988666
2035.0,1.2738751938870159
2036.0,1.2756622331894494
2037.0,1.2771111418722194
2038.0,1.2790462765755726
2039.0,1.2806959826891897
2040.0,1.282308128045429
2041.0,1.2835975391592196
2042.0,1.284745871028748
2043.0,1.2858645873127834
2044.0,1.2869095259410779
2045.0,1.2877153484182706
2046.0,1.2873106897232676
2047.0,1.2900429986641233
2048.0,1.2923720587090628
2049.0,1.2927196157518508
2050.0,1.2931930541959473
2051.0,1.2918976088068308
2052.0,1.2914465943652187
2053.0,1.289681878491229
2054.0,1.2900153631174953
2055.0,1.2918689779520698
2056.0,1.2934681798424221
2057.0,1.2966563687229784
2058.0,1.2976875491671949
2059.0,1.297253538876058
2060.0,1.2978063161552766
2061.0,1.2983463304064942
2062.0,1.298520234498437
2063.0,1.3009958444475729
2064.0,1.3028438152252482
2065.0,1.3037952345938975
2066.0,1.3044025961229389
2067.0,1.3054472034586027
2068.0,1.306760632855843
2069.0,1.3078091109642385
2070.0,1.309004581680281
2071.0,1.3102987846140848
2072.0,1.3117366795220147
2073.0,1.3122579567074675
2074.0,1.312027381259036
2075.0,1.3123336947388593
2076.0,1.31305068425926
2077.0,1.3136383699175624
2078.0,1.3167602279668114
2079.0,1.3187175834510552
2080.0,1.319354132414266
2081.0,1.320385781048389
2082.0,1.3211447131460543
2083.0,1.3207897825299904
2084.0,1.3221888115829334
2085.0,1.325203730927265
2086.0,1.3263468525288078
2087.0,1.327787943320008
2088.0,1.3281286729145918
2089.0,1.3259239472408397
2090.0,1.3256837687737573
2091.0,1.327263737975776
2092.0,1.3276978544083222
2093.0,1.3310377793868553
2094.0,1.3329254497004575
2095.0,1.3327708213283955
2096.0,1.3348345866646414
2097.0,1.3356938415453
2098.0,1.335146913608672
2099.0,1.3357029766422492
2100.0,1.3366481412613602
2101.0,1.3382225171155044
2102.0,1.340691175996074
2103.0,1.3427126530608562
2104.0,1.3460338632801117
2105.0,1.3469151565952655
2106.0,1.3462514658542384
2107.0,1.3453274536119693
2108.0,1.3438763055033889
2109.0,1.3423193097487336
2110.0,1.3435069877332115
2111.0,1.3450419353023928
2112.0,1.346400630827097
2113.0,1.349229578177151
2114.0,1.3500588096159563
2115.0,1.3496066615271587
2116.0,1.349382381013034
2117.0,1.3479933935940238
2118.0,1.347171807729935
2119.0,1.3471145847208719
2120.0,1.3459522652064508
2121.0,1.3439408192863094
2122.0,1.3428791460318332
2123.0,1.3407769497569153
2124.0,1.3395855677184272
2125.0,1.3388664580819092
2126.0,1.3395870528313696
2127.0,1.3410187291366322
2128.0,1.3446546128971177
2129.0,1.350847909637955
2130.0,1.3559011637106757
2131.0,1.3564211326482025
2132.0,1.354937514954118
2133.0,1.3539625205130925
2134.0,1.349015853309873
2135.0,1.3480729745826951
2136.0,1.3504908003847715
2137.0,1.3504792491384539
2138.0,1.3504404231145044
2139.0,1.3496396696878352
2140.0,1.3467827848283174
2141.0,1.3457950892939852
2142.0,1.3457077465770884
2143.0,1.3444736882477872
2144.0,1.346615231535587
2145.0,1.3492835989406762
2146.0,1.3498775641211684
2147.0,1.3518352918082328
2148.0,1.351130341903287
2149.0,1.350669464591509
2150.0,1.3498731224118385
2151.0,1.3486389630955795
2152.0,1.3487919083136968
2153.0,1.3487293188713132
2154.0,1.349381178867243
2155.0,1.352467604131167
2156.0,1.3535911492808204
2157.0,1.3541322947848977
2158.0,1.3548999340906098
2159.0,1.3547343048891045
2160.0,1.354788144732716
2161.0,1.355836254700929
2162.0,1.3551464349928057
2163.0,1.3525391418666466
2164.0,1.3523904104264117
2165.0,1.3498251162469177
2166.0,1.3469071740254641
2167.0,1.347058708482131
2168.0,1.3464217681831396
2169.0,1.3478084161220898
2170.0,1.3510381470176307
2171.0,1.3527748778309687
2172.0,1.35500968444519
2173.0,1.355681450389396
2174.0,1.3552623706259563
2175.0,1.3545289307032293
2176.0,1.3528876303437365
2177.0,1.3508482562332933
2178.0,1.3476592349089918
2179.0,1.345791772936011
2180.0,1.3432211265737624
2181.0,1.3420752115886803
2182.0,1.342902798420242
2183.0,1.3429339051461058
2184.0,1.3431910605068431
2185.0,1.3435963318999948
2186.0,1.3439776732824105
2187.0,1.3446809823700476
2188.0,1.342075351887609
2189.0,1.3402693989902985
2190.0,1.3413772422556205
2191.0,1.3415158148031823
2192.0,1.3449860808327183
2193.0,1.3496428369991476
2194.0,1.352215166354569
2195.0,1.3539585671046297
2196.0,1.3544348331346885
2197.0,1.353592315920892
2198.0,1.3531864737358041
2199.0,1.3512368503682615
2200.0,1.3497303565483147
2201.0,1.3481511084613567
2202.0,1.347287064153979
2203.0,1.3463458366455723
2204.0,1.3461904651692465
2205.0,1.3465690442710914
2206.0,1.3484290162608434
2207.0,1.350130736981423
2208.0,1.3513321905361573
2209.0,1.3507408730826342
2210.0,1.3481745118366835
2211.0,1.3454112827741778
2212.0,1.3430152042029546
2213.0,1.3417696448276761
2214.0,1.3389007077735695
2215.0,1.3364321541289332
2216.0,1.3358657718084368
2217.0,1.3369754373397391
2218.0,1.340945212207272
2219.0,1.3444419994256296
2220.0,1.3506805267557904
2221.0,1.352802696658946
2222.0,1.3538989071216874
2223.0,1.3530322878395282
2224.0,1.3474079888998094
2225.0,1.3457016558924348
2226.0,1.3434259689173245
2227.0,1.344643999818674
2228.0,1.3507713945982525
2229.0,1.3538531269680942
2230.0,1.3594081234956144
2231.0,1.3609851857798232
2232.0,1.3598799128509313
2233.0,1.3558717134034877
2234.0,1.3530409133805816
2235.0,1.3491390179143787
2236.0,1.3466075232245411
2237.0,1.349086406054329
2238.0,1.352020268817433
2239.0,1.3545454745427965
2240.0,1.3587247953833028
2241.0,1.360400136563389
2242.0,1.360470104698664
2243.0,1.3605406907133981
2244.0,1.3610025711715001
2245.0,1.3609848211019309
2246.0,1.360164474596288
2247.0,1.3602130450254106
2248.0,1.3578825646397696
2249.0,1.3516880407366592
2250.0,1.3499323072209284
2251.0,1.3485243106466351
2252.0,1.3474498422355852
2253.0,1.349995385557306
2254.0,1.3501063190034792
2255.0,1.3476843363756101
2256.0,1.3491401864569041
2257.0,1.351920576994158
2258.0,1.3543638404471499
2259.0,1.358909618722637
2260.0,1.3618702819084805
2261.0,1.3642324511539656
2262.0,1.3671637898501334
2263.0,1.367027935001334
2264.0,1.3676930618011263
2265.0,1.3656976588537328
2266.0,1.3628746819228958
2267.0,1.3599453554745626
2268.0,1.3556046486601492
2269.0,1.349291249146767
2270.0,1.3437802352684194
2271.0,1.3413875958168737
2272.0,1.3404121823997457
2273.0,1.3459854484634735
2274.0,1.3538321123100912
2275.0,1.358634876803506
2276.0,1.3638478036752175
2277.0,1.3659090328593955
2278.0,1.3629086756990607
2279.0,1.3627078645758275
2280.0,1.3619141475283543
2281.0,1.361757692641149
2282.0,1.36189618183083
2283.0,1.3634505334597173
2284.0,1.3672691645691695
2285.0,1.3694922016333888
2286.0,1.3724669740081088
2287.0,1.3734420332084882
2288.0,1.3726474193261755
2289.0,1.3707166381253415
2290.0,1.3656160744413215
2291.0,1.363010650690991
2292.0,1.3599054784186833
2293.0,1.3593288689449414
2294.0,1.3646451928081227
2295.0,1.3653095845054888
2296.0,1.3667871420468496
2297.0,1.3610300751961752
2298.0,1.3531297069900048
2299.0,1.3513158822318667
2300.0,1.3496455217973666
2301.0,1.350181701009215
2302.0,1.3527108598975026
2303.0,1.3492437012772156
2304.0,1.349267996662901
2305.0,1.3546716257674178
2306.0,1.3629187204365392
2307.0,1.369789711521852
2308.0,1.3674432970862358
2309.0,1.361635343172699
2310.0,1.3570311399543837
2311.0,1.353938816495678
2312.0,1.3582240441004392
2313.0,1.363327991772272
2314.0,1.361333940965324
2315.0,1.3597627569932134
2316.0,1.3583819163582793
2317.0,1.3574969297821844
2318.0,1.3578404324993392
2319.0,1.354655969449048
2320.0,1.3539124925204358
2321.0,1.3548350774144275
2322.0,1.352673436659007
2323.0,1.348738358330389
2324.0,1.3494641452373408
2325.0,1.3489013334432232
2326.0,1.3483201242852818
2327.0,1.3514531511725516
2328.0,1.3545144774945062
2329.0,1.3571103975437342
2330.0,1.3598444353246684
2331.0,1.3673125392073715
2332.0,1.3686223090641838
2333.0,1.3631147042804184
2334.0,1.3606186278129537
2335.0,1.3580493807978022
2336.0,1.355159407256711
2337.0,1.3541246403167615
2338.0,1.352574571432258
2339.0,1.3456374362132462
2340.0,1.3440695497667168
2341.0,1.3468307993100304
2342.0,1.346104653014035
2343.0,1.3470483644945248
2344.0,1.3516610261373803
2345.0,1.3564208402441253
2346.0,1.3608221266915443
2347.0,1.370607634454425
2348.0,1.3730004372856457
2349.0,1.371623802967918
2350.0,1.3654909126754526
2351.0,1.3672787451964092
2352.0,1.362228937498664
2353.0,1.356453721690795
2354.0,1.3607282666588385
2355.0,1.3521550832555274
2356.0,1.3504598953212028
2357.0,1.3556200879797502
2358.0,1.3534169864942844
2359.0,1.3556634530926772
2360.0,1.3593463737355955
2361.0,1.351197370913733
2362.0,1.3442075523134345
2363.0,1.3465842923355233
2364.0,1.3437327659684624
2365.0,1.3506977630717614
2366.0,1.3606253391682006
2367.0,1.3513377900038968
2368.0,1.3406838607117821
2369.0,1.3310105441315832
2370.0,1.318854409492435
2371.0,1.318027978148104
2372.0,1.3259836587682658
2373.0,1.3308468087913925
2374.0,1.3379141370209546
2375.0,1.339678317446177
2376.0,1.3317445049187928
2377.0,1.3313883535193116
2378.0,1.3235416585565545
2379.0,1.3069948380657208
2380.0,1.3011819374614741
2381.0,1.290734560755495
2382.0,1.2871027971364393
2383.0,1.2940121574791141
2384.0,1.2893270856025374
2385.0,1.2903235266719526
2386.0,1.2899513845354642
2387.0,1.2936372128922313
2388.0,1.3110014218658492
2389.0,1.3211316041856747
2390.0,1.3281240171694668
2391.0,1.3248173818113333
2392.0,1.3196760988578384
2393.0,1.3139253535226922
2394.0,1.3054924324527644
2395.0,1.2992480286238035
2396.0,1.2916538065952567
2397.0,1.2912327606244098
2398.0,1.2873765136351814
2399.0,1.2943435612287646
2400.0,1.3070345936875867
2401.0,1.311691128861053
2402.0,1.3148041957943697
2403.0,1.3114009071052661
2404.0,1.303284877450926
2405.0,1.2895114962869816
2406.0,1.2849980772617031
2407.0,1.2833393598983027
2408.0,1.2819685537602437
2409.0,1.2927870466613387
2410.0,1.2998483059475723
2411.0,1.3070555554279275
2412.0,1.3164791074218154
2413.0,1.3139677005669326
2414.0,1.3105614482135355
2415.0,1.3076734541079895
2416.0,1.3146688437509004
2417.0,1.319713047086041
2418.0,1.304387183290667
2419.0,1.2896024479979356
2420.0,1.2521986153438656
2421.0,1.2146597677136446
2422.0,1.2089939202101607
2423.0,1.2063445504916555
2424.0,1.2027849865945772
2425.0,1.2056204798013452
2426.0,1.2147703494029973
2427.0,1.2127003997069727
2428.0,1.2107218339700385
2429.0,1.2196945319008226
2430.0,1.2129001329118456
2431.0,1.215979796563971
2432.0,1.2309599283088928
2433.0,1.2315668997167395
2434.0,1.2357851063263512
2435.0,1.233639916307245
2436.0,1.225078473972585
2437.0,1.2224195908701374
2438.0,1.2231849590987836
2439.0,1.229630464348592
2440.0,1.2431951556581944
2441.0,1.2655924691246514
2442.0,1.2583571276448806
2443.0,1.251623321665834
2444.0,1.2656727976480275
2445.0,1.2626051207030142
2446.0,1.2808990122061323
2447.0,1.2968768402061026
2448.0,1.2701988116939027
2449.0,1.2441461619559422
2450.0,1.2265123691560922
2451.0,1.2258045034589986
2452.0,1.226264024677921
2453.0,1.2073643393169347
2454.0,1.201805288083392
2455.0,1.193458622915178
2456.0,1.1901318929055942
2457.0,1.1853535191116047
2458.0,1.1669573081043212
2459.0,1.1509107760302877
2460.0,1.13257932323588
2461.0,1.1525682124128775
2462.0,1.1900296822275718
2463.0,1.2086927417206643
2464.0,1.2169153459816124
2465.0,1.2206211340345243
2466.0,1.2178320317522346
2467.0,1.1885053173509679
2468.0,1.1589600281867463
2469.0,1.118141002769262
2470.0,1.079033434626715
2471.0,1.1282321744775694
2472.0,1.1388123138407686
2473.0,1.173366755605942
2474.0,1.1891720862550699
2475.0,1.1472010274145183
2476.0,1.1336770822873043
2477.0,1.127026552484177
2478.0,1.1268987619618196
2479.0,1.1463091726204337
2480.0,1.1578803379671416
2481.0,1.1723315162907983
2482.0,1.1884335147943248
2483.0,1.2036013677344533
2484.0,1.1989019115155375
2485.0,1.187006367846618
2486.0,1.178582225220686
2487.0,1.1604769291422434
2488.0,1.1385108608540153
2489.0,1.1157855274980129
2490.0,1.095347914013232
2491.0,1.056825809583375
2492.0,1.0419181838450635
2493.0,1.0464415769319741
2494.0,1.066217558502063
2495.0,1.1042479360774673
2496.0,1.1209898773901041
2497.0,1.149664952660168
2498.0,1.1603366601036893
2499.0,1.1374177252780322
2500.0,1.1735193807297384
