350.0,-0.26673630840139523
351.0,-0.20291744478269294
352.0,-0.0851272702681028
353.0,-0.10462313510796421
354.0,-0.034724522574132013
355.0,0.005027453890151598
356.0,-0.05672604885297211
357.0,-0.07328785272739465
358.0,-0.04342032406279187
359.0,-0.021081085869991547
360.0,-0.042686608896813166
361.0,-0.0031008103884897034
362.0,0.026415728338060763
363.0,0.010777866386783219
364.0,-0.03891560487421795
365.0,-0.01022234495712869
366.0,0.004114907740483792
367.0,-0.018087010608372398
368.0,-0.025587255610151065
369.0,-0.00011251730659135939
370.0,0.006451399459003724
371.0,-0.008950682059109339
372.0,0.009561148332865808
373.0,0.01626723477039805
374.0,0.016604741400195556
375.0,0.017109247182491523
376.0,0.010955180644838369
377.0,0.0019042266929682654
378.0,0.008397365801207873
379.0,0.03212139712027999
380.0,0.02227164301583574
381.0,0.01626626678053168
382.0,0.014436617781875102
383.0,0.009906123539977931
384.0,0.026625915275191505
385.0,0.03179438052591263
386.0,0.02031935229042402
387.0,0.007216263571464791
388.0,0.009462529196202168
389.0,0.019256225621467272
390.0,0.027170442745032483
391.0,0.026098844328135327
392.0,0.02590627596282688
393.0,0.03414606669535955
394.0,0.0441195667631973
395.0,0.03152061262429603
396.0,0.02541688166240285
397.0,0.025238146488882136
398.0,0.025530327886095473
399.0,0.02752944375076212
400.0,0.02959418291613036
401.0,0.02811535921842336
402.0,0.02314369279506056
403.0,0.031665756156033335
404.0,0.032091883120413715
405.0,0.029032719705035005
406.0,0.03841771574193677
407.0,0.041215592705623305
408.0,0.039181746745206546
409.0,0.035458384645716164
410.0,0.032478554231646806
411.0,0.029646451082640947
412.0,0.03333154826904852
413.0,0.04311873520288872
414.0,0.046840460018042894
415.0,0.046335489505362495
416.0,0.04138034427515563
417.0,0.034499017971212624
418.0,0.036803269259772654
419.0,0.041226245198059105
420.0,0.04327130738588926
421.0,0.04155559237275304
422.0,0.0438033047941041
423.0,0.0442205289707419
424.0,0.041463241105126135
425.0,0.038705037722002525
426.0,0.03689650384789996
427.0,0.039918908745676
428.0,0.04545515078453298
429.0,0.04179732719790853
430.0,0.040562704344173355
431.0,0.04237619810664189
432.0,0.04462004662916131
433.0,0.04378479480632367
434.0,0.04456627773175062
435.0,0.045420512600732786
436.0,0.0431961731157254
437.0,0.04339576963711019
438.0,0.04263729858191213
439.0,0.041107202473737094
440.0,0.04233815869809608
441.0,0.04202109424456135
442.0,0.0422875022571858
443.0,0.04392821539023747
444.0,0.04347995582692477
445.0,0.0432285445269779
446.0,0.043412563730548526
447.0,0.04364045460377732
448.0,0.043407493962711124
449.0,0.04363894561457897
450.0,0.043582485092760886
451.0,0.04223126363086722
452.0,0.04505648414655311
453.0,0.04535090282581339
454.0,0.042852613494834935
455.0,0.0460683059536249
456.0,0.044227245406602785
457.0,0.04213859221122297
458.0,0.04417774080954896
459.0,0.04522578606479284
460.0,0.04534537305005795
461.0,0.04505974528160882
462.0,0.045011269371166354
463.0,0.044556981673551065
464.0,0.043772023692915524
465.0,0.043592543545388614
466.0,0.04530307965387425
467.0,0.04496200219109056
468.0,0.044680438472029606
469.0,0.04551689503807506
470.0,0.04475191934564174
471.0,0.04374082948278222
472.0,0.04326661274069245
473.0,0.0438351532836774
474.0,0.04571066341218993
475.0,0.046305886663794246
476.0,0.04553294282321857
477.0,0.045017362751434524
478.0,0.04449567268082004
479.0,0.0450855864189657
480.0,0.04632373445949105
481.0,0.04530662403692585
482.0,0.045188192652046474
483.0,0.04596377448284631
484.0,0.04647029418031892
485.0,0.044453336634396406
486.0,0.04420527856621539
487.0,0.0453295389068548
488.0,0.045143788219222325
489.0,0.045901040749049535
490.0,0.04646060748278572
491.0,0.04610788447882392
492.0,0.045088628167290534
493.0,0.04378319174675058
494.0,0.04336429778570999
495.0,0.044521207522422813
496.0,0.0464324897122104
497.0,0.04721370736018325
498.0,0.04706619426526175
499.0,0.047061570670056424
500.0,0.045926630880024806
501.0,0.04545478320540904
502.0,0.0460558705081828
503.0,0.04629688325850803
504.0,0.04685330430823308
505.0,0.04712148287723867
506.0,0.046715028646349674
507.0,0.046529259203078335
508.0,0.045712391815065596
509.0,0.045208070718938204
510.0,0.046323879927852744
511.0,0.046999762216421104
512.0,0.0473218033120105
513.0,0.047500591356881845
514.0,0.047651683874012654
515.0,0.04649564597843168
516.0,0.045559424199443734
517.0,0.04604889889680233
518.0,0.0466576132875665
519.0,0.04725694078541359
520.0,0.04755965913267017
521.0,0.04732569526677267
522.0,0.046854013077735665
523.0,0.04664600539068124
524.0,0.04676354083090886
525.0,0.04673885074462465
526.0,0.04713363861921306
527.0,0.04756972427880144
528.0,0.04771235296822677
529.0,0.04809365390995499
530.0,0.047630539371698234
531.0,0.04692086245803319
532.0,0.04724014417011727
533.0,0.04748659144159783
534.0,0.04718174222990654
535.0,0.04670408416423339
536.0,0.04748841395354437
537.0,0.048063611756278435
538.0,0.04799748090230231
539.0,0.047463053884456145
540.0,0.04760653357148525
541.0,0.04796664718712304
542.0,0.04822301470231456
543.0,0.04821827117967202
544.0,0.04834603885151505
545.0,0.04829460907327878
546.0,0.048138072572217395
547.0,0.04879235469419041
548.0,0.04849025464131365
549.0,0.04816468282824096
550.0,0.04891145215661258
551.0,0.048832206990115146
552.0,0.04840287739746979
553.0,0.04810717610785828
554.0,0.04832919995476059
555.0,0.04886841295815514
556.0,0.04922148332186441
557.0,0.0491242029812473
558.0,0.048814467535071134
559.0,0.049011590272930075
560.0,0.049250148461276434
561.0,0.04884046341702871
562.0,0.0486183990207655
563.0,0.04859520366984243
564.0,0.04871715411341826
565.0,0.0489204851011093
566.0,0.049400362250223026
567.0,0.04976744173508451
568.0,0.049705747636752215
569.0,0.04934102988690101
570.0,0.049236650628630634
571.0,0.04940506166062019
572.0,0.04956553483930833
573.0,0.04970957598985623
574.0,0.04978122563932296
575.0,0.049740893002372014
576.0,0.049561174191026666
577.0,0.049865546600678476
578.0,0.05013937738534964
579.0,0.0499021589666391
580.0,0.05002251564375274
581.0,0.04993274734314693
582.0,0.0497943412712219
583.0,0.05018598449313612
584.0,0.05017866817943618
585.0,0.05026706310158917
586.0,0.05063372364566074
587.0,0.05049284816258512
588.0,0.0504886175715413
589.0,0.05050222094716742
590.0,0.050342805633102304
591.0,0.05081275134097973
592.0,0.05121999466816643
593.0,0.05124137203894839
594.0,0.05100711099132031
595.0,0.05086321267613945
596.0,0.050908673764196784
597.0,0.05112107565825647
598.0,0.05134980563877028
599.0,0.0515659601004305
600.0,0.05171071068052625
601.0,0.05172343999519752
602.0,0.05156857789305562
603.0,0.05159287114674491
604.0,0.05180021392460831
605.0,0.05166822265399889
606.0,0.05205722368632908
607.0,0.05246081719572852
608.0,0.05232426190284204
609.0,0.052377744965118544
610.0,0.05233933029119874
611.0,0.05233055922051642
612.0,0.05271066019256189
613.0,0.0528865674630361
614.0,0.05291126759354674
615.0,0.052922944055894594
616.0,0.053022785911577094
617.0,0.053119711117737715
618.0,0.053207651602738326
619.0,0.05330540406658791
620.0,0.053373968514081
621.0,0.05358556442601385
622.0,0.05385426356046011
623.0,0.05382536686030549
624.0,0.05385555628526531
625.0,0.05383906379778846
626.0,0.053752169565961135
627.0,0.054161630061771604
628.0,0.054177268812315424
629.0,0.05404992242217033
630.0,0.05452721150375716
631.0,0.05470462428860686
632.0,0.054667405901702264
633.0,0.05459919969177929
634.0,0.05466092405269162
635.0,0.0545499450684853
636.0,0.05463878645023429
637.0,0.05521769863832001
638.0,0.05535189236385703
639.0,0.055492242025532566
640.0,0.055684334441600876
641.0,0.05562616693451902
642.0,0.05559952046096436
643.0,0.055740701506811895
644.0,0.056039274877187295
645.0,0.05623535999360766
646.0,0.05629474623952489
647.0,0.0563168723080929
648.0,0.05643795404712307
649.0,0.056521755977261896
650.0,0.05675993647658039
651.0,0.05711703740356586
652.0,0.05726440143105272
653.0,0.05733715360761954
654.0,0.057435129152094686
655.0,0.057584214771778025
656.0,0.057583374324464885
657.0,0.057577908974994506
658.0,0.05767249565681691
659.0,0.057913245018398944
660.0,0.05807896176454067
661.0,0.05820687075197452
662.0,0.05836160463247615
663.0,0.05858621986462098
664.0,0.05898833623842816
665.0,0.059206212777782194
666.0,0.05897936324583571
667.0,0.0592713708019927
668.0,0.05945465451989948
669.0,0.05946944010434307
670.0,0.05980444392152357
671.0,0.05996115855636362
672.0,0.060213306324301615
673.0,0.06065742118726375
674.0,0.06056915992106474
675.0,0.060580130526851725
676.0,0.060740055011681095
677.0,0.06088039347524983
678.0,0.061309520421964386
679.0,0.06146038750793982
680.0,0.06134676124700858
681.0,0.06179982927369747
682.0,0.062096034182981964
683.0,0.06205465842857328
684.0,0.06183247103661978
685.0,0.06222591081960847
686.0,0.06256853889503423
687.0,0.06272996972241444
688.0,0.06293416439080536
689.0,0.06308022551121947
690.0,0.0631512680171053
691.0,0.06316902528989368
692.0,0.06318563481390062
693.0,0.06349068884933398
694.0,0.0639079263097114
695.0,0.06418280931465693
696.0,0.06452965728348477
697.0,0.06482850571709833
698.0,0.06493362526674243
699.0,0.06473498158041313
700.0,0.06499367444579006
701.0,0.06538041425880885
702.0,0.06557495715650011
703.0,0.06577034510253131
704.0,0.0660346481178171
705.0,0.06622076143358374
706.0,0.06617509235053098
707.0,0.06634202196263632
708.0,0.06662736559261288
709.0,0.06699042508165712
710.0,0.06749421944735257
711.0,0.06759837011703979
712.0,0.06747256949457635
713.0,0.06744978466262587
714.0,0.06782225722491933
715.0,0.06808611798571801
716.0,0.06829760464606212
717.0,0.0687837191024681
718.0,0.06929766581588333
719.0,0.06961510966036531
720.0,0.06967566037741729
721.0,0.06963792975611072
722.0,0.06989334495518008
723.0,0.07021464476620172
724.0,0.07034603748248723
725.0,0.07066873755038285
726.0,0.07107068968505502
727.0,0.07138974404106233
728.0,0.07147736966024934
729.0,0.07165976522274022
730.0,0.07189697389632363
731.0,0.07215368360524162
732.0,0.07250478082730684
733.0,0.07285171908549598
734.0,0.07315396947903507
735.0,0.07338823895357084
736.0,0.07349932975797176
737.0,0.07368778307700544
738.0,0.07395592622058893
739.0,0.07415645372182005
740.0,0.07463939239909169
741.0,0.07508463803444222
742.0,0.07525277715798867
743.0,0.07527205494170183
744.0,0.07536138125639374
745.0,0.07566176319483074
746.0,0.07618529935997244
747.0,0.07657379498488012
748.0,0.07681966996924881
749.0,0.07702964573751375
750.0,0.07737990761895575
751.0,0.07764145716736334
752.0,0.0778822352921151
753.0,0.07818229357137928
754.0,0.07855140328373184
755.0,0.0787390090665252
756.0,0.07894908075862637
757.0,0.07943557884785661
758.0,0.07966953951212992
759.0,0.07986417202675537
760.0,0.08009655910992548
761.0,0.0802790821904035
762.0,0.08063144955363101
763.0,0.08107404000743462
764.0,0.08147180664516951
765.0,0.08169188456856492
766.0,0.08190938919491574
767.0,0.08219282810461913
768.0,0.08256374690332362
769.0,0.08307926522314737
770.0,0.08342294753859199
771.0,0.083603837186461
772.0,0.08395341327207108
773.0,0.08434893107229004
774.0,0.0847072521672157
775.0,0.0850117090713061
776.0,0.08539339123776019
777.0,0.08571682928071869
778.0,0.08601846769033918
779.0,0.08637769523384989
780.0,0.08675149280835207
781.0,0.08701953534648883
782.0,0.0872711561069146
783.0,0.08775197443926605
784.0,0.08811959840709668
785.0,0.08838383829148888
786.0,0.0886638598571506
787.0,0.08918524722366149
788.0,0.08950323011939956
789.0,0.08981369808974292
790.0,0.09038452956035001
791.0,0.09077643922266794
792.0,0.09100127005363719
793.0,0.0912537607794901
794.0,0.09179490181198469
795.0,0.09210253971814715
796.0,0.09245410518856886
797.0,0.09295041245901453
798.0,0.0932114043033129
799.0,0.0936098410915108
800.0,0.09400899028430358
801.0,0.09424099436188973
802.0,0.09454301581452138
803.0,0.09503490024767934
804.0,0.09560204806494274
805.0,0.09600458713704277
806.0,0.09622734336372002
807.0,0.0965732954934677
808.0,0.09710586473105438
809.0,0.09755020572795275
810.0,0.09791792795860738
811.0,0.09830534102935481
812.0,0.09875915785457205
813.0,0.09912244988376187
814.0,0.09952823359028051
815.0,0.09997440147868003
816.0,0.10040837946644433
817.0,0.10086129662404875
818.0,0.10126530540724013
819.0,0.10170793984845715
820.0,0.10236603164719464
821.0,0.1026519652926951
822.0,0.10296109656488979
823.0,0.10352813684210675
824.0,0.10401675674330532
825.0,0.10451142838692999
826.0,0.10501284423344476
827.0,0.10550222093903343
828.0,0.105956242126257
829.0,0.10650380665688168
830.0,0.10701867489329049
831.0,0.10729054727981188
832.0,0.10756967506697437
833.0,0.10794271143841265
834.0,0.10846037495786304
835.0,0.10912353530458138
836.0,0.10947561265275076
837.0,0.10981755571269018
838.0,0.11036907045729895
839.0,0.11086198555632147
840.0,0.11141143923959568
841.0,0.11193415218711902
842.0,0.11232670841847155
843.0,0.11262556451584388
844.0,0.11312007457483052
845.0,0.11373111232944053
846.0,0.11420945103266539
847.0,0.11492684948093007
848.0,0.11549402005617558
849.0,0.11582302814670324
850.0,0.1162463444229236
851.0,0.11695703783257248
852.0,0.1175410662674855
853.0,0.11784123952408698
854.0,0.11844998943924859
855.0,0.1189885143549338
856.0,0.11945188474410334
857.0,0.11990649269897809
858.0,0.12023796923076918
859.0,0.12076276828163791
860.0,0.12148907212436698
861.0,0.12220952034940935
862.0,0.12262787592469195
863.0,0.12296475678412759
864.0,0.12348508329575587
865.0,0.12436690871829753
866.0,0.12485139838068285
867.0,0.12518705790384252
868.0,0.12567867997555157
869.0,0.12644281999923865
870.0,0.12706540086157206
871.0,0.12755669226878627
872.0,0.12800686507518516
873.0,0.1283835798211019
874.0,0.1289240423321753
875.0,0.12954966458245426
876.0,0.13007853574528036
877.0,0.1304377480140253
878.0,0.13113091759429132
879.0,0.13188028087500533
880.0,0.13213498827305833
881.0,0.13309199922254472
882.0,0.1339382131004532
883.0,0.1344081149789984
884.0,0.13492824154467084
885.0,0.13526055181697091
886.0,0.1359055784854214
887.0,0.13681569429956694
888.0,0.13700980774673047
889.0,0.13779581865248505
890.0,0.13856451301874934
891.0,0.13881406277173994
892.0,0.13937935741773072
893.0,0.13986931430831323
894.0,0.14026675253419374
895.0,0.14076311196127236
896.0,0.14190265787324727
897.0,0.14269939956921895
898.0,0.1431587000743398
899.0,0.1437498688500936
900.0,0.14447882053308467
901.0,0.14486416414447673
902.0,0.14533179171063734
903.0,0.14667173999660896
904.0,0.14718081401247174
905.0,0.14767980932715036
906.0,0.1484440950242812
907.0,0.14895116397002034
908.0,0.14927734365045683
909.0,0.1496782652612117
910.0,0.15034412343768977
911.0,0.15130171462655004
912.0,0.15240440947593276
913.0,0.15321389147210626
914.0,0.15356001275769424
915.0,0.15385703130306044
916.0,0.1547300633952678
917.0,0.15571828588527312
918.0,0.15632319026647312
919.0,0.15686566474017918
920.0,0.15721334190934932
921.0,0.15775377010752017
922.0,0.1587140741840937
923.0,0.15918323207503607
924.0,0.1596892131620883
925.0,0.1604465030067582
926.0,0.16148266113948115
927.0,0.1628049881768663
928.0,0.16347634799283486
929.0,0.16341190540310338
930.0,0.16327509411718508
931.0,0.164543114631959
932.0,0.1654298599189788
933.0,0.1658195608896327
934.0,0.16681187613984821
935.0,0.1678394258625718
936.0,0.16862723325471748
937.0,0.16906866230101808
938.0,0.16933173187045847
939.0,0.17067296661027506
940.0,0.17160408783672834
941.0,0.1719337483633444
942.0,0.17303592957775685
943.0,0.17394233846205887
944.0,0.17437167599561235
945.0,0.174646818606424
946.0,0.1755824719225031
947.0,0.17622092146016552
948.0,0.17703730783477298
949.0,0.178123625682685
950.0,0.17877764490725798
951.0,0.17996952950374656
952.0,0.18057491105938442
953.0,0.18034795899494002
954.0,0.18094085517046357
955.0,0.18172456834596684
956.0,0.18276238447078136
957.0,0.18404204395138815
958.0,0.18523090625066863
959.0,0.1857682545376841
960.0,0.18546561931572492
961.0,0.18526303407946293
962.0,0.18770491506778525
963.0,0.1888566357160245
964.0,0.18947716023537356
965.0,0.1903741107214555
966.0,0.1901714248913748
967.0,0.19072513923821768
968.0,0.191656500207712
969.0,0.1925138341750147
970.0,0.19385253689865323
971.0,0.19526067378910653
972.0,0.19591429449789194
973.0,0.19584007083147012
974.0,0.1967830264116131
975.0,0.19757793680959276
976.0,0.19808924633249594
977.0,0.19860293440585908
978.0,0.1996629767560791
979.0,0.20079080186274437
980.0,0.20162251201943815
981.0,0.20224747035908966
982.0,0.20344690744867447
983.0,0.20422977329085823
984.0,0.20489204525352148
985.0,0.2058853461181504
986.0,0.20732987414676335
987.0,0.2077615454530548
988.0,0.20848708337840888
989.0,0.209675455586892
990.0,0.20904653227600778
991.0,0.2100582109503827
992.0,0.21212508581694722
993.0,0.21342208975634722
994.0,0.2122044661017432
995.0,0.21467994850638952
996.0,0.2159395833508124
997.0,0.21475486116793555
998.0,0.21627724451069572
999.0,0.21836111140732264
1000.0,0.2191180594949916
1001.0,0.22987265892557984
1002.0,0.22680409499801352
1003.0,0.22629482846423302
1004.0,0.22572844458029095
1005.0,0.22741123806840116
1006.0,0.23048097352269103
1007.0,0.23538577624121046
1008.0,0.23881543724161017
1009.0,0.240643316693713
1010.0,0.24125787451640957
1011.0,0.24082937880860167
1012.0,0.2411947623843724
1013.0,0.24153564326862173
1014.0,0.24158348581358904
1015.0,0.24129116921739116
1016.0,0.24203351825680383
1017.0,0.24326734747762832
1018.0,0.24349349340988172
1019.0,0.24376364629337546
1020.0,0.24578474230841882
1021.0,0.24658022435686883
1022.0,0.24809514710120592
1023.0,0.25132448026458043
1024.0,0.25234349145476986
1025.0,0.25349908452718883
1026.0,0.25446687591269895
1027.0,0.25425199244114244
1028.0,0.25604816503467115
1029.0,0.2574344569934811
1030.0,0.2590261229858976
1031.0,0.2597110759539242
1032.0,0.2598611962057952
1033.0,0.25874779998380565
1034.0,0.25752900745485635
1035.0,0.2568650364133681
1036.0,0.2594231636170265
1037.0,0.26383836202772615
1038.0,0.26736780453807263
1039.0,0.2687787364483447
1040.0,0.26673139262371287
1041.0,0.2664181571384418
1042.0,0.2669615802814277
1043.0,0.26712921779192
1044.0,0.2681869365889615
1045.0,0.2716783714944359
1046.0,0.27227819249445573
1047.0,0.27184081038952906
1048.0,0.27277081003976617
1049.0,0.27367242876383835
1050.0,0.27501196116415333
1051.0,0.27668529711065554
1052.0,0.27809456804136456
1053.0,0.27890911605121765
1054.0,0.2798816048917864
1055.0,0.2803097226597948
1056.0,0.28098282657079326
1057.0,0.28188157009726317
1058.0,0.2833070580621232
1059.0,0.2835876042751388
1060.0,0.28422549028524535
1061.0,0.28420513814183285
1062.0,0.28393510718728004
1063.0,0.2847448592993634
1064.0,0.28496605444715106
1065.0,0.28706415351115416
1066.0,0.289342121658105
1067.0,0.2899820061737826
1068.0,0.2916430668806185
1069.0,0.29171979275520254
1070.0,0.29203396199687026
1071.0,0.29312626400734343
1072.0,0.29505680197305706
1073.0,0.29643694991513525
1074.0,0.298518127600943
1075.0,0.29987598660858505
1076.0,0.3015686046559297
1077.0,0.3028793370072534
1078.0,0.3031253507686953
1079.0,0.303040902272537
1080.0,0.30331227983447695
1081.0,0.30494359837037494
1082.0,0.30611429260253636
1083.0,0.30837956544860873
1084.0,0.3097785951773241
1085.0,0.3099014815072879
1086.0,0.3107369232715258
1087.0,0.31201093979772
1088.0,0.3124492382891452
1089.0,0.3139831796799513
1090.0,0.3158768250828566
1091.0,0.317158524489265
1092.0,0.31872587947066156
1093.0,0.3188377616161144
1094.0,0.3194139131986092
1095.0,0.32048132522773126
1096.0,0.32142021564556883
1097.0,0.32337157164325725
1098.0,0.32475663821631245
1099.0,0.3255927619956587
1100.0,0.3253876015302262
1101.0,0.3260931103555987
1102.0,0.3268356320083239
1103.0,0.3278142542239875
1104.0,0.328168798738206
1105.0,0.33009708391276843
1106.0,0.3329145065318476
1107.0,0.33462847059905937
1108.0,0.33652039411360046
1109.0,0.3386411777738875
1110.0,0.3395335257690195
1111.0,0.3399842177047035
1112.0,0.3409456986849352
1113.0,0.34252760562087364
1114.0,0.3432576851378941
1115.0,0.3435161121336735
1116.0,0.3442703244668842
1117.0,0.34485829566544285
1118.0,0.34577164735622196
1119.0,0.3472225989956782
1120.0,0.3481901315835431
1121.0,0.34877426726705063
1122.0,0.3497352617117987
1123.0,0.3507920932117486
1124.0,0.3519200498184226
1125.0,0.3535619915344604
1126.0,0.3553446137709979
1127.0,0.35687233901482907
1128.0,0.3582648543678957
1129.0,0.3597547028214108
1130.0,0.3611468362046593
1131.0,0.36252565913027507
1132.0,0.3641437922779054
1133.0,0.36535265890225854
1134.0,0.3662077590621663
1135.0,0.36750924924454076
1136.0,0.3682574125925137
1137.0,0.36880571398021694
1138.0,0.36962918621841534
1139.0,0.3699276792121282
1140.0,0.370138729319612
1141.0,0.37085372666255767
1142.0,0.3719658928430117
1143.0,0.3735172462790196
1144.0,0.3749484231909684
1145.0,0.37687615105385597
1146.0,0.3783690332340948
1147.0,0.37996600281110554
1148.0,0.38101935331062975
1149.0,0.3815974602175867
1150.0,0.3821250264162313
1151.0,0.38344731667250875
1152.0,0.38425089556438363
1153.0,0.38594383726311154
1154.0,0.38840984359016517
1155.0,0.38935363580155785
1156.0,0.39048916350354157
1157.0,0.3916992757839026
1158.0,0.392542144968527
1159.0,0.3937258012067157
1160.0,0.39542658554615195
1161.0,0.3964919924095627
1162.0,0.3970776003432477
1163.0,0.3981601361096957
1164.0,0.3992323393821687
1165.0,0.4005512731507946
1166.0,0.4024813636443188
1167.0,0.40405715536552866
1168.0,0.40495735279213807
1169.0,0.4056836727503705
1170.0,0.4066135616949899
1171.0,0.4074580755196702
1172.0,0.40827686152414994
1173.0,0.40916884836986395
1174.0,0.4105050626691876
1175.0,0.41192923976622353
1176.0,0.41313519358603273
1177.0,0.4147548376438031
1178.0,0.41622167887209033
1179.0,0.4171606387226256
1180.0,0.41846873402600127
1181.0,0.42031599010595444
1182.0,0.42191307220642066
1183.0,0.4230190053362667
1184.0,0.4240611800705066
1185.0,0.4249095243977666
1186.0,0.4259309946123608
1187.0,0.4272728469173807
1188.0,0.4289335981585615
1189.0,0.43039218101495424
1190.0,0.43212308555416795
1191.0,0.43354326760208717
1192.0,0.4346101448065687
1193.0,0.43595631310078026
1194.0,0.43748769815799504
1195.0,0.43874642161843896
1196.0,0.4401054323405841
1197.0,0.4411710988560427
1198.0,0.44170578499799734
1199.0,0.4426351828662597
1200.0,0.443404042132406
1201.0,0.4442702023861451
1202.0,0.446049079903355
1203.0,0.4475590762303195
1204.0,0.44896324038667773
1205.0,0.45076992307392333
1206.0,0.45194548655710703
1207.0,0.45234866741798324
1208.0,0.4533879503627672
1209.0,0.4541969016305792
1210.0,0.4556276105004382
1211.0,0.4578175250829276
1212.0,0.45957889983393263
1213.0,0.46195165075553624
1214.0,0.4634690206588921
1215.0,0.464239764554534
1216.0,0.46505072213365395
1217.0,0.46620540493449225
1218.0,0.46673962103617106
1219.0,0.4676845172744477
1220.0,0.46888886120158235
1221.0,0.4703455314722234
1222.0,0.47181995050338277
1223.0,0.47344549691997617
1224.0,0.47566496411418985
1225.0,0.47732822405148667
1226.0,0.47862333311984007
1227.0,0.48013298810196536
1228.0,0.48175201720195
1229.0,0.48316194122943695
1230.0,0.4845758885098599
1231.0,0.4858493111323033
1232.0,0.486954175287134
1233.0,0.48801506055170096
1234.0,0.4882820451514512
1235.0,0.4891057601443968
1236.0,0.49006706376398484
1237.0,0.49072698600799336
1238.0,0.4920565722995999
1239.0,0.49421863825981993
1240.0,0.4958020526324498
1241.0,0.4974736313498429
1242.0,0.49897971026013976
1243.0,0.5003531815142389
1244.0,0.5016116822842834
1245.0,0.5025327086967782
1246.0,0.5037650553882859
1247.0,0.5051060169733386
1248.0,0.5064151147010496
1249.0,0.5080941483511195
1250.0,0.5094433429569238
1251.0,0.5107615838073343
1252.0,0.5114138128259232
1253.0,0.5125612339068714
1254.0,0.5136895478639691
1255.0,0.5148193826119559
1256.0,0.5162478528756321
1257.0,0.5172682668818629
1258.0,0.5177207510636571
1259.0,0.5188933473000102
1260.0,0.5202758612418424
1261.0,0.521626624543842
1262.0,0.5233547996232785
1263.0,0.5250324479731385
1264.0,0.5266957518967944
1265.0,0.5282442094933949
1266.0,0.5299152417783073
1267.0,0.5314876421427636
1268.0,0.5327948742770208
1269.0,0.5342704521481907
1270.0,0.5355055867791824
1271.0,0.5367003911907946
1272.0,0.5379366314912043
1273.0,0.5390455768917528
1274.0,0.5401246543264802
1275.0,0.5411264278059006
1276.0,0.5424426005537282
1277.0,0.543653965458459
1278.0,0.5451754753307779
1279.0,0.5475169768987688
1280.0,0.549031656819125
1281.0,0.5503099153008789
1282.0,0.5514255339663912
1283.0,0.5515738925925129
1284.0,0.5526051299415013
1285.0,0.5542532444885425
1286.0,0.5555669704201518
1287.0,0.5570048570556971
1288.0,0.5587601146680732
1289.0,0.5600860326721645
1290.0,0.561072239736977
1291.0,0.5619861861953458
1292.0,0.5626350750185131
1293.0,0.5637894989902565
1294.0,0.5648072466497162
1295.0,0.5661658003844718
1296.0,0.568188530997947
1297.0,0.5698421414904766
1298.0,0.5713706369997033
1299.0,0.5729509064203693
1300.0,0.5745016063147095
1301.0,0.5761406330889121
1302.0,0.5779900880393369
1303.0,0.5795322843241539
1304.0,0.5808130794427346
1305.0,0.5823365086680388
1306.0,0.5838770109426461
1307.0,0.5852623683502247
1308.0,0.586760285372763
1309.0,0.5884827135973518
1310.0,0.590096115720801
1311.0,0.59161184055925
1312.0,0.5931060209721929
1313.0,0.5947895729263941
1314.0,0.596147627333889
1315.0,0.5971328456068258
1316.0,0.5983763499894534
1317.0,0.599581984199762
1318.0,0.6008835538559707
1319.0,0.6025688118540455
1320.0,0.603766311344916
1321.0,0.6044483341476129
1322.0,0.6056179974206676
1323.0,0.6069719736940578
1324.0,0.6080520264765669
1325.0,0.6088837418225479
1326.0,0.6103367710696844
1327.0,0.6119803946271106
1328.0,0.613638463763171
1329.0,0.6150897815988088
1330.0,0.6171096946763707
1331.0,0.618577718465284
1332.0,0.6193278146270338
1333.0,0.6204948122848004
1334.0,0.6218609772140101
1335.0,0.6232121645384107
1336.0,0.6243206258175162
1337.0,0.6258180023584613
1338.0,0.6278793175767875
1339.0,0.6294635875724531
1340.0,0.6308802272986614
1341.0,0.632422749024967
1342.0,0.6338778223338766
1343.0,0.6352328228219507
1344.0,0.6367489894871197
1345.0,0.638077767838347
1346.0,0.6389802483253565
1347.0,0.6400613891864938
1348.0,0.6414057848217175
1349.0,0.6428601695439107
1350.0,0.644484339635503
1351.0,0.6464501087778631
1352.0,0.6481464287864912
1353.0,0.6499954784929187
1354.0,0.6514329042573949
1355.0,0.6526880668999352
1356.0,0.653794637538463
1357.0,0.6543688340826419
1358.0,0.655433060114261
1359.0,0.6566484421592103
1360.0,0.657842881360945
1361.0,0.6592174555219322
1362.0,0.6605921504317361
1363.0,0.6619598970972381
1364.0,0.6632506327940337
1365.0,0.6647294298835401
1366.0,0.6659716960331865
1367.0,0.6669495842287707
1368.0,0.6678213989098952
1369.0,0.669113553927167
1370.0,0.6705293914775493
1371.0,0.6718565532962628
1372.0,0.6735495630162144
1373.0,0.6747242958924564
1374.0,0.6754466698384464
1375.0,0.6765444276373501
1376.0,0.6775193244842729
1377.0,0.6788724784791996
1378.0,0.6806079966890141
1379.0,0.6821691359359131
1380.0,0.6838752718531786
1381.0,0.6854756195860583
1382.0,0.6872000456439725
1383.0,0.6885112447428173
1384.0,0.6894031672655664
1385.0,0.690624498621113
1386.0,0.6917214090668324
1387.0,0.6928349359153366
1388.0,0.6942978748320686
1389.0,0.6955720196450851
1390.0,0.6966653935792743
1391.0,0.6976317454680191
1392.0,0.698740241448783
1393.0,0.6999272051892083
1394.0,0.7009912484499882
1395.0,0.7019634880546801
1396.0,0.703137514674429
1397.0,0.7043234300686257
1398.0,0.7055670732527541
1399.0,0.7072484866371411
1400.0,0.7082025537322238
1401.0,0.7085266336101864
1402.0,0.7095076472428361
1403.0,0.7104587662915358
1404.0,0.711413892752472
1405.0,0.712962826632242
1406.0,0.7140472465090726
1407.0,0.7145256574946557
1408.0,0.715413077688194
1409.0,0.7163819894746106
1410.0,0.7174561748081335
1411.0,0.7186763638045259
1412.0,0.7199784755381621
1413.0,0.7216246012608194
1414.0,0.7229063887496272
1415.0,0.7241464439341659
1416.0,0.7253597770031128
1417.0,0.7264994079972905
1418.0,0.7273797790118484
1419.0,0.7285230692173303
1420.0,0.7298513378917839
1421.0,0.7309419957191262
1422.0,0.7320260159389286
1423.0,0.7329928620118118
1424.0,0.7336155429813318
1425.0,0.7346964576204825
1426.0,0.7360491330932845
1427.0,0.7371347884427667
1428.0,0.7383020367511796
1429.0,0.7394987325211237
1430.0,0.740386644435089
1431.0,0.7415765768838746
1432.0,0.7431306368747711
1433.0,0.7445228973503601
1434.0,0.7459662193972052
1435.0,0.7473137618128605
1436.0,0.7485440160864103
1437.0,0.7498592696846107
1438.0,0.7511797193056406
1439.0,0.7524644804179645
1440.0,0.7539926803732839
1441.0,0.7551801831927394
1442.0,0.7561619816330505
1443.0,0.7573796442901877
1444.0,0.7584888846710865
1445.0,0.7594193288062088
1446.0,0.7607340568327107
1447.0,0.7621460536980309
1448.0,0.7636702671999477
1449.0,0.7655432128243153
1450.0,0.7670838520353711
1451.0,0.7687209783376749
1452.0,0.7700728521672375
1453.0,0.7710580772000527
1454.0,0.772264879794684
1455.0,0.7734585690921403
1456.0,0.7745746014728415
1457.0,0.7757826497991436
1458.0,0.7768745108199026
1459.0,0.7776576482603516
1460.0,0.7787004779833663
1461.0,0.7797408431407237
1462.0,0.7810176178829585
1463.0,0.7826045620881462
1464.0,0.7841149345712121
1465.0,0.7859434644382723
1466.0,0.7874194383969314
1467.0,0.7886097828897699
1468.0,0.7897837859488007
1469.0,0.7912609365287676
1470.0,0.7927522775562978
1471.0,0.7940985848315816
1472.0,0.7956618555488
1473.0,0.7970282220816441
1474.0,0.7979339005425452
1475.0,0.7994253916413283
1476.0,0.8013249286852028
1477.0,0.802910962139225
1478.0,0.8046722673552511
1479.0,0.8060420445271212
1480.0,0.8070369283916978
1481.0,0.8083243647849987
1482.0,0.8094509318242951
1483.0,0.8108740194625389
1484.0,0.8128136437992016
1485.0,0.8141367533620626
1486.0,0.8153260168882794
1487.0,0.8164006054035103
1488.0,0.8168082443248861
1489.0,0.8178374590689931
1490.0,0.8192524373510518
1491.0,0.8204592369221106
1492.0,0.8218300202498161
1493.0,0.8231650403703378
1494.0,0.8241952690829736
1495.0,0.8255583393624515
1496.0,0.8272367477387692
1497.0,0.8288256854873401
1498.0,0.8305812533951067
1499.0,0.8322406223616018
1500.0,0.8338800039073995
1501.0,0.8354729232398488
1502.0,0.8367584500228761
1503.0,0.8380530501021625
1504.0,0.8393792851833355
1505.0,0.8405949308043787
1506.0,0.8418314375508746
1507.0,0.8430916703938929
1508.0,0.8443940964776984
1509.0,0.8455771809063141
1510.0,0.8469639970683986
1511.0,0.8487107501519099
1512.0,0.8500437055939999
1513.0,0.8510281718606987
1514.0,0.8524895957856237
1515.0,0.8538703358170839
1516.0,0.8555884255644629
1517.0,0.8581516321084578
1518.0,0.8598193161885694
1519.0,0.8611470113449876
1520.0,0.8624985046378774
1521.0,0.8632874796651047
1522.0,0.8644874697696164
1523.0,0.8660786058783154
1524.0,0.8673174204510078
1525.0,0.8684703873518951
1526.0,0.8696190782652947
1527.0,0.8703963941641458
1528.0,0.871550602880641
1529.0,0.8729909899142717
1530.0,0.8743228950341042
1531.0,0.8757564145275455
1532.0,0.8772230765434055
1533.0,0.8786563880430954
1534.0,0.8801086030720986
1535.0,0.8818251534457968
1536.0,0.8832595598970242
1537.0,0.8843963351273821
1538.0,0.8856837095116771
1539.0,0.8869360813672813
1540.0,0.88805038824118
1541.0,0.8892429769214825
1542.0,0.890454873965155
1543.0,0.8918597600518308
1544.0,0.8933828841654874
1545.0,0.8946550495105005
1546.0,0.8961392162112455
1547.0,0.8971600880409638
1548.0,0.8976365337613555
1549.0,0.898555395892264
1550.0,0.8994209589421694
1551.0,0.900571737870962
1552.0,0.9020254521656634
1553.0,0.9033012750881722
1554.0,0.9045796055694466
1555.0,0.9060012682754677
1556.0,0.9073062758438661
1557.0,0.9090003720113012
1558.0,0.9113769359166805
1559.0,0.9129217295680684
1560.0,0.9142328968242567
1561.0,0.9155515696103537
1562.0,0.9162416093663193
1563.0,0.9174019025508557
1564.0,0.9189542797101468
1565.0,0.9203193759994949
1566.0,0.921741116853184
1567.0,0.9229836868383632
1568.0,0.9240136386400116
1569.0,0.9252503150409412
1570.0,0.926525854430484
1571.0,0.9277408333041293
1572.0,0.9290741960521287
1573.0,0.9303652527047785
1574.0,0.9313813791091298
1575.0,0.9326691987743078
1576.0,0.934333152326431
1577.0,0.9357096662434539
1578.0,0.9370567617169113
1579.0,0.9383621135043678
1580.0,0.9393982387649226
1581.0,0.9405713106659475
1582.0,0.9417635339100184
1583.0,0.9430785713961342
1584.0,0.9447398861779166
1585.0,0.9460179284727596
1586.0,0.9470395920652015
1587.0,0.9482233767461506
1588.0,0.9492870223964707
1589.0,0.9502801263318976
1590.0,0.9512931572113162
1591.0,0.9524481302734027
1592.0,0.9536427122013497
1593.0,0.9546590773230595
1594.0,0.9560044665062627
1595.0,0.9577240329948378
1596.0,0.9591252978364305
1597.0,0.9606018728865442
1598.0,0.9616343090777788
1599.0,0.9623899940068631
1600.0,0.9632395854994359
1601.0,0.9636276221231558
1602.0,0.9647681297045412
1603.0,0.9663412105319086
1604.0,0.9676859530913056
1605.0,0.9693880960538993
1606.0,0.9706608680981517
1607.0,0.9715512166993363
1608.0,0.9727907625916434
1609.0,0.9741972823051589
1610.0,0.9752584320337151
1611.0,0.97639235643585
1612.0,0.9772026356229203
1613.0,0.9774826894564521
1614.0,0.9781669066429208
1615.0,0.9787639992063523
1616.0,0.9797414888594682
1617.0,0.9810631002197658
1618.0,0.9822386139109238
1619.0,0.9836390170581013
1620.0,0.9848841255109968
1621.0,0.9859867712695104
1622.0,0.987140961596714
1623.0,0.9882715555277187
1624.0,0.9894866466089034
1625.0,0.9910030377618393
1626.0,0.9919381940458469
1627.0,0.99237545548486
1628.0,0.9933855737546299
1629.0,0.9941654046463138
1630.0,0.995289228223725
1631.0,0.9972876157973024
1632.0,0.9986070721910236
1633.0,0.9994366833509168
1634.0,1.0006390733569548
1635.0,1.002036120977779
1636.0,1.0030664533506957
1637.0,1.003997220424278
1638.0,1.0050117817886166
1639.0,1.0057614056571034
1640.0,1.0065989063064722
1641.0,1.007654158739095
1642.0,1.0086370113973946
1643.0,1.0093633888200761
1644.0,1.0103434465749035
1645.0,1.0118272532431898
1646.0,1.0127117375959611
1647.0,1.0130355334923558
1648.0,1.0139711994138438
1649.0,1.015077880225849
1650.0,1.0158897582653128
1651.0,1.0170077025426818
1652.0,1.0179195718541172
1653.0,1.0184098654409055
1654.0,1.0189594716203634
1655.0,1.019813857025964
1656.0,1.0202604847194834
1657.0,1.019905835695247
1658.0,1.0202407329287588
1659.0,1.0208160638055173
1660.0,1.0214328210756054
1661.0,1.0223316342746946
1662.0,1.023391052014623
1663.0,1.0246751949866533
1664.0,1.025758921742081
1665.0,1.0270624073513595
1666.0,1.0282582542612415
1667.0,1.028994807375312
1668.0,1.0300225849931373
1669.0,1.031392317122852
1670.0,1.0325793457051307
1671.0,1.033810004300503
1672.0,1.0349273217638044
1673.0,1.0359094388789172
1674.0,1.0368486485319184
1675.0,1.0375711713974825
1676.0,1.0385336502269586
1677.0,1.0395670539769015
1678.0,1.0406363187906482
1679.0,1.042004333941156
1680.0,1.0431575297924116
1681.0,1.043992353266135
1682.0,1.0452252621422506
1683.0,1.046474772956659
1684.0,1.0478597941954222
1685.0,1.0498833744311826
1686.0,1.0513576628696997
1687.0,1.0523744222145284
1688.0,1.0538204761974788
1689.0,1.0551712438175664
1690.0,1.0567610032808783
1691.0,1.0592097686979027
1692.0,1.060869337918666
1693.0,1.0617049325645396
1694.0,1.0630924717468975
1695.0,1.064584040226522
1696.0,1.0657564799564947
1697.0,1.0673087166051194
1698.0,1.0686884563837202
1699.0,1.0693297259661474
1700.0,1.0704557896346145
1701.0,1.0720332278415283
1702.0,1.0732269232892155
1703.0,1.0743721906544224
1704.0,1.0754174242781895
1705.0,1.0762588571014524
1706.0,1.0771437109011885
1707.0,1.0778543657428843
1708.0,1.0790200231221387
1709.0,1.0806369066802841
1710.0,1.0816904219864911
1711.0,1.082713916587227
1712.0,1.083598116736541
1713.0,1.0838781899961656
1714.0,1.0845102341916697
1715.0,1.0854430810069644
1716.0,1.0862897737286703
1717.0,1.087260022805173
1718.0,1.0879670310099798
1719.0,1.0883476679146453
1720.0,1.089116757342156
1721.0,1.089927822864914
1722.0,1.0907321699576407
1723.0,1.0918253206838608
1724.0,1.0928386601141251
1725.0,1.0934719807056021
1726.0,1.0945938817320031
1727.0,1.096428419397198
1728.0,1.0975980537564174
1729.0,1.0986321284677736
1730.0,1.099654344581407
1731.0,1.1001499762300593
1732.0,1.1008691283222074
1733.0,1.1019966496002265
1734.0,1.102901391508248
1735.0,1.1034738590238358
1736.0,1.104354302673302
1737.0,1.1053384031935096
1738.0,1.1061619602156507
1739.0,1.1069497099481265
1740.0,1.107883609956174
1741.0,1.1091829366381285
1742.0,1.1096331589071213
1743.0,1.1096946527027314
1744.0,1.1103689988080627
1745.0,1.1103978500749545
1746.0,1.1111000712397316
1747.0,1.112822050663585
1748.0,1.1137066528035824
1749.0,1.1142486419497348
1750.0,1.1152628399191609
1751.0,1.1162408513231847
1752.0,1.117329726099122
1753.0,1.1187963116497697
1754.0,1.1203122209564882
1755.0,1.1215078477025686
1756.0,1.122109848492174
1757.0,1.12275695000092
1758.0,1.1233914785829224
1759.0,1.1233607066788114
1760.0,1.1240832220579262
1761.0,1.1250578047216662
1762.0,1.1256217730410758
1763.0,1.126526110256728
1764.0,1.1274532883545367
1765.0,1.1280016373555344
1766.0,1.1284385116192772
1767.0,1.1293291963193663
1768.0,1.1300615208842926
1769.0,1.1309781326944237
1770.0,1.1320551190861279
1771.0,1.1325437864480368
1772.0,1.133486555729164
1773.0,1.1344883393487448
1774.0,1.1353684218043567
1775.0,1.1367465833554813
1776.0,1.1375672030251813
1777.0,1.1383109198269183
1778.0,1.1394100365076143
1779.0,1.1407418317601419
1780.0,1.1425365262962857
1781.0,1.143437767584984
1782.0,1.1434829731747214
1783.0,1.143584052012103
1784.0,1.1440793075545679
1785.0,1.1452028182613108
1786.0,1.1470009775730499
1787.0,1.1493663380196757
1788.0,1.1510659701283668
1789.0,1.1523363689948032
1790.0,1.1541351524499233
1791.0,1.1550812185431507
1792.0,1.1556137819432903
1793.0,1.156268828237942
1794.0,1.1562851220695882
1795.0,1.1569075371481146
1796.0,1.1580756628222768
1797.0,1.1590723658321218
1798.0,1.160189743239101
1799.0,1.1609156586289575
1800.0,1.161145502245976
1801.0,1.1530541526884657
1802.0,1.1546696469569762
1803.0,1.1560239707784499
1804.0,1.1571823775389234
1805.0,1.1586809264357973
1806.0,1.1599531213285343
1807.0,1.1609953926162953
1808.0,1.1620438814342906
1809.0,1.1625647417735898
1810.0,1.1641664790926176
1811.0,1.166530667056237
1812.0,1.167829102211077
1813.0,1.1711251748991682
1814.0,1.1742366203912011
1815.0,1.1754413772292465
1816.0,1.175336861293482
1817.0,1.17556145736828
1818.0,1.1747544732314352
1819.0,1.174450327710031
1820.0,1.1735116329147284
1821.0,1.1739049758017859
1822.0,1.1759274581463979
1823.0,1.1755134279199928
1824.0,1.175755997911619
1825.0,1.1772952057156245
1826.0,1.1786675845302563
1827.0,1.1796598124592685
1828.0,1.1812249815145859
1829.0,1.1848106628662327
1830.0,1.1861127874272797
1831.0,1.1858854115015822
1832.0,1.185443953935214
1833.0,1.1866378631764714
1834.0,1.1877229121971653
1835.0,1.1891214463687667
1836.0,1.1927234201727925
1837.0,1.1935596453860986
1838.0,1.191921339665002
1839.0,1.1925558060282564
1840.0,1.1932994386973168
1841.0,1.1945118468065543
1842.0,1.1960327430892757
1843.0,1.1975922209885284
1844.0,1.1991239343765177
1845.0,1.2002786940156296
1846.0,1.2007386930728536
1847.0,1.2009247136158812
1848.0,1.2016634525537035
1849.0,1.2013418066875803
1850.0,1.2018826553175523
1851.0,1.2034578217234893
1852.0,1.2053170571646505
1853.0,1.2066543776554028
1854.0,1.2075877922615301
1855.0,1.2079424297284975
1856.0,1.2085350009307718
1857.0,1.2088008967199089
1858.0,1.2078339141986423
1859.0,1.2079593626096794
1860.0,1.2090830997772588
1861.0,1.209529210968381
1862.0,1.2080650031043407
1863.0,1.2069424368131585
1864.0,1.2060110837823668
1865.0,1.203595145373701
1866.0,1.2035191186631904
1867.0,1.206062990453591
1868.0,1.2067469325975042
1869.0,1.2069930139923966
1870.0,1.2077298032843977
1871.0,1.2086511210260888
1872.0,1.2080340308875972
1873.0,1.208867628766519
1874.0,1.2096141495210893
1875.0,1.207203734940109
1876.0,1.204964450924691
1877.0,1.2029436456932474
1878.0,1.2002576293729112
1879.0,1.1985101813470393
1880.0,1.1988787631344657
1881.0,1.1973024199707876
1882.0,1.1950479780122762
1883.0,1.1924629334109147
1884.0,1.1892893379154574
1885.0,1.1860731739760444
1886.0,1.1820284072949396
1887.0,1.1767669982100395
1888.0,1.1720080831853998
1889.0,1.1666413137549057
1890.0,1.1611985128778273
1891.0,1.1549905045544402
1892.0,1.1509327402191298
1893.0,1.146724459224492
1894.0,1.1421311840173098
1895.0,1.1382795417587774
1896.0,1.133016058022601
1897.0,1.1266032383537385
1898.0,1.1198845447405459
1899.0,1.1131720931191877
1900.0,1.1070672637253707
1901.0,1.1019427022777326
1902.0,1.0977473536614648
1903.0,1.094059283553538
1904.0,1.0894330756689377
1905.0,1.085369458855544
1906.0,1.0815242480400047
1907.0,1.077235236853541
1908.0,1.074813224422946
1909.0,1.0723571314765201
1910.0,1.0685106195319038
1911.0,1.064944780472438
1912.0,1.0618221105683028
1913.0,1.0590155024356922
1914.0,1.0560333925647816
1915.0,1.0550636364334787
1916.0,1.0553209849175995
1917.0,1.0544322087628293
1918.0,1.0547031713983028
1919.0,1.054658490449743
1920.0,1.0535529504184715
1921.0,1.0526051926109137
1922.0,1.0519947637537475
1923.0,1.0518243184403746
1924.0,1.0517237438200433
1925.0,1.051406890483644
1926.0,1.0527386278790576
1927.0,1.0541253768199812
1928.0,1.0551584598807604
1929.0,1.0566658164049638
1930.0,1.0563560850284965
1931.0,1.0559568246918187
1932.0,1.0561408881935896
1933.0,1.056299783854008
1934.0,1.0594012943526858
1935.0,1.0632716270675902
1936.0,1.0659441090368826
1937.0,1.068076860432245
1938.0,1.070371660613558
1939.0,1.0703662074466294
1940.0,1.0700844792793038
1941.0,1.0709156694333353
1942.0,1.0727316528660915
1943.0,1.0757315513528145
1944.0,1.0783798517707541
1945.0,1.0803590943978216
1946.0,1.08077936788405
1947.0,1.0809778742514402
1948.0,1.0827279035348427
1949.0,1.0853840487056172
1950.0,1.087636410699891
1951.0,1.090024165768721
1952.0,1.092226870716785
1953.0,1.091970505384774
1954.0,1.0921985748127117
1955.0,1.0928943893796723
1956.0,1.0935250826475955
1957.0,1.0944794301741883
1958.0,1.0949310417210107
1959.0,1.0968083204254873
1960.0,1.1001650476929756
1961.0,1.1032408279699248
1962.0,1.107055528767702
1963.0,1.1108512013930656
1964.0,1.1137673688959422
1965.0,1.1159066414303476
1966.0,1.1176358371970991
1967.0,1.1189927196870553
1968.0,1.120830405388105
1969.0,1.1217875932196084
1970.0,1.1213066741493636
1971.0,1.1214150554688742
1972.0,1.1220048849206157
1973.0,1.1219447101196551
1974.0,1.1231288883648205
1975.0,1.1255908289420262
1976.0,1.1279905867129287
1977.0,1.130474364289507
1978.0,1.1331598836363421
1979.0,1.1359860453787318
1980.0,1.1394458947727522
1981.0,1.1411626643915278
1982.0,1.1418126943986946
1983.0,1.1420479623627997
1984.0,1.14163013798861
1985.0,1.1424647609408265
1986.0,1.1446062173243046
1987.0,1.1463789565566203
1988.0,1.1486676105961648
1989.0,1.1508566850715984
1990.0,1.1517297670525413
1991.0,1.1532771799133126
1992.0,1.1557249361735706
1993.0,1.156846488691459
1994.0,1.1592388444195247
1995.0,1.162669054867662
1996.0,1.1648934076386697
1997.0,1.1661355686048107
1998.0,1.1684753284724367
1999.0,1.1709775128981508
2000.0,1.1732880639662258
2001.0,1.1758948376231093
2002.0,1.178838854918788
2003.0,1.181694391742221
2004.0,1.182202590639356
2005.0,1.1828639921682045
2006.0,1.1845247732623956
2007.0,1.1853219203836525
2008.0,1.1865887921959715
2009.0,1.1872728180135328
2010.0,1.1874501832114635
2011.0,1.1881853973539414
2012.0,1.1883371492769557
2013.0,1.1895641749858363
2014.0,1.1917296933502148
2015.0,1.1939133653198448
2016.0,1.195732807988534
2017.0,1.1978944535414036
2018.0,1.2008114325343298
2019.0,1.2023988995995951
2020.0,1.2041462175554825
2021.0,1.20605420298238
2022.0,1.2077497639322663
2023.0,1.2101663240442686
2024.0,1.2117356377054043
2025.0,1.2133441017624063
2026.0,1.2147667838006126
2027.0,1.2149587787703682
2028.0,1.2160307207684249
2029.0,1.217918786773427
2030.0,1.2192856154987108
2031.0,1.2206020825241506
2032.0,1.2225709322837441
2033.0,1.223278629365771
2034.0,1.2248938967270961
2035.0,1.22596686275721
2036.0,1.2255606458159012
2037.0,1.2264289321689836
2038.0,1.2274433406690635
2039.0,1.2287642088087427
2040.0,1.231522585525375
2041.0,1.2331517986798948
2042.0,1.2333218168470106
2043.0,1.2350377578781273
2044.0,1.2377670544252275
2045.0,1.2392875508517858
2046.0,1.2408491836441362
2047.0,1.2441204720543049
2048.0,1.2451753045778842
2049.0,1.2460883437122725
2050.0,1.2460835658750724
2051.0,1.245392254301734
2052.0,1.2455576713754295
2053.0,1.2442487942861575
2054.0,1.245197478808792
2055.0,1.2491071067607566
2056.0,1.250769868455072
2057.0,1.2528097434134713
2058.0,1.2539251568343142
2059.0,1.2534980578351396
2060.0,1.2530785308471883
2061.0,1.2529647040733205
2062.0,1.2533928598646171
2063.0,1.2558056157725261
2064.0,1.2581154203625218
2065.0,1.2596001254545488
2066.0,1.2620361083605103
2067.0,1.2631096320792032
2068.0,1.262275212039713
2069.0,1.2627338773939132
2070.0,1.2634202035200073
2071.0,1.2637133057090464
2072.0,1.263829926340306
2073.0,1.2641468281399042
2074.0,1.2643141869541954
2075.0,1.264955894703291
2076.0,1.2652434944041286
2077.0,1.2670398869129291
2078.0,1.2677634394168429
2079.0,1.2686904407174724
2080.0,1.269430331396206
2081.0,1.2691097235426998
2082.0,1.2696496301730742
2083.0,1.2704373222501764
2084.0,1.2708378282502069
2085.0,1.2719394471952234
2086.0,1.271939197624802
2087.0,1.2700781852771792
2088.0,1.269932001890413
2089.0,1.2699724620911266
2090.0,1.2706977110070798
2091.0,1.2716944158569523
2092.0,1.2745997394794586
2093.0,1.2766084535061453
2094.0,1.2774879848471068
2095.0,1.2796239938130545
2096.0,1.2807007239704005
2097.0,1.2817045339791087
2098.0,1.2826699812128324
2099.0,1.283050221413279
2100.0,1.2820605504163018
2101.0,1.2827656196504276
2102.0,1.2837978882430552
2103.0,1.2851931995935544
2104.0,1.2889776276011475
2105.0,1.2906005742556166
2106.0,1.291122489987295
2107.0,1.2912017629490191
2108.0,1.291885036090468
2109.0,1.2905303715492493
2110.0,1.2906598366733988
2111.0,1.2914318764457626
2112.0,1.2913485111448182
2113.0,1.2930414497563343
2114.0,1.294018990493411
2115.0,1.2952647818486667
2116.0,1.2961361706783072
2117.0,1.2969021303693333
2118.0,1.2972160471052452
2119.0,1.2970522683641645
2120.0,1.2970926966930383
2121.0,1.2966746290453737
2122.0,1.296815109713453
2123.0,1.2966229758964423
2124.0,1.2974497573373234
2125.0,1.2994784348921111
2126.0,1.3014491810046884
2127.0,1.3025266797242923
2128.0,1.3042604597796825
2129.0,1.3022572745633143
2130.0,1.2996614098300399
2131.0,1.2973505778583219
2132.0,1.2947975270002672
2133.0,1.2942650018981945
2134.0,1.2961834926214384
2135.0,1.2962348176324139
2136.0,1.296076285503463
2137.0,1.2966429447662429
2138.0,1.2973154005856609
2139.0,1.2977411841016049
2140.0,1.2990055787313206
2141.0,1.2999087902526958
2142.0,1.300468380506132
2143.0,1.2996875412513733
2144.0,1.300642727052121
2145.0,1.3025064035200271
2146.0,1.3021495487162613
2147.0,1.3017505290212035
2148.0,1.3018977750719458
2149.0,1.3000056806391247
2150.0,1.3010664873948923
2151.0,1.3029416035636803
2152.0,1.3034274360696603
2153.0,1.3038844546299782
2154.0,1.304410970352497
2155.0,1.3039327293812164
2156.0,1.3031613557895538
2157.0,1.3025402380984057
2158.0,1.3017738475722782
2159.0,1.299908972213528
2160.0,1.299806775425556
2161.0,1.300532086497147
2162.0,1.3007728117165538
2163.0,1.3014722153993263
2164.0,1.3018404174255818
2165.0,1.3034632857072912
2166.0,1.3067095390507415
2167.0,1.3080116288180967
2168.0,1.3074209665020304
2169.0,1.303944011510091
2170.0,1.3009299054648473
2171.0,1.30012426719177
2172.0,1.30063006835334
2173.0,1.301562044537518
2174.0,1.3049690370090326
2175.0,1.3056427448155032
2176.0,1.3056656622811407
2177.0,1.3052493837159436
2178.0,1.3033575070220191
2179.0,1.3019109388077164
2180.0,1.299829322213541
2181.0,1.2988114516815492
2182.0,1.2973659575072396
2183.0,1.2977117750427871
2184.0,1.3007155357066442
2185.0,1.3017496449977566
2186.0,1.3016495490144133
2187.0,1.3051125149783116
2188.0,1.3072030931774858
2189.0,1.3067997594160021
2190.0,1.306453447018734
2191.0,1.304088066347871
2192.0,1.3010515082797511
2193.0,1.2989483158370316
2194.0,1.2969054879897388
2195.0,1.2954062773589958
2196.0,1.294843726756583
2197.0,1.2938480763384648
2198.0,1.2949329602583959
2199.0,1.2983893394615014
2200.0,1.3010000979868588
2201.0,1.3057767290643423
2202.0,1.3077177712186991
2203.0,1.3088014478919148
2204.0,1.3088961724883736
2205.0,1.307263125394264
2206.0,1.3037602465593991
2207.0,1.3024819805216243
2208.0,1.303189649361909
2209.0,1.3020915523303183
2210.0,1.3030561895194839
2211.0,1.301861930270321
2212.0,1.30091921407375
2213.0,1.3050569730562618
2214.0,1.3059955364287585
2215.0,1.3062313132973375
2216.0,1.3064512420985743
2217.0,1.3056708952616043
2218.0,1.3023310383171034
2219.0,1.3000991357505813
2220.0,1.297673222088698
2221.0,1.297470187284762
2222.0,1.2967255287368382
2223.0,1.2982336305620858
2224.0,1.304436636264784
2225.0,1.3069177287997913
2226.0,1.30850884706869
2227.0,1.3100375339611083
2228.0,1.3104097023836103
2229.0,1.3098371445791235
2230.0,1.3091117049910055
2231.0,1.3083074941050719
2232.0,1.306699161356034
2233.0,1.3043554457920954
2234.0,1.3014754840056035
2235.0,1.2982072851273918
2236.0,1.2958272909865218
2237.0,1.2933998856101834
2238.0,1.2967524228948202
2239.0,1.3025334751327515
2240.0,1.3053970380860547
2241.0,1.3088332403210041
2242.0,1.3094178986891907
2243.0,1.3060205914645597
2244.0,1.3051831720978837
2245.0,1.3060471074451003
2246.0,1.305342796085029
2247.0,1.3040241927420746
2248.0,1.3035247088917505
2249.0,1.3029281511238016
2250.0,1.3024331786292802
2251.0,1.303643737771169
2252.0,1.3041589124505284
2253.0,1.3029167510015551
2254.0,1.3016928523467755
2255.0,1.3010655781747997
2256.0,1.2990816054434624
2257.0,1.294881818073903
2258.0,1.2939646569692538
2259.0,1.2960939293312423
2260.0,1.2951063984106403
2261.0,1.2942882416466708
2262.0,1.2916845981580711
2263.0,1.2889970723780464
2264.0,1.2883505765865302
2265.0,1.289830695977331
2266.0,1.294469278851071
2267.0,1.2965621889323353
2268.0,1.2931525025358979
2269.0,1.2922440868528913
2270.0,1.2922764996090017
2271.0,1.2911582877381957
2272.0,1.2901534807647608
2273.0,1.2881324623769703
2274.0,1.2852346130063466
2275.0,1.282699839477208
2276.0,1.2834017714591253
2277.0,1.2835365642007366
2278.0,1.283594567724431
2279.0,1.2851948332939185
2280.0,1.2880386009265803
2281.0,1.2900480918245478
2282.0,1.2936982788721807
2283.0,1.2959275413094682
2284.0,1.2987443437196093
2285.0,1.2987750017128772
2286.0,1.2948962859313495
2287.0,1.2948105623491328
2288.0,1.294063672526216
2289.0,1.2935515744567068
2290.0,1.2974302754433702
2291.0,1.2974352745875672
2292.0,1.2926789181190137
2293.0,1.29218912958491
2294.0,1.2939098014040633
2295.0,1.2948360031760489
2296.0,1.297697952010064
2297.0,1.2990236645695683
2298.0,1.2981613964854781
2299.0,1.2951730798881376
2300.0,1.2891086289051477
2301.0,1.2825809116707365
2302.0,1.2790481811312444
2303.0,1.27449702058818
2304.0,1.2744125159338422
2305.0,1.2799491582442803
2306.0,1.283846501276697
2307.0,1.2909500154599758
2308.0,1.297855891141137
2309.0,1.2987735188133274
2310.0,1.2973825987911436
2311.0,1.2913415194806845
2312.0,1.28579314824014
2313.0,1.282762466149736
2314.0,1.2812435017563288
2315.0,1.283732165525697
2316.0,1.2861146829046997
2317.0,1.2870722990788201
2318.0,1.2876604419290503
2319.0,1.2869544773894162
2320.0,1.2857001274311552
2321.0,1.2817364797525055
2322.0,1.282224674602321
2323.0,1.2825416861048045
2324.0,1.286754270073924
2325.0,1.2968690713144229
2326.0,1.3007645728640171
2327.0,1.3072212250586734
2328.0,1.3070345691550027
2329.0,1.2982225033064057
2330.0,1.2957025327485643
2331.0,1.292821461448383
2332.0,1.2916079727314806
2333.0,1.290942772673602
2334.0,1.2936152268958228
2335.0,1.2996844516815778
2336.0,1.3033513681154918
2337.0,1.3123201387408339
2338.0,1.3153398457148067
2339.0,1.3123875249215842
2340.0,1.3091870166533424
2341.0,1.3015321674801408
2342.0,1.2986189014290954
2343.0,1.2983648719246317
2344.0,1.2975244694603985
2345.0,1.301160439873269
2346.0,1.2987378967434564
2347.0,1.292348516525796
2348.0,1.2835668406872205
2349.0,1.2767454808626826
2350.0,1.2757358661302367
2351.0,1.2785230504200815
2352.0,1.2831087214862653
2353.0,1.28309887942973
2354.0,1.2782461449892368
2355.0,1.2795152230120268
2356.0,1.2777399081335095
2357.0,1.2795141110177228
2358.0,1.2837369203753008
2359.0,1.2804191940358653
2360.0,1.2769452600623046
2361.0,1.2744490524896155
2362.0,1.2671804203287813
2363.0,1.2620948264676692
2364.0,1.2670987206866153
2365.0,1.267121256438828
2366.0,1.2726100097321003
2367.0,1.2843149220286092
2368.0,1.282778750588654
2369.0,1.280792987189277
2370.0,1.2779191775230028
2371.0,1.2694626638832978
2372.0,1.2675050609200962
2373.0,1.2683527364310831
2374.0,1.2683852837388054
2375.0,1.2775947618973462
2376.0,1.2837334518386383
2377.0,1.2784967766135373
2378.0,1.2819261464094955
2379.0,1.2835901130418408
2380.0,1.2800032371342305
2381.0,1.2879133101927185
2382.0,1.293260520665597
2383.0,1.2915614203455672
2384.0,1.288944998537012
2385.0,1.2838247437151236
2386.0,1.2748336061723344
2387.0,1.2640033008581029
2388.0,1.253949041442974
2389.0,1.2502451696439925
2390.0,1.2510620961493055
2391.0,1.2543588922004565
2392.0,1.2716525247497836
2393.0,1.2741171768998703
2394.0,1.2750608656687004
2395.0,1.284901761847317
2396.0,1.2650228402947665
2397.0,1.2540522651362223
2398.0,1.2575889655346546
2399.0,1.2513709951749115
2400.0,1.253033785003209
2401.0,1.2554849320458086
2402.0,1.2436891863612036
2403.0,1.235144338527844
2404.0,1.2387599999049506
2405.0,1.2476981540028889
2406.0,1.2500729131738573
2407.0,1.2497685861204506
2408.0,1.2570297809213211
2409.0,1.248134590741018
2410.0,1.2435732721942352
2411.0,1.245769530848718
2412.0,1.2438219532684545
2413.0,1.2451196547578771
2414.0,1.243144037511311
2415.0,1.2512370366685464
2416.0,1.2379666386025763
2417.0,1.2263219283221973
2418.0,1.2480822155252778
2419.0,1.24819242287829
2420.0,1.2393290551184357
2421.0,1.236029933323166
2422.0,1.2107520091532062
2423.0,1.1907332970672795
2424.0,1.1902732930607718
2425.0,1.2003172896384773
2426.0,1.208901575882899
2427.0,1.2075588767731809
2428.0,1.2036732186219807
2429.0,1.1968394639418645
2430.0,1.1876176967496967
2431.0,1.180130659481387
2432.0,1.1808396123845442
2433.0,1.1732030884079956
2434.0,1.145388722082693
2435.0,1.1333746389420076
2436.0,1.1445760691783189
2437.0,1.1505559614482825
2438.0,1.171527357718044
2439.0,1.186777592782617
2440.0,1.1644011301651138
2441.0,1.1629446269389918
2442.0,1.1588315105667113
2443.0,1.1323286240294943
2444.0,1.1414167352503068
2445.0,1.1446288647251655
2446.0,1.1451686303790904
2447.0,1.1806864566560495
2448.0,1.1730823797020966
2449.0,1.1563662527321172
2450.0,1.1534627376988695
2451.0,1.1314448438277325
2452.0,1.136330274358443
2453.0,1.1412435954384808
2454.0,1.131204028870908
2455.0,1.1278122662804861
2456.0,1.120025302719204
2457.0,1.1078153344420623
2458.0,1.1175396241643831
2459.0,1.1245800370980328
2460.0,1.1200719621546913
2461.0,1.1418187668413073
2462.0,1.1350028675509165
2463.0,1.131931599317132
2464.0,1.1583432844455257
2465.0,1.1577250018471734
2466.0,1.1696255006985048
2467.0,1.1857447945615442
2468.0,1.1944010746625535
2469.0,1.2097134758588366
2470.0,1.1913400350468153
2471.0,1.1740432367616727
2472.0,1.1518536722764425
2473.0,1.1238099421929
2474.0,1.104788715221173
2475.0,1.0643235545302667
2476.0,1.0587125292835877
2477.0,1.0864581825822288
2478.0,1.0946477475332128
2479.0,1.1149754507894472
2480.0,1.1303219753258984
2481.0,1.1293350974723158
2482.0,1.138702053722037
2483.0,1.1676730007127794
2484.0,1.1837870428062403
2485.0,1.1875785177851024
2486.0,1.1817439543719541
2487.0,1.1697591463142252
2488.0,1.150923463237682
2489.0,1.0989999665875942
2490.0,1.1111311400252493
2491.0,1.1758920502843055
2492.0,1.1723110091229485
2493.0,1.1824968658221482
2494.0,1.1614171882073914
2495.0,1.0530732901018955
2496.0,1.03697898041993
2497.0,1.0769414974167255
2498.0,1.0796606405894908
2499.0,1.0914198972092888
2500.0,1.086891289740097
