350.0,-0.09663416985401446
351.0,-0.10253130882473058
352.0,-0.022973479566117054
353.0,-0.03469773593695081
354.0,-0.023938466128878136
355.0,-0.0007128084284114346
356.0,0.0008036667917532514
357.0,-0.04475406077269679
358.0,-0.021139314502212174
359.0,0.015687174658066464
360.0,-0.009167075774315648
361.0,0.01398119014829685
362.0,0.04364865775699673
363.0,0.050473528372320615
364.0,0.022127835474992107
365.0,0.014487296420740144
366.0,0.013578894453811238
367.0,0.00486327687737119
368.0,-0.016472295348208356
369.0,0.004739674085696758
370.0,0.021661097469544137
371.0,0.02031004855504541
372.0,0.0336787630771494
373.0,0.032276218220142414
374.0,0.031501175713970916
375.0,0.03848920310469217
376.0,0.034149198027189506
377.0,0.03515116278716465
378.0,0.0289833656502712
379.0,0.011341464540026831
380.0,0.017694853761594385
381.0,0.019934335582099453
382.0,0.025520899084879548
383.0,0.0442278139203038
384.0,0.04174011363332773
385.0,0.03437023242457783
386.0,0.03310494255818169
387.0,0.04110772572908676
388.0,0.04090826322046687
389.0,0.03890320562416077
390.0,0.038982882854989395
391.0,0.0402270376478768
392.0,0.0364148837123954
393.0,0.029819119713864667
394.0,0.02672414747145683
395.0,0.03683691943732528
396.0,0.037477330828434435
397.0,0.03604090047747311
398.0,0.0400449526121879
399.0,0.04055349390821788
400.0,0.0365347229990666
401.0,0.033255827178749725
402.0,0.03645158485778287
403.0,0.04636474167376033
404.0,0.04480506095633468
405.0,0.037932392803267614
406.0,0.042659330197335095
407.0,0.045759667389507784
408.0,0.044750894901786305
409.0,0.0413834629492901
410.0,0.040237639411192225
411.0,0.042484183317936866
412.0,0.04453584247441721
413.0,0.04452347159403664
414.0,0.04472827074804857
415.0,0.043980672736580094
416.0,0.04354074561956305
417.0,0.04462695314467573
418.0,0.0467858296098274
419.0,0.04863847224278806
420.0,0.04896217279890377
421.0,0.047474276343854406
422.0,0.04842924968942218
423.0,0.04695413545983586
424.0,0.043610208033119595
425.0,0.043478319480021406
426.0,0.044439433364794445
427.0,0.04595097456739192
428.0,0.04717418201405691
429.0,0.046465475845779494
430.0,0.04753942724013398
431.0,0.04757830255120815
432.0,0.0449289022668454
433.0,0.04618818884554033
434.0,0.04684055645997735
435.0,0.04738252004159177
436.0,0.049559129129558746
437.0,0.04799752961831292
438.0,0.047784766022812876
439.0,0.04884152228205478
440.0,0.04632244608014322
441.0,0.04608148233476983
442.0,0.04693595880931713
443.0,0.04735322333640077
444.0,0.04720742836873438
445.0,0.04842877156692052
446.0,0.04934455752309959
447.0,0.04811592967802668
448.0,0.045934398914904084
449.0,0.04626797050547302
450.0,0.04820797141225321
451.0,0.048597087943219784
452.0,0.049307452205660754
453.0,0.04865934676541426
454.0,0.04736295584642564
455.0,0.049120763779311745
456.0,0.04816417372159596
457.0,0.04685499523574652
458.0,0.047555680485296736
459.0,0.04803778731730047
460.0,0.04929151749727501
461.0,0.05024014098265008
462.0,0.04943015727709478
463.0,0.047696737616528144
464.0,0.04660225924105267
465.0,0.0468083530881214
466.0,0.04795272643021708
467.0,0.04804083257559045
468.0,0.04819290927800657
469.0,0.048861590888837486
470.0,0.04827525680966437
471.0,0.04759554005355872
472.0,0.0475227722818313
473.0,0.048209902848170984
474.0,0.04827847220967942
475.0,0.04861878074831721
476.0,0.04906015883291784
477.0,0.048742322519887554
478.0,0.04749901297239386
479.0,0.04754685893343704
480.0,0.048869535510205404
481.0,0.047841567963903375
482.0,0.04825413881172321
483.0,0.04922196298642986
484.0,0.04919969363419097
485.0,0.04854212389418164
486.0,0.04831549744097323
487.0,0.04882116564403416
488.0,0.04970104599743877
489.0,0.0495758757439374
490.0,0.04920116163713665
491.0,0.048973915454719956
492.0,0.04854519401455232
493.0,0.048260391211247165
494.0,0.04807328248502337
495.0,0.048097528642626015
496.0,0.04934654955648088
497.0,0.049662311704793904
498.0,0.049068117893012186
499.0,0.048722298107849255
500.0,0.049337790515027326
501.0,0.04934029230158955
502.0,0.04857971806671742
503.0,0.04874009171609792
504.0,0.049489363083694636
505.0,0.04990700375721762
506.0,0.04949412302240302
507.0,0.049170123446289835
508.0,0.04934011222763163
509.0,0.0496266832644541
510.0,0.04942273061378879
511.0,0.04941726316962294
512.0,0.04965254985719524
513.0,0.04991836512953193
514.0,0.04979966826765832
515.0,0.049403046276388224
516.0,0.04917404074535374
517.0,0.0493522997675418
518.0,0.04942607878849256
519.0,0.049591792948539735
520.0,0.04998168959652565
521.0,0.050508133696488496
522.0,0.04974486743392433
523.0,0.04940818300381108
524.0,0.04976335043532541
525.0,0.0490328955123602
526.0,0.04967402774744339
527.0,0.05056388208026397
528.0,0.050409535225686614
529.0,0.049844722606734886
530.0,0.049789689620227846
531.0,0.050207786136960864
532.0,0.05050676486205743
533.0,0.05047896059931169
534.0,0.050198507965875765
535.0,0.04999389439454832
536.0,0.050479384893159916
537.0,0.050733512949161653
538.0,0.05066664197860002
539.0,0.050476499061935874
540.0,0.0505009600021366
541.0,0.050409427746709076
542.0,0.050430705572742617
543.0,0.051018625356664966
544.0,0.05111422413565064
545.0,0.05086810295198527
546.0,0.050622557169788224
547.0,0.05076888239639507
548.0,0.05078521508955759
549.0,0.050788309230946405
550.0,0.0509808521070328
551.0,0.05110349144771025
552.0,0.05089726987927574
553.0,0.0505517279476756
554.0,0.050584991702317006
555.0,0.05087365947953229
556.0,0.05106736877225826
557.0,0.051076723199371225
558.0,0.051479284929314764
559.0,0.051590522414959185
560.0,0.05138571125836375
561.0,0.05112487623721874
562.0,0.051135434354406824
563.0,0.05105904996285596
564.0,0.05092335661310997
565.0,0.05117450862050642
566.0,0.05136296643895292
567.0,0.05157192461088632
568.0,0.05184684557578427
569.0,0.0518123290250099
570.0,0.05180974394332284
571.0,0.05179182956381777
572.0,0.051588317889374284
573.0,0.05166704840220307
574.0,0.051814484728896
575.0,0.051871196748692616
576.0,0.05184943017653498
577.0,0.051863297066484154
578.0,0.05193397834461052
579.0,0.052017247493791066
580.0,0.051942669309886044
581.0,0.051869676342640135
582.0,0.05193721066061113
583.0,0.05221322722313726
584.0,0.05221575221332961
585.0,0.0523361762109927
586.0,0.05268818366591339
587.0,0.05262165226870935
588.0,0.05272540603937518
589.0,0.05284444855902831
590.0,0.052705287938279194
591.0,0.052761050610321755
592.0,0.05281622534517558
593.0,0.05282495417344675
594.0,0.05291167686663875
595.0,0.05298485979812318
596.0,0.05301598975864921
597.0,0.0530411011885627
598.0,0.053271628771905444
599.0,0.05320081943537842
600.0,0.05305409795580918
601.0,0.053336342894921056
602.0,0.05364429401384903
603.0,0.053732155201815235
604.0,0.05357417151670534
605.0,0.05341726187026413
606.0,0.05347282889685779
607.0,0.05363400129977498
608.0,0.05375657582249175
609.0,0.053990339528983265
610.0,0.05403552452457539
611.0,0.053951106406326804
612.0,0.05403056004128212
613.0,0.053917099483983225
614.0,0.05388590241875762
615.0,0.054072464961428986
616.0,0.05413541387733153
617.0,0.05438739170282684
618.0,0.054736611320591835
619.0,0.05492791032585148
620.0,0.054682550465163425
621.0,0.054512280629431815
622.0,0.05461785778376063
623.0,0.054808189120124674
624.0,0.054867586159965134
625.0,0.054906817926033843
626.0,0.05501012407598296
627.0,0.05493241299511703
628.0,0.05487935882929859
629.0,0.054976657597184724
630.0,0.055253446616009415
631.0,0.055349197972206894
632.0,0.05543727599326794
633.0,0.05565210973459305
634.0,0.05599001384456505
635.0,0.05581795772887975
636.0,0.05549770215031983
637.0,0.055560981802582475
638.0,0.055797516975014415
639.0,0.056119256473637934
640.0,0.056314621928584455
641.0,0.05612307470768414
642.0,0.05611635393085342
643.0,0.05627655143478851
644.0,0.056452287597007655
645.0,0.05643024520539458
646.0,0.05645507642473861
647.0,0.05658623135074359
648.0,0.05675971453407445
649.0,0.05663396461838583
650.0,0.05681628912065005
651.0,0.057260387748407526
652.0,0.057068587931683123
653.0,0.05728012401693551
654.0,0.05755978453224954
655.0,0.057493061103259045
656.0,0.05752704717047585
657.0,0.05758502790557212
658.0,0.05765480466473827
659.0,0.05775757407815238
660.0,0.057846177159740955
661.0,0.05806861557641545
662.0,0.058391173960376075
663.0,0.05841531253973251
664.0,0.05849763950409818
665.0,0.05857720576379172
666.0,0.05854367919176921
667.0,0.058721919755253114
668.0,0.05883357868607137
669.0,0.05886081434768913
670.0,0.05903175356964364
671.0,0.05909594108131522
672.0,0.05922079641186429
673.0,0.05948420737236366
674.0,0.059551557553092126
675.0,0.05960744469424413
676.0,0.05966123723137393
677.0,0.05967454736126735
678.0,0.05981029369549063
679.0,0.060025558402700595
680.0,0.06018766371575148
681.0,0.06007969994038217
682.0,0.06027940011152152
683.0,0.06054099796660591
684.0,0.06055728543573792
685.0,0.06057706983770052
686.0,0.060559311516052955
687.0,0.06060167263490858
688.0,0.06084264065872632
689.0,0.06087558852093405
690.0,0.06091830760853951
691.0,0.06111293228430882
692.0,0.06132817512705227
693.0,0.06143650551936778
694.0,0.06160107454382263
695.0,0.06196324820263528
696.0,0.06207088910478599
697.0,0.06212360925652885
698.0,0.06223157795334141
699.0,0.0623930436097384
700.0,0.06254078103697766
701.0,0.06269814521223231
702.0,0.06290604192555645
703.0,0.06324443055044555
704.0,0.06329666852538926
705.0,0.06324423395074322
706.0,0.06343940738596908
707.0,0.06349092300553634
708.0,0.0635909431414036
709.0,0.06381490510830994
710.0,0.06405187413687265
711.0,0.06424539501197607
712.0,0.06438508711629339
713.0,0.06449509381326907
714.0,0.06466961658142747
715.0,0.06466926225407724
716.0,0.06469983307940766
717.0,0.06513150150267107
718.0,0.06548794296006136
719.0,0.06568403460026898
720.0,0.06573093914001074
721.0,0.06570282484552996
722.0,0.06591256664082243
723.0,0.06606658992493086
724.0,0.06595350049699944
725.0,0.06637178626067428
726.0,0.06676967240424815
727.0,0.06689997054112437
728.0,0.0668111886701665
729.0,0.06701495196421446
730.0,0.06729919244763796
731.0,0.0674713468961345
732.0,0.06755513714974605
733.0,0.06781864697981291
734.0,0.06812113434727479
735.0,0.06825400574559218
736.0,0.0683782076561379
737.0,0.0685676079288227
738.0,0.0687319779127679
739.0,0.06868272344458026
740.0,0.0688181940864758
741.0,0.06914095227747569
742.0,0.06952608913402351
743.0,0.06973635777413756
744.0,0.06989039932267845
745.0,0.07004340448523391
746.0,0.07021448048282465
747.0,0.07032193201467737
748.0,0.0704912697802528
749.0,0.07075228542941608
750.0,0.07103487855772188
751.0,0.0713086191973244
752.0,0.07149550814845657
753.0,0.07161117349531654
754.0,0.07191490811756371
755.0,0.07208216661295405
756.0,0.07215826862325248
757.0,0.0723155707768863
758.0,0.0725409409439815
759.0,0.07296612161788503
760.0,0.07339036501844858
761.0,0.07333531391094601
762.0,0.07340044985723256
763.0,0.07362382710335766
764.0,0.07392706133675422
765.0,0.07423152547556035
766.0,0.07453253992635712
767.0,0.0747834806661053
768.0,0.07496299030918319
769.0,0.07526957855123705
770.0,0.07550865028476426
771.0,0.07564615028580358
772.0,0.0758219083620577
773.0,0.07595788873701009
774.0,0.0761438654791821
775.0,0.07642620782686045
776.0,0.0767082000178604
777.0,0.07685693842125356
778.0,0.07704175695728413
779.0,0.07744398460175482
780.0,0.0776506254552904
781.0,0.07784414568701838
782.0,0.07809423799987379
783.0,0.07834039495624544
784.0,0.07856637875933282
785.0,0.07880532627930857
786.0,0.0790659448911742
787.0,0.0792852380077837
788.0,0.07952845630583905
789.0,0.07981704583671592
790.0,0.08014076967408147
791.0,0.08043989225987391
792.0,0.08058832693525397
793.0,0.0807125471617386
794.0,0.08109048259133325
795.0,0.08141622495350744
796.0,0.0817220381645151
797.0,0.08203673273081664
798.0,0.08230591940746572
799.0,0.08250928488363493
800.0,0.08272812645796832
801.0,0.08301676640110153
802.0,0.08320568919616711
803.0,0.08353186360729198
804.0,0.08392989820553992
805.0,0.08418715770612308
806.0,0.08450188287110638
807.0,0.0848106207987338
808.0,0.08513040914011769
809.0,0.08560544922612964
810.0,0.0858198719844885
811.0,0.08600047636135108
812.0,0.0863380524675805
813.0,0.08649092206991006
814.0,0.08688426897997005
815.0,0.08731199573601187
816.0,0.08741499071221034
817.0,0.08757302573926828
818.0,0.08792621420102945
819.0,0.08839368760553194
820.0,0.08871609572415605
821.0,0.08884755300645736
822.0,0.0891339572207365
823.0,0.08966629441959571
824.0,0.08997874654748167
825.0,0.090197898807676
826.0,0.09052242913842953
827.0,0.09101101913147876
828.0,0.09111890256026464
829.0,0.0913818844626015
830.0,0.09180888874474613
831.0,0.0921071726829087
832.0,0.09218671373408865
833.0,0.09242289851664913
834.0,0.09293688396160392
835.0,0.09350104418507517
836.0,0.09368209449635916
837.0,0.0938077069215882
838.0,0.0941709640462543
839.0,0.09467985594838457
840.0,0.09496879433719514
841.0,0.09526363781510672
842.0,0.09579772359138783
843.0,0.09596829020863862
844.0,0.09630665481273713
845.0,0.09688694565328346
846.0,0.09747156411926966
847.0,0.09793589847239907
848.0,0.09813262957377512
849.0,0.09821473662080805
850.0,0.09862202363025421
851.0,0.09887502480526945
852.0,0.09924715843808386
853.0,0.09984535438350645
854.0,0.10016690335890066
855.0,0.10058848427777542
856.0,0.1010118558391834
857.0,0.10131259218779952
858.0,0.10181936423226157
859.0,0.10219288952095665
860.0,0.10251365191313498
861.0,0.10301183184109651
862.0,0.1033413329228994
863.0,0.10365965388136456
864.0,0.10399662902377226
865.0,0.10426240311546273
866.0,0.10487078789256378
867.0,0.10534399815014385
868.0,0.105509491355448
869.0,0.10586194061536867
870.0,0.10641666149163385
871.0,0.10701916389458915
872.0,0.10750381523352671
873.0,0.10782424948497972
874.0,0.10808715967861848
875.0,0.10837843032155849
876.0,0.10878308702842833
877.0,0.10945363812451785
878.0,0.10995560012109659
879.0,0.11024351458527701
880.0,0.11055777204376006
881.0,0.11115985433220762
882.0,0.11149654244904997
883.0,0.1116727766797644
884.0,0.1124059104333136
885.0,0.11279395705293482
886.0,0.11314002293166518
887.0,0.11366810264366836
888.0,0.1141931771959448
889.0,0.11447488278835638
890.0,0.11485330621391944
891.0,0.11550838664600373
892.0,0.11592586085641524
893.0,0.11605996746766771
894.0,0.11628091955812221
895.0,0.11689328858894
896.0,0.11742156910872323
897.0,0.11794987317099342
898.0,0.11847748157104558
899.0,0.11893617391640614
900.0,0.11907314330170768
901.0,0.11942699019637434
902.0,0.12004033425336431
903.0,0.12056812448761672
904.0,0.12088456361708254
905.0,0.12147317931459205
906.0,0.12214339903589731
907.0,0.12209527135836237
908.0,0.12244844663486863
909.0,0.1230945455715437
910.0,0.12375249041292893
911.0,0.12420720111607611
912.0,0.12475431469986022
913.0,0.12539163353065516
914.0,0.12599174952448003
915.0,0.12631573425914075
916.0,0.1270779763536367
917.0,0.12780064014166753
918.0,0.1280399632473998
919.0,0.12835562844055873
920.0,0.12872665431582406
921.0,0.12915737634297766
922.0,0.1296048001754395
923.0,0.12987537416180858
924.0,0.13043514037049384
925.0,0.1311935277433522
926.0,0.1318687170595827
927.0,0.13264622216088406
928.0,0.13297206002656928
929.0,0.13299506598567837
930.0,0.13328029510659045
931.0,0.13412712350162845
932.0,0.13478204000251287
933.0,0.13510591002420955
934.0,0.13548241000155994
935.0,0.13615512589331089
936.0,0.13672552929785875
937.0,0.1371756241557255
938.0,0.13783927017141884
939.0,0.13851330381467541
940.0,0.13937580694158305
941.0,0.14019999222800897
942.0,0.14042344304809654
943.0,0.1409773725178171
944.0,0.14135087872456764
945.0,0.14147810141793019
946.0,0.1420284200812037
947.0,0.1424377792890631
948.0,0.14348563284759527
949.0,0.14485503678902628
950.0,0.14462558901543218
951.0,0.14487450070158786
952.0,0.14548887308921477
953.0,0.14607249493270566
954.0,0.14650211014026895
955.0,0.1469031531019627
956.0,0.14766659328455384
957.0,0.14863178837403174
958.0,0.14869279707019092
959.0,0.14901149089585408
960.0,0.149506052919127
961.0,0.14997933366792715
962.0,0.15056680971991973
963.0,0.15189462793106845
964.0,0.1531470273660698
965.0,0.15357735048255644
966.0,0.1533251777975067
967.0,0.1539014311535418
968.0,0.1546637017254849
969.0,0.1550958828402826
970.0,0.15607366603326722
971.0,0.15655060704870244
972.0,0.1565758994312864
973.0,0.1566914195364497
974.0,0.15773480859727046
975.0,0.1585190717483473
976.0,0.15919953765647032
977.0,0.16001099636565846
978.0,0.16066075698906643
979.0,0.16107057031933814
980.0,0.16120748773064283
981.0,0.16140553014354012
982.0,0.16252631107616494
983.0,0.16327165010554434
984.0,0.16417888188775567
985.0,0.16534136593410956
986.0,0.16546239104637292
987.0,0.1658917568238807
988.0,0.16573477123240915
989.0,0.16532791328138832
990.0,0.16732339569352217
991.0,0.16855415930623543
992.0,0.16969352888880834
993.0,0.17097782946703124
994.0,0.17118098456031136
995.0,0.1723807872433124
996.0,0.1726826073010943
997.0,0.17208658922301692
998.0,0.17336450199155473
999.0,0.17495969917983978
1000.0,0.17586297711217586
1001.0,0.18236919433566606
1002.0,0.1813885386900983
1003.0,0.18185657603288868
1004.0,0.18315004492955106
1005.0,0.1859439415325648
1006.0,0.18648013134980482
1007.0,0.18736178558960967
1008.0,0.18861704896243398
1009.0,0.18798463346836897
1010.0,0.18859443481647212
1011.0,0.1883124538949452
1012.0,0.18833529985105277
1013.0,0.19026128675366247
1014.0,0.1907219688013302
1015.0,0.19128727307931304
1016.0,0.19229251554468973
1017.0,0.19282846392635664
1018.0,0.19244483827068187
1019.0,0.19502763345246285
1020.0,0.1965926538122501
1021.0,0.19886466340869052
1022.0,0.19961319936552627
1023.0,0.19781254173630533
1024.0,0.19650277159920213
1025.0,0.19533206393811275
1026.0,0.1949922585088782
1027.0,0.19552232450327406
1028.0,0.19706668773515396
1029.0,0.1988041268090721
1030.0,0.2010430932649374
1031.0,0.20364925466058273
1032.0,0.20467988063367826
1033.0,0.20455894706463265
1034.0,0.20467976788213607
1035.0,0.2023092859515501
1036.0,0.20134315838691422
1037.0,0.20347057531726032
1038.0,0.2050933582662645
1039.0,0.20687438121600654
1040.0,0.2096997112197207
1041.0,0.21035230831796486
1042.0,0.2077460329794077
1043.0,0.20710515907427857
1044.0,0.20644166992879798
1045.0,0.20723112494041004
1046.0,0.2082577864347495
1047.0,0.2102376898992254
1048.0,0.21222815874158796
1049.0,0.21302319458994207
1050.0,0.213499245035136
1051.0,0.21491060707583587
1052.0,0.21671113808466472
1053.0,0.21771342686281422
1054.0,0.2169502532857682
1055.0,0.21682910463408425
1056.0,0.21784282185387507
1057.0,0.21918751590978694
1058.0,0.2204620643509401
1059.0,0.22343666346605592
1060.0,0.22565804524015173
1061.0,0.22633099390460445
1062.0,0.22623531529008373
1063.0,0.22593376884800756
1064.0,0.2263534203153077
1065.0,0.22649579301671127
1066.0,0.22707609815072713
1067.0,0.22701655595412068
1068.0,0.22680071342769825
1069.0,0.22808230992538817
1070.0,0.22801845850800076
1071.0,0.22861644101009396
1072.0,0.22937687680395294
1073.0,0.23180926824409412
1074.0,0.2328251672521091
1075.0,0.234315323595881
1076.0,0.23699796055043584
1077.0,0.23751408531686963
1078.0,0.23822023910307624
1079.0,0.2400538027851376
1080.0,0.24021288541120162
1081.0,0.24002688823353946
1082.0,0.2408577806459381
1083.0,0.24150897992689463
1084.0,0.24204094606907653
1085.0,0.2434712118154152
1086.0,0.24397001554584216
1087.0,0.2436926033473783
1088.0,0.24345126288710897
1089.0,0.24364316266585784
1090.0,0.24404672038924977
1091.0,0.24430139116128807
1092.0,0.2450526491278116
1093.0,0.24609140644692784
1094.0,0.24636107830021667
1095.0,0.24805807072122385
1096.0,0.24951392085823057
1097.0,0.2501857528614431
1098.0,0.25231322012285184
1099.0,0.2538035390620861
1100.0,0.2550174117134321
1101.0,0.2559755485891252
1102.0,0.25703217348438484
1103.0,0.2575750039926576
1104.0,0.25768745261237425
1105.0,0.25784222503178517
1106.0,0.2579852780142462
1107.0,0.2582670774087011
1108.0,0.258787697866912
1109.0,0.2597992260586655
1110.0,0.26117136761941406
1111.0,0.2623827338720816
1112.0,0.2631110906901353
1113.0,0.26315995683701193
1114.0,0.2641028327324501
1115.0,0.26502927226494805
1116.0,0.26617914586490554
1117.0,0.26840228338898253
1118.0,0.26961013807836975
1119.0,0.2703558124551101
1120.0,0.27101730284239994
1121.0,0.271164717291666
1122.0,0.27171239071959846
1123.0,0.27284105723512625
1124.0,0.27378022201803465
1125.0,0.274452481345017
1126.0,0.2754648848662918
1127.0,0.27651428970058356
1128.0,0.2774154440921745
1129.0,0.27837705270338275
1130.0,0.2796516959263068
1131.0,0.28050086352967013
1132.0,0.2810279284163071
1133.0,0.28181747139029084
1134.0,0.28238714010273586
1135.0,0.2835369930970112
1136.0,0.2848912220337782
1137.0,0.286182158589822
1138.0,0.28795372293756183
1139.0,0.2892731616610998
1140.0,0.2898229385268713
1141.0,0.29044146641008184
1142.0,0.29106263332626436
1143.0,0.2910552430802837
1144.0,0.29168314070418205
1145.0,0.29297131583808295
1146.0,0.293762982393934
1147.0,0.29402307042865344
1148.0,0.29508752854414216
1149.0,0.2965555505169323
1150.0,0.2978534931583434
1151.0,0.29956246863078273
1152.0,0.30132648267569184
1153.0,0.3023122389628476
1154.0,0.3028723462916314
1155.0,0.3031255263549878
1156.0,0.30370196694300666
1157.0,0.3045376999771079
1158.0,0.3056823327220981
1159.0,0.3065812861276357
1160.0,0.30752846383484256
1161.0,0.3085122599261701
1162.0,0.30945279817929555
1163.0,0.3104134676271214
1164.0,0.31165071393215116
1165.0,0.31269747692264493
1166.0,0.3137816702798335
1167.0,0.3141691449818969
1168.0,0.3148784819311409
1169.0,0.3159641970796243
1170.0,0.3170980974269378
1171.0,0.31870234624476285
1172.0,0.319718627050503
1173.0,0.3204493627654427
1174.0,0.3214163866376366
1175.0,0.3223111722915479
1176.0,0.32299562412596217
1177.0,0.32371230650306826
1178.0,0.32467418865180875
1179.0,0.32550642057478163
1180.0,0.3262035296562034
1181.0,0.3271694974157514
1182.0,0.32799635285501116
1183.0,0.32851596289574575
1184.0,0.32892986590609524
1185.0,0.3300378003268802
1186.0,0.33168387486041123
1187.0,0.33266848907831065
1188.0,0.33366721886030604
1189.0,0.33459907263133304
1190.0,0.3349100122998975
1191.0,0.33577273855645895
1192.0,0.3369224498069366
1193.0,0.3379356664026702
1194.0,0.3392574620304032
1195.0,0.34030364380355066
1196.0,0.341188814571104
1197.0,0.342213909663105
1198.0,0.34339757313171937
1199.0,0.3439682143365858
1200.0,0.34503027516979506
1201.0,0.3458916368275533
1202.0,0.3468300221926389
1203.0,0.34821453637562744
1204.0,0.34921317589150014
1205.0,0.35015613127700884
1206.0,0.3512059405396629
1207.0,0.352203183920206
1208.0,0.3529830435711881
1209.0,0.35362485070659283
1210.0,0.3545426001575608
1211.0,0.35535162532616826
1212.0,0.35628884346795636
1213.0,0.35755686202522124
1214.0,0.3587719058981848
1215.0,0.360088810585052
1216.0,0.36116481345811574
1217.0,0.361892245748364
1218.0,0.362659640108392
1219.0,0.3634698445942444
1220.0,0.3638033444764254
1221.0,0.36468857471928917
1222.0,0.36599414770592975
1223.0,0.36723392618556266
1224.0,0.3686866354220373
1225.0,0.3698311469032495
1226.0,0.37109202636473204
1227.0,0.3721059238554112
1228.0,0.3726728236787636
1229.0,0.37343164987559757
1230.0,0.37418666895328284
1231.0,0.37496521112594783
1232.0,0.3756908489389743
1233.0,0.3764731630696786
1234.0,0.37775748366322554
1235.0,0.37902306492815474
1236.0,0.38009046758796416
1237.0,0.3813025315468484
1238.0,0.3823636711254878
1239.0,0.3830906844102029
1240.0,0.38405542640972784
1241.0,0.3851702034515593
1242.0,0.3862966126144974
1243.0,0.3875747293162483
1244.0,0.388514417839741
1245.0,0.38920816113262374
1246.0,0.390135403600559
1247.0,0.3908138200896305
1248.0,0.391784767271038
1249.0,0.39325280061504253
1250.0,0.39454228018030324
1251.0,0.39602983362462185
1252.0,0.3971088632781371
1253.0,0.3980988808043594
1254.0,0.3988723595667382
1255.0,0.39977385825250183
1256.0,0.40043525668771834
1257.0,0.4014355416803075
1258.0,0.40282817284333733
1259.0,0.40381279619487503
1260.0,0.4045656603102196
1261.0,0.40559190116814564
1262.0,0.4066513354463845
1263.0,0.40757753250298834
1264.0,0.4086434782755666
1265.0,0.40966230520916536
1266.0,0.410248224281099
1267.0,0.4112375867324135
1268.0,0.4126542504368362
1269.0,0.4140257496140814
1270.0,0.41497276855916204
1271.0,0.4157379905979014
1272.0,0.4168062142326081
1273.0,0.4176450634945253
1274.0,0.41867884533971605
1275.0,0.4201776448011346
1276.0,0.42133297589664376
1277.0,0.4222024183637275
1278.0,0.42320331377067977
1279.0,0.42434055025416034
1280.0,0.42531474561722
1281.0,0.4260506588824256
1282.0,0.42701692605186004
1283.0,0.42803458864062827
1284.0,0.4290727896494237
1285.0,0.4305163711803485
1286.0,0.43152095104655536
1287.0,0.4320969619588946
1288.0,0.4328411826229072
1289.0,0.4337737180976583
1290.0,0.4345230598028035
1291.0,0.4356385241427169
1292.0,0.43730197470848214
1293.0,0.4385076274484106
1294.0,0.439582675484192
1295.0,0.44069327074533754
1296.0,0.44178870134827236
1297.0,0.44274375027567725
1298.0,0.44347861410600553
1299.0,0.4445007280164304
1300.0,0.445501249763083
1301.0,0.4466013476620811
1302.0,0.44822246399567306
1303.0,0.4493615423598856
1304.0,0.45006477589925964
1305.0,0.4510149006661253
1306.0,0.4519658037774619
1307.0,0.45277723670956277
1308.0,0.453685424934986
1309.0,0.45476265351120293
1310.0,0.4557683699023949
1311.0,0.4566391902933408
1312.0,0.4576601648057879
1313.0,0.45870558374737863
1314.0,0.45998781123694743
1315.0,0.4615015999330883
1316.0,0.4627987725045819
1317.0,0.46425695453011784
1318.0,0.4655639866891441
1319.0,0.46667979000253584
1320.0,0.46775471647043726
1321.0,0.4688077823650901
1322.0,0.4698476113672405
1323.0,0.47048838820837635
1324.0,0.47158059223693316
1325.0,0.47322252239367457
1326.0,0.4744892421380922
1327.0,0.47570217685599175
1328.0,0.47718380930478205
1329.0,0.47802743092596406
1330.0,0.47824995209155713
1331.0,0.47895860518371014
1332.0,0.479408431017816
1333.0,0.4804485823472189
1334.0,0.48197440590682544
1335.0,0.4832765962874057
1336.0,0.4849984498829449
1337.0,0.4861911149910067
1338.0,0.4869587025684703
1339.0,0.4879489495352827
1340.0,0.48886506418994974
1341.0,0.4897382693549076
1342.0,0.4908702469882495
1343.0,0.49164650395286924
1344.0,0.4918395525321023
1345.0,0.4924572000016073
1346.0,0.49302955604295257
1347.0,0.4938263319348109
1348.0,0.49478301190769175
1349.0,0.4960593408145208
1350.0,0.4973160729929294
1351.0,0.49869164877472344
1352.0,0.500002564498799
1353.0,0.5015360229058511
1354.0,0.502781662024737
1355.0,0.5036577821047318
1356.0,0.5049667154730605
1357.0,0.506540992723882
1358.0,0.5077905351554164
1359.0,0.5091882928075891
1360.0,0.5103920781217381
1361.0,0.5110374452244308
1362.0,0.512104290627016
1363.0,0.513530167191885
1364.0,0.5146546722983637
1365.0,0.5157086399081182
1366.0,0.516823187099394
1367.0,0.5176892530519193
1368.0,0.5187781980702746
1369.0,0.5199097964498621
1370.0,0.5213324335797103
1371.0,0.5222275528043865
1372.0,0.5228023736739208
1373.0,0.5238272091769642
1374.0,0.5247690279702815
1375.0,0.5258674180043414
1376.0,0.52743874244494
1377.0,0.5286371147606627
1378.0,0.5296280682846574
1379.0,0.530657116074392
1380.0,0.5315668350072816
1381.0,0.5326442648469735
1382.0,0.5340639437467571
1383.0,0.5348981248878432
1384.0,0.5354617411379977
1385.0,0.5361294762406092
1386.0,0.5361750428100642
1387.0,0.5367074893659591
1388.0,0.5377332035730562
1389.0,0.5385975089308901
1390.0,0.5394809903415773
1391.0,0.5404988587831071
1392.0,0.5413833150007957
1393.0,0.5422050293158891
1394.0,0.5431185323062332
1395.0,0.5440600475230745
1396.0,0.5449117957709455
1397.0,0.5458038439372077
1398.0,0.5465361269226514
1399.0,0.5470361041645413
1400.0,0.5478114217358004
1401.0,0.5487160398009563
1402.0,0.5494543620676247
1403.0,0.5501725134139881
1404.0,0.5510093824647004
1405.0,0.5516614220053269
1406.0,0.5525755184534987
1407.0,0.553752600202522
1408.0,0.5549454376979268
1409.0,0.5564480376539434
1410.0,0.5576062788048801
1411.0,0.558569490984916
1412.0,0.5596544916995625
1413.0,0.5606139161442902
1414.0,0.5614449991586231
1415.0,0.5626654287126056
1416.0,0.5641901026141771
1417.0,0.5653135915777222
1418.0,0.5663792990597935
1419.0,0.5673265925178343
1420.0,0.5680123446976205
1421.0,0.5688929641714818
1422.0,0.5698547300953136
1423.0,0.5707522825894819
1424.0,0.5715181500923797
1425.0,0.5725361733718269
1426.0,0.5735666685588882
1427.0,0.574788554794071
1428.0,0.5764893989825475
1429.0,0.5777311009558533
1430.0,0.5789098346062491
1431.0,0.5799365496827488
1432.0,0.5806040838216315
1433.0,0.5814260606458853
1434.0,0.5820432605285244
1435.0,0.5830060925531102
1436.0,0.5844210489058392
1437.0,0.5854332586174529
1438.0,0.5862261537718468
1439.0,0.5874379505898722
1440.0,0.5883234319126052
1441.0,0.5889719643969634
1442.0,0.5901894945288033
1443.0,0.5911853623686515
1444.0,0.5922517142156412
1445.0,0.593246125089085
1446.0,0.5944265510989114
1447.0,0.5957485734200005
1448.0,0.5969752011043027
1449.0,0.5983616966981624
1450.0,0.5994241190605171
1451.0,0.6002279231759785
1452.0,0.601162298370722
1453.0,0.6019679669396792
1454.0,0.6028925719366628
1455.0,0.6039097864106473
1456.0,0.6049573110511215
1457.0,0.6060710885624024
1458.0,0.6071206345902923
1459.0,0.6082303730129427
1460.0,0.6092292163018451
1461.0,0.6100653287135086
1462.0,0.6110129702708404
1463.0,0.611954021698054
1464.0,0.6129611601293699
1465.0,0.6141515329376429
1466.0,0.6151511621978116
1467.0,0.6158669794774768
1468.0,0.6169748684670245
1469.0,0.6180260695297712
1470.0,0.6189878600735308
1471.0,0.6201268652362796
1472.0,0.6215265651912697
1473.0,0.6226208255352738
1474.0,0.6235845685281292
1475.0,0.6246814607800436
1476.0,0.6257949345869123
1477.0,0.6267837931509616
1478.0,0.6278015321710853
1479.0,0.6287456041067427
1480.0,0.6293894096554153
1481.0,0.6304481658223594
1482.0,0.6317580465240331
1483.0,0.6329441156429221
1484.0,0.6343446064421434
1485.0,0.6355068966315984
1486.0,0.6364427332752711
1487.0,0.6374841916238129
1488.0,0.6384162036122015
1489.0,0.6395412625027845
1490.0,0.6407814821905052
1491.0,0.6420694881195101
1492.0,0.6437009077154838
1493.0,0.6449589727302869
1494.0,0.6458671654805219
1495.0,0.6470522795813644
1496.0,0.6482075990254694
1497.0,0.6493559310557739
1498.0,0.6509004688333072
1499.0,0.6520977498700419
1500.0,0.6528457611670445
1501.0,0.6538287909038464
1502.0,0.6549154351068351
1503.0,0.6559000910313715
1504.0,0.6568800904063471
1505.0,0.6579874461665424
1506.0,0.6589955645457991
1507.0,0.6598054224393981
1508.0,0.6608052804856491
1509.0,0.6619136037267837
1510.0,0.6630745593863795
1511.0,0.6642595005211375
1512.0,0.6655310439154628
1513.0,0.6670527020279322
1514.0,0.668251468078215
1515.0,0.6693682469180344
1516.0,0.6703691865616395
1517.0,0.671143256140362
1518.0,0.6720087992485074
1519.0,0.6727370309626989
1520.0,0.6737147178950577
1521.0,0.6748299014414236
1522.0,0.6759061007063607
1523.0,0.6770977534321323
1524.0,0.6782922468653024
1525.0,0.6794076239513273
1526.0,0.6806682530161993
1527.0,0.6821934187229056
1528.0,0.6834947779911731
1529.0,0.6849359263799987
1530.0,0.6859690731107578
1531.0,0.686519575531205
1532.0,0.6873053850249116
1533.0,0.6877285084255096
1534.0,0.6885790376486784
1535.0,0.6898983603464898
1536.0,0.6910706743462622
1537.0,0.6923014281874524
1538.0,0.6937264147436945
1539.0,0.694843630005197
1540.0,0.6958782510644608
1541.0,0.6971451670796363
1542.0,0.6984127315921694
1543.0,0.6998899260934315
1544.0,0.7017072612128655
1545.0,0.7030846787670156
1546.0,0.70437446050111
1547.0,0.7056695995621205
1548.0,0.7067216398053845
1549.0,0.7079661348841929
1550.0,0.7093937727971312
1551.0,0.7106318110572638
1552.0,0.7118799956198022
1553.0,0.7128955280414051
1554.0,0.7137590003916864
1555.0,0.7145839236270556
1556.0,0.7151921137591413
1557.0,0.7159091425810122
1558.0,0.7166320898496343
1559.0,0.717367109795098
1560.0,0.718037794233902
1561.0,0.7188386115042501
1562.0,0.7195866522234142
1563.0,0.7206240949672396
1564.0,0.7220017689830059
1565.0,0.7231610022655167
1566.0,0.7243664419669752
1567.0,0.725603775235329
1568.0,0.7267912015971163
1569.0,0.7279293909498465
1570.0,0.7291334708804005
1571.0,0.7303276385261483
1572.0,0.7313807827185205
1573.0,0.732496616135968
1574.0,0.7337865758740931
1575.0,0.7349185563127928
1576.0,0.7358562571794264
1577.0,0.7369349156187008
1578.0,0.7381206659104443
1579.0,0.7391704791911935
1580.0,0.740145550587272
1581.0,0.7412252089845073
1582.0,0.7421508679905725
1583.0,0.7432483253637837
1584.0,0.7447802493226169
1585.0,0.7459721469552438
1586.0,0.7468509643220804
1587.0,0.7479831344004731
1588.0,0.7490751165641113
1589.0,0.7501867020104372
1590.0,0.7513915020049756
1591.0,0.7528978418048932
1592.0,0.754093217340585
1593.0,0.755124863188639
1594.0,0.7562259955412814
1595.0,0.7573587567878497
1596.0,0.7583166586917812
1597.0,0.7591331995846018
1598.0,0.7601122008951021
1599.0,0.7609964321054734
1600.0,0.7620863249451292
1601.0,0.7634542986640536
1602.0,0.7644931303671076
1603.0,0.7654649619704617
1604.0,0.7664060312540022
1605.0,0.767154872834544
1606.0,0.7680671084773768
1607.0,0.769116358963773
1608.0,0.7699608920612815
1609.0,0.7706270522165436
1610.0,0.7715908831277654
1611.0,0.7726042528417485
1612.0,0.7736125810353194
1613.0,0.7749859684381005
1614.0,0.7758599502542443
1615.0,0.7763022084317205
1616.0,0.77709204825006
1617.0,0.7778681170726777
1618.0,0.7786338385673203
1619.0,0.7795107618546148
1620.0,0.7804466142500904
1621.0,0.7812415342468747
1622.0,0.7822791074302275
1623.0,0.7836901638161204
1624.0,0.7848004072737254
1625.0,0.7858610812311321
1626.0,0.7868832356547258
1627.0,0.7877197425281787
1628.0,0.78872258866855
1629.0,0.7899419142065964
1630.0,0.7908190885222295
1631.0,0.7914304097207748
1632.0,0.7923313994525945
1633.0,0.7931958677879086
1634.0,0.7940591686017002
1635.0,0.7951153548548874
1636.0,0.7961588596347909
1637.0,0.796893800147008
1638.0,0.7980725969524061
1639.0,0.8000177219140568
1640.0,0.8011454516384442
1641.0,0.8020758426396651
1642.0,0.8028444525542022
1643.0,0.802763281501655
1644.0,0.8033445556186485
1645.0,0.8043153192818012
1646.0,0.8051439051846142
1647.0,0.8061987382942286
1648.0,0.807092758224649
1649.0,0.8078735712415783
1650.0,0.8086315298009069
1651.0,0.8094159348453227
1652.0,0.8100280547678591
1653.0,0.8106109050513357
1654.0,0.8109566129068408
1655.0,0.8108805240981851
1656.0,0.81111961550127
1657.0,0.8111438619589831
1658.0,0.8115895483303124
1659.0,0.8125631902919872
1660.0,0.8133446647763234
1661.0,0.8141743091174667
1662.0,0.8151201931930165
1663.0,0.8160179098390936
1664.0,0.8170926153704756
1665.0,0.8185456107672366
1666.0,0.8196858362518775
1667.0,0.8205712723299057
1668.0,0.8217228565469875
1669.0,0.8229348132803394
1670.0,0.8241550887531487
1671.0,0.8256822901049007
1672.0,0.827005263497205
1673.0,0.8282511011846377
1674.0,0.8292381536601545
1675.0,0.8296368602695918
1676.0,0.8307133760963218
1677.0,0.8320651691421032
1678.0,0.8333274272922706
1679.0,0.8352554621307989
1680.0,0.836703536445287
1681.0,0.8374798361065675
1682.0,0.8386653761895667
1683.0,0.8402179106935901
1684.0,0.8413495563580532
1685.0,0.8422687755869547
1686.0,0.8433263836566935
1687.0,0.8440713827909704
1688.0,0.845027329606065
1689.0,0.8462481403838578
1690.0,0.8474955817758169
1691.0,0.8489980453547653
1692.0,0.8501762484651839
1693.0,0.8512682985675372
1694.0,0.8523487052976039
1695.0,0.8529110713024043
1696.0,0.8538521106485154
1697.0,0.8552559375836672
1698.0,0.8563422673538817
1699.0,0.8572615297541344
1700.0,0.8585116194950612
1701.0,0.8597029149031836
1702.0,0.8610074386378429
1703.0,0.862917179415439
1704.0,0.8643175370903031
1705.0,0.8653564470131944
1706.0,0.8665059257751649
1707.0,0.8678649702822941
1708.0,0.8684769670321606
1709.0,0.8684014295905693
1710.0,0.8687740243649674
1711.0,0.8684235632091163
1712.0,0.8689912513533677
1713.0,0.870651965899682
1714.0,0.8719650332984245
1715.0,0.8737151682670945
1716.0,0.8748896755222813
1717.0,0.8754923059304875
1718.0,0.876556581622287
1719.0,0.877599638723674
1720.0,0.8786283337877984
1721.0,0.8799813224078776
1722.0,0.8810399901712463
1723.0,0.8818015409432689
1724.0,0.8827399879439486
1725.0,0.8837948345588061
1726.0,0.8846827572856796
1727.0,0.8853992748355582
1728.0,0.8862565838643598
1729.0,0.8870930678143762
1730.0,0.8881310602756124
1731.0,0.8894621093691211
1732.0,0.8903243131368822
1733.0,0.8908195421421224
1734.0,0.8918062572259471
1735.0,0.89300376676747
1736.0,0.8939971733805578
1737.0,0.8953837251033375
1738.0,0.8961537540528122
1739.0,0.8961776239874023
1740.0,0.8967032185786284
1741.0,0.8970627238065506
1742.0,0.8980453829391412
1743.0,0.8996700672182012
1744.0,0.900610546127637
1745.0,0.90167395036475
1746.0,0.902727786193811
1747.0,0.9033732448578634
1748.0,0.9041584555444423
1749.0,0.9050437728015129
1750.0,0.9059489807096995
1751.0,0.9067961608168176
1752.0,0.9075822926090632
1753.0,0.9085894334882119
1754.0,0.9089698337647449
1755.0,0.9095274620726175
1756.0,0.9099861062997818
1757.0,0.9110104419754423
1758.0,0.9114251364499294
1759.0,0.9110294066407226
1760.0,0.911820216416726
1761.0,0.9126038414638017
1762.0,0.9136235106147567
1763.0,0.9148392795908729
1764.0,0.9149569308910847
1765.0,0.9152699463203929
1766.0,0.9158476065475097
1767.0,0.9166023802317559
1768.0,0.9179223767305551
1769.0,0.9188563299753733
1770.0,0.9198015791339138
1771.0,0.9211647027430981
1772.0,0.9222727431187691
1773.0,0.9233969893092364
1774.0,0.9245012041939682
1775.0,0.9251761848378602
1776.0,0.9261945768911974
1777.0,0.9270529292360702
1778.0,0.9275550071064695
1779.0,0.9287686512153777
1780.0,0.9295391659472019
1781.0,0.9306623491770258
1782.0,0.9318711022997436
1783.0,0.9320766947875938
1784.0,0.9328878846859429
1785.0,0.9333662966420285
1786.0,0.9337740300146675
1787.0,0.9352503200287552
1788.0,0.9365526534207231
1789.0,0.9370040699966495
1790.0,0.9377113773740269
1791.0,0.9384355788296038
1792.0,0.9387654991761218
1793.0,0.9395645632894449
1794.0,0.9406918889016583
1795.0,0.9416387492414647
1796.0,0.9431370935317828
1797.0,0.9440443664352176
1798.0,0.9442524596578659
1799.0,0.9448653395308706
1800.0,0.9452946880584977
1801.0,0.9457922191046367
1802.0,0.9462966421713295
1803.0,0.9461370942325171
1804.0,0.9466410226129685
1805.0,0.946495209518952
1806.0,0.94704920192768
1807.0,0.9485093608618508
1808.0,0.94948371077647
1809.0,0.950054138411236
1810.0,0.9509415084944558
1811.0,0.95185272298306
1812.0,0.9532440295456481
1813.0,0.954699328333852
1814.0,0.9561672192027793
1815.0,0.9574473206636827
1816.0,0.9589418739025162
1817.0,0.960030900994006
1818.0,0.9602724453158122
1819.0,0.9615666341920187
1820.0,0.9636994855105727
1821.0,0.9649652280568902
1822.0,0.9662741200761436
1823.0,0.9677244967872933
1824.0,0.9684717877924643
1825.0,0.9688084998335528
1826.0,0.969229265136537
1827.0,0.9696913719526549
1828.0,0.970117726849481
1829.0,0.9706589916428843
1830.0,0.9707478594709464
1831.0,0.9703684791917895
1832.0,0.9703491205048324
1833.0,0.9711023573234688
1834.0,0.9709877630755352
1835.0,0.9717449027781884
1836.0,0.9733972376600206
1837.0,0.9749652280982536
1838.0,0.9769900323926537
1839.0,0.9784307899056406
1840.0,0.9797237812534466
1841.0,0.9814942992419929
1842.0,0.9827737333713442
1843.0,0.9840141684204742
1844.0,0.9856710736029805
1845.0,0.9867056640008688
1846.0,0.9878299493159212
1847.0,0.9888218559172046
1848.0,0.9892140282504145
1849.0,0.9893358116326504
1850.0,0.9894910352260592
1851.0,0.9887079830022084
1852.0,0.9890939786591085
1853.0,0.9891796166701624
1854.0,0.989837976431908
1855.0,0.9907428264966516
1856.0,0.9903585472429195
1857.0,0.9908286638538588
1858.0,0.9918813247206134
1859.0,0.9922576973618199
1860.0,0.9928646489007734
1861.0,0.9926191435691784
1862.0,0.9920845536848405
1863.0,0.9921380561846442
1864.0,0.9913009141463165
1865.0,0.9923882352168958
1866.0,0.994192555537098
1867.0,0.9950542571926437
1868.0,0.9958350512128601
1869.0,0.9970709225092153
1870.0,0.9971706284599222
1871.0,0.996390074201734
1872.0,0.995821767551968
1873.0,0.9937804660127109
1874.0,0.9933695615934854
1875.0,0.992992915646311
1876.0,0.9916574170180594
1877.0,0.9917612677124443
1878.0,0.9915784751818706
1879.0,0.9910228934959039
1880.0,0.9901342654952913
1881.0,0.9892160785195817
1882.0,0.9878972778544216
1883.0,0.9872974715618371
1884.0,0.9861505885088137
1885.0,0.9846131218566716
1886.0,0.9830108823365713
1887.0,0.980291770747129
1888.0,0.9771771479535493
1889.0,0.9739400422002491
1890.0,0.9707020117620133
1891.0,0.9673543717846904
1892.0,0.9639987355118402
1893.0,0.9600082325935684
1894.0,0.956140894882465
1895.0,0.952647821136751
1896.0,0.9481214620172832
1897.0,0.943718616121362
1898.0,0.9400625182362479
1899.0,0.9359777062120385
1900.0,0.9322217680237705
1901.0,0.9284785832537711
1902.0,0.9250123523628977
1903.0,0.921224498188883
1904.0,0.9180111514205066
1905.0,0.9150281235842943
1906.0,0.9121161253068139
1907.0,0.9093262586027282
1908.0,0.9067556077049994
1909.0,0.9043853264275366
1910.0,0.9018386634055228
1911.0,0.9009008028252155
1912.0,0.8999002694319701
1913.0,0.8984812966803779
1914.0,0.8967115837837712
1915.0,0.8961337868626921
1916.0,0.8948146631563452
1917.0,0.8945615661975532
1918.0,0.8960414803977054
1919.0,0.8972598833834782
1920.0,0.8990065587990295
1921.0,0.900448531175156
1922.0,0.9004056517593689
1923.0,0.9004019462491092
1924.0,0.9006221749790918
1925.0,0.9007139374984949
1926.0,0.9004728109553195
1927.0,0.9008864106810294
1928.0,0.901734233252884
1929.0,0.9031218547093505
1930.0,0.904426459104942
1931.0,0.9056908614943561
1932.0,0.9068150325683026
1933.0,0.906975095095614
1934.0,0.9078614284413972
1935.0,0.9092344710705615
1936.0,0.9102802170728355
1937.0,0.9114914192567506
1938.0,0.9131538471676497
1939.0,0.9141729609120995
1940.0,0.9148419376268779
1941.0,0.9157955917334123
1942.0,0.9168008332764979
1943.0,0.9178872397427804
1944.0,0.9189506221794759
1945.0,0.9197724131972764
1946.0,0.9202911539043453
1947.0,0.9213351277530181
1948.0,0.9225176547839592
1949.0,0.9236484059842374
1950.0,0.9256120248076836
1951.0,0.9280114765192192
1952.0,0.9299167500135044
1953.0,0.9329222450892684
1954.0,0.935611737946618
1955.0,0.9375655669778459
1956.0,0.9391820726360118
1957.0,0.9393793964453396
1958.0,0.939424747996576
1959.0,0.9401909632026794
1960.0,0.9412481719933609
1961.0,0.9421925890370219
1962.0,0.9435276756238105
1963.0,0.9448790421245565
1964.0,0.9455998169194894
1965.0,0.9469642278699215
1966.0,0.9484269535370187
1967.0,0.9502440977394028
1968.0,0.9535390328854021
1969.0,0.9566573183194135
1970.0,0.9593622011679211
1971.0,0.961787650915221
1972.0,0.9634737626126604
1973.0,0.9635332894245663
1974.0,0.9643069787154559
1975.0,0.9649421672885459
1976.0,0.9657486754376065
1977.0,0.9672506547975623
1978.0,0.9684309601438086
1979.0,0.9699481430371317
1980.0,0.972255547790011
1981.0,0.9725942516003908
1982.0,0.9739175080897736
1983.0,0.9759276880856091
1984.0,0.9766035318805785
1985.0,0.97786207765305
1986.0,0.9798347627853035
1987.0,0.9813073384514597
1988.0,0.982323294809955
1989.0,0.9836051496088151
1990.0,0.9850414903132554
1991.0,0.9874771846674636
1992.0,0.9901321632332845
1993.0,0.9939447081232126
1994.0,0.9980879511093579
1995.0,0.999421916234753
1996.0,1.0006654288720702
1997.0,1.000342517307259
1998.0,1.0010885585200797
1999.0,1.0018457604445254
2000.0,1.0030871168653521
2001.0,1.0051232469157847
2002.0,1.0059521942991483
2003.0,1.007623514232863
2004.0,1.0085642955425025
2005.0,1.0091591866873177
2006.0,1.010889244423075
2007.0,1.0124991181229068
2008.0,1.0145501199480533
2009.0,1.016818335327337
2010.0,1.0204116073845697
2011.0,1.0225588459609274
2012.0,1.024091688531368
2013.0,1.025058996230225
2014.0,1.0249811560923336
2015.0,1.025672468770419
2016.0,1.0263346752824094
2017.0,1.028961654440341
2018.0,1.0310633559687783
2019.0,1.0326408370011517
2020.0,1.033407315217082
2021.0,1.0324455841268427
2022.0,1.0345564037567911
2023.0,1.0359716175348586
2024.0,1.0372285473184755
2025.0,1.0396682129639903
2026.0,1.0414882082891288
2027.0,1.0423534492928315
2028.0,1.0435778316373856
2029.0,1.0458245337455554
2030.0,1.045398820725029
2031.0,1.0454841565652186
2032.0,1.0462075053664985
2033.0,1.0471703991040606
2034.0,1.049800369755271
2035.0,1.052857692217644
2036.0,1.0545715770149005
2037.0,1.0560196210453057
2038.0,1.056823391794745
2039.0,1.058220582439634
2040.0,1.0592682952208705
2041.0,1.06052762293799
2042.0,1.0624303337366114
2043.0,1.0635080855228416
2044.0,1.0637855403882566
2045.0,1.0647106225488085
2046.0,1.0658402734562316
2047.0,1.0676891010264966
2048.0,1.0690038774561026
2049.0,1.0694666323098176
2050.0,1.0698415160727544
2051.0,1.0691757654930498
2052.0,1.0696703393045894
2053.0,1.0707060589002035
2054.0,1.0722897201991413
2055.0,1.0752120566221623
2056.0,1.0770280437207007
2057.0,1.079334311957449
2058.0,1.0802804084926418
2059.0,1.0800458480065829
2060.0,1.079001784803956
2061.0,1.078760939785633
2062.0,1.0795590186646569
2063.0,1.0810754560344353
2064.0,1.0832257825248968
2065.0,1.084024140975144
2066.0,1.0833484699547595
2067.0,1.084268196131182
2068.0,1.0853145978145964
2069.0,1.0865772377840681
2070.0,1.0898490125420273
2071.0,1.0913362858643854
2072.0,1.091699583659207
2073.0,1.0920072002274912
2074.0,1.0914984451586482
2075.0,1.0907526881476097
2076.0,1.091438134659126
2077.0,1.0920566395955749
2078.0,1.0939682280402379
2079.0,1.0972095994987288
2080.0,1.099621688144247
2081.0,1.10189486058241
2082.0,1.1027621716852014
2083.0,1.101803973810608
2084.0,1.1020087922480468
2085.0,1.1016884720470677
2086.0,1.1014854124502234
2087.0,1.102523309308708
2088.0,1.1024089741254661
2089.0,1.1001305659954304
2090.0,1.1006066553819307
2091.0,1.1021071881604332
2092.0,1.102233303902122
2093.0,1.1041221341270129
2094.0,1.1038778317445253
2095.0,1.1034473520532853
2096.0,1.1047559211985698
2097.0,1.10586612216919
2098.0,1.1083016187425567
2099.0,1.1097010131717229
2100.0,1.1104994900873906
2101.0,1.1111327033275884
2102.0,1.1117816188954992
2103.0,1.1119056008236172
2104.0,1.1110117981759418
2105.0,1.111157704776414
2106.0,1.1111318334704006
2107.0,1.1117165676151048
2108.0,1.1129278939646101
2109.0,1.1159511194796345
2110.0,1.120013082758509
2111.0,1.1216832724027037
2112.0,1.1234060729550066
2113.0,1.1237709671650866
2114.0,1.123474902201342
2115.0,1.1212403550566776
2116.0,1.1206910456323238
2117.0,1.1196865829692366
2118.0,1.1204239017220121
2119.0,1.1225671526358847
2120.0,1.1238892133725975
2121.0,1.1261319054736545
2122.0,1.1279076015415228
2123.0,1.1298493813325128
2124.0,1.1309527624996623
2125.0,1.132445556803175
2126.0,1.1316426401522968
2127.0,1.1303441514876078
2128.0,1.128917666253458
2129.0,1.1285238883533086
2130.0,1.1281423563595152
2131.0,1.1279233676687819
2132.0,1.1276077245444072
2133.0,1.1270166534103696
2134.0,1.1258838553733816
2135.0,1.1258058692418886
2136.0,1.1257828977233717
2137.0,1.1260451932161244
2138.0,1.1268584574397327
2139.0,1.1276445175707013
2140.0,1.1294968505758542
2141.0,1.1302602417830458
2142.0,1.1307959605928986
2143.0,1.1307751555580936
2144.0,1.1304820349265454
2145.0,1.1287592428951536
2146.0,1.1289002791172522
2147.0,1.1309497672283408
2148.0,1.131166187337343
2149.0,1.131535754115786
2150.0,1.1325463354642513
2151.0,1.1334680599863305
2152.0,1.134562441402638
2153.0,1.1375143091228725
2154.0,1.1383326582656097
2155.0,1.137067564912416
2156.0,1.1367791315053013
2157.0,1.1362636348628483
2158.0,1.1362686807755804
2159.0,1.137425494289075
2160.0,1.1376939049619432
2161.0,1.137174137680096
2162.0,1.1367622270618316
2163.0,1.1359087396638057
2164.0,1.1356756365051253
2165.0,1.133623234026338
2166.0,1.1339840539821016
2167.0,1.1356610625948187
2168.0,1.1366596895552046
2169.0,1.1376137845678014
2170.0,1.1391446042456443
2171.0,1.1402540037954754
2172.0,1.1389786787993688
2173.0,1.1402591370092572
2174.0,1.1442236522752554
2175.0,1.1457468652548672
2176.0,1.1473130786285846
2177.0,1.148071294124864
2178.0,1.1472279250853503
2179.0,1.147223637402712
2180.0,1.1471736219927766
2181.0,1.1468016957519283
2182.0,1.146393968500517
2183.0,1.1458223294870176
2184.0,1.1446284262298063
2185.0,1.1439812043173523
2186.0,1.1442852776429921
2187.0,1.1436786272920265
2188.0,1.1424056710643815
2189.0,1.1415981163847302
2190.0,1.1405306527597483
2191.0,1.1388939444628754
2192.0,1.138044704266604
2193.0,1.1391441865939989
2194.0,1.1391901858277336
2195.0,1.1394651756603145
2196.0,1.1397555894740605
2197.0,1.1387872795382037
2198.0,1.139670457656669
2199.0,1.1422449365532024
2200.0,1.1433827562713177
2201.0,1.1461692580034843
2202.0,1.1463762093793188
2203.0,1.1426364635183945
2204.0,1.1423573040995179
2205.0,1.1425764987989169
2206.0,1.1433614701292905
2207.0,1.146582623430488
2208.0,1.1479422058312878
2209.0,1.1462025328909253
2210.0,1.1456544675379634
2211.0,1.1440359273586722
2212.0,1.142698925334219
2213.0,1.1432738520745982
2214.0,1.141954244007455
2215.0,1.141267065093598
2216.0,1.1424599637180972
2217.0,1.1436216469930804
2218.0,1.145666235027775
2219.0,1.1477125204413583
2220.0,1.1509389383301651
2221.0,1.1527370649117046
2222.0,1.153388871776758
2223.0,1.154568220114099
2224.0,1.1556773251687218
2225.0,1.1559369976593241
2226.0,1.1562212689755307
2227.0,1.1572996212434803
2228.0,1.1580942699912227
2229.0,1.158110748671795
2230.0,1.1574522778955805
2231.0,1.1578463257559863
2232.0,1.1576561739181987
2233.0,1.159191481642476
2234.0,1.1608004463999628
2235.0,1.1618589820594598
2236.0,1.1602666894354143
2237.0,1.1564480185705066
2238.0,1.1518996147711307
2239.0,1.1497459331899325
2240.0,1.1491969351925477
2241.0,1.1500318246130037
2242.0,1.1527688161873193
2243.0,1.1552182813970648
2244.0,1.1585425975913681
2245.0,1.159833951719044
2246.0,1.1608583451266739
2247.0,1.1615198529110788
2248.0,1.1621247788317146
2249.0,1.1615143830847028
2250.0,1.1615192459254748
2251.0,1.1607484574403255
2252.0,1.1622655452963269
2253.0,1.1651922956550596
2254.0,1.1676123765735889
2255.0,1.1740098731208368
2256.0,1.1751483320156473
2257.0,1.17130376839019
2258.0,1.170921333532334
2259.0,1.1692983594409434
2260.0,1.167922411882532
2261.0,1.1690688536421323
2262.0,1.1689772568340269
2263.0,1.1654595724599894
2264.0,1.1644151020335198
2265.0,1.163974102650962
2266.0,1.1629559722370733
2267.0,1.163072855232308
2268.0,1.1629823535210981
2269.0,1.161690106407462
2270.0,1.162419908194193
2271.0,1.1627769325288835
2272.0,1.1632844066826602
2273.0,1.1628525682022854
2274.0,1.1627692612243337
2275.0,1.1652665240515454
2276.0,1.1652470537506587
2277.0,1.1659191651055316
2278.0,1.1681209208625516
2279.0,1.1678471384795897
2280.0,1.1659383165905026
2281.0,1.1656303689882597
2282.0,1.1647243308920892
2283.0,1.1644106556115292
2284.0,1.1643662373100103
2285.0,1.1640704271656002
2286.0,1.1637041513824071
2287.0,1.1643493806611955
2288.0,1.1666383965516745
2289.0,1.1670706576488659
2290.0,1.1667471838482324
2291.0,1.1670996360429908
2292.0,1.1655918014589275
2293.0,1.166335425621549
2294.0,1.1699298411925017
2295.0,1.1720491390366823
2296.0,1.1744526894166691
2297.0,1.176246365465498
2298.0,1.1785905299585997
2299.0,1.176472118752523
2300.0,1.1719131211700098
2301.0,1.1692038518574075
2302.0,1.1634793730661708
2303.0,1.159174608417047
2304.0,1.1593813106439579
2305.0,1.1602369805965425
2306.0,1.161695210754561
2307.0,1.1622911583578917
2308.0,1.1628448295389928
2309.0,1.1642594978012797
2310.0,1.1621441092918914
2311.0,1.1627042518029065
2312.0,1.1672425722402033
2313.0,1.1679088844129337
2314.0,1.172240459497558
2315.0,1.1791686955787324
2316.0,1.1795264154757008
2317.0,1.176085264082615
2318.0,1.1722826739641876
2319.0,1.1678692057883442
2320.0,1.1669384595433259
2321.0,1.169905818295626
2322.0,1.1702708382375875
2323.0,1.1731885420732746
2324.0,1.1712381260235294
2325.0,1.1632384139550687
2326.0,1.1605893759502115
2327.0,1.1557991642034635
2328.0,1.156571112191224
2329.0,1.166487368732836
2330.0,1.1685548293941497
2331.0,1.1690863306756585
2332.0,1.1718701221197976
2333.0,1.1710594273551205
2334.0,1.1707587446161418
2335.0,1.1742449807501922
2336.0,1.1747968413821124
2337.0,1.1725526077168105
2338.0,1.171371389023789
2339.0,1.170957335161792
2340.0,1.1676268461981987
2341.0,1.160297540720829
2342.0,1.1560782971947066
2343.0,1.1496922508451117
2344.0,1.1498302000691754
2345.0,1.1582902993138149
2346.0,1.161217129757549
2347.0,1.1625000742130889
2348.0,1.1693206534988165
2349.0,1.173690773946577
2350.0,1.1706438769381424
2351.0,1.1759086924769904
2352.0,1.1782076173910185
2353.0,1.174604966842528
2354.0,1.177342409424392
2355.0,1.1767714045511801
2356.0,1.1736272185413679
2357.0,1.1738934702090997
2358.0,1.1702798388772893
2359.0,1.1686955318815904
2360.0,1.1687653980174653
2361.0,1.162887680408695
2362.0,1.1629080847833377
2363.0,1.1604498573714994
2364.0,1.1576668909766326
2365.0,1.1636194463463034
2366.0,1.162088832021681
2367.0,1.1628327794141433
2368.0,1.1666130475417393
2369.0,1.1690807002374288
2370.0,1.1700539095473983
2371.0,1.1673860966981058
2372.0,1.1685865462079186
2373.0,1.160929288576788
2374.0,1.1599807276751888
2375.0,1.1713468952956745
2376.0,1.173813092263665
2377.0,1.1744192968843756
2378.0,1.1738992417615448
2379.0,1.1754142266329757
2380.0,1.178957085501451
2381.0,1.180518509597497
2382.0,1.190172846931465
2383.0,1.1951034589582652
2384.0,1.188571001183198
2385.0,1.1827457517034623
2386.0,1.1677354166977076
2387.0,1.1507511553444922
2388.0,1.1458656296948284
2389.0,1.147441399057651
2390.0,1.15425847872144
2391.0,1.167747406079146
2392.0,1.1705413809987395
2393.0,1.1665790693175941
2394.0,1.1704403313643084
2395.0,1.1580977968744592
2396.0,1.1481088825480097
2397.0,1.1502433574219324
2398.0,1.1442055519236227
2399.0,1.144103171807839
2400.0,1.145798535980117
2401.0,1.1436162034917063
2402.0,1.145573131321518
2403.0,1.148930480545153
2404.0,1.1539719355156788
2405.0,1.1625857736792895
2406.0,1.1613089001435026
2407.0,1.1523269763302528
2408.0,1.1429272033957618
2409.0,1.1300424290175786
2410.0,1.1251345692652102
2411.0,1.126209058777675
2412.0,1.1326527575053502
2413.0,1.1369594265290675
2414.0,1.1321740161523979
2415.0,1.12687917599281
2416.0,1.1215917289973905
2417.0,1.1124643696744434
2418.0,1.1058465794291559
2419.0,1.1069264194450654
2420.0,1.103893438743233
2421.0,1.1119309917225044
2422.0,1.1180070909852668
2423.0,1.1058117434817285
2424.0,1.1087564055865535
2425.0,1.1130814182176834
2426.0,1.1179369851065544
2427.0,1.1288721337010506
2428.0,1.1223163622217858
2429.0,1.109108368355276
2430.0,1.0977513856867247
2431.0,1.105607496406892
2432.0,1.1085970265161316
2433.0,1.111484974549751
2434.0,1.12117747533842
2435.0,1.101799304900011
2436.0,1.1057298265773285
2437.0,1.114732073205567
2438.0,1.1035752344350767
2439.0,1.1077230314090003
2440.0,1.1095017348343903
2441.0,1.1002596138842953
2442.0,1.092407613872116
2443.0,1.0793202062422662
2444.0,1.0609997294324962
2445.0,1.0519201734894081
2446.0,1.0498945585379074
2447.0,1.0602921434941144
2448.0,1.0803963175480369
2449.0,1.1009584145122682
2450.0,1.121265640352198
2451.0,1.1306218471928062
2452.0,1.1294143271927881
2453.0,1.1327971302785569
2454.0,1.1242966665497183
2455.0,1.1002324773598267
2456.0,1.0808633336879727
2457.0,1.0589935757871687
2458.0,1.045697660984229
2459.0,1.04443810068146
2460.0,1.0498492326480928
2461.0,1.0644692055385687
2462.0,1.0651826701767524
2463.0,1.0689781486203722
2464.0,1.085925738345932
2465.0,1.076519371056898
2466.0,1.061732715901985
2467.0,1.0569658687510368
2468.0,1.0333631264253558
2469.0,1.013664996040341
2470.0,1.0080273731452132
2471.0,0.9947258592091979
2472.0,0.9902619616458598
2473.0,0.9934773002907272
2474.0,0.9948284691332596
2475.0,1.0026882694262647
2476.0,0.9995909813508023
2477.0,0.9804930086172702
2478.0,0.9900195880170872
2479.0,1.0211317183762803
2480.0,1.0331510046721608
2481.0,1.0547269626636109
2482.0,1.0640638304215113
2483.0,1.0506630205662677
2484.0,1.0397159555404536
2485.0,1.02709682460841
2486.0,1.0300760091092716
2487.0,1.0309485728072054
2488.0,1.028468448785666
2489.0,1.0543859169285907
2490.0,1.0496430577296154
2491.0,1.0044555680748273
2492.0,0.9983665961324686
2493.0,0.9989196368721974
2494.0,1.0051297131318904
2495.0,1.0311040157842024
2496.0,1.0525363776972514
2497.0,1.0928312185192126
2498.0,1.09859607000685
2499.0,1.0908165930613116
2500.0,1.0722102080900728
