350.0,-0.14379495356674896
351.0,-0.08268118502612662
352.0,-0.045938870864032165
353.0,-0.0699792583793521
354.0,-0.08165203563144685
355.0,-0.04462271501104185
356.0,0.019259167618007608
357.0,-0.04216539720926212
358.0,-0.031750957606487606
359.0,-0.004957359776613003
360.0,-0.05043267475583681
361.0,0.001206213716778579
362.0,0.024756992063265346
363.0,0.011334729336467815
364.0,0.008460947550145918
365.0,0.02091589060618478
366.0,0.03019613679095816
367.0,0.02107237077424607
368.0,-0.008548757965084901
369.0,-0.007965474936796418
370.0,-0.00404445413553653
371.0,0.0003128246131977405
372.0,0.03542733276321028
373.0,0.032435799066509105
374.0,0.02616438543752739
375.0,0.036968570247525506
376.0,0.03152578960939787
377.0,0.014870398091981221
378.0,0.014725991211814697
379.0,0.039580933086799476
380.0,0.03354320994750193
381.0,0.023746707641221096
382.0,0.02315138670368955
383.0,0.032766032938240285
384.0,0.02882653784948947
385.0,0.026976156872969854
386.0,0.03144055007671806
387.0,0.03734387159627936
388.0,0.0330502729530043
389.0,0.02674258936708935
390.0,0.023410871070323275
391.0,0.023296210385281374
392.0,0.02784756185085001
393.0,0.03564394155702869
394.0,0.04096745718098995
395.0,0.03305618070589988
396.0,0.03120886447757194
397.0,0.03229600664212465
398.0,0.030309384382595887
399.0,0.024126451997018693
400.0,0.02921829442492178
401.0,0.03829242175586877
402.0,0.04070492236967299
403.0,0.046321564290288164
404.0,0.0416446675685909
405.0,0.03192048258572279
406.0,0.03192333053626879
407.0,0.04003432290370384
408.0,0.04515863858871967
409.0,0.043736473068448065
410.0,0.04030918237187272
411.0,0.03880412832146505
412.0,0.03969406350705588
413.0,0.04188617416550079
414.0,0.043322347317241904
415.0,0.04095710553966809
416.0,0.04100008665233907
417.0,0.046598808097257756
418.0,0.04517154528672027
419.0,0.04081542109236166
420.0,0.03819427981053202
421.0,0.040566135516501275
422.0,0.04249583964605699
423.0,0.04263818611299294
424.0,0.042586599544073796
425.0,0.04539116888208593
426.0,0.04389110701962189
427.0,0.04203945460384213
428.0,0.042003535328931606
429.0,0.04069880468826209
430.0,0.04264855309619715
431.0,0.046016463521790736
432.0,0.04780952498189356
433.0,0.046432223570518315
434.0,0.045227197418014675
435.0,0.04456739149841617
436.0,0.04366388272330472
437.0,0.04371785892222622
438.0,0.04522800007698159
439.0,0.04690639764079235
440.0,0.04628765110885677
441.0,0.04628730751638473
442.0,0.04553597543306591
443.0,0.04382178087490958
444.0,0.044195071692455075
445.0,0.04515948213982884
446.0,0.04605749435663376
447.0,0.046389684017243395
448.0,0.045311586885120214
449.0,0.04484795410727206
450.0,0.044765360301043555
451.0,0.0439000794691901
452.0,0.04553502954554925
453.0,0.0458626314825753
454.0,0.044521041592505195
455.0,0.04591757371059925
456.0,0.04612713937992401
457.0,0.04482859285600462
458.0,0.043251791134233185
459.0,0.044473494288015704
460.0,0.046444017496831976
461.0,0.04718555124936252
462.0,0.04555149415632347
463.0,0.04434321911271726
464.0,0.044359095068558674
465.0,0.044906065578313635
466.0,0.04433108778637055
467.0,0.04510642606378568
468.0,0.0461902196691994
469.0,0.04660848638294933
470.0,0.046543765535713745
471.0,0.0463793633862802
472.0,0.04563044707467226
473.0,0.04420293369564415
474.0,0.04455941298687002
475.0,0.04517748083445972
476.0,0.04581082057831227
477.0,0.04688427891849981
478.0,0.04594704918877984
479.0,0.04576363036822582
480.0,0.04660791534793995
481.0,0.044215090727881705
482.0,0.043950162220111666
483.0,0.045338140647352
484.0,0.04649411554687455
485.0,0.046489634294219206
486.0,0.045528774766509496
487.0,0.04476234473116181
488.0,0.04548574758798548
489.0,0.04594870490270983
490.0,0.04609444979370349
491.0,0.046304002903205244
492.0,0.0472511404805739
493.0,0.046827938332818564
494.0,0.04562684728647915
495.0,0.04485476717100534
496.0,0.04558929487759806
497.0,0.04573043235413671
498.0,0.04536108238288519
499.0,0.045629970050957334
500.0,0.04688589240300657
501.0,0.04767164591032543
502.0,0.04712332424296328
503.0,0.04531273635053975
504.0,0.0452469203948221
505.0,0.04617976526637273
506.0,0.04690239618658544
507.0,0.04753485473625966
508.0,0.04782463014571834
509.0,0.04767827997832948
510.0,0.04715649034761038
511.0,0.046591763065621114
512.0,0.046460770750977466
513.0,0.04662584477932695
514.0,0.04629224951751192
515.0,0.04700815438205619
516.0,0.04748527742967534
517.0,0.0467732840590677
518.0,0.04646958353927925
519.0,0.04657327576592896
520.0,0.0468934675413223
521.0,0.047128290263258876
522.0,0.04718224648579939
523.0,0.047283838790426067
524.0,0.047371740222783204
525.0,0.047010347272949976
526.0,0.04690808123262105
527.0,0.04697117189726697
528.0,0.04700631482088808
529.0,0.047115746086112964
530.0,0.047398323499180876
531.0,0.04771867368105991
532.0,0.04782524995354412
533.0,0.04765295018225711
534.0,0.047301915044530324
535.0,0.04704733054494672
536.0,0.047366431339547495
537.0,0.04770852866660058
538.0,0.047747002118311316
539.0,0.04748388783112631
540.0,0.047797985700607754
541.0,0.04797655051872332
542.0,0.04781867229813144
543.0,0.04752367319643404
544.0,0.04755483324436413
545.0,0.04771385145180813
546.0,0.04782030216896129
547.0,0.04789269121390779
548.0,0.04769752108758088
549.0,0.04753461866795855
550.0,0.04768352611865356
551.0,0.04759728979720793
552.0,0.047567261751485
553.0,0.04760066134992964
554.0,0.04751611485663671
555.0,0.0481890641688337
556.0,0.048802333717784675
557.0,0.048744642234654745
558.0,0.04831755716299906
559.0,0.04827512484390188
560.0,0.04825657602414855
561.0,0.047746731080931776
562.0,0.04798746824664535
563.0,0.04847075009219964
564.0,0.04875168110570724
565.0,0.04859631515748516
566.0,0.04856833558834184
567.0,0.04864710635826715
568.0,0.04869720283077945
569.0,0.048621448745173816
570.0,0.04863787888851633
571.0,0.048720591832798595
572.0,0.048734409723384386
573.0,0.04877566157318367
574.0,0.04866822899706871
575.0,0.04846136499301502
576.0,0.04854303131871504
577.0,0.04878306137975507
578.0,0.04891744711802802
579.0,0.04881589120909373
580.0,0.049006218880102884
581.0,0.048922027936343794
582.0,0.048715520429359525
583.0,0.04896513130851682
584.0,0.04890362067340195
585.0,0.049001124426266925
586.0,0.04941885410519199
587.0,0.049429926721669834
588.0,0.049387068882481726
589.0,0.04945380217701867
590.0,0.04964378573521641
591.0,0.04949853076896058
592.0,0.04941485181753028
593.0,0.04954211088422069
594.0,0.049736442338685655
595.0,0.049733607695476384
596.0,0.04974177373265728
597.0,0.04993616393082371
598.0,0.05015098453413527
599.0,0.05023410048574552
600.0,0.05026053348114302
601.0,0.05039051053170583
602.0,0.05042794645307261
603.0,0.0504255806708856
604.0,0.050441677754156936
605.0,0.05050654638226359
606.0,0.05064907904097979
607.0,0.05071618124385393
608.0,0.050636065936756944
609.0,0.05084433573144995
610.0,0.05089976548627828
611.0,0.05080492395836987
612.0,0.050886898193241596
613.0,0.05109431803000435
614.0,0.05126859011230508
615.0,0.05129347783653136
616.0,0.051140266333108995
617.0,0.05122527350182777
618.0,0.051430209956931795
619.0,0.05149113088059421
620.0,0.051613795940812154
621.0,0.05168912601385332
622.0,0.05174342755660779
623.0,0.0519496694778562
624.0,0.05185662424478148
625.0,0.0516679728292472
626.0,0.05165450441780463
627.0,0.051831645241727196
628.0,0.052170019243981035
629.0,0.0525204573585852
630.0,0.052682857664634
631.0,0.052634658399524796
632.0,0.05255329121619667
633.0,0.052545407859675486
634.0,0.052569427722004
635.0,0.05258530474300071
636.0,0.05274480153339651
637.0,0.053127287074465054
638.0,0.05330285515498073
639.0,0.053230507902404973
640.0,0.053084884535618944
641.0,0.05318574074218221
642.0,0.05326452957078755
643.0,0.053463628521161446
644.0,0.05383709530516992
645.0,0.05411336915175743
646.0,0.05416111964173947
647.0,0.054009378372929635
648.0,0.05380939027546221
649.0,0.053828324904014985
650.0,0.05406509792079177
651.0,0.05442426679588037
652.0,0.054732375956387025
653.0,0.05467898045829907
654.0,0.05457969188742191
655.0,0.05474303700310464
656.0,0.05492171962785131
657.0,0.054999021440499334
658.0,0.055064250193874266
659.0,0.05530004768726888
660.0,0.05538235091431535
661.0,0.05544627806517573
662.0,0.055551592495013985
663.0,0.05551035248571097
664.0,0.05561124305854925
665.0,0.055793998796270214
666.0,0.0559193197532845
667.0,0.05606492535679067
668.0,0.05624281030676297
669.0,0.05645732465004272
670.0,0.05669643641546354
671.0,0.056704390773319645
672.0,0.05672976325320133
673.0,0.0569796021406344
674.0,0.05737149009543822
675.0,0.05742192696165104
676.0,0.057326319155558955
677.0,0.05751182657146408
678.0,0.05754360105950587
679.0,0.05760669407424911
680.0,0.05779768320206266
681.0,0.05803531200391387
682.0,0.05839458780596846
683.0,0.058535532795954776
684.0,0.058316857639481676
685.0,0.05863115062386531
686.0,0.05869297941079156
687.0,0.0585772719684335
688.0,0.05886616806490542
689.0,0.059061125154432605
690.0,0.05917484894588657
691.0,0.05928272966776425
692.0,0.059451541207153215
693.0,0.05962095909986947
694.0,0.059774201150316494
695.0,0.0599277763029317
696.0,0.06019117836864358
697.0,0.060391298713818486
698.0,0.060455953745759766
699.0,0.06044126227477824
700.0,0.06087257856431593
701.0,0.061180082020828586
702.0,0.06107731004500689
703.0,0.061462330561646336
704.0,0.061564002975175225
705.0,0.06153504214834785
706.0,0.06181556945165399
707.0,0.06203351861649948
708.0,0.06223918148098687
709.0,0.06242419697516508
710.0,0.06248200699748602
711.0,0.06273883874696339
712.0,0.06303618943646686
713.0,0.06319768117582261
714.0,0.06335152471076068
715.0,0.06348103335380369
716.0,0.06365888701541694
717.0,0.06397456924744845
718.0,0.06424411899127032
719.0,0.0645049641326169
720.0,0.06475200102533579
721.0,0.06488185615720427
722.0,0.06498734579697302
723.0,0.06514875854304858
724.0,0.06540438343981109
725.0,0.06567621141061711
726.0,0.06587747436837442
727.0,0.06597524173521198
728.0,0.06601631292893811
729.0,0.0664354543832396
730.0,0.06678792401499677
731.0,0.06686561678957363
732.0,0.06709886592358538
733.0,0.06740661898725436
734.0,0.06773909817130498
735.0,0.06802376759204248
736.0,0.06810378859934889
737.0,0.06818468144289526
738.0,0.06838374002255504
739.0,0.06870828214037686
740.0,0.0688956115170584
741.0,0.06913958206778492
742.0,0.06949549063469744
743.0,0.06954358552457598
744.0,0.06977250311290092
745.0,0.0701161526383262
746.0,0.07036329864720474
747.0,0.07068897859868106
748.0,0.0709338744036914
749.0,0.07110625670628913
750.0,0.07137208735456663
751.0,0.07155249047693268
752.0,0.07174530495988406
753.0,0.07203945656471397
754.0,0.072415042256317
755.0,0.07266840833617765
756.0,0.07288382611136031
757.0,0.07321109823836074
758.0,0.07344661024305767
759.0,0.07377352960335831
760.0,0.07416235211564447
761.0,0.07437389280344825
762.0,0.07463522749364059
763.0,0.07483327718569995
764.0,0.07495925070180484
765.0,0.07542660836152289
766.0,0.07569626136414218
767.0,0.0758696428329928
768.0,0.07624421786590031
769.0,0.07671198986647529
770.0,0.07708485072496299
771.0,0.07726401884621659
772.0,0.07728119624014892
773.0,0.07774029662733106
774.0,0.07822423735499592
775.0,0.07841873074424395
776.0,0.07867272473141974
777.0,0.07902729627238907
778.0,0.07943786756222582
779.0,0.07978995596317691
780.0,0.07984963082987918
781.0,0.08009155866719662
782.0,0.08058982182268859
783.0,0.08102291453102753
784.0,0.08129173959152097
785.0,0.08155130971604695
786.0,0.08189439581007169
787.0,0.08218454376971768
788.0,0.08249165352687288
789.0,0.08288398373055854
790.0,0.08336666680732936
791.0,0.08367561327169816
792.0,0.08392137953093365
793.0,0.08424149512833455
794.0,0.08473753711509145
795.0,0.08500328950567682
796.0,0.08530787765084684
797.0,0.08578533910854289
798.0,0.0861874365878501
799.0,0.08661678925035014
800.0,0.08696760143687907
801.0,0.0871803593413606
802.0,0.08754717616706051
803.0,0.08792197329787073
804.0,0.08827843140436406
805.0,0.0886604359772645
806.0,0.0890405917251076
807.0,0.08936997020310822
808.0,0.08970670928523551
809.0,0.09023923866543793
810.0,0.09067190584549141
811.0,0.09104807453139825
812.0,0.0914732128545574
813.0,0.09203009220337982
814.0,0.09234387821110772
815.0,0.09258851189975321
816.0,0.09306404826811877
817.0,0.09332507789157737
818.0,0.09372283873802995
819.0,0.09426332657059583
820.0,0.09462991625233334
821.0,0.09503456772248395
822.0,0.09554899057815526
823.0,0.0960907828931135
824.0,0.0963412258247277
825.0,0.09673445243878605
826.0,0.09723642551918371
827.0,0.09770571775349166
828.0,0.09815460172920785
829.0,0.09870620836050957
830.0,0.09927353529363472
831.0,0.09966776301326759
832.0,0.0998629222340438
833.0,0.10013029023695764
834.0,0.10061127910708272
835.0,0.10125702595989676
836.0,0.10192952027046963
837.0,0.10236306835287685
838.0,0.10257208002253711
839.0,0.10319070454853474
840.0,0.10364713948955812
841.0,0.10401830922256342
842.0,0.10449926235124325
843.0,0.10485301886810669
844.0,0.10543949317344517
845.0,0.1060901135826018
846.0,0.10640822869385701
847.0,0.10689998800848749
848.0,0.10742376794868981
849.0,0.10787040878634149
850.0,0.10825374707916582
851.0,0.10879049145938972
852.0,0.10946942133145221
853.0,0.11012491583355404
854.0,0.11038332144725727
855.0,0.11067126806860171
856.0,0.11118022532326508
857.0,0.11190415710219272
858.0,0.11246211292637516
859.0,0.11302316666985358
860.0,0.11357620559223536
861.0,0.11403345781391568
862.0,0.11447952343088529
863.0,0.11492185198443271
864.0,0.11548009669405551
865.0,0.11631425555094653
866.0,0.11680186959278577
867.0,0.11712020221174141
868.0,0.11751002557622275
869.0,0.1180891271476581
870.0,0.11881810977023667
871.0,0.11952305871862808
872.0,0.12001926191832388
873.0,0.1201114059074954
874.0,0.12079430063527204
875.0,0.12167132355780827
876.0,0.12205786837705063
877.0,0.12250646759128957
878.0,0.12320101821448678
879.0,0.12389751292779115
880.0,0.12423352162185759
881.0,0.12493866187708931
882.0,0.12559133194639216
883.0,0.12604741487560053
884.0,0.12653442285189762
885.0,0.12710963340712014
886.0,0.1277665583341131
887.0,0.12847665141714038
888.0,0.12920537252728223
889.0,0.1296457511052365
890.0,0.1299219403379536
891.0,0.13029981738653254
892.0,0.13111279710186016
893.0,0.13181173456001885
894.0,0.13237277163865982
895.0,0.13293234140844606
896.0,0.13348205316350645
897.0,0.1342558825230724
898.0,0.13495973805029274
899.0,0.1352580525475356
900.0,0.13596457309985158
901.0,0.13682481901992263
902.0,0.13773750627434372
903.0,0.1386575963093672
904.0,0.13875508801010253
905.0,0.13915015190545316
906.0,0.13996437482597848
907.0,0.14020857221276448
908.0,0.14079485419653753
909.0,0.141609513000798
910.0,0.14242302422304515
911.0,0.14308215529870477
912.0,0.14356025534126532
913.0,0.1441035824589778
914.0,0.14481066331905015
915.0,0.14537877259677084
916.0,0.1462359656071468
917.0,0.14717592969321103
918.0,0.1478969476896752
919.0,0.1483265723808587
920.0,0.14887159191033691
921.0,0.14944629436924178
922.0,0.14991818350153535
923.0,0.15063948947971623
924.0,0.15150805964475428
925.0,0.1524785403889165
926.0,0.15346234831474106
927.0,0.15410620731393296
928.0,0.15445590436876477
929.0,0.15483140857931932
930.0,0.15557285373067892
931.0,0.1562309792301052
932.0,0.1572792034022883
933.0,0.1583592751291646
934.0,0.15866633937499364
935.0,0.1588521226013512
936.0,0.15962436614840378
937.0,0.1607212001392944
938.0,0.16121512274220184
939.0,0.16229461832314312
940.0,0.1632596020805329
941.0,0.16380060338718824
942.0,0.16431136636065038
943.0,0.16557841730176007
944.0,0.16629528078773045
945.0,0.16650497398211553
946.0,0.16802523343150233
947.0,0.16841264291828342
948.0,0.16887284820105689
949.0,0.16987194177695708
950.0,0.17007493847718858
951.0,0.17089440660511396
952.0,0.17193494797045838
953.0,0.172687459070627
954.0,0.17307821168599508
955.0,0.17374269593078276
956.0,0.1745075877328142
957.0,0.17521975643882584
958.0,0.17607068170316126
959.0,0.17672576843899446
960.0,0.17765827402005066
961.0,0.1789185522803121
962.0,0.17951047395232408
963.0,0.18066646684921486
964.0,0.1815064475581305
965.0,0.18164540499363854
966.0,0.18258454490500833
967.0,0.1834517242039638
968.0,0.18399844803159285
969.0,0.18446320650963377
970.0,0.18567707797870064
971.0,0.18614459061716793
972.0,0.18683399063002243
973.0,0.188280007797185
974.0,0.18894569894628863
975.0,0.19000787815242262
976.0,0.19059421048326397
977.0,0.19045831801151294
978.0,0.19139679678421234
979.0,0.19213557925688002
980.0,0.19331260004870354
981.0,0.1949643356009091
982.0,0.19533110848449367
983.0,0.19587398509471093
984.0,0.19611325251910922
985.0,0.19648132726233103
986.0,0.19941595666858486
987.0,0.20077622451219723
988.0,0.20080633208992044
989.0,0.2010664699370692
990.0,0.20319596170311316
991.0,0.2032383936563399
992.0,0.2036335368912771
993.0,0.205690127934313
994.0,0.20734845197670168
995.0,0.20782963035336036
996.0,0.20760335966116045
997.0,0.20782690046765778
998.0,0.20973202642005254
999.0,0.2109100290682668
1000.0,0.2116835029403249
1001.0,0.21763702163496834
1002.0,0.21500964869284567
1003.0,0.2146883953038376
1004.0,0.21441705965042465
1005.0,0.2152081137940142
1006.0,0.21642235232727308
1007.0,0.2185194620349899
1008.0,0.219921502912803
1009.0,0.2218898086688696
1010.0,0.22338521353685853
1011.0,0.2236765504868045
1012.0,0.22428918468569317
1013.0,0.22616866115136822
1014.0,0.22769049966020713
1015.0,0.22965128090953224
1016.0,0.23088951339359448
1017.0,0.23187745525084358
1018.0,0.23272787196782496
1019.0,0.23392465649007396
1020.0,0.2362890712934862
1021.0,0.23795806754156715
1022.0,0.23881156243774174
1023.0,0.23966252763800802
1024.0,0.23947559764176263
1025.0,0.23856320558356384
1026.0,0.2373259706704407
1027.0,0.23594861105841433
1028.0,0.23698079732184063
1029.0,0.23847102499916042
1030.0,0.24221622638142812
1031.0,0.24499782191944552
1032.0,0.246142481081423
1033.0,0.24548292616584547
1034.0,0.24365641441167515
1035.0,0.24325570516140949
1036.0,0.24486513283639275
1037.0,0.24697056858584698
1038.0,0.24965032782233945
1039.0,0.2523665793067119
1040.0,0.254477869275503
1041.0,0.25483337208323825
1042.0,0.2541904010304848
1043.0,0.25447344313108017
1044.0,0.2544916636701533
1045.0,0.25450152064226805
1046.0,0.2560892668002836
1047.0,0.2587490434122803
1048.0,0.26057164094352436
1049.0,0.2616616415882852
1050.0,0.2628915305762979
1051.0,0.2633657603928578
1052.0,0.2629932615666499
1053.0,0.2635512897495513
1054.0,0.26383817172876284
1055.0,0.2636283711632227
1056.0,0.2651261016269922
1057.0,0.26818126061257014
1058.0,0.2712596466178741
1059.0,0.2726619930887747
1060.0,0.2738354975913137
1061.0,0.2734933977387459
1062.0,0.27177165662854663
1063.0,0.272120097874894
1064.0,0.27338613713743914
1065.0,0.2739703466226157
1066.0,0.27608769153869533
1067.0,0.27787037763257716
1068.0,0.2787809615345082
1069.0,0.2805977747086633
1070.0,0.28237466306542475
1071.0,0.2838370484430177
1072.0,0.28479821928229027
1073.0,0.2859454936103511
1074.0,0.28782231301273026
1075.0,0.2895016187794488
1076.0,0.290369756368989
1077.0,0.29102723506304895
1078.0,0.29152025995716135
1079.0,0.29047943314561014
1080.0,0.29029852362505304
1081.0,0.29327498986875583
1082.0,0.2953246856053232
1083.0,0.29678547318315335
1084.0,0.29810907329799924
1085.0,0.29873351827875017
1086.0,0.29905293308512615
1087.0,0.2986216566956706
1088.0,0.29967938736499405
1089.0,0.3012562300278783
1090.0,0.3031953091955634
1091.0,0.3052273106590677
1092.0,0.30732779746238126
1093.0,0.309517712020658
1094.0,0.31064516645109597
1095.0,0.3105783972189529
1096.0,0.3114936018052405
1097.0,0.3129942145467018
1098.0,0.3139445609872067
1099.0,0.31520194445621413
1100.0,0.31793962469184167
1101.0,0.31927724145065073
1102.0,0.3194269872018317
1103.0,0.32034771815748725
1104.0,0.32194404946268984
1105.0,0.32244853346141533
1106.0,0.3229323081009447
1107.0,0.32436044137612774
1108.0,0.325877611408941
1109.0,0.3275230820788887
1110.0,0.329716469755939
1111.0,0.33107335626954837
1112.0,0.33212088014751234
1113.0,0.33235615669525775
1114.0,0.3334401020323102
1115.0,0.33457367388312037
1116.0,0.3358278875501514
1117.0,0.33748547999699585
1118.0,0.3384661669999211
1119.0,0.3391679355283585
1120.0,0.340071466275899
1121.0,0.3403435480197186
1122.0,0.34175188827430597
1123.0,0.34326030355976384
1124.0,0.3444018336345648
1125.0,0.34606645720569756
1126.0,0.3470852194289602
1127.0,0.34838526306762785
1128.0,0.35011543984605586
1129.0,0.3512165737587197
1130.0,0.35177641317737063
1131.0,0.35306461554200047
1132.0,0.35429707556958046
1133.0,0.355419191391395
1134.0,0.3572276454581204
1135.0,0.35829085758929685
1136.0,0.35866706038757296
1137.0,0.35995863718291315
1138.0,0.36075370296473835
1139.0,0.361993930401552
1140.0,0.3637740845453463
1141.0,0.36526385531457906
1142.0,0.366803261179491
1143.0,0.36877530780133855
1144.0,0.36998428003239825
1145.0,0.3706705520239645
1146.0,0.37158113014482613
1147.0,0.3720934889404503
1148.0,0.3731693393210063
1149.0,0.37479453153303083
1150.0,0.3759231386465968
1151.0,0.37695053610032203
1152.0,0.3778541239778015
1153.0,0.37837625758044774
1154.0,0.3793618214878804
1155.0,0.3810453726074493
1156.0,0.3826259809124823
1157.0,0.38397504093760554
1158.0,0.3854136663578869
1159.0,0.38661267216621653
1160.0,0.3873704480968438
1161.0,0.3885433161149178
1162.0,0.389875932198664
1163.0,0.39121202138311906
1164.0,0.3924878945565284
1165.0,0.3938786258676264
1166.0,0.39530263346229827
1167.0,0.3971415502111119
1168.0,0.3984442651179091
1169.0,0.4000898926157227
1170.0,0.40149614879695755
1171.0,0.4022207524029568
1172.0,0.4031910396765242
1173.0,0.404054575364271
1174.0,0.4052586761706207
1175.0,0.4065524371430757
1176.0,0.4077683615629884
1177.0,0.409209675833657
1178.0,0.4104242696554494
1179.0,0.41112681689283725
1180.0,0.4125039140595952
1181.0,0.4142589885633394
1182.0,0.41619849947402354
1183.0,0.41761025970789306
1184.0,0.41895507639749074
1185.0,0.41994322249551513
1186.0,0.42031299452641974
1187.0,0.42130032870909573
1188.0,0.4225394135287032
1189.0,0.42394517692359057
1190.0,0.4258290046744537
1191.0,0.42702795508689867
1192.0,0.4279275756677005
1193.0,0.4291617939140449
1194.0,0.43019986866087123
1195.0,0.4313060372683029
1196.0,0.43281073227425826
1197.0,0.4340569655501551
1198.0,0.4350252124171275
1199.0,0.4358130194455127
1200.0,0.4372534135635814
1201.0,0.43881192795841534
1202.0,0.440012014858713
1203.0,0.4411733575946485
1204.0,0.4426029131837209
1205.0,0.4439394437726044
1206.0,0.4455153082411894
1207.0,0.4475999862597929
1208.0,0.44929652830548705
1209.0,0.45097063843521407
1210.0,0.45221709935642945
1211.0,0.45328653598246993
1212.0,0.45420748119614746
1213.0,0.4542783058052632
1214.0,0.45515030381652577
1215.0,0.45648509613221766
1216.0,0.45767865183121076
1217.0,0.45891457821246656
1218.0,0.4603268958708196
1219.0,0.46170919863074017
1220.0,0.462769111759998
1221.0,0.4643121533364245
1222.0,0.4663140072308846
1223.0,0.4680262960860344
1224.0,0.4699981888175154
1225.0,0.47140339063994263
1226.0,0.4723662323413512
1227.0,0.4736276244216671
1228.0,0.4745544896354819
1229.0,0.47576523876844706
1230.0,0.47739395761591186
1231.0,0.47881562494768876
1232.0,0.4802331445178779
1233.0,0.48155382614985404
1234.0,0.4827327332829133
1235.0,0.4840357444080938
1236.0,0.48513473244535993
1237.0,0.4859778413420531
1238.0,0.4871960227112156
1239.0,0.48840395016587035
1240.0,0.4897801068644993
1241.0,0.4916494666744077
1242.0,0.49303223124972695
1243.0,0.494182303982809
1244.0,0.4954486048185314
1245.0,0.4966003448468513
1246.0,0.4977277665416254
1247.0,0.4986332669191083
1248.0,0.5000064565201806
1249.0,0.501807070826075
1250.0,0.5032335908429816
1251.0,0.5048121654966097
1252.0,0.5063066188068142
1253.0,0.5077141414637969
1254.0,0.5086527907011684
1255.0,0.5100460580596573
1256.0,0.5117832597613945
1257.0,0.5132896675205706
1258.0,0.5146439679431354
1259.0,0.5162063983980506
1260.0,0.5179732766728986
1261.0,0.519458357566457
1262.0,0.520970454898947
1263.0,0.5223889848377352
1264.0,0.5234095553736676
1265.0,0.5247424406290009
1266.0,0.5264112138785152
1267.0,0.5277874374627687
1268.0,0.5290801441571145
1269.0,0.5303269333996805
1270.0,0.5317352562265283
1271.0,0.5329472507933133
1272.0,0.5345628018878068
1273.0,0.5366095552489528
1274.0,0.5383040359197939
1275.0,0.5400089995386791
1276.0,0.5416288109587939
1277.0,0.5432563564555698
1278.0,0.5446234926932207
1279.0,0.5457714253552541
1280.0,0.5470245374636938
1281.0,0.5480432635637984
1282.0,0.5492169113677247
1283.0,0.5505735562403434
1284.0,0.5518719849761531
1285.0,0.5532751857944985
1286.0,0.5544655033445952
1287.0,0.5553746738586124
1288.0,0.5565363700815482
1289.0,0.557746562370559
1290.0,0.5587124932251761
1291.0,0.5602899138624823
1292.0,0.5625519407473156
1293.0,0.5640948533912536
1294.0,0.5655521493995753
1295.0,0.5670655485778434
1296.0,0.5682782943747615
1297.0,0.5695721573487043
1298.0,0.5710222145202298
1299.0,0.5724562510107196
1300.0,0.5738105217561174
1301.0,0.5750703371538429
1302.0,0.5764393229235116
1303.0,0.5777004143519041
1304.0,0.5784258401739785
1305.0,0.5796511881387575
1306.0,0.5810926703822689
1307.0,0.5828367723929193
1308.0,0.5843114701674733
1309.0,0.585935185396312
1310.0,0.5875248481528045
1311.0,0.5889558063711885
1312.0,0.5904541858337619
1313.0,0.5923419837797278
1314.0,0.5935938900290788
1315.0,0.5942989446931436
1316.0,0.5953913086346998
1317.0,0.5961427802671256
1318.0,0.5974145736282824
1319.0,0.5992950054291446
1320.0,0.6008234404144815
1321.0,0.6023290740680259
1322.0,0.6039343844063724
1323.0,0.6054463513322712
1324.0,0.607019533035884
1325.0,0.6087778694814422
1326.0,0.6104931524377177
1327.0,0.6121921099782403
1328.0,0.613882123515892
1329.0,0.6154349873563378
1330.0,0.6169755115302463
1331.0,0.6184437053052775
1332.0,0.619701569778101
1333.0,0.6211176720793228
1334.0,0.6225249323868308
1335.0,0.6240518561433298
1336.0,0.6258579180182215
1337.0,0.6272725202298511
1338.0,0.6284402887867182
1339.0,0.6298667013612386
1340.0,0.631046868846757
1341.0,0.6325019373185685
1342.0,0.63463203067005
1343.0,0.6361974193551058
1344.0,0.6375518378400601
1345.0,0.6388059656159395
1346.0,0.6395956413070288
1347.0,0.6405233441937637
1348.0,0.6417600815781805
1349.0,0.64300432197465
1350.0,0.6447340035136093
1351.0,0.6471764816058809
1352.0,0.6487703364281746
1353.0,0.6504607851218464
1354.0,0.6516473542946838
1355.0,0.6518870670738498
1356.0,0.6529071539632748
1357.0,0.6540935905294706
1358.0,0.6553105357044928
1359.0,0.6568409641267969
1360.0,0.658248119507074
1361.0,0.6597984379713128
1362.0,0.6609994103572477
1363.0,0.6618169340228809
1364.0,0.6629733433989449
1365.0,0.6639679365431332
1366.0,0.6651123042291037
1367.0,0.6662739777333172
1368.0,0.668044327727514
1369.0,0.6697758583543354
1370.0,0.671647282844218
1371.0,0.673320627734614
1372.0,0.6752555749144591
1373.0,0.6767768876589719
1374.0,0.6778586960774503
1375.0,0.6792830464085116
1376.0,0.680899374958499
1377.0,0.6822237735527775
1378.0,0.6834601045543248
1379.0,0.6847179321357765
1380.0,0.6856713425426136
1381.0,0.6869460876185274
1382.0,0.6885898747683918
1383.0,0.6899209302592062
1384.0,0.6912341429511671
1385.0,0.6924526831655754
1386.0,0.6932860085774718
1387.0,0.6944209697770848
1388.0,0.6958194815146385
1389.0,0.6969882589288995
1390.0,0.6980607362459865
1391.0,0.6994012617949021
1392.0,0.7004748990503016
1393.0,0.7012361194303216
1394.0,0.7024613719907726
1395.0,0.7039443715264293
1396.0,0.7050976082948831
1397.0,0.7062620567299244
1398.0,0.7074323629116759
1399.0,0.7083498204709535
1400.0,0.7095214178832377
1401.0,0.7111311735191167
1402.0,0.712190741681027
1403.0,0.7130025818192894
1404.0,0.7138256093634365
1405.0,0.7141248713829889
1406.0,0.7150122352890229
1407.0,0.7161598288657528
1408.0,0.7173764830951533
1409.0,0.7189808032792062
1410.0,0.7204249244362846
1411.0,0.7219249108802579
1412.0,0.723310613055719
1413.0,0.7246395328520067
1414.0,0.7259035532416571
1415.0,0.7269939882878931
1416.0,0.7285404180265218
1417.0,0.7296007928275321
1418.0,0.730473633521473
1419.0,0.7315589356053075
1420.0,0.7324217388111848
1421.0,0.7336048196831797
1422.0,0.7352783086955269
1423.0,0.736427756970287
1424.0,0.7372585361473826
1425.0,0.7384275204370399
1426.0,0.7394770284588618
1427.0,0.7407414977594624
1428.0,0.7423941144723746
1429.0,0.743855484692323
1430.0,0.7452950736456887
1431.0,0.7467044446290892
1432.0,0.7481506628210933
1433.0,0.7494747838390895
1434.0,0.7506674688607698
1435.0,0.7518852069024451
1436.0,0.7530278160550778
1437.0,0.7542294662312448
1438.0,0.7553956049556477
1439.0,0.7566377528737271
1440.0,0.7581900471482849
1441.0,0.7595877730852664
1442.0,0.7612328598053981
1443.0,0.7627316180782044
1444.0,0.764120772695162
1445.0,0.7653055478496004
1446.0,0.7667068120796344
1447.0,0.7682113528792908
1448.0,0.7695038532224086
1449.0,0.7707967191281679
1450.0,0.7720280376780437
1451.0,0.7729814684071767
1452.0,0.7741429805033394
1453.0,0.7754780635248533
1454.0,0.7766719300783376
1455.0,0.7777646546683975
1456.0,0.7790370530904194
1457.0,0.7803940669393484
1458.0,0.7816861157639273
1459.0,0.7830065811800723
1460.0,0.7843693994216675
1461.0,0.785768623596994
1462.0,0.7870660024140131
1463.0,0.7884220719653398
1464.0,0.7897071051043812
1465.0,0.7907568327227437
1466.0,0.7919341109692755
1467.0,0.7931216020115677
1468.0,0.7944205368589828
1469.0,0.7957800358381124
1470.0,0.7972653693657041
1471.0,0.7989038082864963
1472.0,0.8007523786651297
1473.0,0.8024682410580265
1474.0,0.8043313786010902
1475.0,0.80594181833817
1476.0,0.807530733181476
1477.0,0.8088046333270629
1478.0,0.8097703805174257
1479.0,0.8109353979648487
1480.0,0.8118904938950843
1481.0,0.8130335736588075
1482.0,0.8143491376725663
1483.0,0.8156589641149008
1484.0,0.8169674148162291
1485.0,0.8183224799350269
1486.0,0.8197576389883432
1487.0,0.8212127854820092
1488.0,0.8225990306076668
1489.0,0.8241785236336494
1490.0,0.8260686062065417
1491.0,0.8276765758036283
1492.0,0.8294068415826938
1493.0,0.8308206571389302
1494.0,0.8317516831709612
1495.0,0.8329330874989362
1496.0,0.8339962159082156
1497.0,0.835217227495215
1498.0,0.8367931229892284
1499.0,0.838131280950208
1500.0,0.8392768732527848
1501.0,0.8405553187093788
1502.0,0.8420971127218563
1503.0,0.8434271732914207
1504.0,0.844811336384276
1505.0,0.8464034545384662
1506.0,0.8478736379671545
1507.0,0.8491677123200899
1508.0,0.8504960611649651
1509.0,0.8518641371426418
1510.0,0.8532951229170169
1511.0,0.8546285411464359
1512.0,0.8561216955016677
1513.0,0.8578679434372386
1514.0,0.8594719656420496
1515.0,0.8610567531185629
1516.0,0.8625403975572463
1517.0,0.8639528797935583
1518.0,0.8654227699426998
1519.0,0.8668224440489588
1520.0,0.8682354811346575
1521.0,0.8697551779436722
1522.0,0.8711648213504491
1523.0,0.8724824829148983
1524.0,0.8738250019308563
1525.0,0.8751438899668726
1526.0,0.8764682439073915
1527.0,0.877892170154175
1528.0,0.879097182531034
1529.0,0.8801023455423996
1530.0,0.8812360967053674
1531.0,0.8822050726859716
1532.0,0.8833481825902811
1533.0,0.8846688561814926
1534.0,0.8860114233764942
1535.0,0.8874106647275334
1536.0,0.8888455395539198
1537.0,0.8902838216794668
1538.0,0.891903911749833
1539.0,0.8935990949613318
1540.0,0.8950704082352255
1541.0,0.8965846993867594
1542.0,0.8980999146704209
1543.0,0.8995938380377361
1544.0,0.9010018238759284
1545.0,0.9025108392606418
1546.0,0.9041101753160391
1547.0,0.9055560809889156
1548.0,0.9069811300413829
1549.0,0.9083720745917008
1550.0,0.9096173568294648
1551.0,0.9109957856612262
1552.0,0.9125260571625268
1553.0,0.913788027677533
1554.0,0.9150125275928654
1555.0,0.916098511208829
1556.0,0.9168495434769371
1557.0,0.9179194205531465
1558.0,0.9189681211289342
1559.0,0.9202549879998755
1560.0,0.9218987212118805
1561.0,0.9232635654686415
1562.0,0.9246311810162444
1563.0,0.9259845128769097
1564.0,0.9272723363392928
1565.0,0.9284540624980085
1566.0,0.9296060280154302
1567.0,0.9307526275812298
1568.0,0.9316930007305481
1569.0,0.932787977130506
1570.0,0.933907191164839
1571.0,0.9351996269677294
1572.0,0.9367610605371377
1573.0,0.9380723635459378
1574.0,0.9392602067992666
1575.0,0.9406810575636443
1576.0,0.9422138812002057
1577.0,0.9435110400793169
1578.0,0.9449972652971937
1579.0,0.9462592066530456
1580.0,0.9469011315543033
1581.0,0.9479459624705668
1582.0,0.9492375880138787
1583.0,0.9504737145185952
1584.0,0.9519835065013524
1585.0,0.9532496463803427
1586.0,0.9540695173064326
1587.0,0.9553068643541411
1588.0,0.956755919083318
1589.0,0.9581327407567546
1590.0,0.9596033063324504
1591.0,0.9614592072273884
1592.0,0.9628021618193677
1593.0,0.9637898116176291
1594.0,0.9651534854933297
1595.0,0.9665393056755918
1596.0,0.9679283761357896
1597.0,0.9693912999077995
1598.0,0.9710420934759565
1599.0,0.9728445814527461
1600.0,0.974283694861695
1601.0,0.9758333346808589
1602.0,0.9771582853043437
1603.0,0.9780479513883015
1604.0,0.9791503193795599
1605.0,0.980466598536323
1606.0,0.9814354808768285
1607.0,0.9820084991894399
1608.0,0.9830643145983538
1609.0,0.9841938772279399
1610.0,0.985384959518128
1611.0,0.9870072892403772
1612.0,0.9881262677935789
1613.0,0.98892940071476
1614.0,0.9899359212694304
1615.0,0.9907287903481626
1616.0,0.9918692755144619
1617.0,0.9933373943785536
1618.0,0.9945920001707935
1619.0,0.9959677976851216
1620.0,0.9971348738043955
1621.0,0.997960005719503
1622.0,0.9991854262841914
1623.0,1.000595993461292
1624.0,1.0018891000119903
1625.0,1.0034438186356731
1626.0,1.0046860905320671
1627.0,1.0056600332716021
1628.0,1.0066799224713967
1629.0,1.0075622970315925
1630.0,1.008602810712727
1631.0,1.0095510361454842
1632.0,1.010733957108626
1633.0,1.0123932139923182
1634.0,1.013493906808389
1635.0,1.0144236220222875
1636.0,1.015365956808818
1637.0,1.0158075628000103
1638.0,1.0166711350484254
1639.0,1.0180225742303484
1640.0,1.0189289595268811
1641.0,1.019737715099259
1642.0,1.020472611988848
1643.0,1.0208781767110693
1644.0,1.0214499541015951
1645.0,1.0220332171036846
1646.0,1.0227480362057162
1647.0,1.0234102139610963
1648.0,1.02432741720196
1649.0,1.0257058956230884
1650.0,1.026683233209726
1651.0,1.0276395547683506
1652.0,1.028516997875636
1653.0,1.0291503552966674
1654.0,1.0297697002270372
1655.0,1.030227874970885
1656.0,1.0308963809739633
1657.0,1.031492521250544
1658.0,1.0323001817504884
1659.0,1.0334766609850083
1660.0,1.0345491562477838
1661.0,1.0356781742742343
1662.0,1.0366879641231572
1663.0,1.037693751140316
1664.0,1.038622565521822
1665.0,1.039273751382484
1666.0,1.0402286433928598
1667.0,1.041247761343314
1668.0,1.0423644713997644
1669.0,1.0436684117623263
1670.0,1.0451431041536257
1671.0,1.0470199321093858
1672.0,1.048456099214105
1673.0,1.04987509717923
1674.0,1.0510614618490608
1675.0,1.051539522178229
1676.0,1.0525370129998761
1677.0,1.0538380348368923
1678.0,1.0551000846870164
1679.0,1.0563575817656
1680.0,1.0579194634402296
1681.0,1.0598241587382282
1682.0,1.0613749778148351
1683.0,1.0634048618208745
1684.0,1.0646849192358006
1685.0,1.064933175783551
1686.0,1.0657459829655842
1687.0,1.0661355258981047
1688.0,1.0672963748530646
1689.0,1.069274154358628
1690.0,1.0709937442164035
1691.0,1.073156805654767
1692.0,1.0749549460369234
1693.0,1.07660423140858
1694.0,1.0781274370497522
1695.0,1.079403444195417
1696.0,1.0806408488559613
1697.0,1.0817831828368187
1698.0,1.0827418284744237
1699.0,1.083531986170387
1700.0,1.084545769171797
1701.0,1.085154028305133
1702.0,1.0863326983319863
1703.0,1.088128374271833
1704.0,1.089609089687369
1705.0,1.091404520750424
1706.0,1.092926495451083
1707.0,1.0942550158641307
1708.0,1.0954170590941898
1709.0,1.0963612299190295
1710.0,1.0972527298935122
1711.0,1.0976944465989076
1712.0,1.0986269142560525
1713.0,1.099935345216226
1714.0,1.1011214268086735
1715.0,1.1025603444540666
1716.0,1.1037111663087822
1717.0,1.1043830586261305
1718.0,1.1054954457343593
1719.0,1.1068189607197347
1720.0,1.1081662810339061
1721.0,1.109920548286306
1722.0,1.1112656797722524
1723.0,1.112290609059607
1724.0,1.113547862696889
1725.0,1.1146987349233948
1726.0,1.1158546104974683
1727.0,1.117403903259818
1728.0,1.1184891455999886
1729.0,1.1193285032559708
1730.0,1.1201085670895603
1731.0,1.1204276515892693
1732.0,1.1208679209031183
1733.0,1.1210377236463485
1734.0,1.1219770527421036
1735.0,1.1236848102923873
1736.0,1.124764098358408
1737.0,1.1257628378454394
1738.0,1.1270331269789693
1739.0,1.1281041649559063
1740.0,1.1292083747408779
1741.0,1.1307819237956196
1742.0,1.1319897379393804
1743.0,1.1327577466977838
1744.0,1.1335613490798717
1745.0,1.134662432109227
1746.0,1.1354516416189262
1747.0,1.1356062639883393
1748.0,1.136322109287761
1749.0,1.1370735471473865
1750.0,1.1381142417537784
1751.0,1.1398191420696515
1752.0,1.1409396808173542
1753.0,1.141948109272163
1754.0,1.142434316586608
1755.0,1.1428479878523428
1756.0,1.1432290870927342
1757.0,1.1443702621544152
1758.0,1.145284068785452
1759.0,1.1455315741957932
1760.0,1.1461458344825506
1761.0,1.1468787750103158
1762.0,1.1476360339300118
1763.0,1.148518647594135
1764.0,1.1490369808570975
1765.0,1.1492067487880053
1766.0,1.1493648550420736
1767.0,1.1502054344434198
1768.0,1.1515406501676
1769.0,1.1527201924743438
1770.0,1.1544094259382969
1771.0,1.1558583992961282
1772.0,1.1565133017673328
1773.0,1.157787352163713
1774.0,1.1590033758067595
1775.0,1.1593388839596792
1776.0,1.1601989824648506
1777.0,1.1608634981452735
1778.0,1.1610375013292824
1779.0,1.1627081574851204
1780.0,1.1648169093451128
1781.0,1.166342040269812
1782.0,1.1678725802507526
1783.0,1.168533050716439
1784.0,1.168715383604381
1785.0,1.1693121378124383
1786.0,1.169502594670834
1787.0,1.170277208322647
1788.0,1.1712519656351572
1789.0,1.1714811775917489
1790.0,1.172766916788602
1791.0,1.1735137624928274
1792.0,1.1740078686456683
1793.0,1.1748371925876782
1794.0,1.1757158525913887
1795.0,1.1765673664949523
1796.0,1.177729637826082
1797.0,1.1785302785651854
1798.0,1.1786517184623866
1799.0,1.179185141848241
1800.0,1.1800613203202128
1801.0,1.1779793365264244
1802.0,1.1782684748543013
1803.0,1.1781352239090113
1804.0,1.1792713318343073
1805.0,1.181436034622403
1806.0,1.1827565787146979
1807.0,1.1845342155742702
1808.0,1.1859321864491785
1809.0,1.1867253705942737
1810.0,1.187759311439763
1811.0,1.189404088959501
1812.0,1.190141585770158
1813.0,1.1898959338913093
1814.0,1.190864402923412
1815.0,1.1917782102773022
1816.0,1.1930108064088316
1817.0,1.1937105838236683
1818.0,1.1943465090542167
1819.0,1.1951057214878358
1820.0,1.1949824505995288
1821.0,1.1957968526286629
1822.0,1.1975395134756106
1823.0,1.1991232289506761
1824.0,1.2013265515494607
1825.0,1.2027345680721766
1826.0,1.204104643154041
1827.0,1.2056588667379051
1828.0,1.2068853799835944
1829.0,1.20804547776961
1830.0,1.2084244922422265
1831.0,1.208270967819648
1832.0,1.2075163426696267
1833.0,1.2071669367275772
1834.0,1.2065337546221824
1835.0,1.2069958868556332
1836.0,1.2085351782958411
1837.0,1.2097199550047961
1838.0,1.2111385506405508
1839.0,1.2127708727782551
1840.0,1.2146038316733412
1841.0,1.2166696317360786
1842.0,1.2181824361173723
1843.0,1.2201539852172258
1844.0,1.2217093909301981
1845.0,1.2215182678943226
1846.0,1.2221268715455194
1847.0,1.222618142104935
1848.0,1.2229456803230387
1849.0,1.2233290383901831
1850.0,1.2240115347573766
1851.0,1.2247351603095793
1852.0,1.2254561763076137
1853.0,1.2256666117980786
1854.0,1.2252096923196
1855.0,1.2239657922612759
1856.0,1.222573546217384
1857.0,1.222373777114752
1858.0,1.2227160374563115
1859.0,1.2233159928498498
1860.0,1.22505198917586
1861.0,1.226351891436231
1862.0,1.2263965175659368
1863.0,1.226030510803954
1864.0,1.2243477698949095
1865.0,1.2239469808713461
1866.0,1.2240866984273584
1867.0,1.2255286611005933
1868.0,1.2264809632175107
1869.0,1.2278412208980616
1870.0,1.2281005810136738
1871.0,1.227951158317324
1872.0,1.22781118811625
1873.0,1.2268439169134924
1874.0,1.2271637656405818
1875.0,1.22625380597349
1876.0,1.2233541264323669
1877.0,1.22054448583175
1878.0,1.217728634911237
1879.0,1.2158866992344137
1880.0,1.2155857461283597
1881.0,1.21393647181571
1882.0,1.212247414260612
1883.0,1.210724898511798
1884.0,1.2071546204225285
1885.0,1.2037437643388134
1886.0,1.2017328342964673
1887.0,1.1976058578339217
1888.0,1.1932174733335354
1889.0,1.1893790176249308
1890.0,1.1848889466419856
1891.0,1.179448160108854
1892.0,1.1744844028576964
1893.0,1.1687477269586923
1894.0,1.1623854467843466
1895.0,1.1556496471974023
1896.0,1.1476686729037036
1897.0,1.1415402710601366
1898.0,1.1360101260744193
1899.0,1.1296126443097256
1900.0,1.1241038714859184
1901.0,1.1176651702976699
1902.0,1.1105372971447078
1903.0,1.103053313509521
1904.0,1.097268076606702
1905.0,1.0916605777307429
1906.0,1.0867206094156912
1907.0,1.0831318915868247
1908.0,1.0798516180865632
1909.0,1.0765777047608993
1910.0,1.0744529111239216
1911.0,1.0733656145173425
1912.0,1.070907017104786
1913.0,1.0687301432495944
1914.0,1.0665721940856556
1915.0,1.0652174544513808
1916.0,1.0640711432866057
1917.0,1.0641951891738268
1918.0,1.0656160155766903
1919.0,1.068002942214578
1920.0,1.068599823658722
1921.0,1.069101035497787
1922.0,1.0687743225019066
1923.0,1.0668485163614867
1924.0,1.0660401536788198
1925.0,1.0656139753166374
1926.0,1.0646775902164942
1927.0,1.0650121880323713
1928.0,1.0661581349926295
1929.0,1.066755505692384
1930.0,1.0683138535327723
1931.0,1.0688022933455577
1932.0,1.0686447053766683
1933.0,1.068993088514129
1934.0,1.0690488168839527
1935.0,1.0702087650053316
1936.0,1.071986682658038
1937.0,1.073042429631094
1938.0,1.0738114221100425
1939.0,1.0748626033119453
1940.0,1.076115671872537
1941.0,1.0769702107107826
1942.0,1.078928718101035
1943.0,1.081426118037281
1944.0,1.083178547959299
1945.0,1.085287754682873
1946.0,1.0876946191931485
1947.0,1.0904369467503991
1948.0,1.0922348921963072
1949.0,1.0935564857211881
1950.0,1.0944430570910024
1951.0,1.095723150511588
1952.0,1.096473782479288
1953.0,1.099049640781901
1954.0,1.1020475992528307
1955.0,1.1043011226652117
1956.0,1.1074036251535861
1957.0,1.1089570876575554
1958.0,1.1100706892656789
1959.0,1.111474531430905
1960.0,1.112580687360211
1961.0,1.1135092169277006
1962.0,1.1142319605894846
1963.0,1.1156641790481725
1964.0,1.116943999684251
1965.0,1.1182824061709737
1966.0,1.1195174433182733
1967.0,1.1213776784071747
1968.0,1.1235704164031668
1969.0,1.1260053213504435
1970.0,1.128795693961855
1971.0,1.1302618161973608
1972.0,1.1317472434836733
1973.0,1.1319160231640544
1974.0,1.133447993694697
1975.0,1.1352494130438173
1976.0,1.1380428430005205
1977.0,1.1408155643544822
1978.0,1.142224078557029
1979.0,1.1437375438776711
1980.0,1.1456873307145663
1981.0,1.1464636944428783
1982.0,1.1487934926705947
1983.0,1.15159430649079
1984.0,1.1534736481501453
1985.0,1.1553371125181773
1986.0,1.1577346918399687
1987.0,1.1593382115893136
1988.0,1.1602362610016095
1989.0,1.1607038541181134
1990.0,1.1615102689668746
1991.0,1.164051364796752
1992.0,1.1660240480039479
1993.0,1.1687633758579934
1994.0,1.1714572554130975
1995.0,1.1722063145129433
1996.0,1.1732998060289646
1997.0,1.1732381295997045
1998.0,1.1746089612516661
1999.0,1.1769012866617536
2000.0,1.1788118848404174
2001.0,1.1812613074191471
2002.0,1.1833210741995301
2003.0,1.185266079020796
2004.0,1.1867388430450683
2005.0,1.188694052355879
2006.0,1.1916667374849983
2007.0,1.1945645219095518
2008.0,1.1980588101890786
2009.0,1.201101006941968
2010.0,1.2050464432650447
2011.0,1.2070798715485744
2012.0,1.2076839538659574
2013.0,1.2082244095470784
2014.0,1.20751960029483
2015.0,1.2074336472373244
2016.0,1.2079292550407679
2017.0,1.2113498864675638
2018.0,1.2138482077921402
2019.0,1.2170177503076705
2020.0,1.2208000047496148
2021.0,1.220951960949807
2022.0,1.223513603343559
2023.0,1.2255402131893949
2024.0,1.2265785077711475
2025.0,1.2269901166993142
2026.0,1.2280639653824101
2027.0,1.2280301733386996
2028.0,1.229028922487581
2029.0,1.2314809152824813
2030.0,1.2317556502648952
2031.0,1.2329376542937274
2032.0,1.2351843460514622
2033.0,1.2364143584225322
2034.0,1.2390366817126333
2035.0,1.2407748242246917
2036.0,1.2410046468759783
2037.0,1.2416363143107407
2038.0,1.2408023981516059
2039.0,1.2425255895752938
2040.0,1.2458028859196486
2041.0,1.2483809185719237
2042.0,1.2529483240428745
2043.0,1.255097060419502
2044.0,1.255692645068082
2045.0,1.256073243120527
2046.0,1.2564107146360872
2047.0,1.2576414182973228
2048.0,1.2585306831004188
2049.0,1.2595327312891815
2050.0,1.2616878854554967
2051.0,1.2631406603289936
2052.0,1.2647715236510757
2053.0,1.2676002990490256
2054.0,1.2693086492690215
2055.0,1.2700312106005422
2056.0,1.2713514128067072
2057.0,1.2733356530018942
2058.0,1.2742507528119802
2059.0,1.274707293694163
2060.0,1.2741152268209643
2061.0,1.2748577106607368
2062.0,1.274673046627168
2063.0,1.2750771394920404
2064.0,1.277235270662517
2065.0,1.2774865299557685
2066.0,1.277784341906911
2067.0,1.2787045232461336
2068.0,1.279584415803569
2069.0,1.280513163671752
2070.0,1.2828398472631244
2071.0,1.283691928500856
2072.0,1.2838930401998663
2073.0,1.2843381893396786
2074.0,1.284457631919665
2075.0,1.283337231631509
2076.0,1.2833057894133222
2077.0,1.2835578967786805
2078.0,1.2839505174866641
2079.0,1.2867101747327674
2080.0,1.290110812476932
2081.0,1.29292630474504
2082.0,1.2944847974631553
2083.0,1.2949485194077217
2084.0,1.2953933504848032
2085.0,1.2945269387717175
2086.0,1.2942454123422409
2087.0,1.295151750320499
2088.0,1.2947515687341657
2089.0,1.2923659140121209
2090.0,1.2923290540036179
2091.0,1.292774861368642
2092.0,1.2923869179284528
2093.0,1.2938396693896597
2094.0,1.2943277017756967
2095.0,1.29468176752792
2096.0,1.2951489102992004
2097.0,1.2970725693852143
2098.0,1.3013187077004338
2099.0,1.303131408929425
2100.0,1.3054765876392322
2101.0,1.3061080896562163
2102.0,1.303588588298028
2103.0,1.3033217471860166
2104.0,1.3030558285250036
2105.0,1.3032508495918045
2106.0,1.3040446032740352
2107.0,1.3060526528984358
2108.0,1.3067955068571087
2109.0,1.3089438674736351
2110.0,1.3138062125821162
2111.0,1.314831362657959
2112.0,1.3155291276666947
2113.0,1.315751399270403
2114.0,1.3150106073682486
2115.0,1.3114134051755948
2116.0,1.3111788117735097
2117.0,1.3119256740452547
2118.0,1.3129536704936404
2119.0,1.3156342744998486
2120.0,1.316873315238742
2121.0,1.3178424500721362
2122.0,1.3190173396235185
2123.0,1.3202120492418898
2124.0,1.3210375877973881
2125.0,1.3223645102083073
2126.0,1.3218101889401712
2127.0,1.321755192314494
2128.0,1.320685309856975
2129.0,1.3204638983946324
2130.0,1.3199290815790305
2131.0,1.3188404557943183
2132.0,1.3187534039562148
2133.0,1.3186450754846646
2134.0,1.3192138519144132
2135.0,1.3192403711667984
2136.0,1.31881118779928
2137.0,1.3186074907783834
2138.0,1.3176316553034875
2139.0,1.3175247730279882
2140.0,1.3195431986962123
2141.0,1.319760476699453
2142.0,1.3192348522829307
2143.0,1.3183969870294165
2144.0,1.3179293852747425
2145.0,1.3166175925617252
2146.0,1.316256377319893
2147.0,1.3177839427260372
2148.0,1.3183916494999866
2149.0,1.3194820885766425
2150.0,1.3227013430487053
2151.0,1.3248338304303964
2152.0,1.3262267719685912
2153.0,1.3280509309915534
2154.0,1.3281916302132823
2155.0,1.3262712694308432
2156.0,1.3249391182998953
2157.0,1.3219338265124323
2158.0,1.3209493624318038
2159.0,1.3211141030729365
2160.0,1.3212485441564064
2161.0,1.3233822970369247
2162.0,1.323537632978269
2163.0,1.3221289398951377
2164.0,1.3212556890709177
2165.0,1.3203900987530837
2166.0,1.3213161421780726
2167.0,1.322578166653175
2168.0,1.3235505546025312
2169.0,1.3228784952261599
2170.0,1.3226803189723952
2171.0,1.3234831120405866
2172.0,1.3244510690460523
2173.0,1.3258198325856403
2174.0,1.328872413984448
2175.0,1.3302008486136323
2176.0,1.3312563029190216
2177.0,1.3321022657310164
2178.0,1.3323700540408998
2179.0,1.3325722196856657
2180.0,1.3325567661811615
2181.0,1.3319267268882327
2182.0,1.3307127159622234
2183.0,1.3291608450649994
2184.0,1.326948136214817
2185.0,1.3247698291385912
2186.0,1.3229256870508808
2187.0,1.3223325514827393
2188.0,1.3211793153218545
2189.0,1.3211242404156849
2190.0,1.3210798693232177
2191.0,1.3193865468818171
2192.0,1.3196069576489933
2193.0,1.3205861438871214
2194.0,1.32004607656736
2195.0,1.3195330016391225
2196.0,1.3191684780768524
2197.0,1.3162795305266002
2198.0,1.316613142205341
2199.0,1.3195540491723483
2200.0,1.3204866333248482
2201.0,1.3232092253865475
2202.0,1.3234248604188354
2203.0,1.3199496935440966
2204.0,1.3196739491298604
2205.0,1.3203202974694412
2206.0,1.3201703356758785
2207.0,1.321640228912263
2208.0,1.3227058776557241
2209.0,1.3209906977974863
2210.0,1.3205327206669335
2211.0,1.3208350752569629
2212.0,1.3205866733699676
2213.0,1.3216016852107344
2214.0,1.3202877543501466
2215.0,1.318562883579944
2216.0,1.3195084523236953
2217.0,1.3202375716418249
2218.0,1.32133663241081
2219.0,1.32386977220023
2220.0,1.3289514118646246
2221.0,1.330429333934436
2222.0,1.3311389342321156
2223.0,1.3311947714602599
2224.0,1.3283277483025726
2225.0,1.3272812736755912
2226.0,1.3265718309857615
2227.0,1.3271921177205634
2228.0,1.3295715167344715
2229.0,1.3299359322587083
2230.0,1.329688788314
2231.0,1.3301623350696106
2232.0,1.329714824750593
2233.0,1.330216702900076
2234.0,1.330586476311799
2235.0,1.3321945821563703
2236.0,1.3310241061589048
2237.0,1.3285505088143352
2238.0,1.3267409787481903
2239.0,1.3260766459500428
2240.0,1.3264088023660376
2241.0,1.3262219637452992
2242.0,1.3253573009068116
2243.0,1.3257147497196773
2244.0,1.3271249399653566
2245.0,1.3257867978781364
2246.0,1.326697389561604
2247.0,1.3291296057551667
2248.0,1.330501770689154
2249.0,1.3336556760725267
2250.0,1.3341121246878618
2251.0,1.3315994156480846
2252.0,1.3313018128476213
2253.0,1.329434363542605
2254.0,1.3295299773872356
2255.0,1.3341942167772887
2256.0,1.3349148461823463
2257.0,1.3328629290399836
2258.0,1.3332400242968931
2259.0,1.3332612438600073
2260.0,1.3325855817093706
2261.0,1.3332251681574778
2262.0,1.333818790897844
2263.0,1.3308134861324894
2264.0,1.3286982846531166
2265.0,1.3280132564080211
2266.0,1.3275490638237912
2267.0,1.32662264310177
2268.0,1.3261486427081197
2269.0,1.3261615392155766
2270.0,1.3272504798873552
2271.0,1.331829066615801
2272.0,1.3364805370101225
2273.0,1.3375283854809588
2274.0,1.3389806214173128
2275.0,1.342447522303282
2276.0,1.342569344377906
2277.0,1.342560214831867
2278.0,1.3443880965596935
2279.0,1.3427358441140151
2280.0,1.3367063166362518
2281.0,1.3344827859814417
2282.0,1.3318436382363827
2283.0,1.3322632164398256
2284.0,1.3363922107084543
2285.0,1.3365419335870243
2286.0,1.3364558193625833
2287.0,1.3358614797471318
2288.0,1.332562335041897
2289.0,1.3310318090134161
2290.0,1.3304555732412673
2291.0,1.3312852102234003
2292.0,1.3320869816600462
2293.0,1.3338080483025454
2294.0,1.3405272778720285
2295.0,1.3418502672603747
2296.0,1.3395015573379205
2297.0,1.339277676173154
2298.0,1.3379737850129467
2299.0,1.3338950058399026
2300.0,1.33185588592092
2301.0,1.3311875705698453
2302.0,1.3268253648903447
2303.0,1.321872226112406
2304.0,1.322347717139088
2305.0,1.3211502481375936
2306.0,1.3213524191740247
2307.0,1.3229669461354983
2308.0,1.3232992451047478
2309.0,1.3263544678176584
2310.0,1.3256159641986125
2311.0,1.3277923160153986
2312.0,1.3303280344567356
2313.0,1.3280995707357928
2314.0,1.3297887797009869
2315.0,1.3304554792376555
2316.0,1.330463594573699
2317.0,1.329595356125789
2318.0,1.3319614341241959
2319.0,1.3370592158024353
2320.0,1.3388365549495533
2321.0,1.3432837725919686
2322.0,1.3424893553098083
2323.0,1.3354390664275462
2324.0,1.331703918842149
2325.0,1.3242596340830022
2326.0,1.3227253232617493
2327.0,1.3248071506301489
2328.0,1.3257829047417453
2329.0,1.3329649029802182
2330.0,1.334142575875591
2331.0,1.3301444387048185
2332.0,1.3296080789521139
2333.0,1.3278301776814918
2334.0,1.3255043127954116
2335.0,1.326650034963779
2336.0,1.3258127504092523
2337.0,1.3199832022788849
2338.0,1.3206364140702063
2339.0,1.3241170803891869
2340.0,1.3245074696929735
2341.0,1.3287910448540385
2342.0,1.3299248377381339
2343.0,1.3255635018932685
2344.0,1.327404418493698
2345.0,1.3338754228552687
2346.0,1.3361513204677613
2347.0,1.3389503224187658
2348.0,1.3400912075799514
2349.0,1.3407484923779998
2350.0,1.3351896487156663
2351.0,1.326832260344345
2352.0,1.324218110907696
2353.0,1.322639510589518
2354.0,1.3198966406109445
2355.0,1.3227489879840915
2356.0,1.3248510953483674
2357.0,1.3233272003668983
2358.0,1.3205281709306198
2359.0,1.3164198677058165
2360.0,1.3139346360879365
2361.0,1.3051577831386894
2362.0,1.3030669867018643
2363.0,1.3051307962037542
2364.0,1.2987675637522282
2365.0,1.2999814080314236
2366.0,1.2969005970134742
2367.0,1.2921522115455035
2368.0,1.298361491841795
2369.0,1.3055357805034415
2370.0,1.3090724278379249
2371.0,1.3052226465022778
2372.0,1.3006664160183228
2373.0,1.2993394104861289
2374.0,1.2980186801106122
2375.0,1.3065124408357192
2376.0,1.3161496043313499
2377.0,1.3092189179574707
2378.0,1.303439281888111
2379.0,1.2960899195378026
2380.0,1.2885873911458914
2381.0,1.2902535997944873
2382.0,1.291555765211111
2383.0,1.301487373066661
2384.0,1.3093452360839428
2385.0,1.3033754290430664
2386.0,1.2953025724538283
2387.0,1.2867319868988059
2388.0,1.2782822469069839
2389.0,1.2776298288569934
2390.0,1.2838437996931908
2391.0,1.291409111102465
2392.0,1.2913951905850656
2393.0,1.29452156204414
2394.0,1.3025704657282877
2395.0,1.2957871177077473
2396.0,1.2899692786450059
2397.0,1.2839885334764698
2398.0,1.276567581512698
2399.0,1.2843209194001775
2400.0,1.2936272564254057
2401.0,1.2903304532465936
2402.0,1.2795265077967544
2403.0,1.2729162851578348
2404.0,1.2646431663766171
2405.0,1.2688448927143667
2406.0,1.2847968921659636
2407.0,1.2821010916479616
2408.0,1.2676933931448258
2409.0,1.2493218212049304
2410.0,1.2357750537498482
2411.0,1.223657191071226
2412.0,1.2177174717469885
2413.0,1.227276608539085
2414.0,1.2292539397618583
2415.0,1.2243510741363461
2416.0,1.2280533100614746
2417.0,1.2162597659377914
2418.0,1.1963755085287793
2419.0,1.1949880048014214
2420.0,1.1974708184368787
2421.0,1.2115967425773717
2422.0,1.2200620479859114
2423.0,1.2150725735933698
2424.0,1.217520868976727
2425.0,1.2250776048373548
2426.0,1.2425829991555062
2427.0,1.2493232497528097
2428.0,1.24003655614882
2429.0,1.2186472501120365
2430.0,1.1960482098983012
2431.0,1.2042686338515365
2432.0,1.2094532569440928
2433.0,1.2121535687670293
2434.0,1.2246479249261695
2435.0,1.2086472597919773
2436.0,1.1972330528097284
2437.0,1.2093698371157904
2438.0,1.2128933466753924
2439.0,1.2182294267263836
2440.0,1.236047092651634
2441.0,1.221885283880401
2442.0,1.1915892391978045
2443.0,1.1686127186737123
2444.0,1.1340683359722699
2445.0,1.124202227533067
2446.0,1.1363654281205335
2447.0,1.1527177734511316
2448.0,1.1827369775194119
2449.0,1.201161012095604
2450.0,1.21356144663334
2451.0,1.2264747765892228
2452.0,1.2139432023729022
2453.0,1.2114001605506357
2454.0,1.2093582119805797
2455.0,1.1750399060801293
2456.0,1.1698156335218897
2457.0,1.182481830577131
2458.0,1.1831717029999522
2459.0,1.191476546490783
2460.0,1.1948198422714986
2461.0,1.1845301985718157
2462.0,1.1516614566280192
2463.0,1.1405102210978622
2464.0,1.1619704007975256
2465.0,1.1672649502783772
2466.0,1.1844032994407472
2467.0,1.1909248919430333
2468.0,1.1741458842685402
2469.0,1.1665266727737522
2470.0,1.140588119947114
2471.0,1.114966884653888
2472.0,1.1093635347824287
2473.0,1.1209107729031225
2474.0,1.1235436511789592
2475.0,1.1352120748179728
2476.0,1.1391547783471425
2477.0,1.1337470127414349
2478.0,1.1279639510765835
2479.0,1.1141983832051512
2480.0,1.1125329296355257
2481.0,1.105696828727472
2482.0,1.1085888603762124
2483.0,1.1465972762197718
2484.0,1.158190056298505
2485.0,1.1517906270723368
2486.0,1.1544679715895414
2487.0,1.1409542596020115
2488.0,1.139805030883117
2489.0,1.1678575305695778
2490.0,1.1601746064256493
2491.0,1.1262300915763916
2492.0,1.1225787206149624
2493.0,1.1134695530610808
2494.0,1.11628594917025
2495.0,1.1449709320003008
2496.0,1.1474949322420265
2497.0,1.1425849638136658
2498.0,1.1335951671572082
2499.0,1.1231850218491402
2500.0,1.1293548022891282
