350.0,-0.13174796418544588
351.0,-0.06617480750587329
352.0,-0.0835744332536801
353.0,-0.042106632056254395
354.0,-0.001704276735829676
355.0,0.02406040403788915
356.0,0.033511286233354975
357.0,0.006813388433699679
358.0,0.018219322778132555
359.0,0.02624770876510426
360.0,-0.011325002057360273
361.0,0.022945089820844998
362.0,0.04212516589135899
363.0,0.03331159112635206
364.0,0.021306773202475926
365.0,-0.006958277777539292
366.0,-0.008956197921576188
367.0,0.007919052907552359
368.0,0.001844217912355622
369.0,0.01426289731103346
370.0,0.0264923476413059
371.0,0.03270375473313272
372.0,0.04637487278434613
373.0,0.03344140365169882
374.0,0.015297775722860821
375.0,0.010351620701198813
376.0,0.01415199428787214
377.0,0.01690730203434666
378.0,0.020743397102524045
379.0,0.026952694004671495
380.0,0.025761619913730997
381.0,0.024415637721584876
382.0,0.022995760002586484
383.0,0.02058830544624974
384.0,0.022634475954151623
385.0,0.028292711558779656
386.0,0.03532542961611768
387.0,0.04011125982225335
388.0,0.03883520113837514
389.0,0.029646436209573836
390.0,0.019525643611116535
391.0,0.021520681099882796
392.0,0.034618758089006656
393.0,0.04358930447200466
394.0,0.04196233360175006
395.0,0.0379550141270161
396.0,0.032815638129052686
397.0,0.028052510178321412
398.0,0.02460435640765562
399.0,0.020833192793125115
400.0,0.02727554285523537
401.0,0.03464381734450231
402.0,0.033025645625856685
403.0,0.039712868249165416
404.0,0.03249599738820476
405.0,0.02259893314766841
406.0,0.03422747693533628
407.0,0.035700668669308176
408.0,0.035406979873783315
409.0,0.03739417179244706
410.0,0.03802253698927818
411.0,0.03281693627716614
412.0,0.029299387763793004
413.0,0.030724757303118883
414.0,0.03018121229886335
415.0,0.0351024536579265
416.0,0.03808269487817205
417.0,0.034498518080064225
418.0,0.03967310519099141
419.0,0.03619605050308002
420.0,0.03149164078258038
421.0,0.03910031204750154
422.0,0.04013801128665676
423.0,0.037424021765492026
424.0,0.034035512028574064
425.0,0.03213491339115919
426.0,0.035941045475754704
427.0,0.038258996050340624
428.0,0.03609423576232001
429.0,0.035058498431810955
430.0,0.035787783449591146
431.0,0.03789556859539988
432.0,0.03987746156357852
433.0,0.03821192128704022
434.0,0.03682876930029198
435.0,0.036987811220096596
436.0,0.03808931238686567
437.0,0.037075621336761594
438.0,0.036540517434966384
439.0,0.03679952025807342
440.0,0.03595821883454726
441.0,0.03700107990412719
442.0,0.03791489432429912
443.0,0.03761939346296409
444.0,0.038114405240716145
445.0,0.03796367983377842
446.0,0.03813334146945556
447.0,0.03928609608806959
448.0,0.03841265092738875
449.0,0.038181033512993026
450.0,0.038361871650472376
451.0,0.03745863156555485
452.0,0.038978072266221436
453.0,0.03898798389185318
454.0,0.037145304469197775
455.0,0.03810279339028869
456.0,0.03826812910323942
457.0,0.037987589606607274
458.0,0.038065197825558394
459.0,0.038290186855498724
460.0,0.039003379418263644
461.0,0.03960635351759542
462.0,0.03933639669097018
463.0,0.038640131091861034
464.0,0.03796399891817551
465.0,0.03813508351389779
466.0,0.03995787935713419
467.0,0.03949963560855312
468.0,0.0386105747624103
469.0,0.03878122050021779
470.0,0.039115045791408544
471.0,0.038731801188658904
472.0,0.03789756719447374
473.0,0.037377487026880686
474.0,0.038230524638486134
475.0,0.038622773176233124
476.0,0.03867630347476255
477.0,0.03957955648345573
478.0,0.03875519184487817
479.0,0.03881477957891532
480.0,0.040168444501061454
481.0,0.03918021903206863
482.0,0.03829157777913272
483.0,0.03849437060184082
484.0,0.03975355328590321
485.0,0.04019919634097359
486.0,0.039698486382723046
487.0,0.039069798949040745
488.0,0.039443626284085695
489.0,0.039862800487966435
490.0,0.039903216533182274
491.0,0.03967950877115589
492.0,0.03988910071715746
493.0,0.03961649483060806
494.0,0.03886911341091461
495.0,0.03829980503558785
496.0,0.03984316988271407
497.0,0.04111838787306782
498.0,0.04112837988170793
499.0,0.040019714258903834
500.0,0.040294565907864156
501.0,0.04074694590233586
502.0,0.040543169036440126
503.0,0.03973038052003289
504.0,0.04047070075867925
505.0,0.04156497020536815
506.0,0.04164769989164068
507.0,0.040940074977898096
508.0,0.040506014802966735
509.0,0.04044570326386748
510.0,0.040425322307033565
511.0,0.04073286132588601
512.0,0.04115849290809476
513.0,0.041583536112479516
514.0,0.04203370635910606
515.0,0.04203294053087765
516.0,0.041863188075752455
517.0,0.04181000990730011
518.0,0.041660654473170626
519.0,0.04159559937584415
520.0,0.041687394688135586
521.0,0.0419220324645839
522.0,0.04206579972221916
523.0,0.0426029578797082
524.0,0.04319341882274042
525.0,0.04247826887698821
526.0,0.0425177599874898
527.0,0.042899369633712464
528.0,0.04295404713759139
529.0,0.04306575908434175
530.0,0.043231751316476295
531.0,0.04337658248950225
532.0,0.04338048667817375
533.0,0.04311925697348971
534.0,0.0428500000072765
535.0,0.04288907142054118
536.0,0.04358547614258467
537.0,0.043947529462616486
538.0,0.04409082586376041
539.0,0.04427998271134111
540.0,0.04415623019528132
541.0,0.04397223606175822
542.0,0.04394075315104946
543.0,0.0441741326374638
544.0,0.04413022532919211
545.0,0.04433468538936965
546.0,0.04483825031892771
547.0,0.04468382972563518
548.0,0.04452495037078892
549.0,0.04464127891725796
550.0,0.04503423683983855
551.0,0.04505403821275187
552.0,0.045078222887449594
553.0,0.04516948324299625
554.0,0.04514844391014793
555.0,0.04555950935875681
556.0,0.045911695846575874
557.0,0.04592144243698328
558.0,0.04608488447474526
559.0,0.046170567565520695
560.0,0.046178906664383436
561.0,0.04618576349852955
562.0,0.04621744200667105
563.0,0.046305883273103705
564.0,0.04642943153167863
565.0,0.04652021237795985
566.0,0.046802031418009885
567.0,0.04713506876772097
568.0,0.04733785122330359
569.0,0.04730608376736887
570.0,0.04735533152431832
571.0,0.04745819881335668
572.0,0.04747681097039016
573.0,0.047913033192105915
574.0,0.04823720508125386
575.0,0.048191356862096656
576.0,0.04802185968782605
577.0,0.04833218090280782
578.0,0.048649435394870454
579.0,0.04851819189730048
580.0,0.048724183254395634
581.0,0.04894970185557924
582.0,0.04906773138249574
583.0,0.04911442085755248
584.0,0.0492216450416339
585.0,0.04960776043998397
586.0,0.05015063999345082
587.0,0.050058779101308404
588.0,0.0501735480647085
589.0,0.05040275512853552
590.0,0.05045921510184848
591.0,0.05078700418448395
592.0,0.0510104539226445
593.0,0.05102880131698798
594.0,0.05105526337260823
595.0,0.05138638413231924
596.0,0.051765332949377636
597.0,0.051969947344575516
598.0,0.052195719149169116
599.0,0.05240493787246998
600.0,0.05251750291412005
601.0,0.052490022704125935
602.0,0.05274155685186463
603.0,0.052985035546279896
604.0,0.0531100667304644
605.0,0.05335025997877221
606.0,0.053620309092814615
607.0,0.053845958365474386
608.0,0.05401970857572458
609.0,0.05438887286345364
610.0,0.05467467957212216
611.0,0.05490693366822409
612.0,0.05530969328726793
613.0,0.0554909451539701
614.0,0.05556196036849774
615.0,0.05566906782186232
616.0,0.05587535421424978
617.0,0.05608562823453106
618.0,0.056271941381094676
619.0,0.05646925704871995
620.0,0.05690496260372102
621.0,0.057354173601067544
622.0,0.05761168873767505
623.0,0.057546700778598615
624.0,0.05766811803298753
625.0,0.05795431733449253
626.0,0.0582831252318726
627.0,0.05863757161738262
628.0,0.05896698755744277
629.0,0.05926205391534112
630.0,0.0595482061566398
631.0,0.05991185171139225
632.0,0.060108001558010875
633.0,0.06012859361240743
634.0,0.06038242075554204
635.0,0.06082566632474839
636.0,0.06107928331105836
637.0,0.060940206677775555
638.0,0.06142760687034524
639.0,0.061865804951909804
640.0,0.06203802150733669
641.0,0.06217844096921131
642.0,0.06260534897767814
643.0,0.06308171974911415
644.0,0.06342587047943768
645.0,0.06387136501308159
646.0,0.06390071201849687
647.0,0.06385931352300427
648.0,0.06430658774939861
649.0,0.06456357305199026
650.0,0.06504506998684118
651.0,0.06573138381252967
652.0,0.06599994283262446
653.0,0.0661411653694166
654.0,0.066306505144775
655.0,0.06657815922469515
656.0,0.06690766963483372
657.0,0.06725430957336877
658.0,0.06762646086334143
659.0,0.06804833592510037
660.0,0.06838092139295339
661.0,0.06868658196482375
662.0,0.06900717466877228
663.0,0.0692915787253571
664.0,0.06969122367748268
665.0,0.07016288916123932
666.0,0.07058492815217536
667.0,0.07077904624711923
668.0,0.07118085543488627
669.0,0.07174096122552089
670.0,0.07197143502134928
671.0,0.07220422029033585
672.0,0.0725993082756752
673.0,0.07315412992309464
674.0,0.07355599830803135
675.0,0.0739321909104584
676.0,0.07431843105709729
677.0,0.07470153243240521
678.0,0.07497010935852837
679.0,0.07525777374458165
680.0,0.07566142262104468
681.0,0.07620355781104178
682.0,0.07675426813859626
683.0,0.07714751727380584
684.0,0.07733730216316768
685.0,0.07765364007276059
686.0,0.0781339412653596
687.0,0.07869032443274597
688.0,0.07916765699474512
689.0,0.07969242673510861
690.0,0.08015579790126619
691.0,0.08052374608140606
692.0,0.08094287484335845
693.0,0.0813916660462713
694.0,0.08181939046970602
695.0,0.08221672383491913
696.0,0.08284344387718995
697.0,0.08334526670710463
698.0,0.08366104480482882
699.0,0.0840178301717159
700.0,0.08451945815276865
701.0,0.08502966695361179
702.0,0.08546359883985845
703.0,0.08599688573414217
704.0,0.0863212021100548
705.0,0.08667393286149923
706.0,0.08740956246011364
707.0,0.08806251106687668
708.0,0.0886086656829951
709.0,0.08902035207424272
710.0,0.08923313301307505
711.0,0.08980107844735821
712.0,0.09045881815856727
713.0,0.09093073097568834
714.0,0.09156312122404589
715.0,0.09197353373659713
716.0,0.09232040518241857
717.0,0.09299812446667197
718.0,0.09363788227029585
719.0,0.09413719293317344
720.0,0.0945663400420144
721.0,0.09520400563941324
722.0,0.09585012914064672
723.0,0.09640606300694612
724.0,0.09684202211947508
725.0,0.09725568461583703
726.0,0.09778989264223191
727.0,0.09840284299826045
728.0,0.09894747651698402
729.0,0.09967308422827413
730.0,0.10045285727937003
731.0,0.10107828717315608
732.0,0.10124983711144979
733.0,0.10172661482637028
734.0,0.10242691922250585
735.0,0.10304701132025379
736.0,0.10371235992555558
737.0,0.10428460623123476
738.0,0.10482716341554216
739.0,0.10554614974939573
740.0,0.10609287481322803
741.0,0.10670932595733196
742.0,0.10749966449908414
743.0,0.10807570048337066
744.0,0.10866074632309144
745.0,0.1093192711656005
746.0,0.11002098319708654
747.0,0.11053501541425906
748.0,0.11114381911192694
749.0,0.1118501293661351
750.0,0.11240160794001558
751.0,0.11318535690038459
752.0,0.11395123649371657
753.0,0.11451881282440496
754.0,0.11513533613881351
755.0,0.11567098642202507
756.0,0.11625431147713708
757.0,0.11703035315259536
758.0,0.11768932330427971
759.0,0.11834356179343739
760.0,0.11901166980358394
761.0,0.11960520984189461
762.0,0.12019060030062795
763.0,0.12080651497294488
764.0,0.12147719778041564
765.0,0.1222222590001822
766.0,0.12290593929319299
767.0,0.12360046410306744
768.0,0.12439558037866215
769.0,0.12501604582806292
770.0,0.12562254139713214
771.0,0.12632133870764772
772.0,0.1271293947244992
773.0,0.12787141660265489
774.0,0.12861093545555682
775.0,0.12939925547491937
776.0,0.1301596107512794
777.0,0.13089215669844342
778.0,0.13157818025492177
779.0,0.13223002118949664
780.0,0.13302833881228035
781.0,0.1337790689783435
782.0,0.13451668490725113
783.0,0.13546386094741367
784.0,0.13626215547126214
785.0,0.13692921719996698
786.0,0.13758834660093888
787.0,0.1384270912991911
788.0,0.13933876341498952
789.0,0.14017296057874248
790.0,0.1408516998964217
791.0,0.14168686897985625
792.0,0.1424204423938965
793.0,0.14307120913431848
794.0,0.14387249045932887
795.0,0.14479266890688947
796.0,0.14566600587125306
797.0,0.14642119001309176
798.0,0.14717736284304214
799.0,0.14800867318234417
800.0,0.14888284391938605
801.0,0.1497363132376989
802.0,0.15052736926278618
803.0,0.15135932615437991
804.0,0.15221032797949305
805.0,0.1530013852076644
806.0,0.15383325809784457
807.0,0.15473385747724033
808.0,0.15568929795868094
809.0,0.15665486469360926
810.0,0.15743089823661038
811.0,0.15821041100977104
812.0,0.15915359495553139
813.0,0.16009199521875114
814.0,0.1609980629967107
815.0,0.16188497959906975
816.0,0.16276467353919596
817.0,0.1635215493653125
818.0,0.16435210899970715
819.0,0.16527133710189607
820.0,0.1661256269053496
821.0,0.1670034591661038
822.0,0.16803967874220865
823.0,0.16913185086913324
824.0,0.1697456834285561
825.0,0.17055347160926124
826.0,0.1715650444688522
827.0,0.17260809322359263
828.0,0.17366544009517013
829.0,0.17461231370887226
830.0,0.17544964109262393
831.0,0.17626947800120973
832.0,0.17714830127731362
833.0,0.178017893032783
834.0,0.17887239110542863
835.0,0.17979568405040172
836.0,0.1809468033896588
837.0,0.18206156849587737
838.0,0.18296252892756903
839.0,0.1838380593301057
840.0,0.1846325705750242
841.0,0.18556051643472762
842.0,0.18674255151563912
843.0,0.18760200820973788
844.0,0.18871473861590723
845.0,0.1899077870643041
846.0,0.1906714872368937
847.0,0.19165816121357232
848.0,0.19276526133793073
849.0,0.1938608102646556
850.0,0.19487394751434883
851.0,0.1957948580672024
852.0,0.1968789254039334
853.0,0.19808083535959498
854.0,0.19864136300940613
855.0,0.1995657564468724
856.0,0.2007233579750049
857.0,0.20174911613403235
858.0,0.20283736043785866
859.0,0.2037922570000581
860.0,0.2048157409906947
861.0,0.2061759811823425
862.0,0.20720890839598918
863.0,0.2081339741581347
864.0,0.20914381650571276
865.0,0.21030631347684928
866.0,0.21135826023931634
867.0,0.21235321116029793
868.0,0.21340191200502934
869.0,0.21460742628628404
870.0,0.21572507210496844
871.0,0.21682374749222263
872.0,0.21797864695412328
873.0,0.2190499889983501
874.0,0.2201585927942718
875.0,0.22133320252913555
876.0,0.22250877035517277
877.0,0.2233592685597357
878.0,0.2244715889615191
879.0,0.22579930421064665
880.0,0.2269139124160411
881.0,0.22779106460205037
882.0,0.22888803388630324
883.0,0.23020001283045222
884.0,0.23124823185362234
885.0,0.232236097685072
886.0,0.23342689108401324
887.0,0.23476532937178704
888.0,0.2357295048135804
889.0,0.23682631471442522
890.0,0.23803093694625443
891.0,0.23922291437162765
892.0,0.24036322272394023
893.0,0.2414821998297458
894.0,0.24252326460846343
895.0,0.24349400627073803
896.0,0.2447129690496493
897.0,0.24604087236467062
898.0,0.2473017783228496
899.0,0.24839946043782288
900.0,0.24968156841154107
901.0,0.25089127597251754
902.0,0.2520678797953755
903.0,0.253400411034095
904.0,0.2543256593953812
905.0,0.255336862926518
906.0,0.25654043945214566
907.0,0.25757064858539785
908.0,0.2586515442100139
909.0,0.2599290699758366
910.0,0.2612793226448857
911.0,0.2622550117565421
912.0,0.2632412718334263
913.0,0.2644943596936506
914.0,0.26597753356817083
915.0,0.26718021964725885
916.0,0.2684027016623234
917.0,0.2695907158449318
918.0,0.27070526621003654
919.0,0.2719962984512573
920.0,0.27326964904633666
921.0,0.274558733949396
922.0,0.2759465333909273
923.0,0.27744567230362466
924.0,0.27855460748764277
925.0,0.2797400026472166
926.0,0.2815419723443437
927.0,0.28274997671406243
928.0,0.28385919286183614
929.0,0.28495706445625524
930.0,0.2859977946620567
931.0,0.2877787035456556
932.0,0.2892644645051822
933.0,0.2903088773853034
934.0,0.29143474608675896
935.0,0.29228560635637735
936.0,0.29358043832020553
937.0,0.295279146783149
938.0,0.29667455707166734
939.0,0.29817286569251156
940.0,0.2994417303497316
941.0,0.30063543297759965
942.0,0.30235336722448397
943.0,0.30355184890562537
944.0,0.3045274812878049
945.0,0.30564305180027845
946.0,0.3070122628715922
947.0,0.3079013121832594
948.0,0.3091849515945134
949.0,0.3110449965584311
950.0,0.31238543074577974
951.0,0.3134438422346837
952.0,0.31474777496482037
953.0,0.3161885856525166
954.0,0.31666811323880545
955.0,0.31798455457223784
956.0,0.3196544147867933
957.0,0.3211663429208082
958.0,0.3228486345044502
959.0,0.3244531968146843
960.0,0.32532190813649503
961.0,0.3258961340301116
962.0,0.32859497405692395
963.0,0.32994190529459266
964.0,0.33062486654875367
965.0,0.3318814297432723
966.0,0.3338695338332613
967.0,0.3353717690781777
968.0,0.33650121412116624
969.0,0.3375923018190577
970.0,0.3386526189325982
971.0,0.3396307439308255
972.0,0.34103526476067714
973.0,0.3429315839763771
974.0,0.34429884033509195
975.0,0.3457130768200842
976.0,0.34674691151302345
977.0,0.347330876236402
978.0,0.34845233602833875
979.0,0.3507794681674302
980.0,0.35304536985161294
981.0,0.35442359766118353
982.0,0.3558548921303598
983.0,0.3567656721670802
984.0,0.3577325346860821
985.0,0.3592532199588173
986.0,0.36118859329548425
987.0,0.36270750786014383
988.0,0.36379524324892853
989.0,0.36462523456718277
990.0,0.3653744953431108
991.0,0.3670260258482271
992.0,0.3688706361115407
993.0,0.370589643949751
994.0,0.37283358124673255
995.0,0.3747979293414527
996.0,0.37612739434229053
997.0,0.3771127249168176
998.0,0.3785409287869583
999.0,0.3792030457336309
1000.0,0.38056709411226397
1001.0,0.39664919732303516
1002.0,0.39823297069626284
1003.0,0.3990760215707607
1004.0,0.39972446859788785
1005.0,0.400897041672773
1006.0,0.4028961687436057
1007.0,0.4026856670837835
1008.0,0.4023912943095509
1009.0,0.404329436808433
1010.0,0.4077123764772949
1011.0,0.41016979541455983
1012.0,0.41217994280948383
1013.0,0.41511938381155167
1014.0,0.41672739513187856
1015.0,0.41574466491038936
1016.0,0.41597839555193594
1017.0,0.4171101382639433
1018.0,0.41680692743228903
1019.0,0.41626025107342046
1020.0,0.4176669949796135
1021.0,0.4198253854196223
1022.0,0.4226345504540096
1023.0,0.42553338223785636
1024.0,0.4267891376976158
1025.0,0.4266804102988365
1026.0,0.42768232547515983
1027.0,0.4296896163764275
1028.0,0.4315399719149379
1029.0,0.43315460215802226
1030.0,0.435596274488524
1031.0,0.4365004319387858
1032.0,0.43683310044819623
1033.0,0.4386729666679214
1034.0,0.4412679800785795
1035.0,0.44457723418018463
1036.0,0.4466887983416322
1037.0,0.44633232882266843
1038.0,0.44598607739128804
1039.0,0.4465611985354398
1040.0,0.44883279113381
1041.0,0.45240390396601365
1042.0,0.45395483467868103
1043.0,0.45559942912268503
1044.0,0.4565557483007406
1045.0,0.45782356507539557
1046.0,0.4581458182582095
1047.0,0.45903662557448954
1048.0,0.4604973980267294
1049.0,0.4617500777366222
1050.0,0.4633083886436696
1051.0,0.4660606420263595
1052.0,0.4690800153076654
1053.0,0.4696320321602264
1054.0,0.4688536285101354
1055.0,0.46980982200112
1056.0,0.47102916091428887
1057.0,0.4722553454033478
1058.0,0.4732303198095681
1059.0,0.47564810629270715
1060.0,0.47686829192036173
1061.0,0.47682223243644645
1062.0,0.4800650364979566
1063.0,0.482756971998693
1064.0,0.4837538764303742
1065.0,0.4869441902385255
1066.0,0.48823625686309385
1067.0,0.48873012536506705
1068.0,0.4909448161078616
1069.0,0.4936205131065071
1070.0,0.49642271550428807
1071.0,0.49795391214478224
1072.0,0.49922083935562217
1073.0,0.5005781267526337
1074.0,0.5011355262362387
1075.0,0.5009712633609223
1076.0,0.5022913000569713
1077.0,0.504024499097815
1078.0,0.5047265813258481
1079.0,0.5063086478132786
1080.0,0.508346714382774
1081.0,0.5098394901096345
1082.0,0.5129347784124373
1083.0,0.5155926779332002
1084.0,0.5171201563119262
1085.0,0.5181826338744717
1086.0,0.5194656356131906
1087.0,0.5199755527699231
1088.0,0.5200713287991409
1089.0,0.5218838488092872
1090.0,0.5243271757149317
1091.0,0.5267705728133304
1092.0,0.5292561951264719
1093.0,0.5306441198211899
1094.0,0.5319755041250339
1095.0,0.5332255828392991
1096.0,0.5341535258098403
1097.0,0.5359781919686236
1098.0,0.5381064464698186
1099.0,0.5401806248436792
1100.0,0.542592637744357
1101.0,0.5443552261065215
1102.0,0.5456659174661457
1103.0,0.5477258632626499
1104.0,0.5497127004506254
1105.0,0.5519980211075318
1106.0,0.5547459062110477
1107.0,0.5565173930347863
1108.0,0.55822213115519
1109.0,0.5601640335734793
1110.0,0.5617196030046634
1111.0,0.5631482170045655
1112.0,0.5645839359266013
1113.0,0.5651005146421609
1114.0,0.5668514156569431
1115.0,0.5697796265630088
1116.0,0.5719109000584994
1117.0,0.5743417415006699
1118.0,0.5759927940009275
1119.0,0.5770892672609003
1120.0,0.5777531073062664
1121.0,0.5783540770737232
1122.0,0.5796649671942272
1123.0,0.5813043890917773
1124.0,0.5836982723927934
1125.0,0.5864147599073737
1126.0,0.5880733382826244
1127.0,0.5894453713691327
1128.0,0.5897785677320856
1129.0,0.5912622071366145
1130.0,0.5932293449864681
1131.0,0.5948334117832924
1132.0,0.5969524165904798
1133.0,0.5985950825365478
1134.0,0.5995898715996774
1135.0,0.6004072692609256
1136.0,0.6021631959989887
1137.0,0.6039317369784131
1138.0,0.6055282903002667
1139.0,0.6070545564358424
1140.0,0.6086140702410455
1141.0,0.6103654512082702
1142.0,0.611831321099081
1143.0,0.6134547343904778
1144.0,0.6148259147985455
1145.0,0.6155975056034367
1146.0,0.6168667048929753
1147.0,0.6180164316957937
1148.0,0.6197426225765037
1149.0,0.6220964352625551
1150.0,0.624123746214783
1151.0,0.6264428902350161
1152.0,0.6286073556059719
1153.0,0.6297917455209389
1154.0,0.6315281313926457
1155.0,0.6331913110166748
1156.0,0.6346299175890139
1157.0,0.63605174230944
1158.0,0.6372057059499788
1159.0,0.6387559656721309
1160.0,0.6404850832836241
1161.0,0.6422092606290114
1162.0,0.6441910167748588
1163.0,0.6461405909228372
1164.0,0.6480307041925636
1165.0,0.649825869593058
1166.0,0.6514696869980605
1167.0,0.6537321372052236
1168.0,0.655585989279123
1169.0,0.657273274244597
1170.0,0.6587851422733699
1171.0,0.6598180194420282
1172.0,0.6609751003392945
1173.0,0.6615546478712919
1174.0,0.6629691379359127
1175.0,0.6647712650495008
1176.0,0.6666488735604867
1177.0,0.669197372158633
1178.0,0.6712515765306789
1179.0,0.673162165298676
1180.0,0.6749587125830965
1181.0,0.6766909666347047
1182.0,0.6780563516308199
1183.0,0.6795353322834837
1184.0,0.6812906984834017
1185.0,0.6826682110451145
1186.0,0.6839612562668007
1187.0,0.6855392344867909
1188.0,0.6871650893188219
1189.0,0.6887157683404471
1190.0,0.6904532362448835
1191.0,0.6921241512907318
1192.0,0.6934533429039416
1193.0,0.695176107710955
1194.0,0.6974164713492617
1195.0,0.6991942666438927
1196.0,0.7009657334987001
1197.0,0.7026729889114719
1198.0,0.7038955934209465
1199.0,0.7054844974210653
1200.0,0.7076663596161237
1201.0,0.7089434363131856
1202.0,0.7110522405985359
1203.0,0.7130363705743377
1204.0,0.7145838953027162
1205.0,0.715997987964128
1206.0,0.7173690877667915
1207.0,0.7181285035027949
1208.0,0.7194845215906681
1209.0,0.7212259721621528
1210.0,0.7226370042269702
1211.0,0.7239756658116971
1212.0,0.7254738491923995
1213.0,0.7269553673782091
1214.0,0.7284534935756645
1215.0,0.7301826385040506
1216.0,0.7315469066189182
1217.0,0.7335207264309049
1218.0,0.7355592370518247
1219.0,0.737757361270511
1220.0,0.7406446167745357
1221.0,0.7428266264690685
1222.0,0.744890639678539
1223.0,0.7464500595664134
1224.0,0.747400058945893
1225.0,0.7488180066728124
1226.0,0.7499472430870715
1227.0,0.7513491128015923
1228.0,0.7531960085762649
1229.0,0.7548660100721652
1230.0,0.7563451303062808
1231.0,0.7580517842180226
1232.0,0.7602773319132802
1233.0,0.7618506104869814
1234.0,0.7632557693908029
1235.0,0.7648472252157754
1236.0,0.7662057065630719
1237.0,0.7671709487806355
1238.0,0.7685171995291417
1239.0,0.7699489495964614
1240.0,0.7714816656622109
1241.0,0.7730538834268886
1242.0,0.7747728485960984
1243.0,0.7767468152174393
1244.0,0.778588775427564
1245.0,0.7806433586745205
1246.0,0.7824064286930548
1247.0,0.7838149363052899
1248.0,0.785469621672595
1249.0,0.7870076220644409
1250.0,0.7887190020823392
1251.0,0.7907757365555288
1252.0,0.792784866158502
1253.0,0.7944329536733069
1254.0,0.7958670682750835
1255.0,0.7974848130512661
1256.0,0.7989657608529853
1257.0,0.8004258124594307
1258.0,0.8019421841571551
1259.0,0.8035282956457084
1260.0,0.805076110834053
1261.0,0.8065150597897138
1262.0,0.8081366956348403
1263.0,0.8095528901917106
1264.0,0.8105776481415843
1265.0,0.8118110579435088
1266.0,0.8131282434345136
1267.0,0.814453968700062
1268.0,0.8158588089571704
1269.0,0.8170392361368499
1270.0,0.8187700666709833
1271.0,0.8208528393632487
1272.0,0.822508346270609
1273.0,0.8243888468507057
1274.0,0.8259697371951684
1275.0,0.8269801506244482
1276.0,0.8285156012530254
1277.0,0.8304059687863404
1278.0,0.8319764147814321
1279.0,0.8336007106063821
1280.0,0.835053009578045
1281.0,0.8361404639690329
1282.0,0.8375207136409383
1283.0,0.8387721239463711
1284.0,0.8403881401952311
1285.0,0.8425388206538129
1286.0,0.8443658964633592
1287.0,0.8460915012972784
1288.0,0.8481409984260816
1289.0,0.8498955000926617
1290.0,0.8513384568409881
1291.0,0.8530261617748028
1292.0,0.8548670388183397
1293.0,0.8565375686384176
1294.0,0.8582343704824495
1295.0,0.8597344902501602
1296.0,0.8608913126201103
1297.0,0.8624649155755052
1298.0,0.8642963563105847
1299.0,0.8657809016504008
1300.0,0.8673094169494624
1301.0,0.8688180593552655
1302.0,0.869763580850464
1303.0,0.8712156159638689
1304.0,0.8733196814074558
1305.0,0.8750170571537925
1306.0,0.8766367226287082
1307.0,0.8782863620624578
1308.0,0.8798433233081614
1309.0,0.8809761294060522
1310.0,0.8827842327403408
1311.0,0.8850231129853864
1312.0,0.8869199322515986
1313.0,0.8892265456559628
1314.0,0.8907944049168246
1315.0,0.8918096834495267
1316.0,0.8929757253586629
1317.0,0.8935986684283308
1318.0,0.8948106704908848
1319.0,0.8962147539675626
1320.0,0.8977859624718889
1321.0,0.8998113029519902
1322.0,0.9016563858364333
1323.0,0.9037123531921737
1324.0,0.9054842554380417
1325.0,0.9070425956389405
1326.0,0.9086079093321113
1327.0,0.910088891400031
1328.0,0.9113989118717538
1329.0,0.9127467339265832
1330.0,0.9140139577043709
1331.0,0.9154786493729424
1332.0,0.9169783291929889
1333.0,0.9184679792186328
1334.0,0.9200780779864314
1335.0,0.921688212681558
1336.0,0.9233178387638193
1337.0,0.9248309380917924
1338.0,0.9263079104594628
1339.0,0.927881735807379
1340.0,0.929375231401998
1341.0,0.9308948780935842
1342.0,0.9327079821737685
1343.0,0.9342290700069288
1344.0,0.9353323283847926
1345.0,0.9367394605643521
1346.0,0.9381190328045985
1347.0,0.9397040603276349
1348.0,0.9412379159349462
1349.0,0.9429631321741575
1350.0,0.9446465949693931
1351.0,0.9464111647521726
1352.0,0.947817255089803
1353.0,0.9490449758605447
1354.0,0.9505431533723889
1355.0,0.95179782232745
1356.0,0.9532997899800788
1357.0,0.9554659477156393
1358.0,0.9569118967585936
1359.0,0.9576901816311938
1360.0,0.959076069085001
1361.0,0.9605195179623215
1362.0,0.9619480280732943
1363.0,0.963782046448234
1364.0,0.96538119891302
1365.0,0.9668253212192439
1366.0,0.9681294763770966
1367.0,0.9690420924669413
1368.0,0.9705861471135253
1369.0,0.9717777989990777
1370.0,0.9726909609367607
1371.0,0.9739854204285845
1372.0,0.9754479331994125
1373.0,0.9768812879246802
1374.0,0.9786058868956978
1375.0,0.9798642563582458
1376.0,0.9808068970198082
1377.0,0.9820816509863016
1378.0,0.9832560827440404
1379.0,0.984522948249448
1380.0,0.9861357233259193
1381.0,0.9875460972530026
1382.0,0.988897150491171
1383.0,0.9900601012189683
1384.0,0.9910653812776458
1385.0,0.9921435896642448
1386.0,0.9931678182415656
1387.0,0.9940164932569011
1388.0,0.9948520952919995
1389.0,0.9956812651759904
1390.0,0.9961855590246487
1391.0,0.9968379449917603
1392.0,0.9977624680429327
1393.0,0.9989830714177453
1394.0,0.9998270456751185
1395.0,1.0006457256514067
1396.0,1.001642145405525
1397.0,1.0024368988817292
1398.0,1.0035604707737986
1399.0,1.0050953208597337
1400.0,1.006355019672535
1401.0,1.007747225205923
1402.0,1.0087648094647876
1403.0,1.009552230288275
1404.0,1.0103195777479113
1405.0,1.010964642500446
1406.0,1.011395159289439
1407.0,1.0113529523915048
1408.0,1.0119238566255127
1409.0,1.0124583544445196
1410.0,1.0132459856740619
1411.0,1.014817907334149
1412.0,1.0160521374230467
1413.0,1.0172009494491325
1414.0,1.0181746800318978
1415.0,1.0193337401601013
1416.0,1.0205076666521258
1417.0,1.0219492189592447
1418.0,1.0237724696213881
1419.0,1.0250858749398652
1420.0,1.0264366622436667
1421.0,1.0274786102947002
1422.0,1.0282228980371146
1423.0,1.0287601714831873
1424.0,1.0288637907486498
1425.0,1.029527715368456
1426.0,1.0300019769314241
1427.0,1.0308995323729353
1428.0,1.0324164059125323
1429.0,1.0337608192486574
1430.0,1.035094499979002
1431.0,1.0365707810747444
1432.0,1.0382586984277427
1433.0,1.0398244185337842
1434.0,1.041524318369948
1435.0,1.0429993325254174
1436.0,1.0444701298611634
1437.0,1.0456800794797554
1438.0,1.0464031421044635
1439.0,1.0473817187140144
1440.0,1.0485338825160457
1441.0,1.0499507696997439
1442.0,1.0517383113527004
1443.0,1.0531088608679304
1444.0,1.0541048714485466
1445.0,1.0544795581596833
1446.0,1.0554556020256263
1447.0,1.0562939538713367
1448.0,1.0574823380767324
1449.0,1.0590872110311607
1450.0,1.0606536411691274
1451.0,1.0624534631967475
1452.0,1.0638893431112075
1453.0,1.0655461434395739
1454.0,1.0665943181609927
1455.0,1.0668317895419615
1456.0,1.0676505064611852
1457.0,1.068300445485929
1458.0,1.0693144354454054
1459.0,1.0707298770618148
1460.0,1.0721569793173462
1461.0,1.0739436716441466
1462.0,1.075396091960528
1463.0,1.0769196725353984
1464.0,1.0781781466431117
1465.0,1.079052763835114
1466.0,1.079942310296205
1467.0,1.0806171016788053
1468.0,1.0813868156366917
1469.0,1.0822120555611168
1470.0,1.0836608776365184
1471.0,1.0850456501771795
1472.0,1.0867453289341136
1473.0,1.0883601966250862
1474.0,1.0900318360265342
1475.0,1.0915987214860223
1476.0,1.093315528198168
1477.0,1.094785238677445
1478.0,1.0960211842592795
1479.0,1.0974308555511354
1480.0,1.0988428307575557
1481.0,1.1001860076009327
1482.0,1.1015101101932663
1483.0,1.1029163932679966
1484.0,1.1043418195968089
1485.0,1.1056354264475352
1486.0,1.106893629900416
1487.0,1.1082702900505845
1488.0,1.1095446971722742
1489.0,1.110943076954744
1490.0,1.1127392246837715
1491.0,1.1141491791991995
1492.0,1.115312584782644
1493.0,1.116494066889537
1494.0,1.1173340937573613
1495.0,1.1185002131500068
1496.0,1.1198449236559798
1497.0,1.1212179476245918
1498.0,1.1228335700090761
1499.0,1.1243703232562854
1500.0,1.125857571931907
1501.0,1.1274215108004568
1502.0,1.128922618246967
1503.0,1.1302032500685144
1504.0,1.1317359247388403
1505.0,1.1332772118602596
1506.0,1.1348462613837798
1507.0,1.1367218623808952
1508.0,1.1380729667160738
1509.0,1.1392049627090224
1510.0,1.1402710033876953
1511.0,1.1409350372835685
1512.0,1.1419707240322745
1513.0,1.1431515056186154
1514.0,1.144172133059638
1515.0,1.1452940677443655
1516.0,1.1462961302872448
1517.0,1.1468088650437591
1518.0,1.1481081569237968
1519.0,1.149864282739305
1520.0,1.151433321798048
1521.0,1.1534531809438995
1522.0,1.1552118602305745
1523.0,1.156789101622569
1524.0,1.1582884994492453
1525.0,1.1598872687157402
1526.0,1.161185861616028
1527.0,1.1621123685561856
1528.0,1.163155747608295
1529.0,1.1640772943023827
1530.0,1.165098731174002
1531.0,1.1661441334558242
1532.0,1.1672123188479262
1533.0,1.1683781358256045
1534.0,1.169446703745864
1535.0,1.1703215750584128
1536.0,1.1714530490136597
1537.0,1.1726741917415835
1538.0,1.1740031392200885
1539.0,1.1750923585874895
1540.0,1.1765683045589244
1541.0,1.1780170458104016
1542.0,1.1794197233652544
1543.0,1.1807817080583933
1544.0,1.1824413377408372
1545.0,1.1836211529626552
1546.0,1.1843515202699668
1547.0,1.1854954947280736
1548.0,1.1867217139027741
1549.0,1.187806577508341
1550.0,1.1889854561953068
1551.0,1.1901005225766514
1552.0,1.1910236089397253
1553.0,1.1920679829726761
1554.0,1.1932284248194334
1555.0,1.1943146862384808
1556.0,1.195484124502561
1557.0,1.196348943505878
1558.0,1.1969696733348372
1559.0,1.197840859265673
1560.0,1.19847223529583
1561.0,1.1994502586343765
1562.0,1.200805656212849
1563.0,1.2020607361550164
1564.0,1.203419522821469
1565.0,1.2046908378634138
1566.0,1.2059647904860664
1567.0,1.207266059769476
1568.0,1.2085604704063424
1569.0,1.2097929578509155
1570.0,1.2110098574604677
1571.0,1.2122667342520617
1572.0,1.2134361478004307
1573.0,1.2146919306826431
1574.0,1.216206739933414
1575.0,1.2174302123575496
1576.0,1.2186356944841419
1577.0,1.2195989852602809
1578.0,1.2199513041391963
1579.0,1.2208230521747108
1580.0,1.2217091085420237
1581.0,1.2228427617520568
1582.0,1.2246961050506973
1583.0,1.2261162011484636
1584.0,1.2272207146615952
1585.0,1.2285804791063415
1586.0,1.2300318826854646
1587.0,1.231298535259483
1588.0,1.23272006383886
1589.0,1.2340213549610262
1590.0,1.2351776302325073
1591.0,1.236034226171663
1592.0,1.236979964581203
1593.0,1.2379499347486904
1594.0,1.238830336062045
1595.0,1.239511968821753
1596.0,1.2404647216915687
1597.0,1.2415998933374506
1598.0,1.2424453764865138
1599.0,1.2432432231057393
1600.0,1.2441050126849926
1601.0,1.2448066691627844
1602.0,1.2456212240621283
1603.0,1.2466264215531089
1604.0,1.2474588016963055
1605.0,1.2480343488281032
1606.0,1.2490335760568576
1607.0,1.2503707977666045
1608.0,1.2512621862396367
1609.0,1.2522464607588661
1610.0,1.2529421394110383
1611.0,1.2530689713112249
1612.0,1.2536953856542414
1613.0,1.2544337342607879
1614.0,1.255287451916279
1615.0,1.2564071498947835
1616.0,1.257325368773559
1617.0,1.2581897517050922
1618.0,1.2591894910984291
1619.0,1.260140173236621
1620.0,1.2612254346187857
1621.0,1.2626580609550355
1622.0,1.263669688690209
1623.0,1.26456321039909
1624.0,1.26534309880043
1625.0,1.265753492838778
1626.0,1.2664420476390144
1627.0,1.2670466618346141
1628.0,1.2679715742988253
1629.0,1.2693164341627992
1630.0,1.2703168662960964
1631.0,1.2714281385356112
1632.0,1.2723186539903906
1633.0,1.2728679782030328
1634.0,1.273511969328071
1635.0,1.2740825697026352
1636.0,1.274788222501699
1637.0,1.2757535921148442
1638.0,1.2762293240710407
1639.0,1.2764347153690374
1640.0,1.2768217328619882
1641.0,1.276586385261368
1642.0,1.2771744038109816
1643.0,1.2786376018477694
1644.0,1.27959049574302
1645.0,1.2807384652657303
1646.0,1.28163596024779
1647.0,1.2821447060717566
1648.0,1.2827567511291487
1649.0,1.2832719696015398
1650.0,1.283990373759297
1651.0,1.2849580345404745
1652.0,1.2855703529610605
1653.0,1.2861841507936893
1654.0,1.2866835514845858
1655.0,1.286867213813468
1656.0,1.287007824726516
1657.0,1.28689129806636
1658.0,1.287160573945069
1659.0,1.2874427850474783
1660.0,1.287945989191812
1661.0,1.2890870501057141
1662.0,1.2898238528236097
1663.0,1.2902546048264203
1664.0,1.290862167397612
1665.0,1.2916761631101283
1666.0,1.2920639635386084
1667.0,1.2921110019682231
1668.0,1.292532793936053
1669.0,1.2928815573412678
1670.0,1.2932055487030876
1671.0,1.2937973158064464
1672.0,1.2944052266073693
1673.0,1.2946735479801732
1674.0,1.295276580512743
1675.0,1.2963636824581646
1676.0,1.297256260742853
1677.0,1.2981897218460343
1678.0,1.2990922351970464
1679.0,1.2997829075253824
1680.0,1.3007484661315616
1681.0,1.3019939353931624
1682.0,1.3029460593765292
1683.0,1.3038906768100327
1684.0,1.3049023697365096
1685.0,1.3056666201993696
1686.0,1.3065902456685885
1687.0,1.3076654418727511
1688.0,1.3088191654741212
1689.0,1.310024280994478
1690.0,1.3113110391060554
1691.0,1.3128837468633148
1692.0,1.3142203838750632
1693.0,1.3154182127452023
1694.0,1.3166185921349656
1695.0,1.3179090232159254
1696.0,1.3189245095029634
1697.0,1.3197390501555513
1698.0,1.320571103431419
1699.0,1.3207141124948574
1700.0,1.3217197313403035
1701.0,1.3236734520765496
1702.0,1.324846593759892
1703.0,1.3260032298385405
1704.0,1.3272397903129434
1705.0,1.327788888247996
1706.0,1.3289761901881665
1707.0,1.3311851655289193
1708.0,1.3324641055862128
1709.0,1.3334313599272685
1710.0,1.3342061746193257
1711.0,1.3343145238301217
1712.0,1.3347950323239657
1713.0,1.3353518237155904
1714.0,1.33581372397099
1715.0,1.3361016214941153
1716.0,1.3367597439091916
1717.0,1.3379793536926103
1718.0,1.3384748705135514
1719.0,1.3385960942425317
1720.0,1.33912107252903
1721.0,1.33929415721079
1722.0,1.339652112681398
1723.0,1.3407873001971917
1724.0,1.3413653913519687
1725.0,1.341216975348808
1726.0,1.3416886815145335
1727.0,1.3425868623720651
1728.0,1.3429875642927647
1729.0,1.3433129954514398
1730.0,1.343722877113428
1731.0,1.3437515297015605
1732.0,1.3440678215263082
1733.0,1.3448073916783774
1734.0,1.345300013968306
1735.0,1.3453741415984635
1736.0,1.346295377643145
1737.0,1.3480417344920166
1738.0,1.3486289562537126
1739.0,1.349148425545063
1740.0,1.3496630738202893
1741.0,1.348991627342214
1742.0,1.3495287187431375
1743.0,1.3511661811185958
1744.0,1.3519275860888273
1745.0,1.352621453080304
1746.0,1.3531884648582295
1747.0,1.3532295276877655
1748.0,1.3538887707892777
1749.0,1.3546087667839055
1750.0,1.3559827613245494
1751.0,1.3584121027950071
1752.0,1.3594495691413762
1753.0,1.3602377818137206
1754.0,1.360353518348399
1755.0,1.360602107212208
1756.0,1.3617731331761425
1757.0,1.3627857823620928
1758.0,1.3637275183405928
1759.0,1.3636676814527735
1760.0,1.363630852776819
1761.0,1.3642058346351884
1762.0,1.3642680898041184
1763.0,1.3651895265295806
1764.0,1.3663164861816781
1765.0,1.3668776150498374
1766.0,1.3677582788707627
1767.0,1.368522577897005
1768.0,1.3690699322135464
1769.0,1.3691727559498315
1770.0,1.3693250030897999
1771.0,1.370038147219413
1772.0,1.3709275370266922
1773.0,1.3721356408349448
1774.0,1.3732683729823862
1775.0,1.3744714569729686
1776.0,1.3752246766829082
1777.0,1.3756195086351106
1778.0,1.3762717778485778
1779.0,1.3761750075602663
1780.0,1.3761634622765764
1781.0,1.3767400114103996
1782.0,1.377754298828318
1783.0,1.3788543460637586
1784.0,1.379287141680924
1785.0,1.3796394596175237
1786.0,1.379837862979322
1787.0,1.3802224354560164
1788.0,1.3812627249903318
1789.0,1.3820181619614789
1790.0,1.381861358921626
1791.0,1.3825037581802635
1792.0,1.383637928746924
1793.0,1.3844830560009156
1794.0,1.385862256245589
1795.0,1.386437725966247
1796.0,1.3860423999973397
1797.0,1.3860769925351226
1798.0,1.3857983635132145
1799.0,1.3862814357132853
1800.0,1.387499301939813
1801.0,1.3774323147095449
1802.0,1.3787187024994343
1803.0,1.378733919151117
1804.0,1.378525133870361
1805.0,1.374821303869263
1806.0,1.3754953507358683
1807.0,1.3786471214042473
1808.0,1.3807287979852625
1809.0,1.3849804574505478
1810.0,1.3870470064800677
1811.0,1.3885695841254995
1812.0,1.388141933678018
1813.0,1.3883482752524596
1814.0,1.3885967660906775
1815.0,1.3885480784080142
1816.0,1.3881882505594996
1817.0,1.388275272563534
1818.0,1.3880651064542504
1819.0,1.3882738787102988
1820.0,1.389297222968048
1821.0,1.390325325633934
1822.0,1.3918769627811245
1823.0,1.3919863591845478
1824.0,1.393700396147339
1825.0,1.3937813339778664
1826.0,1.3947130988243768
1827.0,1.3963087888736039
1828.0,1.3973626108130885
1829.0,1.3981896768246624
1830.0,1.3988710886069053
1831.0,1.399294101734446
1832.0,1.3991051696134866
1833.0,1.3991804696764398
1834.0,1.4009447446047476
1835.0,1.4025343283971032
1836.0,1.4051944915803691
1837.0,1.4062799112482698
1838.0,1.4070696831741982
1839.0,1.4074947347652123
1840.0,1.4063878529379885
1841.0,1.4068881730901075
1842.0,1.4075385984333642
1843.0,1.408291607948181
1844.0,1.4100765679322655
1845.0,1.4116303950166254
1846.0,1.4126803016060978
1847.0,1.4139947995386155
1848.0,1.4143565181943953
1849.0,1.4133730422176436
1850.0,1.4129409921245744
1851.0,1.4120689721674398
1852.0,1.411773316282913
1853.0,1.4116539529842753
1854.0,1.4127799164766595
1855.0,1.412729464482215
1856.0,1.4112139591578252
1857.0,1.411032486379341
1858.0,1.4114343705675505
1859.0,1.4109055567008433
1860.0,1.410361653662536
1861.0,1.4105680279214006
1862.0,1.408055992312803
1863.0,1.405895351334287
1864.0,1.4056689739349595
1865.0,1.4052369093809036
1866.0,1.4064733587559137
1867.0,1.4065064543685002
1868.0,1.4063890619189159
1869.0,1.406200968038626
1870.0,1.405298203828685
1871.0,1.403370593776999
1872.0,1.402660867969043
1873.0,1.4019240572111704
1874.0,1.3995222957997155
1875.0,1.3982187034856983
1876.0,1.3963665363680957
1877.0,1.3926673598976047
1878.0,1.3901402149708668
1879.0,1.3879082389239883
1880.0,1.3867608580402353
1881.0,1.3836797669958492
1882.0,1.3805448063789076
1883.0,1.3762672361605208
1884.0,1.3707377491345802
1885.0,1.3647875104036915
1886.0,1.3586249164972184
1887.0,1.3523286867291753
1888.0,1.34532003788696
1889.0,1.3385736416892204
1890.0,1.331675500078808
1891.0,1.325054768070077
1892.0,1.3177004182919334
1893.0,1.3095382156117816
1894.0,1.3011631145227815
1895.0,1.292763574226789
1896.0,1.2843177807654573
1897.0,1.2761287715027352
1898.0,1.2673082556497002
1899.0,1.2586287671613932
1900.0,1.2501254541021498
1901.0,1.2420661723347395
1902.0,1.234479475893634
1903.0,1.2275433332534997
1904.0,1.2200832073318562
1905.0,1.213386819755739
1906.0,1.2074452326481258
1907.0,1.201962147850861
1908.0,1.1968908622705494
1909.0,1.1920399262354135
1910.0,1.1885859943342252
1911.0,1.1862711518235294
1912.0,1.1836152432039055
1913.0,1.1809398590075368
1914.0,1.1787806729068016
1915.0,1.1764126264239416
1916.0,1.1732285639424935
1917.0,1.1718727359905634
1918.0,1.17129833773946
1919.0,1.1692988300029517
1920.0,1.168019223973899
1921.0,1.1666956478734396
1922.0,1.1649938898111825
1923.0,1.1641229969518858
1924.0,1.1641811073472843
1925.0,1.1648475742949889
1926.0,1.1660246494994078
1927.0,1.167995999856038
1928.0,1.1702849839326088
1929.0,1.1709298062498819
1930.0,1.171474658330452
1931.0,1.1722113326735182
1932.0,1.1717331894351966
1933.0,1.172948413221214
1934.0,1.1747243441184676
1935.0,1.1757816631864833
1936.0,1.1782663364871075
1937.0,1.1800049823825765
1938.0,1.18155630211312
1939.0,1.1824553278710541
1940.0,1.1840091888050883
1941.0,1.1849630339628625
1942.0,1.1865185994071594
1943.0,1.188079304130586
1944.0,1.1895135969555894
1945.0,1.1911304269012917
1946.0,1.1929591811716993
1947.0,1.1954540331452155
1948.0,1.1975302751692813
1949.0,1.199443729474514
1950.0,1.201644635661841
1951.0,1.2034875108609753
1952.0,1.2054053546978591
1953.0,1.2081628020100532
1954.0,1.2101239832702513
1955.0,1.2129241540455884
1956.0,1.2154212668422437
1957.0,1.2168204597560874
1958.0,1.2194339637401708
1959.0,1.2211191233360987
1960.0,1.221779549727432
1961.0,1.2230849225018812
1962.0,1.224771794372913
1963.0,1.2253590188688557
1964.0,1.226268654983399
1965.0,1.2271970535593804
1966.0,1.2278208443409802
1967.0,1.22892980278716
1968.0,1.2301359120682893
1969.0,1.2316553300650617
1970.0,1.2331210663297387
1971.0,1.233681347367612
1972.0,1.2348403514842659
1973.0,1.2361032886590257
1974.0,1.2378814615932296
1975.0,1.2395431427328663
1976.0,1.2429762404481275
1977.0,1.2461132134090809
1978.0,1.247387763244621
1979.0,1.2503601421955242
1980.0,1.2511718543518249
1981.0,1.2519643695972333
1982.0,1.2549790455895184
1983.0,1.2561410506509305
1984.0,1.2579718995013744
1985.0,1.260122647093342
1986.0,1.2624980139715385
1987.0,1.2646277699643502
1988.0,1.2670800251508176
1989.0,1.2694954273682024
1990.0,1.2716163862865608
1991.0,1.2736637551838081
1992.0,1.2761300132977198
1993.0,1.2786489338401774
1994.0,1.2807579246135634
1995.0,1.282967160391456
1996.0,1.285048022007685
1997.0,1.286792416673475
1998.0,1.2883409376252346
1999.0,1.2894716038611602
2000.0,1.2914734521123168
2001.0,1.2933087615446655
2002.0,1.2964906345847362
2003.0,1.299105500768506
2004.0,1.3004196963452452
2005.0,1.3017715662555618
2006.0,1.302238157057471
2007.0,1.3040501435885734
2008.0,1.3066280940385933
2009.0,1.3082414083297513
2010.0,1.30959939548167
2011.0,1.311185074780333
2012.0,1.3120385994788362
2013.0,1.3134571228166856
2014.0,1.3156309296184157
2015.0,1.31701574086377
2016.0,1.31852881946639
2017.0,1.3204130192588959
2018.0,1.322061988697599
2019.0,1.323725956529487
2020.0,1.325115030671335
2021.0,1.327543382961421
2022.0,1.330388318982046
2023.0,1.3329980934991148
2024.0,1.3350760988673225
2025.0,1.3370699272683642
2026.0,1.3384316811031387
2027.0,1.33881123572382
2028.0,1.3393893498696972
2029.0,1.3396643351471376
2030.0,1.3403343811872543
2031.0,1.340124706956256
2032.0,1.340939888975814
2033.0,1.3423593272394514
2034.0,1.3432653341295109
2035.0,1.3466231503019663
2036.0,1.3500142151529826
2037.0,1.3521689280102243
2038.0,1.3547470206913252
2039.0,1.3561185339522124
2040.0,1.355427661264175
2041.0,1.3558824512026104
2042.0,1.3564867895527142
2043.0,1.3569897057926938
2044.0,1.3577093623441008
2045.0,1.357895608595743
2046.0,1.358372249640757
2047.0,1.358305974030068
2048.0,1.3571731620834404
2049.0,1.35651295524441
2050.0,1.3572203591324585
2051.0,1.3580666915251125
2052.0,1.3598468323882174
2053.0,1.3638686877955744
2054.0,1.366554882860776
2055.0,1.3694078042628317
2056.0,1.371512750591077
2057.0,1.3733180068844935
2058.0,1.374515235974411
2059.0,1.375144683782022
2060.0,1.3752368351126558
2061.0,1.3742197985492817
2062.0,1.3731789170930864
2063.0,1.3727804091687779
2064.0,1.374210132100769
2065.0,1.3760008321578263
2066.0,1.3789410938993498
2067.0,1.3811403869912808
2068.0,1.3829565352728943
2069.0,1.3840515885766638
2070.0,1.3858319108355366
2071.0,1.3857782797322415
2072.0,1.3834508339656497
2073.0,1.3829506759308956
2074.0,1.3818754323125355
2075.0,1.3810915044027137
2076.0,1.3839053978302305
2077.0,1.3864141164529578
2078.0,1.3868061308582007
2079.0,1.3873698010706044
2080.0,1.3870340127657423
2081.0,1.387254678716329
2082.0,1.3876332763849781
2083.0,1.389015225477217
2084.0,1.3900147432971137
2085.0,1.390558917613533
2086.0,1.391118581486008
2087.0,1.3928237536382697
2088.0,1.3936007297192916
2089.0,1.3935477913614
2090.0,1.3934539151511403
2091.0,1.3926282637229526
2092.0,1.392826799411584
2093.0,1.3948793846528629
2094.0,1.3958093992128948
2095.0,1.3975140551502396
2096.0,1.3979314849666542
2097.0,1.3973561222207949
2098.0,1.3941161094823082
2099.0,1.3936847132592858
2100.0,1.3936987033151715
2101.0,1.3941813156017955
2102.0,1.3972887635144309
2103.0,1.3979258394811356
2104.0,1.3965733127758198
2105.0,1.3965656357636755
2106.0,1.3965737336651185
2107.0,1.395544403521771
2108.0,1.3964632696350594
2109.0,1.3986985632118785
2110.0,1.4006088492662083
2111.0,1.4025390991611475
2112.0,1.4029012761579212
2113.0,1.4030949102429486
2114.0,1.4028683195295362
2115.0,1.4006575038346247
2116.0,1.4010465695439192
2117.0,1.4026625441207443
2118.0,1.4032136873692562
2119.0,1.4050931328296627
2120.0,1.4052692616586577
2121.0,1.4034235296571622
2122.0,1.4035822349914326
2123.0,1.4040462542532968
2124.0,1.4045075222780012
2125.0,1.4059305864052714
2126.0,1.4071036686641287
2127.0,1.4074079603150322
2128.0,1.4077605872217183
2129.0,1.4078902348014548
2130.0,1.4072549912183483
2131.0,1.4058529594434628
2132.0,1.4046845827016696
2133.0,1.4043942304163877
2134.0,1.404547705912742
2135.0,1.4047511946795799
2136.0,1.4060427651345868
2137.0,1.40634313722087
2138.0,1.4056962460930869
2139.0,1.4058539403031018
2140.0,1.4064145523111375
2141.0,1.4066025578899846
2142.0,1.4072830441561954
2143.0,1.4076927482969102
2144.0,1.4050644224887365
2145.0,1.4038033003918577
2146.0,1.4033395528522967
2147.0,1.4013441510489568
2148.0,1.4011128447073806
2149.0,1.4010898367705735
2150.0,1.4006155211108846
2151.0,1.4011416293542733
2152.0,1.4012784571555705
2153.0,1.4019512555887328
2154.0,1.4017038984359527
2155.0,1.401055189959375
2156.0,1.400179774262517
2157.0,1.3984533016128695
2158.0,1.39807913445844
2159.0,1.3979492104548794
2160.0,1.3980199307296208
2161.0,1.3997315308213225
2162.0,1.3999869771547047
2163.0,1.399722112229176
2164.0,1.3983792691919796
2165.0,1.3977515596939323
2166.0,1.3974070041700506
2167.0,1.3995704689195023
2168.0,1.4017430119596124
2169.0,1.4012657181234962
2170.0,1.4019604594680861
2171.0,1.401509079178081
2172.0,1.3985436008669736
2173.0,1.3976703842867684
2174.0,1.3978528815213254
2175.0,1.3978649391925737
2176.0,1.3981315323437609
2177.0,1.398713420276004
2178.0,1.3999268185748568
2179.0,1.4000620224966218
2180.0,1.3994591224941622
2181.0,1.3999315207642937
2182.0,1.4010987739319019
2183.0,1.4017663130608145
2184.0,1.4034482621956776
2185.0,1.4035380261389885
2186.0,1.4026641318642856
2187.0,1.4002501625802393
2188.0,1.396949920946872
2189.0,1.396098006942347
2190.0,1.3953417630902076
2191.0,1.3939912407971882
2192.0,1.3963155470614355
2193.0,1.3967935004860734
2194.0,1.3958726360454257
2195.0,1.3942309648181053
2196.0,1.3934873508038084
2197.0,1.3906091725476417
2198.0,1.390446713975542
2199.0,1.3927486954127095
2200.0,1.393718998198924
2201.0,1.3941659835915072
2202.0,1.395366086213063
2203.0,1.3979653598318111
2204.0,1.3991599667891483
2205.0,1.400901256408242
2206.0,1.4008853931822123
2207.0,1.3981710466111952
2208.0,1.3975558957485823
2209.0,1.3963059370825155
2210.0,1.3937540230152
2211.0,1.3946049586342384
2212.0,1.3949735532851404
2213.0,1.3936866093560247
2214.0,1.3949249235067536
2215.0,1.3950227648947364
2216.0,1.393896397477474
2217.0,1.3932406440570586
2218.0,1.3925265790788384
2219.0,1.3928370303051643
2220.0,1.3933114750312698
2221.0,1.3938637386980854
2222.0,1.396847166916935
2223.0,1.3965459703068699
2224.0,1.3931981068170338
2225.0,1.391889796095833
2226.0,1.3894413609970082
2227.0,1.3886553542589268
2228.0,1.391469805012104
2229.0,1.3912564666385285
2230.0,1.388846821514521
2231.0,1.3882660758471914
2232.0,1.3871020210509486
2233.0,1.3869115954643976
2234.0,1.3875212564074364
2235.0,1.3859499577088639
2236.0,1.3819652417416335
2237.0,1.3798998976340404
2238.0,1.3803665673166805
2239.0,1.381541525241087
2240.0,1.3850719329061174
2241.0,1.3871724373718226
2242.0,1.3879834614905886
2243.0,1.3880856386362335
2244.0,1.3873162860950152
2245.0,1.386232272951828
2246.0,1.3849385464932746
2247.0,1.3830822743885112
2248.0,1.381496413218556
2249.0,1.3789962381867091
2250.0,1.3782371319064075
2251.0,1.3799946372976317
2252.0,1.378940375424531
2253.0,1.377886553328006
2254.0,1.3753408505909355
2255.0,1.3687668887194162
2256.0,1.3650862404381474
2257.0,1.3611782380596693
2258.0,1.3599293023392705
2259.0,1.3618202491437017
2260.0,1.3625525150801219
2261.0,1.364297705793787
2262.0,1.3668549946866664
2263.0,1.3670851930849477
2264.0,1.3659500980247823
2265.0,1.3649896673687782
2266.0,1.3652338993690432
2267.0,1.36410434929467
2268.0,1.3638667826073056
2269.0,1.3641635977137876
2270.0,1.3609258883687352
2271.0,1.3620035291943644
2272.0,1.3638542191236618
2273.0,1.3643956512599373
2274.0,1.3667261992254824
2275.0,1.366653124350005
2276.0,1.3651619786067963
2277.0,1.362928832725837
2278.0,1.3604734972462158
2279.0,1.355973940010055
2280.0,1.3468731694307055
2281.0,1.3434570069788945
2282.0,1.3404807887537533
2283.0,1.3403314082048512
2284.0,1.3462942442528345
2285.0,1.349240671661319
2286.0,1.3519690734208842
2287.0,1.3539644151549264
2288.0,1.3548900992576502
2289.0,1.3561687621738114
2290.0,1.358492699851236
2291.0,1.359065805637041
2292.0,1.359197605005277
2293.0,1.3581998249799714
2294.0,1.3519672656685278
2295.0,1.3516311478449072
2296.0,1.354804771665952
2297.0,1.3572889662277008
2298.0,1.3582042201606868
2299.0,1.3597778329352332
2300.0,1.3565394738925647
2301.0,1.351007534071744
2302.0,1.3499709294902835
2303.0,1.346919036092534
2304.0,1.3412392428390758
2305.0,1.341518245593331
2306.0,1.343630073656632
2307.0,1.3439570425086194
2308.0,1.3476784981866705
2309.0,1.347646353176203
2310.0,1.3439388299425608
2311.0,1.3446331235705204
2312.0,1.3431305690095023
2313.0,1.3419858523624442
2314.0,1.3401651579946325
2315.0,1.3369573022935453
2316.0,1.3377225399727573
2317.0,1.3373731753127482
2318.0,1.3418605356608844
2319.0,1.3471072373131807
2320.0,1.349305880639054
2321.0,1.3499643376209498
2322.0,1.351435114454588
2323.0,1.3518347299715143
2324.0,1.3526364795417758
2325.0,1.3538117162143621
2326.0,1.353796063497936
2327.0,1.3524829062412738
2328.0,1.3500306544056297
2329.0,1.3468060933147756
2330.0,1.3464151839422447
2331.0,1.345638191195127
2332.0,1.3461176711398632
2333.0,1.348146095499929
2334.0,1.350090078020011
2335.0,1.3517379137784562
2336.0,1.3533406202897746
2337.0,1.359369939197274
2338.0,1.362172165551686
2339.0,1.3631000959728556
2340.0,1.3638687170458956
2341.0,1.362062045650247
2342.0,1.35907719663325
2343.0,1.3529230172646887
2344.0,1.348928889490835
2345.0,1.3463144630959853
2346.0,1.3445245756330015
2347.0,1.3403181795971244
2348.0,1.3456739710339596
2349.0,1.3546960517136608
2350.0,1.3542334703262797
2351.0,1.3568382779452652
2352.0,1.3560864624631308
2353.0,1.3493410000399817
2354.0,1.3500026957365434
2355.0,1.3476512293592107
2356.0,1.3471226953571631
2357.0,1.354642581566213
2358.0,1.3528923701568802
2359.0,1.344992729119382
2360.0,1.3419854824141957
2361.0,1.3329557873073974
2362.0,1.323405346476138
2363.0,1.3317037596471533
2364.0,1.336738661636728
2365.0,1.3404851505454431
2366.0,1.3470771582102334
2367.0,1.3380103803166512
2368.0,1.3361339077712464
2369.0,1.3361785840631997
2370.0,1.3314968825996187
2371.0,1.3346935262119128
2372.0,1.3389679329333741
2373.0,1.3466701546078728
2374.0,1.3582683861865845
2375.0,1.3644181412705518
2376.0,1.362326338990702
2377.0,1.3516481423020206
2378.0,1.3382983675052653
2379.0,1.3358773148608263
2380.0,1.3379085565077509
2381.0,1.3397430441561955
2382.0,1.33756928694008
2383.0,1.330385929277576
2384.0,1.323395337935674
2385.0,1.3156073970857052
2386.0,1.3163419482933059
2387.0,1.3222639591651253
2388.0,1.3269276130031153
2389.0,1.3317160853464853
2390.0,1.3257271501527588
2391.0,1.3177677924975384
2392.0,1.3131352847017883
2393.0,1.3041504482846111
2394.0,1.306512524378403
2395.0,1.309112751432727
2396.0,1.3015326672352214
2397.0,1.3025317255022082
2398.0,1.3074662608769705
2399.0,1.3071981663917005
2400.0,1.3093970873413021
2401.0,1.3096611618581908
2402.0,1.3045314157484562
2403.0,1.3016748453782552
2404.0,1.2984123088659751
2405.0,1.2969822990398772
2406.0,1.2945529684938721
2407.0,1.2849690984733053
2408.0,1.2827131453216503
2409.0,1.284009769970956
2410.0,1.2785253693727292
2411.0,1.2798995636042068
2412.0,1.2741371705652649
2413.0,1.2582235909355626
2414.0,1.250993534089501
2415.0,1.2385506689037613
2416.0,1.23246967898708
2417.0,1.2358253919968372
2418.0,1.233617158998927
2419.0,1.2424084246981713
2420.0,1.2532187157940025
2421.0,1.255017533957533
2422.0,1.2631794088135186
2423.0,1.2673750219493953
2424.0,1.258312708359532
2425.0,1.2562811982636541
2426.0,1.2593129395927183
2427.0,1.2494247504716849
2428.0,1.2438085651385926
2429.0,1.2532565229997867
2430.0,1.2489168395786145
2431.0,1.241311488134997
2432.0,1.2471336516294007
2433.0,1.243557263342214
2434.0,1.2364930805516012
2435.0,1.2462603200097762
2436.0,1.2546529406719042
2437.0,1.2499796655416127
2438.0,1.255819207572456
2439.0,1.2625799488348184
2440.0,1.2495442204696956
2441.0,1.2330068405521517
2442.0,1.2213790665883568
2443.0,1.1991782028971378
2444.0,1.1966934251171026
2445.0,1.228283061849728
2446.0,1.2485841146430194
2447.0,1.2567764719152081
2448.0,1.2668997066045276
2449.0,1.2485109496476197
2450.0,1.2090451361990282
2451.0,1.1940814942437867
2452.0,1.1934178835159455
2453.0,1.1962589259997825
2454.0,1.2157082149821918
2455.0,1.2303564401495595
2456.0,1.2283441244294104
2457.0,1.2214297364095679
2458.0,1.217609861341475
2459.0,1.2123703288188818
2460.0,1.2002297181167523
2461.0,1.1909550072220003
2462.0,1.1876000543831609
2463.0,1.1840021930758227
2464.0,1.181259785848914
2465.0,1.1746384092505677
2466.0,1.168564408411789
2467.0,1.1820616858381632
2468.0,1.2021294809383105
2469.0,1.2051439405121087
2470.0,1.2043874055078458
2471.0,1.2037672787925349
2472.0,1.1938079970567583
2473.0,1.193779344100832
2474.0,1.1911611388667454
2475.0,1.1653288148312708
2476.0,1.1540541950461756
2477.0,1.1484887878274295
2478.0,1.1607078164993205
2479.0,1.1909035211438634
2480.0,1.2048618043292814
2481.0,1.253687692079696
2482.0,1.2452680143901718
2483.0,1.1678824919028306
2484.0,1.1556248895807724
2485.0,1.1488364514045408
2486.0,1.1483814044161629
2487.0,1.2070214557768413
2488.0,1.2017104607709737
2489.0,1.1447457304056987
2490.0,1.1237435862173832
2491.0,1.0839269542215424
2492.0,1.0746471258428965
2493.0,1.097251063818568
2494.0,1.1100701004044013
2495.0,1.1369115806885528
2496.0,1.155895061532858
2497.0,1.1866244083270474
2498.0,1.1850590552104947
2499.0,1.1649487404615366
2500.0,1.118929095692267
