350.0,-0.06600870115288023
351.0,-0.02998743451770207
352.0,-0.05399918701729804
353.0,-0.047865253665956405
354.0,0.0001997496957836366
355.0,0.05003897181655649
356.0,0.06136490333224068
357.0,0.030416394900098398
358.0,0.0104935911747247
359.0,-0.007637458943098346
360.0,-0.04057821695956648
361.0,-0.010710819851606254
362.0,0.026854404945082566
363.0,0.04399483808095185
364.0,0.03475681711185096
365.0,-0.003064081610010404
366.0,0.0017023996660792975
367.0,0.0238314159599706
368.0,-0.021458435222828268
369.0,-0.006940540443100192
370.0,0.017551068836996173
371.0,0.026964913327449568
372.0,0.04737272672062758
373.0,0.04246998359095671
374.0,0.026526916452735142
375.0,0.01755271197811888
376.0,0.023220978759371347
377.0,0.031193828908557514
378.0,0.03180047760603216
379.0,0.024530978902484266
380.0,0.031231743891866538
381.0,0.030767839033317028
382.0,0.02365007248729879
383.0,0.01863075521199747
384.0,0.022375115470341322
385.0,0.02908221558029114
386.0,0.03416336253781656
387.0,0.03424062781082616
388.0,0.02093366816340434
389.0,0.011681561204680719
390.0,0.015308612490873952
391.0,0.028753127304729
392.0,0.03779820450178574
393.0,0.03917765794140551
394.0,0.03512362677259702
395.0,0.032357556107382994
396.0,0.024118429332006554
397.0,0.02464770638303323
398.0,0.03817058263147073
399.0,0.03413587255479547
400.0,0.0345380712368362
401.0,0.03709473773858902
402.0,0.03513187713250663
403.0,0.03805804870910527
404.0,0.0338376120928631
405.0,0.029394976213474516
406.0,0.038430505294081194
407.0,0.03834693685946968
408.0,0.040440156898740844
409.0,0.0432505828637195
410.0,0.03216858061454688
411.0,0.030064358990312626
412.0,0.036270799156643815
413.0,0.044070993769031175
414.0,0.0444141978357388
415.0,0.04132947348919165
416.0,0.038278025501562826
417.0,0.03756007613248184
418.0,0.03843288772917604
419.0,0.036560177036685154
420.0,0.036476062884135
421.0,0.04317334233001339
422.0,0.041933077190098325
423.0,0.038089408313677894
424.0,0.035671785455585074
425.0,0.03614109344263232
426.0,0.03713964135276665
427.0,0.03791145356442508
428.0,0.03859641061610982
429.0,0.04029261038605264
430.0,0.04129924949305729
431.0,0.041311563793490845
432.0,0.040789884095022634
433.0,0.04111455526555309
434.0,0.04168237585860743
435.0,0.04225259383644411
436.0,0.04272345200713081
437.0,0.042729337782681204
438.0,0.043116078198445464
439.0,0.04310240523659209
440.0,0.040828207645983626
441.0,0.04216824192466527
442.0,0.04340545677817483
443.0,0.042365832502322384
444.0,0.04237114729961834
445.0,0.04305187845232789
446.0,0.043071486596613445
447.0,0.0416858975735252
448.0,0.041351062527076626
449.0,0.04208633059957429
450.0,0.04341777453726419
451.0,0.04444554139201809
452.0,0.04346129406666964
453.0,0.04217477206509503
454.0,0.041726109369995816
455.0,0.04207518115806735
456.0,0.04270180038646428
457.0,0.042984692598731285
458.0,0.04293098106397938
459.0,0.0443474447903001
460.0,0.04385336937303963
461.0,0.04276496666522064
462.0,0.043412981653333536
463.0,0.04235406199906723
464.0,0.04279168165502448
465.0,0.04472931925493883
466.0,0.04520267278472365
467.0,0.04457253379963465
468.0,0.04388669093605724
469.0,0.043786847490521245
470.0,0.04387926877090599
471.0,0.044505056922882445
472.0,0.044902257634068035
473.0,0.04447550719822692
474.0,0.04463039083374534
475.0,0.04437027826978041
476.0,0.04425772010345758
477.0,0.045508148342288425
478.0,0.04475209161233578
479.0,0.044886427573750304
480.0,0.04640289367824323
481.0,0.0452325999770858
482.0,0.04432325736849988
483.0,0.044293162048320296
484.0,0.04484709746917527
485.0,0.044853776633478594
486.0,0.04483868361138714
487.0,0.045019030297429624
488.0,0.04540507654815077
489.0,0.0459447568734349
490.0,0.045982427202585434
491.0,0.045629093423205376
492.0,0.045985377890553784
493.0,0.04605448148803264
494.0,0.04566097588038361
495.0,0.04531582217509491
496.0,0.04706592007554133
497.0,0.047950689142726786
498.0,0.04746038858123107
499.0,0.046600464966617156
500.0,0.04736549884929641
501.0,0.04781475866368889
502.0,0.047492084144337435
503.0,0.0480349361985527
504.0,0.048583584769390925
505.0,0.048619931500911956
506.0,0.04808323485027525
507.0,0.04785775491389229
508.0,0.04800400521432325
509.0,0.04849240980610846
510.0,0.04911232637143891
511.0,0.04899455485922562
512.0,0.04903177897488194
513.0,0.04939300360859842
514.0,0.04927300342169513
515.0,0.04928841814446336
516.0,0.04947697287271738
517.0,0.049751807735762564
518.0,0.05007779801567335
519.0,0.050223888116713716
520.0,0.050240441194584366
521.0,0.050280616051209835
522.0,0.050037619659471
523.0,0.05040237038354968
524.0,0.05118004330873638
525.0,0.0508051883649084
526.0,0.0511702752307602
527.0,0.051717093250575816
528.0,0.051700465648783264
529.0,0.0515289542858085
530.0,0.051423964372950264
531.0,0.05170693074551371
532.0,0.05253922865428854
533.0,0.052590509689751076
534.0,0.05248658469639766
535.0,0.05264841928870914
536.0,0.0529237696773386
537.0,0.05320024505036315
538.0,0.05331720468724979
539.0,0.0532589164973925
540.0,0.053465663461934085
541.0,0.053945308156967166
542.0,0.054422405777275806
543.0,0.05448948221679217
544.0,0.05428617015065377
545.0,0.05422445787733778
546.0,0.054520346351768945
547.0,0.05502551052939996
548.0,0.05573096998965551
549.0,0.056262395215169334
550.0,0.056283147010083655
551.0,0.056023287909472974
552.0,0.05579343316008894
553.0,0.05577597147926166
554.0,0.05603164073000315
555.0,0.05663304812868695
556.0,0.057210306658386924
557.0,0.05752352040278446
558.0,0.05773860752719874
559.0,0.057768976832678155
560.0,0.05779965849535949
561.0,0.05802011524293498
562.0,0.05801532550569752
563.0,0.05839589083839146
564.0,0.05902406367535321
565.0,0.05898967798094546
566.0,0.05953488149394265
567.0,0.05999448776555234
568.0,0.05988178001860031
569.0,0.06028930283536401
570.0,0.06054468175404603
571.0,0.06068020284628302
572.0,0.061045214835496
573.0,0.06159080370013273
574.0,0.06188720601105009
575.0,0.06185131850219473
576.0,0.061917732900301684
577.0,0.06231778859191775
578.0,0.06293157856374627
579.0,0.06348565745184995
580.0,0.0636117594891394
581.0,0.06376397283766003
582.0,0.06395546290107766
583.0,0.06394285528598972
584.0,0.06436947507118805
585.0,0.06501128340076869
586.0,0.06555316476511837
587.0,0.06572298265502857
588.0,0.06596893896294188
589.0,0.06632239379820541
590.0,0.0666505444745901
591.0,0.06676675662122006
592.0,0.06704991083490443
593.0,0.06753493421969715
594.0,0.06789541234920662
595.0,0.06801528833338413
596.0,0.06838793924008287
597.0,0.06920517728518555
598.0,0.06951408535313576
599.0,0.06986018090801051
600.0,0.07032442585856054
601.0,0.07076003133986972
602.0,0.07108793454894059
603.0,0.07155525562534477
604.0,0.07206572481113784
605.0,0.07200418757457326
606.0,0.07235143800273122
607.0,0.07295735251285694
608.0,0.07342338686773914
609.0,0.07368760012961238
610.0,0.07394645968613167
611.0,0.0743780323738611
612.0,0.07507798832681821
613.0,0.07542801181046457
614.0,0.07570954791088869
615.0,0.07616571674076926
616.0,0.0766892231984489
617.0,0.07719219127564336
618.0,0.07772246034471829
619.0,0.0783025398280465
620.0,0.07845777714492426
621.0,0.07873841598945852
622.0,0.07932916613516354
623.0,0.07995683044267521
624.0,0.08056507702255777
625.0,0.08101949431763181
626.0,0.08129398434683799
627.0,0.08166580202867149
628.0,0.08218655299237392
629.0,0.0827750795622179
630.0,0.08328239207428158
631.0,0.08371636902753739
632.0,0.08425300238629299
633.0,0.0848714090921772
634.0,0.08520915665924321
635.0,0.08561410634450713
636.0,0.08610247693760191
637.0,0.0865981618113813
638.0,0.08708934864234943
639.0,0.08762596259623208
640.0,0.08823239047783778
641.0,0.08889125586536568
642.0,0.08938368394553017
643.0,0.08993325223803356
644.0,0.09067370726258206
645.0,0.09139855905939455
646.0,0.09178718272744596
647.0,0.09213567070243685
648.0,0.09287884250974007
649.0,0.09340020789894783
650.0,0.09405894074937378
651.0,0.09486838379044858
652.0,0.09535253097692675
653.0,0.09602199883150267
654.0,0.09666290821294236
655.0,0.09704321196185726
656.0,0.09743448767465382
657.0,0.09796089340258242
658.0,0.09870295245264862
659.0,0.09963172165473311
660.0,0.10008304544391756
661.0,0.10045896231052474
662.0,0.10104739205735955
663.0,0.10167899873402483
664.0,0.10252699318333787
665.0,0.10336717006381342
666.0,0.10394331600540391
667.0,0.10446149932223327
668.0,0.10501216901305609
669.0,0.1056723928583889
670.0,0.10648748697835687
671.0,0.10705924263862279
672.0,0.10777427251967328
673.0,0.10879690157223068
674.0,0.10935994372721704
675.0,0.10992906869466458
676.0,0.1106565408619012
677.0,0.11149645880945555
678.0,0.11202170363074265
679.0,0.1126207574864787
680.0,0.11342761057705633
681.0,0.11416633481446876
682.0,0.11509585816539646
683.0,0.11586885787966456
684.0,0.116271588379006
685.0,0.11706262168273886
686.0,0.11773350369207038
687.0,0.1182992890707275
688.0,0.11909865029987524
689.0,0.11999734749738221
690.0,0.12080170327557989
691.0,0.12150190085202053
692.0,0.12243497816361855
693.0,0.12334996586132674
694.0,0.12410140234740874
695.0,0.12468842955653985
696.0,0.12558626769620293
697.0,0.1264886410365798
698.0,0.12724314431400466
699.0,0.12788930033542048
700.0,0.12888235932669087
701.0,0.1298059033702465
702.0,0.1304275755917488
703.0,0.13134011925674732
704.0,0.13219885102414985
705.0,0.1329600122575684
706.0,0.13372271810346048
707.0,0.1347007136073912
708.0,0.13566766747041592
709.0,0.13649429931345464
710.0,0.13720784622747031
711.0,0.13819726883278555
712.0,0.13916735315786105
713.0,0.13989867357205316
714.0,0.14093536870152037
715.0,0.14183397862541283
716.0,0.14253742344057058
717.0,0.1432487152422333
718.0,0.14434473135627882
719.0,0.14538176379858495
720.0,0.14620188957422717
721.0,0.14720808411913588
722.0,0.14815633979653314
723.0,0.14904007352108187
724.0,0.14991344292539968
725.0,0.15082067497758
726.0,0.15169366362049658
727.0,0.15254882324948793
728.0,0.15347935265270068
729.0,0.1546895434724471
730.0,0.15587872925931565
731.0,0.15684341699615112
732.0,0.15765520247554146
733.0,0.15855763554265573
734.0,0.15961344376005052
735.0,0.16077284561640431
736.0,0.1618771978669782
737.0,0.16288996729183572
738.0,0.16389574451049263
739.0,0.16504394597901217
740.0,0.1659779016217362
741.0,0.166932647439872
742.0,0.16805798736262492
743.0,0.1691175361826697
744.0,0.17020642729513055
745.0,0.17131245606734202
746.0,0.17238989030979227
747.0,0.17342434734232678
748.0,0.17440175808343927
749.0,0.17534027008623287
750.0,0.17629826657150155
751.0,0.1774205089352447
752.0,0.17864023970855172
753.0,0.17986691573390629
754.0,0.1810786677081589
755.0,0.18215870288007166
756.0,0.18316245434314052
757.0,0.1842302580020704
758.0,0.18551272842508182
759.0,0.18681747899121492
760.0,0.18802966338534716
761.0,0.18914440532208995
762.0,0.1902207071773766
763.0,0.19131088633614002
764.0,0.19245075016198215
765.0,0.19365236321849408
766.0,0.19488556757096318
767.0,0.19611331009380498
768.0,0.1972760712176866
769.0,0.1982552831430861
770.0,0.19930228562068408
771.0,0.20047550457381655
772.0,0.20163414047217307
773.0,0.20289591641608845
774.0,0.2041774896560747
775.0,0.20537108737011614
776.0,0.2063821235283016
777.0,0.2074150024762953
778.0,0.20859458220378038
779.0,0.20993937938234106
780.0,0.21112046659683073
781.0,0.21225484296431832
782.0,0.2134714511653685
783.0,0.2148497141786141
784.0,0.215949680948162
785.0,0.21715214820197865
786.0,0.21861055916514677
787.0,0.21971107126447384
788.0,0.22105419928241857
789.0,0.22250337506727128
790.0,0.22377396303772007
791.0,0.22509642689854603
792.0,0.2263051526194594
793.0,0.2275429022389329
794.0,0.2291213149101374
795.0,0.23037864818411713
796.0,0.23171916471503443
797.0,0.23328809248666801
798.0,0.23455694355041423
799.0,0.2358881842475178
800.0,0.23722175570475776
801.0,0.23846817820220942
802.0,0.23985493997033314
803.0,0.24133903379837662
804.0,0.24273251488971684
805.0,0.24384978962705967
806.0,0.24517513430420845
807.0,0.24646307827885067
808.0,0.24769122074638136
809.0,0.2492198726278252
810.0,0.2506067876470391
811.0,0.25204454352071726
812.0,0.2536780673523353
813.0,0.25515282234638526
814.0,0.25658454144873366
815.0,0.2579689619533413
816.0,0.25927337295614833
817.0,0.2605741335056855
818.0,0.2619672625499915
819.0,0.2634809974999268
820.0,0.2650651355144143
821.0,0.2665321250687237
822.0,0.26793502425347815
823.0,0.26932706707440496
824.0,0.2706744728674162
825.0,0.2721494327275909
826.0,0.27366689937291794
827.0,0.2750954788851918
828.0,0.2764583217542237
829.0,0.2778636346770161
830.0,0.2793367647172014
831.0,0.28083437768825137
832.0,0.28214127389663374
833.0,0.28364456111295283
834.0,0.28537866421156194
835.0,0.28695096060067
836.0,0.2886144600593696
837.0,0.2901453402411282
838.0,0.2914455620186683
839.0,0.29285389221353364
840.0,0.29454044368736587
841.0,0.29624388215942765
842.0,0.29769261784729295
843.0,0.29922257708320915
844.0,0.3008497107226469
845.0,0.3025086276750098
846.0,0.30408507348963715
847.0,0.30544464165172047
848.0,0.30703494660425074
849.0,0.3088833808387019
850.0,0.3105089912474602
851.0,0.31188295944210526
852.0,0.3134458221563454
853.0,0.3152406473609217
854.0,0.3163072044283745
855.0,0.31782879518832813
856.0,0.31962078859923465
857.0,0.32120985166550203
858.0,0.32276392795675585
859.0,0.32421894069572477
860.0,0.3257177064645254
861.0,0.327415781233758
862.0,0.32889395400668775
863.0,0.33027077628343343
864.0,0.33181384979370276
865.0,0.3338028326969495
866.0,0.335602727444495
867.0,0.33721395728450443
868.0,0.33879424515490736
869.0,0.3405559069777167
870.0,0.34198461864483976
871.0,0.3433621590329183
872.0,0.34501356538360317
873.0,0.3468233753178642
874.0,0.3488404917023014
875.0,0.3506940312992485
876.0,0.3520755264743707
877.0,0.3536126645144141
878.0,0.355353585402108
879.0,0.3570867234246666
880.0,0.3585837015157269
881.0,0.3606009204448134
882.0,0.36242811887677573
883.0,0.3639011973324959
884.0,0.36548909432339594
885.0,0.3669211072470894
886.0,0.3687077861464657
887.0,0.37088420644754755
888.0,0.37264466339371405
889.0,0.3745507695022268
890.0,0.3763680753652646
891.0,0.37790839203734755
892.0,0.3794943075023715
893.0,0.3810271229772823
894.0,0.38282283560684727
895.0,0.3850448514310561
896.0,0.3869175298073902
897.0,0.3886013400883067
898.0,0.39025829459234457
899.0,0.3920344234226023
900.0,0.3939250835436689
901.0,0.3957257682135015
902.0,0.3974164934546482
903.0,0.3991347047329087
904.0,0.4010219301629223
905.0,0.4029282402526889
906.0,0.4046757207126444
907.0,0.4061573870241988
908.0,0.407910847231008
909.0,0.40983928402465425
910.0,0.4116718812010525
911.0,0.41309980085263576
912.0,0.41523188032968683
913.0,0.41729304801716716
914.0,0.41876051974145606
915.0,0.4203790404466495
916.0,0.42226697172305355
917.0,0.4241475204415462
918.0,0.4257956430470205
919.0,0.42751150465983867
920.0,0.42910239871445877
921.0,0.4307154727467795
922.0,0.43252210601873803
923.0,0.4343711798729312
924.0,0.43637176356545543
925.0,0.4384325253979535
926.0,0.44044535763898573
927.0,0.442658383945753
928.0,0.4443988168067512
929.0,0.44596334446119124
930.0,0.44798582386112346
931.0,0.4494375466830478
932.0,0.45134255096094955
933.0,0.4534709918606216
934.0,0.45487942612300675
935.0,0.457070726656867
936.0,0.4591003749750731
937.0,0.4607636966731057
938.0,0.4626784124811564
939.0,0.46487459361717937
940.0,0.46705160498802667
941.0,0.4689387506343712
942.0,0.4704572917561689
943.0,0.47255824876665115
944.0,0.4747328907843987
945.0,0.4765403835236814
946.0,0.4779522591893238
947.0,0.4795920051513002
948.0,0.4816535161646344
949.0,0.48385284778685006
950.0,0.48548398922367153
951.0,0.48724172515667946
952.0,0.4893711412767892
953.0,0.49160716779386177
954.0,0.49310024568653843
955.0,0.49441872153941446
956.0,0.49605957168270204
957.0,0.4982149104517291
958.0,0.5005574681579801
959.0,0.5024627659900402
960.0,0.5044027034404838
961.0,0.5066214373892182
962.0,0.508462773428622
963.0,0.5104507345942613
964.0,0.5125240619719612
965.0,0.5146083328272073
966.0,0.5168841516091134
967.0,0.5189153291600234
968.0,0.5204679814632374
969.0,0.5216505441940561
970.0,0.523044482056157
971.0,0.5254022902673632
972.0,0.5277193065189983
973.0,0.5295776429596956
974.0,0.532581209001772
975.0,0.5346033598845285
976.0,0.5356363369578517
977.0,0.5365778407955217
978.0,0.5387638771438957
979.0,0.5402249524921173
980.0,0.5422041584464825
981.0,0.5454278876550417
982.0,0.5482528936162704
983.0,0.5493942149996034
984.0,0.5504732276031253
985.0,0.5526982734434398
986.0,0.5552147138389303
987.0,0.5570579949109565
988.0,0.5586916914076068
989.0,0.560569912605143
990.0,0.5625811174522288
991.0,0.5658258288689161
992.0,0.5683744049336946
993.0,0.5693359891457143
994.0,0.5701531477236987
995.0,0.5717397110228208
996.0,0.5741070247745036
997.0,0.57703187048663
998.0,0.5801242237580622
999.0,0.5819698935661345
1000.0,0.5835261724461166
1001.0,0.598012582979018
1002.0,0.6007276278828713
1003.0,0.602140471900951
1004.0,0.6022071514322475
1005.0,0.6011957926333195
1006.0,0.600160553878064
1007.0,0.6010364721531019
1008.0,0.6039431264692842
1009.0,0.6083804626598716
1010.0,0.6123933513956945
1011.0,0.6167049863868532
1012.0,0.6184036197174513
1013.0,0.6193885705076527
1014.0,0.6214222565345017
1015.0,0.6241354787917894
1016.0,0.6262193819633188
1017.0,0.6286352674438052
1018.0,0.6300972002852547
1019.0,0.6320637313648347
1020.0,0.6359341341334033
1021.0,0.6391795235252692
1022.0,0.6426889684889069
1023.0,0.6449105764238001
1024.0,0.64629993088418
1025.0,0.6483315352937881
1026.0,0.6493230702718706
1027.0,0.6496943084281802
1028.0,0.6511240310316416
1029.0,0.6526230535415778
1030.0,0.6534282627304052
1031.0,0.6560171008622967
1032.0,0.6601007879459979
1033.0,0.6615187188272603
1034.0,0.6635578783938831
1035.0,0.6663086972671372
1036.0,0.6668353821761643
1037.0,0.6685393750935081
1038.0,0.6710375829112033
1039.0,0.6710276154046341
1040.0,0.6712474988900774
1041.0,0.6729612041516251
1042.0,0.6755482120133782
1043.0,0.6777191507117156
1044.0,0.6806111135498428
1045.0,0.6823366953890049
1046.0,0.683962488437268
1047.0,0.6856353202202381
1048.0,0.6876398302826617
1049.0,0.6923649087371948
1050.0,0.6957088466755291
1051.0,0.6958522472460048
1052.0,0.6976707421623557
1053.0,0.6990677342973244
1054.0,0.6988058029079973
1055.0,0.7017343397781478
1056.0,0.7045230620191303
1057.0,0.7073743235645599
1058.0,0.7084391546516954
1059.0,0.7116289311953294
1060.0,0.7136005919300267
1061.0,0.7138030582541052
1062.0,0.7163502931707366
1063.0,0.720697178211775
1064.0,0.7240131664496884
1065.0,0.7263809597680997
1066.0,0.7282891876876136
1067.0,0.7298130070566526
1068.0,0.7324236402116637
1069.0,0.7346236472787805
1070.0,0.7371423905569817
1071.0,0.7391420475504769
1072.0,0.7404924338336448
1073.0,0.7400252585972852
1074.0,0.7414528802740077
1075.0,0.7440408064684565
1076.0,0.7468042639118069
1077.0,0.7501567184650243
1078.0,0.7524878870608755
1079.0,0.7538861173323882
1080.0,0.7543590591479605
1081.0,0.7557910202538227
1082.0,0.7594631144438299
1083.0,0.7618930413411094
1084.0,0.763800388201061
1085.0,0.7649557704934425
1086.0,0.7671063287222596
1087.0,0.7685528106021103
1088.0,0.7715419840833989
1089.0,0.7757413354616537
1090.0,0.7797190477604428
1091.0,0.7823030341446783
1092.0,0.7841436539825787
1093.0,0.7862491138446536
1094.0,0.7880550591620177
1095.0,0.7895986096934375
1096.0,0.7915206572730229
1097.0,0.7935332371304443
1098.0,0.7948489570739424
1099.0,0.7970013520583775
1100.0,0.8006066286101733
1101.0,0.803019957674159
1102.0,0.8048574501939119
1103.0,0.8071065395416882
1104.0,0.8100105297304825
1105.0,0.8118465512165547
1106.0,0.8139717220179183
1107.0,0.8162996751403774
1108.0,0.8178065923427528
1109.0,0.8196383773381721
1110.0,0.8219492926427433
1111.0,0.8236818815689007
1112.0,0.8257916346180738
1113.0,0.8281110901900383
1114.0,0.8301935211045302
1115.0,0.8321897962822367
1116.0,0.8347417977853215
1117.0,0.837468762743887
1118.0,0.8396327942930654
1119.0,0.8418069544273268
1120.0,0.8444774615626149
1121.0,0.8463091569848111
1122.0,0.8477157297695666
1123.0,0.8485862115577532
1124.0,0.8492257055892727
1125.0,0.8505416000252264
1126.0,0.8520807175301833
1127.0,0.8541172842776682
1128.0,0.8577881353447807
1129.0,0.8600642240043672
1130.0,0.861438367042599
1131.0,0.8633830847364753
1132.0,0.8653132766382607
1133.0,0.867317901062379
1134.0,0.8693281146470396
1135.0,0.8719101656925001
1136.0,0.8744135784789688
1137.0,0.8765358899319923
1138.0,0.8790412586054367
1139.0,0.8815743604249855
1140.0,0.8836512445294014
1141.0,0.8849548256994361
1142.0,0.8870616957707202
1143.0,0.8894069348789663
1144.0,0.8914695122253269
1145.0,0.8939115612099964
1146.0,0.8961171741348636
1147.0,0.8978395380512642
1148.0,0.8997460712651107
1149.0,0.902001152638628
1150.0,0.9038396712172083
1151.0,0.9054325879843826
1152.0,0.9065877597947033
1153.0,0.9082305970336263
1154.0,0.910736961860392
1155.0,0.9129411801309503
1156.0,0.9148576055109559
1157.0,0.9171505798869654
1158.0,0.9193026555817011
1159.0,0.9215660891722437
1160.0,0.9246727137808689
1161.0,0.926677331935911
1162.0,0.927804152649079
1163.0,0.9295074433841682
1164.0,0.9307018405800687
1165.0,0.9325774925102643
1166.0,0.935286931295741
1167.0,0.9375924575659589
1168.0,0.9396101172196698
1169.0,0.9414100884071328
1170.0,0.9434065348430831
1171.0,0.9452998412299932
1172.0,0.9473875764764453
1173.0,0.9501205447470599
1174.0,0.9522108565044862
1175.0,0.9538020474409362
1176.0,0.955835570684556
1177.0,0.9578093474109706
1178.0,0.9597622697482214
1179.0,0.9620580195582185
1180.0,0.9640175323230004
1181.0,0.9654544431428682
1182.0,0.9675177600975954
1183.0,0.9696124361598286
1184.0,0.9717389284178718
1185.0,0.9736985185357026
1186.0,0.9760168582719654
1187.0,0.9779383912245846
1188.0,0.9794747336057222
1189.0,0.9812561701968112
1190.0,0.982884337989237
1191.0,0.9847339640311029
1192.0,0.9868392005245905
1193.0,0.9888243316294214
1194.0,0.9909558668698988
1195.0,0.9930888594273137
1196.0,0.9948639802539682
1197.0,0.9970388358685477
1198.0,0.9995433520646058
1199.0,1.0020855961076944
1200.0,1.0043870575013343
1201.0,1.0066826864903429
1202.0,1.008176623484065
1203.0,1.0092565118708312
1204.0,1.0112982220089917
1205.0,1.013609760471438
1206.0,1.0159367388223903
1207.0,1.0194530618751727
1208.0,1.0214433113318995
1209.0,1.022372791876904
1210.0,1.0238513993330682
1211.0,1.0245223923813378
1212.0,1.0260884576612588
1213.0,1.0288303725224688
1214.0,1.0306571400472382
1215.0,1.0321670962340883
1216.0,1.0339074403258237
1217.0,1.0353485753457423
1218.0,1.0370116666867506
1219.0,1.0388749093421876
1220.0,1.0413930393151651
1221.0,1.0431409257206463
1222.0,1.0442816402922679
1223.0,1.0462322997355704
1224.0,1.048435377706907
1225.0,1.0505478821183905
1226.0,1.0529518151269033
1227.0,1.0553964341678184
1228.0,1.057905289642701
1229.0,1.0601284640568558
1230.0,1.0628924716254602
1231.0,1.0649000836198383
1232.0,1.066169200754528
1233.0,1.0672140367355547
1234.0,1.0681467194388914
1235.0,1.0695070527212016
1236.0,1.0712938698010748
1237.0,1.0735776134648236
1238.0,1.075543370169489
1239.0,1.0778495750225319
1240.0,1.0798354573004854
1241.0,1.0816399152251701
1242.0,1.0833136762438662
1243.0,1.08487825673163
1244.0,1.086468435754619
1245.0,1.0875475087806845
1246.0,1.0892973000565644
1247.0,1.091606238313997
1248.0,1.0936390419127484
1249.0,1.0957300301417876
1250.0,1.0979981492277595
1251.0,1.1005006138334301
1252.0,1.1026383613158843
1253.0,1.1045669676814327
1254.0,1.1065722049612685
1255.0,1.1083248378252493
1256.0,1.1093389727984988
1257.0,1.1111357737155423
1258.0,1.1135827518704224
1259.0,1.115354155877663
1260.0,1.1171169053272283
1261.0,1.1186401455217627
1262.0,1.1194168291580406
1263.0,1.1208150854252343
1264.0,1.1224416434136715
1265.0,1.1241144267921097
1266.0,1.1258982540216744
1267.0,1.1279234407551915
1268.0,1.130264822277647
1269.0,1.1324485145849092
1270.0,1.1345562076106728
1271.0,1.1369168228292394
1272.0,1.1388409098647494
1273.0,1.140325582680659
1274.0,1.1420903217564553
1275.0,1.1439988635783298
1276.0,1.1455717980359832
1277.0,1.1470034974871932
1278.0,1.1484707341740175
1279.0,1.1496637869848865
1280.0,1.151039865890287
1281.0,1.1522690724416111
1282.0,1.1539724067929267
1283.0,1.156234927310282
1284.0,1.1580274526393874
1285.0,1.1602430030436777
1286.0,1.1619132266440393
1287.0,1.1628463023392157
1288.0,1.1636608604538226
1289.0,1.1650860196664994
1290.0,1.166491809481694
1291.0,1.1683401887117972
1292.0,1.1708311211291826
1293.0,1.1729811750959176
1294.0,1.175287825299012
1295.0,1.1773209834300846
1296.0,1.1790430389250937
1297.0,1.1811632036598445
1298.0,1.1834031721338572
1299.0,1.185533355518836
1300.0,1.1878434455454852
1301.0,1.1901252260321136
1302.0,1.192520320274168
1303.0,1.1944743839091976
1304.0,1.1963899230960635
1305.0,1.1980967015006645
1306.0,1.199536411063049
1307.0,1.2002341062341935
1308.0,1.2019089401450007
1309.0,1.2039857263640885
1310.0,1.2056489976067741
1311.0,1.2076067338984366
1312.0,1.209173921069112
1313.0,1.210206691408958
1314.0,1.2116047326065877
1315.0,1.212882830973463
1316.0,1.2146531860987202
1317.0,1.216538914784579
1318.0,1.218780700299924
1319.0,1.2220606205711777
1320.0,1.2243818020680763
1321.0,1.22655845085991
1322.0,1.2284578233952161
1323.0,1.2294036158353034
1324.0,1.230873580193791
1325.0,1.2327986683572967
1326.0,1.2342977328593263
1327.0,1.2356774875635785
1328.0,1.2369655757450648
1329.0,1.2385173970766088
1330.0,1.2399384210145448
1331.0,1.2413446908117085
1332.0,1.243174087874153
1333.0,1.2444811265005105
1334.0,1.2450458385134233
1335.0,1.2463908003542856
1336.0,1.2481335916870446
1337.0,1.2496004448812525
1338.0,1.251333990781789
1339.0,1.2528243114053461
1340.0,1.2538363614842858
1341.0,1.2552141317002723
1342.0,1.2562671794604046
1343.0,1.258196969211159
1344.0,1.2615526133055295
1345.0,1.2636635308020707
1346.0,1.2655965025578484
1347.0,1.267658937486023
1348.0,1.2689395495911466
1349.0,1.2687738201960441
1350.0,1.2700051610361327
1351.0,1.2716012687916403
1352.0,1.2732196263749027
1353.0,1.2754534010893428
1354.0,1.2769190050131756
1355.0,1.2780326278489078
1356.0,1.2794561969273774
1357.0,1.2805702333997904
1358.0,1.2819554984379398
1359.0,1.2837178646292047
1360.0,1.2853315202448505
1361.0,1.286770949677984
1362.0,1.2884042518947345
1363.0,1.2903083829190856
1364.0,1.2919942807646492
1365.0,1.2936404949519569
1366.0,1.2953010348746727
1367.0,1.2969528555607452
1368.0,1.2984350775376434
1369.0,1.299800666938768
1370.0,1.301133365711254
1371.0,1.302294030245519
1372.0,1.3031231874165263
1373.0,1.3042655067808637
1374.0,1.3054906382828437
1375.0,1.3067670316548774
1376.0,1.3081528803070124
1377.0,1.309522721064212
1378.0,1.3107812327423924
1379.0,1.3123064555992316
1380.0,1.3143652643863108
1381.0,1.3157004320167711
1382.0,1.3171143624110098
1383.0,1.3179768912741263
1384.0,1.3178279559885768
1385.0,1.3181862043554475
1386.0,1.3184206464873447
1387.0,1.3188424157459775
1388.0,1.3195332995429496
1389.0,1.3201361574428816
1390.0,1.3204368403688787
1391.0,1.3213948856908917
1392.0,1.32230489007906
1393.0,1.3234738302621532
1394.0,1.3241793170837028
1395.0,1.3248567468990744
1396.0,1.3255362413829954
1397.0,1.3258525730216595
1398.0,1.326507276339613
1399.0,1.3275006251136574
1400.0,1.3282291392010863
1401.0,1.3289670940436984
1402.0,1.3294155303266235
1403.0,1.3295985134881243
1404.0,1.329996632207293
1405.0,1.3303527174689709
1406.0,1.3306128195049538
1407.0,1.330991347971338
1408.0,1.3312592328070398
1409.0,1.331334146100482
1410.0,1.3313561470501079
1411.0,1.3311658072624066
1412.0,1.3313352787588322
1413.0,1.331379518427351
1414.0,1.3316306351403346
1415.0,1.333259260377888
1416.0,1.3348526373859309
1417.0,1.3360673333089725
1418.0,1.337745654029916
1419.0,1.338692816805024
1420.0,1.3388280335176184
1421.0,1.3394933447094488
1422.0,1.3401986914456558
1423.0,1.3409345126333763
1424.0,1.3419037340140911
1425.0,1.3424594888753243
1426.0,1.3427378074170815
1427.0,1.3432626159309957
1428.0,1.3432364554380554
1429.0,1.3441140519157424
1430.0,1.3458457190951054
1431.0,1.3471599233681422
1432.0,1.3488997011306036
1433.0,1.350257350166851
1434.0,1.351020977722664
1435.0,1.3521866499198485
1436.0,1.3535256319983535
1437.0,1.3548048051208397
1438.0,1.3562662140548998
1439.0,1.357666483000249
1440.0,1.358619871562775
1441.0,1.3597910883477606
1442.0,1.3611098586060266
1443.0,1.3619601416695386
1444.0,1.3630978929198032
1445.0,1.3644530550667107
1446.0,1.3654704557045318
1447.0,1.3662151622052585
1448.0,1.3673602099519577
1449.0,1.3685379754397249
1450.0,1.3697511433564373
1451.0,1.3713911211728524
1452.0,1.372557068125366
1453.0,1.373246446660463
1454.0,1.3743625366053462
1455.0,1.3755666368736315
1456.0,1.376737219857121
1457.0,1.3782914865427496
1458.0,1.3794001358272427
1459.0,1.3799609080465307
1460.0,1.380998276526714
1461.0,1.3820217991111705
1462.0,1.3832582987457043
1463.0,1.385029128355233
1464.0,1.386486766974532
1465.0,1.3878411663291286
1466.0,1.3891715647675442
1467.0,1.390294183098105
1468.0,1.391586060808604
1469.0,1.3928893022111202
1470.0,1.3944443386608263
1471.0,1.395923483460971
1472.0,1.397611194367755
1473.0,1.3989026876462118
1474.0,1.3999657509073362
1475.0,1.4012492631140885
1476.0,1.4023694308988885
1477.0,1.4037149480434903
1478.0,1.4053892386989593
1479.0,1.4067452728913261
1480.0,1.4079072453750914
1481.0,1.409324168809013
1482.0,1.4108302254346519
1483.0,1.4121968098780435
1484.0,1.4136203110226124
1485.0,1.4150580814368676
1486.0,1.4163700548278988
1487.0,1.4176959065806924
1488.0,1.4192525315193
1489.0,1.4205245848492025
1490.0,1.4215696851190813
1491.0,1.4226533114191013
1492.0,1.4234099549541994
1493.0,1.424547652525644
1494.0,1.4257497924913323
1495.0,1.4272135869507045
1496.0,1.429200226237893
1497.0,1.4310050990801486
1498.0,1.4328303858206253
1499.0,1.4346560344797699
1500.0,1.436493123949982
1501.0,1.4382855783087216
1502.0,1.4399651896059127
1503.0,1.4415464717136823
1504.0,1.4428551180345044
1505.0,1.4438500334453899
1506.0,1.4448873099452222
1507.0,1.445620452184512
1508.0,1.446873820265261
1509.0,1.4483135622688663
1510.0,1.4495983692824073
1511.0,1.451228730784453
1512.0,1.452468170357976
1513.0,1.4534172118148172
1514.0,1.454372526751507
1515.0,1.4550864469024272
1516.0,1.4561326089850348
1517.0,1.4570537152824614
1518.0,1.4584019344385215
1519.0,1.4603566623156279
1520.0,1.4618918418505005
1521.0,1.4634085968873345
1522.0,1.4649646811044472
1523.0,1.4663649572488864
1524.0,1.467859253209461
1525.0,1.469505967264487
1526.0,1.471062808581178
1527.0,1.4725615245838906
1528.0,1.4740355788768358
1529.0,1.475677029479025
1530.0,1.4770321386315652
1531.0,1.4780645203216893
1532.0,1.4792646439061206
1533.0,1.4801538220634418
1534.0,1.4814113683152508
1535.0,1.4834775262883702
1536.0,1.4847778745039455
1537.0,1.4856655687978741
1538.0,1.4867412487202867
1539.0,1.4874239051989568
1540.0,1.4879593004622484
1541.0,1.4889468839835442
1542.0,1.4905203165346776
1543.0,1.4913319142653605
1544.0,1.4918024677292032
1545.0,1.4927008027022464
1546.0,1.4934467296359584
1547.0,1.4944340267899154
1548.0,1.4959851706910858
1549.0,1.4968837593242625
1550.0,1.4973730463102797
1551.0,1.4981488150454563
1552.0,1.498862165644211
1553.0,1.4995917237141951
1554.0,1.5001245162660972
1555.0,1.5014235003493506
1556.0,1.5031745358396778
1557.0,1.5045945256258384
1558.0,1.5066790386130762
1559.0,1.5080278404412388
1560.0,1.5084813061411642
1561.0,1.509578674203547
1562.0,1.5108018035908253
1563.0,1.512090632829038
1564.0,1.5137145344067502
1565.0,1.5150656175195234
1566.0,1.5162546828987054
1567.0,1.5175775281204387
1568.0,1.5188432189533183
1569.0,1.5201637142058384
1570.0,1.5217641752420275
1571.0,1.523040787661678
1572.0,1.5240222010400513
1573.0,1.525209397744868
1574.0,1.5264519713320357
1575.0,1.5274976382414533
1576.0,1.5285917434309564
1577.0,1.5295858103427404
1578.0,1.5302087250287377
1579.0,1.5310567310224
1580.0,1.5320374871084128
1581.0,1.5330267262711323
1582.0,1.534224527702744
1583.0,1.5351766114390346
1584.0,1.53575439421868
1585.0,1.5367387299876936
1586.0,1.5379547087370287
1587.0,1.5389949326585928
1588.0,1.5402304593138412
1589.0,1.5414383517913022
1590.0,1.5425624914925788
1591.0,1.5433733904407512
1592.0,1.5444911339813725
1593.0,1.5458952914118216
1594.0,1.5468834387358394
1595.0,1.5476948513370867
1596.0,1.5486386120722484
1597.0,1.5494492616767104
1598.0,1.5503711364873565
1599.0,1.551620940546265
1600.0,1.55215255175686
1601.0,1.5520388577729691
1602.0,1.5529321481261016
1603.0,1.5537334711083
1604.0,1.5550930357017374
1605.0,1.5578403936028715
1606.0,1.5588843770078633
1607.0,1.5592245111032974
1608.0,1.5598051817001393
1609.0,1.5596590191605342
1610.0,1.56006645834054
1611.0,1.561104003776589
1612.0,1.561326137228638
1613.0,1.560861986540867
1614.0,1.561248718635348
1615.0,1.5616651393615042
1616.0,1.5622428655844727
1617.0,1.5635515441016148
1618.0,1.5643382621292716
1619.0,1.5646265877760726
1620.0,1.5654139742061597
1621.0,1.5665988966011868
1622.0,1.5673530794663355
1623.0,1.5682267951966993
1624.0,1.5687004225486734
1625.0,1.568628558309428
1626.0,1.568848591545166
1627.0,1.5689531891082173
1628.0,1.5692719059567317
1629.0,1.5697216278579382
1630.0,1.5701616047585356
1631.0,1.570849808210795
1632.0,1.571215613430801
1633.0,1.5714961086331982
1634.0,1.5716730816520859
1635.0,1.5712998044494753
1636.0,1.5716016646126196
1637.0,1.5723110647085037
1638.0,1.5728262143922953
1639.0,1.5737665116778283
1640.0,1.574331044976486
1641.0,1.574556617789148
1642.0,1.574784405536955
1643.0,1.5749058340642141
1644.0,1.5750635173162262
1645.0,1.5750555980906589
1646.0,1.5752063238935767
1647.0,1.5754970848156682
1648.0,1.5757249217436335
1649.0,1.5760837588353254
1650.0,1.5762657470722172
1651.0,1.5762768502202804
1652.0,1.576372550866684
1653.0,1.5758768420957816
1654.0,1.576365441319181
1655.0,1.5778894647394115
1656.0,1.578712615781675
1657.0,1.5803847036203162
1658.0,1.5808293119113337
1659.0,1.5796600893000996
1660.0,1.5792698064283337
1661.0,1.5786979963138064
1662.0,1.5782462062556022
1663.0,1.5777292446190088
1664.0,1.578003191614977
1665.0,1.5786271059600554
1666.0,1.5793789138228247
1667.0,1.5811993816061232
1668.0,1.5823994983405634
1669.0,1.5832830157891515
1670.0,1.5841872179234258
1671.0,1.584932181372684
1672.0,1.585702892940832
1673.0,1.586394535777813
1674.0,1.5870481874453357
1675.0,1.5876767624537307
1676.0,1.588357298592594
1677.0,1.5888543523783902
1678.0,1.589681296780723
1679.0,1.5911536325919087
1680.0,1.5919146113192808
1681.0,1.592316717225317
1682.0,1.5928791949890742
1683.0,1.5929547804965125
1684.0,1.5931610541599392
1685.0,1.593611705607865
1686.0,1.5942906490964508
1687.0,1.5952027753600893
1688.0,1.5957710643876395
1689.0,1.5961274947351347
1690.0,1.5968436935133696
1691.0,1.5972733851974912
1692.0,1.597994140607554
1693.0,1.599776760614483
1694.0,1.600720751912665
1695.0,1.6009364935735277
1696.0,1.6016610287377446
1697.0,1.602187688833872
1698.0,1.602992401944538
1699.0,1.6043747552829775
1700.0,1.6055641634726
1701.0,1.6066853819117481
1702.0,1.6078003859975607
1703.0,1.608925380323424
1704.0,1.6099697501679309
1705.0,1.6113975726266125
1706.0,1.6120753844280578
1707.0,1.6121543482999945
1708.0,1.6123398178798223
1709.0,1.6116932412864635
1710.0,1.6117843185468428
1711.0,1.6126920987215076
1712.0,1.6129955488549639
1713.0,1.613111861036074
1714.0,1.613413153953654
1715.0,1.6134270745185757
1716.0,1.6137656260660853
1717.0,1.614591270107333
1718.0,1.6150714162688715
1719.0,1.6153846586686937
1720.0,1.6157667094361317
1721.0,1.6163553688476966
1722.0,1.6164691070291388
1723.0,1.6163767430304572
1724.0,1.6162458627656073
1725.0,1.6154807589968285
1726.0,1.6154066155199618
1727.0,1.6157196049315175
1728.0,1.6159222020072346
1729.0,1.6162112767441577
1730.0,1.616557201791564
1731.0,1.6170542667459706
1732.0,1.6173299178939473
1733.0,1.6176843237587066
1734.0,1.6180764125916514
1735.0,1.6182480373023573
1736.0,1.618534587468371
1737.0,1.6189477282008982
1738.0,1.6194482457156905
1739.0,1.6200769949290748
1740.0,1.6205041401773679
1741.0,1.6209502961071471
1742.0,1.6212978377154323
1743.0,1.6211087938247755
1744.0,1.621599917052063
1745.0,1.6226341481445907
1746.0,1.6230657384360707
1747.0,1.6239309052563362
1748.0,1.6241104361342225
1749.0,1.6231211148708982
1750.0,1.6236714247555055
1751.0,1.624460521452618
1752.0,1.6252702198605715
1753.0,1.6272686497298239
1754.0,1.6278796236814026
1755.0,1.6283549820254344
1756.0,1.6291995794981586
1757.0,1.6299926509959017
1758.0,1.6300165833483355
1759.0,1.6307287528724923
1760.0,1.6314866761402862
1761.0,1.631300561762435
1762.0,1.6319519208710405
1763.0,1.6323321257655703
1764.0,1.6326804976975964
1765.0,1.6340255709294786
1766.0,1.6347953160366349
1767.0,1.6350308181074418
1768.0,1.6348169525487746
1769.0,1.6344261742650024
1770.0,1.6342748673999954
1771.0,1.6343534165917382
1772.0,1.6353740664071759
1773.0,1.6361597788582944
1774.0,1.636376023875846
1775.0,1.6365055783729567
1776.0,1.6366499236006848
1777.0,1.6374989930624848
1778.0,1.639206413203656
1779.0,1.6407232940346108
1780.0,1.642113544581441
1781.0,1.6428846582967513
1782.0,1.6423249312714163
1783.0,1.6427339847845657
1784.0,1.6428940655384856
1785.0,1.6424464602490239
1786.0,1.643471153436346
1787.0,1.6448026962680433
1788.0,1.6461164725254291
1789.0,1.6471940213636247
1790.0,1.646409467455587
1791.0,1.646534638071111
1792.0,1.6465773831965347
1793.0,1.647067504300498
1794.0,1.6484407774944765
1795.0,1.6494259963313753
1796.0,1.6504704516798505
1797.0,1.651197987455018
1798.0,1.6516626427063001
1799.0,1.6523417040850288
1800.0,1.653037704821216
1801.0,1.639054408119837
1802.0,1.6403648763361247
1803.0,1.6432976647091895
1804.0,1.6437645997298491
1805.0,1.6418042755450017
1806.0,1.642155330723588
1807.0,1.6437404249723322
1808.0,1.6433290110263101
1809.0,1.6417644807492588
1810.0,1.6424148426520897
1811.0,1.6435188130463325
1812.0,1.6432349720807493
1813.0,1.6448014249275291
1814.0,1.6469758614986578
1815.0,1.6474753800950788
1816.0,1.6450583933527847
1817.0,1.6459193012441142
1818.0,1.6485790412045964
1819.0,1.649572775100495
1820.0,1.6510590133251988
1821.0,1.6521907160839253
1822.0,1.6520193198102164
1823.0,1.6523721399316285
1824.0,1.653830106839572
1825.0,1.6554196641889092
1826.0,1.6560764852019054
1827.0,1.6561555716641572
1828.0,1.6564208195413324
1829.0,1.6555771592645165
1830.0,1.6558888094557025
1831.0,1.6568491813134354
1832.0,1.6582848658884908
1833.0,1.6581386531146933
1834.0,1.6581517505592804
1835.0,1.6585965306100883
1836.0,1.6580928219116509
1837.0,1.6584328257199425
1838.0,1.6602061000976205
1839.0,1.6610247057827867
1840.0,1.6611527996146518
1841.0,1.6616373204208224
1842.0,1.6625133423302891
1843.0,1.6638807159318418
1844.0,1.6662109507205378
1845.0,1.6675839598317854
1846.0,1.6680873798630471
1847.0,1.667815250867635
1848.0,1.6685407499119638
1849.0,1.6687651441626314
1850.0,1.6690959924185143
1851.0,1.671300964432208
1852.0,1.6705419789845664
1853.0,1.6684768823014193
1854.0,1.6671743702619088
1855.0,1.6655325496286701
1856.0,1.6652560976220254
1857.0,1.6654405398411858
1858.0,1.6676772691146011
1859.0,1.6673886316091098
1860.0,1.6660818917242448
1861.0,1.6657868407307002
1862.0,1.6644186651577746
1863.0,1.6624167818893545
1864.0,1.661958180427534
1865.0,1.6607224189957588
1866.0,1.659805157174346
1867.0,1.6604034512309003
1868.0,1.6601333089201602
1869.0,1.6611661841059453
1870.0,1.6597342250203382
1871.0,1.6570563203356796
1872.0,1.6537216791623925
1873.0,1.648671574354826
1874.0,1.6442604354008707
1875.0,1.6412771057417084
1876.0,1.6362310811197651
1877.0,1.631627156372354
1878.0,1.627294282238511
1879.0,1.622613809486496
1880.0,1.6171563460967524
1881.0,1.6123417907101294
1882.0,1.6080733913221157
1883.0,1.6037343763363674
1884.0,1.59709826250232
1885.0,1.5902248315873608
1886.0,1.5832513157096715
1887.0,1.5742614721546058
1888.0,1.5664220205432413
1889.0,1.5595051518060106
1890.0,1.550767827336095
1891.0,1.5407992833219324
1892.0,1.5312360402944156
1893.0,1.5205132323414041
1894.0,1.5079817107926141
1895.0,1.497632195456621
1896.0,1.4866719758328122
1897.0,1.4763348935199552
1898.0,1.4668846737931445
1899.0,1.4553457328187762
1900.0,1.4447506374965418
1901.0,1.4350858384507517
1902.0,1.42586619269112
1903.0,1.4168068799024012
1904.0,1.4092903480023056
1905.0,1.4017414085681281
1906.0,1.3930697935536238
1907.0,1.3847551770666255
1908.0,1.3777587633427302
1909.0,1.3716623408765631
1910.0,1.3659485755360057
1911.0,1.3615980342009666
1912.0,1.3575391674696085
1913.0,1.353544178249284
1914.0,1.3493853597652528
1915.0,1.346388687761412
1916.0,1.3441083221986785
1917.0,1.3415117708964013
1918.0,1.3394247945962572
1919.0,1.3386282114497356
1920.0,1.337264952603682
1921.0,1.336338991671829
1922.0,1.336162699763757
1923.0,1.3355626123727922
1924.0,1.3358116302501737
1925.0,1.336472220338409
1926.0,1.338471802911404
1927.0,1.3406310275947888
1928.0,1.3418660238464435
1929.0,1.342790227171152
1930.0,1.3421553121133725
1931.0,1.3410429757546407
1932.0,1.3418468292520669
1933.0,1.3432605306053194
1934.0,1.345471191501326
1935.0,1.3480863420813232
1936.0,1.3496230491480985
1937.0,1.3512320664910815
1938.0,1.352166109158239
1939.0,1.3541354187266665
1940.0,1.3564667670077364
1941.0,1.3584750887559816
1942.0,1.3622066986609622
1943.0,1.3652903632002127
1944.0,1.3668456793159485
1945.0,1.3702189369111595
1946.0,1.3724537422395848
1947.0,1.373263783302181
1948.0,1.3746386819988
1949.0,1.3761700627238516
1950.0,1.3772464895333048
1951.0,1.379047088000624
1952.0,1.381466879102263
1953.0,1.3837001589179367
1954.0,1.3855509504470103
1955.0,1.3879094546720603
1956.0,1.3894631444815333
1957.0,1.3907125293662799
1958.0,1.393833048747406
1959.0,1.3959044417996591
1960.0,1.3966000512956278
1961.0,1.3986147301442917
1962.0,1.4017050315075694
1963.0,1.4036065430431404
1964.0,1.4052234655424458
1965.0,1.407308367917472
1966.0,1.40831041878747
1967.0,1.408916654257298
1968.0,1.4102947566139086
1969.0,1.4114067244221815
1970.0,1.4138402211617629
1971.0,1.4169880656685823
1972.0,1.418940456662861
1973.0,1.420361062187014
1974.0,1.4223584459852847
1975.0,1.4241013684311772
1976.0,1.4251135112434987
1977.0,1.4270456924625476
1978.0,1.4298001357815777
1979.0,1.4325775129391258
1980.0,1.4354191668147094
1981.0,1.4384357394750802
1982.0,1.4417072513570885
1983.0,1.444830521932587
1984.0,1.4459084710961743
1985.0,1.4473743196815103
1986.0,1.448425179563733
1987.0,1.4498838251133108
1988.0,1.4504858117805939
1989.0,1.4528454219369948
1990.0,1.4565183291409227
1991.0,1.4590665536501985
1992.0,1.4614947283992785
1993.0,1.464051185626511
1994.0,1.4656471031965748
1995.0,1.4676805886989492
1996.0,1.4694113926344525
1997.0,1.4711152443408895
1998.0,1.4728404190142448
1999.0,1.4741077794758197
2000.0,1.4754653436309393
2001.0,1.4764159924868447
2002.0,1.4785689090232363
2003.0,1.4823063685978437
2004.0,1.486010783222002
2005.0,1.4902193815838336
2006.0,1.4940227280346117
2007.0,1.4961711406090916
2008.0,1.4986492843829329
2009.0,1.5011003002379353
2010.0,1.5044730965897446
2011.0,1.5062549473379911
2012.0,1.5062656402826664
2013.0,1.5076363850205088
2014.0,1.508897722166632
2015.0,1.5098978462053254
2016.0,1.5129975521542
2017.0,1.5160065322379248
2018.0,1.5183735691588685
2019.0,1.5213555884285095
2020.0,1.5236234550356067
2021.0,1.5274979801057473
2022.0,1.5302886193761396
2023.0,1.5308116331031594
2024.0,1.5322519307557263
2025.0,1.5326840557484271
2026.0,1.5341561778995016
2027.0,1.5375762003650755
2028.0,1.5390745278224303
2029.0,1.5402951190210823
2030.0,1.5391233355950924
2031.0,1.5406835737736122
2032.0,1.5416330441581785
2033.0,1.5438915893248735
2034.0,1.5482534027992085
2035.0,1.548483469090683
2036.0,1.5490109229711158
2037.0,1.5493501848948943
2038.0,1.5480511912447414
2039.0,1.5489334404057733
2040.0,1.5505454928692282
2041.0,1.5524256664635976
2042.0,1.5567088082562526
2043.0,1.5586759550233227
2044.0,1.5597076786459914
2045.0,1.561023697583298
2046.0,1.5600111736938682
2047.0,1.5605018385576772
2048.0,1.5623254010288719
2049.0,1.5624900832627504
2050.0,1.5632649945614399
2051.0,1.563347535436469
2052.0,1.5635306026689628
2053.0,1.5623238707077387
2054.0,1.5633234412080275
2055.0,1.5661842986195267
2056.0,1.567767360310006
2057.0,1.5703933715536598
2058.0,1.5717194217507957
2059.0,1.5721499844813913
2060.0,1.5709624384834417
2061.0,1.5716096608206913
2062.0,1.5715366440281864
2063.0,1.5713271743401032
2064.0,1.5730580014042603
2065.0,1.5730915073733622
2066.0,1.5721417007242757
2067.0,1.5722554585823032
2068.0,1.5717455826383375
2069.0,1.5728317862095185
2070.0,1.5768533325484528
2071.0,1.5778607473273707
2072.0,1.5780609419180367
2073.0,1.5788445001013067
2074.0,1.5783335551593682
2075.0,1.5769363582107554
2076.0,1.5792491475969097
2077.0,1.5805320259381783
2078.0,1.5802131766899492
2079.0,1.5808722597736184
2080.0,1.5824240758722055
2081.0,1.5816359624350962
2082.0,1.58136520030386
2083.0,1.5815799047428418
2084.0,1.582070372282546
2085.0,1.5815851417950324
2086.0,1.5826730246358276
2087.0,1.5854520918529935
2088.0,1.5866418838273546
2089.0,1.5877066651932275
2090.0,1.5881452849080921
2091.0,1.589359429103123
2092.0,1.5904359372906132
2093.0,1.5902083286737765
2094.0,1.5925012427215897
2095.0,1.5934187592706028
2096.0,1.5932523371042462
2097.0,1.5938460692687317
2098.0,1.5950087856407813
2099.0,1.59536403220306
2100.0,1.5954131957399063
2101.0,1.5954080806925186
2102.0,1.5952086465928537
2103.0,1.5950893413622782
2104.0,1.594486961094305
2105.0,1.5949442120986992
2106.0,1.596305556758998
2107.0,1.5969001548231074
2108.0,1.597958710333225
2109.0,1.59762205360907
2110.0,1.5967021628863898
2111.0,1.5963046813993425
2112.0,1.597426607156985
2113.0,1.5982405072284076
2114.0,1.59779487739434
2115.0,1.5967374137357424
2116.0,1.5962231650948235
2117.0,1.5943384984186126
2118.0,1.5939074646252094
2119.0,1.5945202958268858
2120.0,1.5957284024737626
2121.0,1.598349505775207
2122.0,1.5994558598071364
2123.0,1.6011054642891
2124.0,1.6013238832912693
2125.0,1.600038010164108
2126.0,1.5978067790799149
2127.0,1.59537330980167
2128.0,1.5961623888197158
2129.0,1.5973673168484224
2130.0,1.5972141588097377
2131.0,1.595224937237584
2132.0,1.5932253252510646
2133.0,1.5929822298237337
2134.0,1.5920808668499515
2135.0,1.592450047492501
2136.0,1.5967263646689371
2137.0,1.5972032164861045
2138.0,1.5955093716023692
2139.0,1.5949913904645543
2140.0,1.5936948083547469
2141.0,1.593016189360985
2142.0,1.5925765582273728
2143.0,1.5925567389396835
2144.0,1.5931934602510205
2145.0,1.5924346373395013
2146.0,1.5918194603882267
2147.0,1.5921511492185656
2148.0,1.5925554422720853
2149.0,1.5915513293845538
2150.0,1.5927090059098428
2151.0,1.5937139042506454
2152.0,1.59467184593446
2153.0,1.5966856275174555
2154.0,1.597602759769162
2155.0,1.5982228016966176
2156.0,1.5974029283687343
2157.0,1.5950137458497915
2158.0,1.593517633868593
2159.0,1.5913916555622338
2160.0,1.5899470522700492
2161.0,1.5885722067708892
2162.0,1.5877688905947709
2163.0,1.586988665869546
2164.0,1.5868122587605222
2165.0,1.5890299773153822
2166.0,1.589480962433704
2167.0,1.5885361641815698
2168.0,1.587427958485839
2169.0,1.584821798374226
2170.0,1.583488225092416
2171.0,1.582424085001118
2172.0,1.5826074062106605
2173.0,1.581862080424221
2174.0,1.5802237940830368
2175.0,1.5799560296386794
2176.0,1.5801398212154332
2177.0,1.5805227356873022
2178.0,1.5819664150522397
2179.0,1.5831653695824934
2180.0,1.5846669467827712
2181.0,1.5855259043851702
2182.0,1.5864224018414634
2183.0,1.5869070570940322
2184.0,1.5869968145733682
2185.0,1.5865950763882493
2186.0,1.5856592166474326
2187.0,1.5844032981712657
2188.0,1.583201206464251
2189.0,1.5822818880721456
2190.0,1.5828258573176432
2191.0,1.5850856983488757
2192.0,1.5847500460809782
2193.0,1.5839630360561294
2194.0,1.5821294976029572
2195.0,1.5761945072500432
2196.0,1.575123793283784
2197.0,1.5761782012439498
2198.0,1.5770081199191461
2199.0,1.5807570197395868
2200.0,1.5824922796021335
2201.0,1.5830312247415295
2202.0,1.5838703224029747
2203.0,1.5855435393810429
2204.0,1.5852970747569333
2205.0,1.5840091915429413
2206.0,1.5822910952169953
2207.0,1.5792174212351504
2208.0,1.576102638327304
2209.0,1.5738741541232693
2210.0,1.5740612688713453
2211.0,1.5757604938280914
2212.0,1.5787770516988238
2213.0,1.5814447422569755
2214.0,1.5816658966083517
2215.0,1.5810463794713838
2216.0,1.5789466334062303
2217.0,1.5780534799937682
2218.0,1.5781907998701494
2219.0,1.5769467433748594
2220.0,1.5753981362150387
2221.0,1.573822060626052
2222.0,1.5713741404553945
2223.0,1.5692772370315096
2224.0,1.567406434823674
2225.0,1.565785874493876
2226.0,1.561635344764398
2227.0,1.5619636108917703
2228.0,1.5657763890127485
2229.0,1.5677426586496233
2230.0,1.5742721443781766
2231.0,1.5763558160751479
2232.0,1.5745286215139163
2233.0,1.573279799167257
2234.0,1.5714779017096163
2235.0,1.572236943366024
2236.0,1.5731225725498292
2237.0,1.57103624056954
2238.0,1.566752612897574
2239.0,1.560611310766565
2240.0,1.5553063757783525
2241.0,1.553514674433481
2242.0,1.554251537249017
2243.0,1.5538475274031656
2244.0,1.5546105051075647
2245.0,1.5526822917242733
2246.0,1.5514595833688638
2247.0,1.5503195357187003
2248.0,1.5486821217919347
2249.0,1.546270630974995
2250.0,1.5447369482611761
2251.0,1.542876460154271
2252.0,1.540845120487839
2253.0,1.5390815403475882
2254.0,1.5387070583719005
2255.0,1.5381670326580743
2256.0,1.5375215393736363
2257.0,1.5397923364460369
2258.0,1.5385530100794944
2259.0,1.5341130433761825
2260.0,1.5321915909459407
2261.0,1.5296840468501498
2262.0,1.5279667288648333
2263.0,1.5280453915603966
2264.0,1.527285237082217
2265.0,1.527442499505788
2266.0,1.525945415665656
2267.0,1.5232695538380425
2268.0,1.524375260406693
2269.0,1.5253569848360566
2270.0,1.5251136404544707
2271.0,1.5234323435890822
2272.0,1.5221426727189913
2273.0,1.523355306901344
2274.0,1.5228366168621765
2275.0,1.5232131579290664
2276.0,1.5221699825026183
2277.0,1.5210440793616957
2278.0,1.516908069122787
2279.0,1.5152652817351497
2280.0,1.5148842328416379
2281.0,1.516511106166582
2282.0,1.5194427602386902
2283.0,1.5208650068929672
2284.0,1.5242779601541994
2285.0,1.5257607063249106
2286.0,1.5261926134772572
2287.0,1.5254039134971304
2288.0,1.523235182047082
2289.0,1.5208329348525493
2290.0,1.5145592863744402
2291.0,1.5114515527324082
2292.0,1.5098845468258368
2293.0,1.5104607921721005
2294.0,1.5169835788570976
2295.0,1.5180992546113554
2296.0,1.5171883559194037
2297.0,1.516014654675637
2298.0,1.5141110036084695
2299.0,1.5090773274409963
2300.0,1.5119204379800988
2301.0,1.5155143159137705
2302.0,1.5109022317843221
2303.0,1.5101048498429892
2304.0,1.5087794287211316
2305.0,1.502313172657649
2306.0,1.5037631985549014
2307.0,1.5048165909417064
2308.0,1.5022469214471934
2309.0,1.506068915344376
2310.0,1.5077217517354697
2311.0,1.5066550071185991
2312.0,1.5062963755841385
2313.0,1.5061318888746948
2314.0,1.510968872528993
2315.0,1.5156864638512897
2316.0,1.5196365656358255
2317.0,1.524176731501395
2318.0,1.5263528563634257
2319.0,1.527963185885499
2320.0,1.526822248222087
2321.0,1.5228902017830055
2322.0,1.520796012305783
2323.0,1.5170132110926664
2324.0,1.5141016275306691
2325.0,1.51314145821813
2326.0,1.5124742231038604
2327.0,1.509640593721547
2328.0,1.5093848838012836
2329.0,1.5119724041502607
2330.0,1.5143751836709818
2331.0,1.5179542832210215
2332.0,1.5201506494755854
2333.0,1.525030500776245
2334.0,1.5248185615417948
2335.0,1.5195773399780654
2336.0,1.5152180669254764
2337.0,1.504489751579689
2338.0,1.503544853594373
2339.0,1.5096928935414882
2340.0,1.5146502327291556
2341.0,1.5271295771261426
2342.0,1.5331195572440748
2343.0,1.536903084067737
2344.0,1.536008326515536
2345.0,1.528408547404868
2346.0,1.5237447973770324
2347.0,1.5164520127085532
2348.0,1.5088993584858612
2349.0,1.5032638629300157
2350.0,1.5052247858336565
2351.0,1.5100219887110782
2352.0,1.5106903788376111
2353.0,1.5133450211399877
2354.0,1.5153942770243427
2355.0,1.5189183715145194
2356.0,1.522386999750938
2357.0,1.5260513512708236
2358.0,1.526759935338258
2359.0,1.5134143911143871
2360.0,1.5028562937151
2361.0,1.4974108495004619
2362.0,1.4926654125767893
2363.0,1.495904011082205
2364.0,1.5003244692915594
2365.0,1.50107277896482
2366.0,1.504665143044852
2367.0,1.5106054808971474
2368.0,1.5102810093736208
2369.0,1.5100015877042108
2370.0,1.5096264762042795
2371.0,1.505845279289938
2372.0,1.5044578781903293
2373.0,1.5030014608643834
2374.0,1.5005710664299332
2375.0,1.4995260788238183
2376.0,1.498679833701093
2377.0,1.4926246930008868
2378.0,1.4868221543158207
2379.0,1.4868955301448152
2380.0,1.4880715798441642
2381.0,1.497448579020685
2382.0,1.503486539420777
2383.0,1.4969139591217144
2384.0,1.4937412310528035
2385.0,1.4937143431880247
2386.0,1.491848196080152
2387.0,1.487676710795223
2388.0,1.4861570970792217
2389.0,1.479106696958378
2390.0,1.4770154037950085
2391.0,1.4848165328793992
2392.0,1.479931914859614
2393.0,1.4802628075145543
2394.0,1.4841296094938579
2395.0,1.4820207017028069
2396.0,1.488107880496362
2397.0,1.4892099660396954
2398.0,1.480029074389916
2399.0,1.4766533557510992
2400.0,1.4697957469072045
2401.0,1.4596400872607407
2402.0,1.4604252914919984
2403.0,1.4529283277366625
2404.0,1.4506129942288448
2405.0,1.45654002881731
2406.0,1.452198843781475
2407.0,1.4511732477894619
2408.0,1.4467347934237433
2409.0,1.4409366309873095
2410.0,1.425635464918018
2411.0,1.4081492859539546
2412.0,1.4016533396646034
2413.0,1.4005037808649883
2414.0,1.411936802544267
2415.0,1.4216074908462286
2416.0,1.4293678825094904
2417.0,1.4180906887841855
2418.0,1.4097939729498439
2419.0,1.4102067075777514
2420.0,1.396494721154353
2421.0,1.4101070106851608
2422.0,1.40870719509409
2423.0,1.3943978829213437
2424.0,1.4020073412352703
2425.0,1.385344564160258
2426.0,1.3795469424401656
2427.0,1.385725668522628
2428.0,1.372618009577587
2429.0,1.3817743991902391
2430.0,1.3864324979465903
2431.0,1.3771796885690404
2432.0,1.38907183423165
2433.0,1.3856630181777156
2434.0,1.3801508269157183
2435.0,1.3833734685860695
2436.0,1.382401858907785
2437.0,1.38232867751745
2438.0,1.3820319846882532
2439.0,1.3886584993521256
2440.0,1.393923764210143
2441.0,1.3987449109372987
2442.0,1.3873701163647725
2443.0,1.3546033095106929
2444.0,1.3319055613061483
2445.0,1.3273737927685254
2446.0,1.342685106216546
2447.0,1.386876787733965
2448.0,1.415171882745527
2449.0,1.4090458931317944
2450.0,1.390765404320636
2451.0,1.3557399749855148
2452.0,1.3333075764651479
2453.0,1.324735192351289
2454.0,1.3238540109918402
2455.0,1.315501807042376
2456.0,1.3090379199929914
2457.0,1.3250828441320504
2458.0,1.3258487969741655
2459.0,1.330473352500854
2460.0,1.330252226248845
2461.0,1.302164367383541
2462.0,1.2736882591276322
2463.0,1.2594282579644485
2464.0,1.269903466146748
2465.0,1.2935510654609208
2466.0,1.3230737445014116
2467.0,1.3458075902707538
2468.0,1.3573489917595685
2469.0,1.3549078634645777
2470.0,1.344258497998676
2471.0,1.3514439922673231
2472.0,1.3498529597631843
2473.0,1.3553792021585511
2474.0,1.339906714166078
2475.0,1.2842263787027206
2476.0,1.2684297854657625
2477.0,1.2583608893675935
2478.0,1.2688528849765492
2479.0,1.334999676483779
2480.0,1.3704124831929427
2481.0,1.405505520704398
2482.0,1.4122861936919502
2483.0,1.3958887807625011
2484.0,1.3649687121214809
2485.0,1.2873389291054522
2486.0,1.262512328974912
2487.0,1.2487154453287783
2488.0,1.2425373288481567
2489.0,1.272501723656085
2490.0,1.2931505806394255
2491.0,1.3254876038948855
2492.0,1.321979031376147
2493.0,1.3060948422580152
2494.0,1.282076672971885
2495.0,1.2067482900866653
2496.0,1.2035770153685672
2497.0,1.244494767254477
2498.0,1.2478977908027473
2499.0,1.2725474507423593
2500.0,1.2591504277512782
