350.0,-0.11439346020362019
351.0,-0.08352289706773298
352.0,-0.045316660791258415
353.0,-0.021772649128905214
354.0,-0.020046723172794056
355.0,0.0008993792644060694
356.0,0.047602018239100624
357.0,-0.020444234735643285
358.0,-0.009964779988014134
359.0,0.016352938707872945
360.0,-0.03696477505843996
361.0,-0.0040057798075556665
362.0,0.020062714914891998
363.0,0.02124444339869088
364.0,0.021800693056241
365.0,-0.004342966965186366
366.0,-0.01712666901796033
367.0,-0.01027669706860359
368.0,-0.006963397758122727
369.0,0.021695531338320997
370.0,0.030132270928236882
371.0,0.01903922780214594
372.0,0.04614833250242643
373.0,0.03323479689575968
374.0,0.012485710725631455
375.0,0.010132228625294408
376.0,0.009298583792690366
377.0,0.017167659218680992
378.0,0.02178323130251144
379.0,0.01603902364712501
380.0,0.01831116488325891
381.0,0.020231718859219056
382.0,0.026036044572428783
383.0,0.0384100675965882
384.0,0.03632501269165849
385.0,0.03120352411502805
386.0,0.031126065515858038
387.0,0.037130552329368835
388.0,0.022084624614572175
389.0,0.019332149625731196
390.0,0.03198472556465966
391.0,0.03297783394776952
392.0,0.03334215990568858
393.0,0.03341558774145596
394.0,0.03279770515420421
395.0,0.031889111252551554
396.0,0.031881497135698836
397.0,0.036346734139833095
398.0,0.042955728091417684
399.0,0.033694895496374486
400.0,0.02792874503631597
401.0,0.02908833959393084
402.0,0.034416993287036596
403.0,0.04219719666172264
404.0,0.04131969016581234
405.0,0.03613271519369531
406.0,0.03771902674911216
407.0,0.037518988802649984
408.0,0.036501603950359666
409.0,0.03524165321500248
410.0,0.033465345516103175
411.0,0.03739785452368825
412.0,0.04285914846309031
413.0,0.04516037518974564
414.0,0.041411173983350695
415.0,0.04074704837708679
416.0,0.04124890130604263
417.0,0.04019676667131996
418.0,0.042024433618132954
419.0,0.043986772109360764
420.0,0.04610827923761626
421.0,0.04851159426941028
422.0,0.04461504984500886
423.0,0.04261029411738885
424.0,0.04291650448009942
425.0,0.03953520236566607
426.0,0.03995653300121297
427.0,0.043214202295262016
428.0,0.04548266255556856
429.0,0.040393077517671724
430.0,0.04233014030391734
431.0,0.04591305530301654
432.0,0.0447223556407239
433.0,0.04444714728687995
434.0,0.045615022035726156
435.0,0.04600193033259156
436.0,0.04335883133213999
437.0,0.042947569664396695
438.0,0.044043778404211045
439.0,0.044896878437351996
440.0,0.04365990242035334
441.0,0.04435492337094587
442.0,0.046321258025307045
443.0,0.04737963816646977
444.0,0.043791115131225314
445.0,0.043433344562215453
446.0,0.04528940271816275
447.0,0.04594840319258744
448.0,0.043414271902313076
449.0,0.04427680274792433
450.0,0.04722048303069564
451.0,0.046753190842534514
452.0,0.044948684124890184
453.0,0.04373641870356792
454.0,0.043766289635485386
455.0,0.044128713824047816
456.0,0.04482229287482486
457.0,0.04519892711121085
458.0,0.045031063599770306
459.0,0.04536527260333931
460.0,0.04622556539191797
461.0,0.04600915685471716
462.0,0.04362192183542829
463.0,0.04407665265507767
464.0,0.0452291113438952
465.0,0.04580896102941608
466.0,0.045781442879206
467.0,0.04579483646797284
468.0,0.045123076699580565
469.0,0.04396698670261656
470.0,0.04460074451540123
471.0,0.045895496617082136
472.0,0.04657108498776871
473.0,0.04596159260198446
474.0,0.046129017234058274
475.0,0.0452547951986322
476.0,0.04419926326103303
477.0,0.0451942916941736
478.0,0.04499265865599113
479.0,0.045076724117638786
480.0,0.04615878067146089
481.0,0.047034416729045334
482.0,0.04649078504837778
483.0,0.0459041004148542
484.0,0.04642116716894651
485.0,0.04602119884618159
486.0,0.04568133299255057
487.0,0.04543468187121738
488.0,0.04500660967068722
489.0,0.046184343890204684
490.0,0.04673416412218318
491.0,0.046048148390614
492.0,0.046020597334850276
493.0,0.04560470842391317
494.0,0.04513131501911127
495.0,0.04520771487812906
496.0,0.04651072218757647
497.0,0.047074609142272066
498.0,0.046840943775282085
499.0,0.04668242321796959
500.0,0.04653565486344885
501.0,0.04661966381901054
502.0,0.04680695456119877
503.0,0.04658317958430791
504.0,0.046427405562058474
505.0,0.04673020307409745
506.0,0.04735973484601016
507.0,0.04681202936942639
508.0,0.04653556357795867
509.0,0.04657165954330067
510.0,0.04644492301396339
511.0,0.047087240373691344
512.0,0.04731387489532906
513.0,0.04695890076445784
514.0,0.04717173195562784
515.0,0.04713960074506854
516.0,0.04699435748927185
517.0,0.04690030546439444
518.0,0.046460737748803056
519.0,0.046721245160300115
520.0,0.047111818888839946
521.0,0.04661172338432077
522.0,0.04700351343389424
523.0,0.047407267325461716
524.0,0.047321504506803884
525.0,0.04699211989904537
526.0,0.04723855972256003
527.0,0.047647754934143
528.0,0.04765042586739959
529.0,0.04705490847858283
530.0,0.04706255327324173
531.0,0.04744601752230609
532.0,0.04732068506247846
533.0,0.047390150026348235
534.0,0.047604784928837234
535.0,0.04787227767976712
536.0,0.048160226472097445
537.0,0.048078227286066824
538.0,0.04783117213938818
539.0,0.04768398227122254
540.0,0.047442879116141035
541.0,0.04764459229147386
542.0,0.04816558166413086
543.0,0.04844663091402006
544.0,0.04821788640830744
545.0,0.04798120710471451
546.0,0.0480141221264161
547.0,0.04805641371478856
548.0,0.048124050962434835
549.0,0.048084359739382104
550.0,0.047919599553778336
551.0,0.048271200994876425
552.0,0.04841745765917547
553.0,0.048223977791359444
554.0,0.04807631289468172
555.0,0.048182444376144544
556.0,0.048406499018051
557.0,0.04859380687531965
558.0,0.04870346872716288
559.0,0.048595808502160893
560.0,0.048526464857019995
561.0,0.04874939006093038
562.0,0.048627010505541406
563.0,0.04837327085080004
564.0,0.048314692652816016
565.0,0.048802258651776315
566.0,0.04922258544034962
567.0,0.049426005415130786
568.0,0.049427627294958594
569.0,0.04937864289094612
570.0,0.04918364835722498
571.0,0.04895184776753621
572.0,0.04892158207690942
573.0,0.04952885043145286
574.0,0.0498008110611822
575.0,0.04943733188138608
576.0,0.04924648867894995
577.0,0.04930107389923189
578.0,0.04935748115055827
579.0,0.049263915673135726
580.0,0.049653771229360016
581.0,0.0498730287992911
582.0,0.04975046824445192
583.0,0.04952687256427693
584.0,0.04977472135824277
585.0,0.05016684591468156
586.0,0.05038597681172049
587.0,0.050373655646800436
588.0,0.050375118162557665
589.0,0.05041883798167691
590.0,0.05044214416409622
591.0,0.05033719537303995
592.0,0.050339329703320695
593.0,0.05044878024196515
594.0,0.050437588728450417
595.0,0.050673515644458676
596.0,0.05085264342827741
597.0,0.05078590121645495
598.0,0.05096116973494058
599.0,0.05104542490503342
600.0,0.05101214429939317
601.0,0.05099052308418158
602.0,0.05106482772302075
603.0,0.051125323987922716
604.0,0.051175059719583235
605.0,0.05140572255665791
606.0,0.051434367787542776
607.0,0.05138080587088252
608.0,0.051457105385253187
609.0,0.05167758062530136
610.0,0.05176433950488207
611.0,0.05172359791079382
612.0,0.05177454656071077
613.0,0.05193408779336052
614.0,0.052214128305942124
615.0,0.05245346727588521
616.0,0.05208398204771889
617.0,0.05226036057880589
618.0,0.052576932185930424
619.0,0.052312363249390946
620.0,0.05252284952838968
621.0,0.0527671442402794
622.0,0.05283762882999007
623.0,0.05286981009526637
624.0,0.05277829631314574
625.0,0.05275772147219152
626.0,0.05294713536535858
627.0,0.05318224893578989
628.0,0.05330875855578919
629.0,0.05338138659959278
630.0,0.05354817141325046
631.0,0.0536073964217236
632.0,0.053604859124669245
633.0,0.053594824510019325
634.0,0.05359431405107877
635.0,0.053723997215747485
636.0,0.05391066092508487
637.0,0.05405839908524122
638.0,0.05429541185016978
639.0,0.054343251730032176
640.0,0.05431219189634213
641.0,0.05460078116849477
642.0,0.054609233767480204
643.0,0.054684732003972406
644.0,0.05501436789296792
645.0,0.05502845163267737
646.0,0.05508278953075858
647.0,0.05522089636783249
648.0,0.055356603543876504
649.0,0.05538885022345687
650.0,0.055654872269200094
651.0,0.05606618876796641
652.0,0.055999521077661187
653.0,0.056080079909896184
654.0,0.0562034600548186
655.0,0.05619992190312078
656.0,0.056287290109928674
657.0,0.056321640959519005
658.0,0.05638953459772868
659.0,0.05667617660040135
660.0,0.056819755286265136
661.0,0.056955352646101035
662.0,0.05711867622826883
663.0,0.05703324835602102
664.0,0.05724807262104731
665.0,0.05758388116563319
666.0,0.05767852264734821
667.0,0.05750930513357849
668.0,0.05761602828864226
669.0,0.05803806147784459
670.0,0.058334865498513216
671.0,0.058394813550203865
672.0,0.05850766284406317
673.0,0.05882183491862049
674.0,0.05892251129674518
675.0,0.05906825439117477
676.0,0.059245086145154516
677.0,0.05934392985661347
678.0,0.059478692962846934
679.0,0.05957930104112852
680.0,0.059712868823940966
681.0,0.06013709993215352
682.0,0.06041479868300344
683.0,0.06046756391185317
684.0,0.06038835073258518
685.0,0.06047064384616166
686.0,0.060602606483273674
687.0,0.060838037884317325
688.0,0.06130065812940878
689.0,0.061730973184822346
690.0,0.06183779853908745
691.0,0.06164893530056878
692.0,0.06172828705906209
693.0,0.062011583551434685
694.0,0.06226129380428643
695.0,0.06232469824968257
696.0,0.0628450548943415
697.0,0.06306631894820318
698.0,0.06292990830053909
699.0,0.06304109112212997
700.0,0.06338344105946614
701.0,0.06367114148897376
702.0,0.06378954077029483
703.0,0.06420036340022567
704.0,0.06430116621347787
705.0,0.06437117507519864
706.0,0.06487798581104914
707.0,0.06491876567419948
708.0,0.06502268336857708
709.0,0.06534552191077499
710.0,0.06548962797718
711.0,0.06577591261327738
712.0,0.06607786371822609
713.0,0.06624143640463846
714.0,0.06632464894510215
715.0,0.06645870281866155
716.0,0.06669250831749744
717.0,0.06701483500000328
718.0,0.06740603058053249
719.0,0.06767929569417945
720.0,0.06780414156277867
721.0,0.0679955918828616
722.0,0.06832962738908217
723.0,0.06854934821047885
724.0,0.06853601089661185
725.0,0.06910321743278978
726.0,0.06938746677495353
727.0,0.06932160988190092
728.0,0.06942302107126375
729.0,0.0697051460552777
730.0,0.0701170075219661
731.0,0.0705549306244588
732.0,0.07085671658752526
733.0,0.071087490816631
734.0,0.07129328969845876
735.0,0.07152292599979695
736.0,0.07184386069978745
737.0,0.0721933211754615
738.0,0.07249641227878645
739.0,0.0726905259862235
740.0,0.07296644853751005
741.0,0.07321410177372431
742.0,0.07337715227084152
743.0,0.07360190796526983
744.0,0.0739857851095945
745.0,0.07439190291282505
746.0,0.07468330272786629
747.0,0.07525684151636435
748.0,0.07568223284770256
749.0,0.07582382737735673
750.0,0.0758789014538774
751.0,0.07616126808461345
752.0,0.07641552204334198
753.0,0.0765713878839407
754.0,0.07729144316401133
755.0,0.07775144959115483
756.0,0.07798337511523755
757.0,0.07828049996913615
758.0,0.07835224809857466
759.0,0.07862975798360661
760.0,0.0791205282499823
761.0,0.07940912791398834
762.0,0.07992103830148872
763.0,0.08042159870814511
764.0,0.08070813212176971
765.0,0.08092740643112623
766.0,0.08108738644936699
767.0,0.08134062022697458
768.0,0.08182102441880239
769.0,0.08229136114904573
770.0,0.08277627513267062
771.0,0.08322569776208659
772.0,0.08351455078176075
773.0,0.0836626254052833
774.0,0.0838273342833135
775.0,0.084129103416044
776.0,0.08456952849822608
777.0,0.08493451865430605
778.0,0.08531413187716136
779.0,0.08584360684212167
780.0,0.08625089052905854
781.0,0.08647539045261188
782.0,0.08666934426521174
783.0,0.08713659855782903
784.0,0.08770365813066423
785.0,0.08822856996918232
786.0,0.08865778412322502
787.0,0.08910675283307158
788.0,0.0894117273484129
789.0,0.08968590430844174
790.0,0.09010657603563373
791.0,0.090691511410645
792.0,0.0911854672354652
793.0,0.09157501069784162
794.0,0.09202107970161184
795.0,0.09229256829330063
796.0,0.09263270754291092
797.0,0.09313654028991573
798.0,0.09354729461425942
799.0,0.09406539756620458
800.0,0.09462006167836111
801.0,0.09508391042363905
802.0,0.09540422308531496
803.0,0.09573921607090086
804.0,0.09611717421049717
805.0,0.09649929049404181
806.0,0.09700747942540236
807.0,0.0975671790958083
808.0,0.09811106175852406
809.0,0.09861801407708658
810.0,0.09902085186256797
811.0,0.09937661212872378
812.0,0.09976585710354943
813.0,0.10024323485479222
814.0,0.1008199342594108
815.0,0.10140393988616388
816.0,0.10187703112188345
817.0,0.10226342553996073
818.0,0.10268766919060135
819.0,0.10319925239253021
820.0,0.1037577445881855
821.0,0.10416660112034798
822.0,0.10469863046340297
823.0,0.10539637414219714
824.0,0.10576266101661647
825.0,0.10613933336224562
826.0,0.10667478971687372
827.0,0.10735489599128382
828.0,0.10781267323537676
829.0,0.10836501977370976
830.0,0.10895026579183033
831.0,0.10933232918363665
832.0,0.10964029919249
833.0,0.11010927242770203
834.0,0.11076981297301076
835.0,0.11141375186507639
836.0,0.11191958874500378
837.0,0.11234080670315223
838.0,0.11278683595354122
839.0,0.11339999753057096
840.0,0.11401105877677342
841.0,0.11458444077743643
842.0,0.11511468422862241
843.0,0.11550186330479506
844.0,0.11613954371079431
845.0,0.11684289835020882
846.0,0.11718781165716965
847.0,0.11780808646743228
848.0,0.1185486863630257
849.0,0.11920556971049151
850.0,0.11964076153317782
851.0,0.12017544646732138
852.0,0.12083173986945907
853.0,0.12148520346802934
854.0,0.12182931591105119
855.0,0.12251580294916839
856.0,0.12333532333241232
857.0,0.12395676739082778
858.0,0.12468706232868569
859.0,0.12527737513745188
860.0,0.1256914468569341
861.0,0.12606439034300923
862.0,0.12676866462913652
863.0,0.12751013321899948
864.0,0.12825967307242592
865.0,0.12921877741065382
866.0,0.12972308070724264
867.0,0.12997880782926288
868.0,0.1303335321607818
869.0,0.13110132443464254
870.0,0.1319589440016738
871.0,0.13287621031800703
872.0,0.1337679699721505
873.0,0.13420220259624913
874.0,0.1345964213346606
875.0,0.13507768469365825
876.0,0.1356524962214922
877.0,0.13629629811087374
878.0,0.13715849820587103
879.0,0.13805295997064232
880.0,0.13867294338255853
881.0,0.13939937991898227
882.0,0.13986690901826218
883.0,0.14019214827204846
884.0,0.14095562487079205
885.0,0.14168508673675542
886.0,0.14259356023051353
887.0,0.14366605293095958
888.0,0.14441750837538317
889.0,0.1450128637772368
890.0,0.1454541100213541
891.0,0.14592717382878587
892.0,0.1471267929545767
893.0,0.14811810830978567
894.0,0.1488450495769523
895.0,0.14955418639268814
896.0,0.15044622294974727
897.0,0.15103754511894865
898.0,0.15139683937858225
899.0,0.1518961020169485
900.0,0.15283866268234703
901.0,0.15391720126455566
902.0,0.15484212507501605
903.0,0.15547395415283732
904.0,0.15637487842758965
905.0,0.15711372038547528
906.0,0.1575493128936402
907.0,0.15797282516394262
908.0,0.15885895129239982
909.0,0.15991599640807427
910.0,0.16082889229475478
911.0,0.16146652755423424
912.0,0.16205921749236094
913.0,0.16273192264196454
914.0,0.16355387062236237
915.0,0.1645415947902663
916.0,0.16547709657560955
917.0,0.1661839234713762
918.0,0.16669650511121817
919.0,0.16755464634442452
920.0,0.16816641679088912
921.0,0.168873488146213
922.0,0.1700534511978149
923.0,0.1710712895696273
924.0,0.1719942391073127
925.0,0.17287860325897322
926.0,0.1737291612018984
927.0,0.17424858034864366
928.0,0.1750328553721735
929.0,0.17591716446262193
930.0,0.17650814645693844
931.0,0.17793672422536747
932.0,0.17887012218307774
933.0,0.1792990893272281
934.0,0.18017117382372708
935.0,0.18113401641011231
936.0,0.1820203032488602
937.0,0.18293463662297554
938.0,0.18413218197742942
939.0,0.18510933117975217
940.0,0.18604014732462892
941.0,0.18703101495083296
942.0,0.18800412726896565
943.0,0.18867592737838923
944.0,0.18911583300693102
945.0,0.1897090048695936
946.0,0.1910130049055296
947.0,0.191829437580285
948.0,0.19280229211461228
949.0,0.19403341952107875
950.0,0.194518674322078
951.0,0.19524854650668008
952.0,0.1961539767654465
953.0,0.19695475380723587
954.0,0.19742566286132052
955.0,0.19864521730173523
956.0,0.19982607496543164
957.0,0.2005551848971376
958.0,0.20173062801592223
959.0,0.20247577364454633
960.0,0.2034003204410622
961.0,0.2047526232175762
962.0,0.2055493576443365
963.0,0.20639728208939848
964.0,0.20776277482223054
965.0,0.20938348415727176
966.0,0.20977643591230252
967.0,0.2106219706249723
968.0,0.21174093861305585
969.0,0.2126552983532605
970.0,0.2132671323379081
971.0,0.21465037530422093
972.0,0.21607144203823553
973.0,0.2167956594942074
974.0,0.21705698034163576
975.0,0.21806579049588407
976.0,0.21899997158793683
977.0,0.21934387556077975
978.0,0.22017995634817833
979.0,0.22114317625756946
980.0,0.222778556340676
981.0,0.2248587733815837
982.0,0.22554038865041093
983.0,0.2264083188674063
984.0,0.22700362817992784
985.0,0.22739464572701262
986.0,0.2291965232107737
987.0,0.2311318949438578
988.0,0.23235429542247113
989.0,0.2329568994254349
990.0,0.23418215569758244
991.0,0.23421876814793746
992.0,0.23446600656587321
993.0,0.23580022952545604
994.0,0.23746151105464
995.0,0.23940283370158885
996.0,0.24064719330540632
997.0,0.24142430883502056
998.0,0.24320077339745097
999.0,0.24289298567375361
1000.0,0.24340420614013844
1001.0,0.25809310887650344
1002.0,0.25825767925102566
1003.0,0.25883493641615174
1004.0,0.2594922954778893
1005.0,0.2618113970810044
1006.0,0.26032765468090185
1007.0,0.2605389189269697
1008.0,0.2628434829144945
1009.0,0.2632613096570164
1010.0,0.2641791086174851
1011.0,0.265845055976129
1012.0,0.26768938799176983
1013.0,0.26799303115714634
1014.0,0.268527429960593
1015.0,0.2701436256709895
1016.0,0.27073601714656703
1017.0,0.269500662194591
1018.0,0.2701402478694307
1019.0,0.27232171473948347
1020.0,0.27398843135924245
1021.0,0.2766140036048992
1022.0,0.27901174849058125
1023.0,0.2791395741061867
1024.0,0.27990295407692384
1025.0,0.28100260819873574
1026.0,0.2813430899179471
1027.0,0.28381872803857905
1028.0,0.28663287055303177
1029.0,0.28843771398344653
1030.0,0.28954751561020325
1031.0,0.29189648505106236
1032.0,0.29263588711380234
1033.0,0.2922664700081542
1034.0,0.2941317211555694
1035.0,0.2952626092433324
1036.0,0.2951513855082033
1037.0,0.29624315376484445
1038.0,0.29720457805555617
1039.0,0.2969419047411321
1040.0,0.2984491709389237
1041.0,0.3003031547262801
1042.0,0.300530260838315
1043.0,0.3013402370475535
1044.0,0.30209628413541906
1045.0,0.30284197393228246
1046.0,0.3061093916786251
1047.0,0.3092413264824474
1048.0,0.3099527592390458
1049.0,0.31279321501445284
1050.0,0.3137873301588661
1051.0,0.3122705308838712
1052.0,0.31289809557125353
1053.0,0.3133781687278148
1054.0,0.31271913588679073
1055.0,0.31461953988231256
1056.0,0.31672971315864284
1057.0,0.3205095565450097
1058.0,0.3225823704389617
1059.0,0.32391862584327263
1060.0,0.32463887119120394
1061.0,0.32541270067840505
1062.0,0.32650948293995846
1063.0,0.32740163699349695
1064.0,0.32797343637288995
1065.0,0.32848318134429405
1066.0,0.32920302395387835
1067.0,0.3295081207534894
1068.0,0.32961198779014544
1069.0,0.33060550798231975
1070.0,0.33129743610568035
1071.0,0.3329533808897383
1072.0,0.3354562052835377
1073.0,0.3397974659270279
1074.0,0.3421631807738483
1075.0,0.34403779573303556
1076.0,0.34594826012456104
1077.0,0.3461560211045016
1078.0,0.3472754563776097
1079.0,0.348533956561611
1080.0,0.3493973356210546
1081.0,0.3503648051191395
1082.0,0.35076914558414846
1083.0,0.35284128278997423
1084.0,0.354480684037538
1085.0,0.3565948770672705
1086.0,0.3578032757968368
1087.0,0.35909037711329655
1088.0,0.35878752898220434
1089.0,0.35949660349744855
1090.0,0.36131817365296914
1091.0,0.3626061620421906
1092.0,0.3644724251859687
1093.0,0.3660691073420191
1094.0,0.36727228848816157
1095.0,0.3691941130019902
1096.0,0.3709000392543631
1097.0,0.3725529796870773
1098.0,0.37462672829459315
1099.0,0.37618462553450577
1100.0,0.37768653139921887
1101.0,0.3790696383038926
1102.0,0.38024547663313224
1103.0,0.3809943410399647
1104.0,0.3822385047911979
1105.0,0.38392128317502416
1106.0,0.3855357359366461
1107.0,0.3870242153652978
1108.0,0.3877914635613172
1109.0,0.38870050872836404
1110.0,0.3899690799798782
1111.0,0.3913091324671028
1112.0,0.392852222272973
1113.0,0.3950624740170427
1114.0,0.3965810045009185
1115.0,0.3977449389306745
1116.0,0.3990757197491473
1117.0,0.4002710128696885
1118.0,0.40141022613570143
1119.0,0.4024774142644227
1120.0,0.40390606025560183
1121.0,0.404599660942414
1122.0,0.40694000021602916
1123.0,0.4097925973989493
1124.0,0.4112313880460367
1125.0,0.4128355807757203
1126.0,0.41398162226022234
1127.0,0.415331850365903
1128.0,0.4165460629816011
1129.0,0.41769553137747784
1130.0,0.4186437789956039
1131.0,0.42006878796556113
1132.0,0.4212913359420123
1133.0,0.42294983311760825
1134.0,0.42541134847794415
1135.0,0.42779091316165246
1136.0,0.42928080031900057
1137.0,0.43058794016461
1138.0,0.4320646817186336
1139.0,0.43351739613874146
1140.0,0.43511358756283475
1141.0,0.4373665449642837
1142.0,0.43904534548775337
1143.0,0.4402696143704684
1144.0,0.44177076227146617
1145.0,0.4432514113639043
1146.0,0.4446419313768319
1147.0,0.4463295875174086
1148.0,0.44778717806529145
1149.0,0.4489760980802286
1150.0,0.45018037724815063
1151.0,0.4520121052884456
1152.0,0.45303993317890623
1153.0,0.45380279667341195
1154.0,0.45536592010027444
1155.0,0.4569815158464512
1156.0,0.45869503816694696
1157.0,0.4605581767753189
1158.0,0.46343239313517115
1159.0,0.46515875226052084
1160.0,0.4660209366031353
1161.0,0.4673867338900813
1162.0,0.4684953510022152
1163.0,0.46992079717260576
1164.0,0.4718406234247716
1165.0,0.4735496437496486
1166.0,0.4755243852166281
1167.0,0.4767281062878754
1168.0,0.4783267289067317
1169.0,0.48016762803015833
1170.0,0.48137025786266896
1171.0,0.48316178666719983
1172.0,0.4843151007445423
1173.0,0.48462294691685953
1174.0,0.48569375720125246
1175.0,0.4867817814245761
1176.0,0.48824414770833713
1177.0,0.4902529388915154
1178.0,0.4921105791465555
1179.0,0.4941478726663258
1180.0,0.4960895746002273
1181.0,0.49818329527523064
1182.0,0.5000863671331217
1183.0,0.5013007171585635
1184.0,0.5026788726902391
1185.0,0.5036908448161453
1186.0,0.5049089104126337
1187.0,0.5065824384634219
1188.0,0.5087634060645384
1189.0,0.5108714741164012
1190.0,0.5136261659469251
1191.0,0.5152681307870575
1192.0,0.5164812713232988
1193.0,0.5177316808564634
1194.0,0.5179012054562573
1195.0,0.519172120394307
1196.0,0.5212262454400953
1197.0,0.522949951363078
1198.0,0.524920580942759
1199.0,0.526854732609556
1200.0,0.5284122909404743
1201.0,0.5302406874213491
1202.0,0.5320906702657814
1203.0,0.5336667180598373
1204.0,0.5355125167830588
1205.0,0.5374876511910421
1206.0,0.5392782968987981
1207.0,0.5412954276904044
1208.0,0.5429451898145009
1209.0,0.544205959202161
1210.0,0.5455413170838964
1211.0,0.5465652156167523
1212.0,0.5479386516870003
1213.0,0.5493709789827211
1214.0,0.5510299440820567
1215.0,0.5532122991743852
1216.0,0.5550706136572188
1217.0,0.5567529104666259
1218.0,0.5583225035444664
1219.0,0.5598402919039187
1220.0,0.5608572150797647
1221.0,0.5626901956956627
1222.0,0.5650859050124887
1223.0,0.5669472656814454
1224.0,0.5689826860245321
1225.0,0.5707724986611087
1226.0,0.5719497803629634
1227.0,0.5736319631280119
1228.0,0.575767230396399
1229.0,0.5775712114151447
1230.0,0.5795872302657005
1231.0,0.581145994792347
1232.0,0.5821219337875856
1233.0,0.5831250766849135
1234.0,0.585081878622449
1235.0,0.5869674913600724
1236.0,0.5886654092840713
1237.0,0.5908825612220788
1238.0,0.5926641520636725
1239.0,0.5936840226511108
1240.0,0.5953943670584244
1241.0,0.5978396515581059
1242.0,0.5995653105074639
1243.0,0.6011315010905872
1244.0,0.6024994821127133
1245.0,0.6029788165205835
1246.0,0.6043866455322293
1247.0,0.6060717292305259
1248.0,0.6079692728694435
1249.0,0.6107899504045488
1250.0,0.6131051110368538
1251.0,0.6154708001289634
1252.0,0.6173730302880686
1253.0,0.6192403437005586
1254.0,0.6209493729882178
1255.0,0.6224462967795414
1256.0,0.62360485952483
1257.0,0.6250398632252907
1258.0,0.626189151793808
1259.0,0.6277628345054076
1260.0,0.6298278404744712
1261.0,0.6315350520407915
1262.0,0.6332913606903888
1263.0,0.6349574469151085
1264.0,0.6365113135404206
1265.0,0.6379516471501095
1266.0,0.6392246170788287
1267.0,0.6405918037397573
1268.0,0.64154219699977
1269.0,0.6431010314960237
1270.0,0.6447071410844285
1271.0,0.6465306776613774
1272.0,0.6483717663712465
1273.0,0.6504967712239872
1274.0,0.652356644038763
1275.0,0.6542908043199497
1276.0,0.6559769839376679
1277.0,0.6574058181366627
1278.0,0.6589429139830503
1279.0,0.6603321812480595
1280.0,0.6618514095174596
1281.0,0.663458915654738
1282.0,0.6650774604063889
1283.0,0.6665855602617814
1284.0,0.6683516855630857
1285.0,0.6705736775619983
1286.0,0.6723562819081605
1287.0,0.6740241350482615
1288.0,0.6757382706503745
1289.0,0.6772582404044327
1290.0,0.6781546395359255
1291.0,0.6799939097874191
1292.0,0.6824120751975371
1293.0,0.6843090842126899
1294.0,0.6864598315791354
1295.0,0.6883042670855947
1296.0,0.6896542469851125
1297.0,0.6912573580103479
1298.0,0.692850902254709
1299.0,0.6946644111742415
1300.0,0.6965747164754045
1301.0,0.698477151571417
1302.0,0.7007327787708474
1303.0,0.7026979334729611
1304.0,0.7044114299331194
1305.0,0.7061850759744736
1306.0,0.7079263925663499
1307.0,0.7096054579030311
1308.0,0.7112691662459896
1309.0,0.7128550040387829
1310.0,0.714656720865507
1311.0,0.7164552051110452
1312.0,0.7183875790136484
1313.0,0.7205957014575372
1314.0,0.7226042180609935
1315.0,0.7243958844311518
1316.0,0.7265599742528159
1317.0,0.7291037939227809
1318.0,0.7311774046273601
1319.0,0.7334398748468544
1320.0,0.7352778713389273
1321.0,0.73645038312818
1322.0,0.737877048951249
1323.0,0.7391561368674084
1324.0,0.7406150652925795
1325.0,0.7419762286999437
1326.0,0.7436734445561229
1327.0,0.7455909653639954
1328.0,0.7479349195519966
1329.0,0.7497149120194815
1330.0,0.7516677568021416
1331.0,0.7531420287609596
1332.0,0.75394295739215
1333.0,0.7552304598207427
1334.0,0.7564152846747075
1335.0,0.7579682243017718
1336.0,0.7599397160249874
1337.0,0.7616016205058621
1338.0,0.7632268398349873
1339.0,0.7650125762829768
1340.0,0.7666958807039287
1341.0,0.7684967759667477
1342.0,0.7706257854676559
1343.0,0.7726019839994777
1344.0,0.7743928607511311
1345.0,0.7763111565011341
1346.0,0.7782947533184013
1347.0,0.780359278681835
1348.0,0.7822457286408344
1349.0,0.7841096698737838
1350.0,0.7859896594142649
1351.0,0.7878994944690366
1352.0,0.7894835149609825
1353.0,0.7911067471722345
1354.0,0.7923509507994103
1355.0,0.7927342070557433
1356.0,0.7941177874379175
1357.0,0.79572875676882
1358.0,0.7975267744911858
1359.0,0.8000968706417345
1360.0,0.8022030029570097
1361.0,0.8044211000821615
1362.0,0.8061539253794815
1363.0,0.8075090340920552
1364.0,0.8088555945553111
1365.0,0.8094578388258509
1366.0,0.8106906613351517
1367.0,0.8121218729973677
1368.0,0.8138460997649973
1369.0,0.8157895740042076
1370.0,0.818346330919971
1371.0,0.8201111443652149
1372.0,0.8217178043552017
1373.0,0.8234021153979731
1374.0,0.824818553791036
1375.0,0.8262942522038524
1376.0,0.8278330275734254
1377.0,0.8294389793123829
1378.0,0.8309178862977254
1379.0,0.8324662486496017
1380.0,0.8343186841381586
1381.0,0.8359499810127812
1382.0,0.8375233272952788
1383.0,0.8389150608489756
1384.0,0.840120633408257
1385.0,0.8413489363943258
1386.0,0.8421591852559973
1387.0,0.8433729865350726
1388.0,0.8448481455434304
1389.0,0.8463294499874024
1390.0,0.8480149076181204
1391.0,0.8499175120686714
1392.0,0.8512646343820682
1393.0,0.8524416502611359
1394.0,0.8535473184060502
1395.0,0.8541488496173408
1396.0,0.8553420751494065
1397.0,0.8567791393529126
1398.0,0.858124346957933
1399.0,0.8596733129395084
1400.0,0.8610684525267601
1401.0,0.862371138297043
1402.0,0.8636443049366533
1403.0,0.8649848606042004
1404.0,0.8662123772730521
1405.0,0.8672180236592302
1406.0,0.8684111851633248
1407.0,0.8696119451661014
1408.0,0.8708635761459954
1409.0,0.8721536558613687
1410.0,0.8735730351990635
1411.0,0.8753252143161439
1412.0,0.876698979033505
1413.0,0.8778350893731998
1414.0,0.8791396606126258
1415.0,0.8804117457877171
1416.0,0.8817300510993887
1417.0,0.8830054767348998
1418.0,0.8845845872498823
1419.0,0.8857618963826888
1420.0,0.8864647233435637
1421.0,0.8877000459863782
1422.0,0.8891602451251656
1423.0,0.8904794325647988
1424.0,0.8918147449034987
1425.0,0.893395699796836
1426.0,0.8949177624369439
1427.0,0.8966873406661237
1428.0,0.8990425547369411
1429.0,0.9008838730706638
1430.0,0.9024909925038702
1431.0,0.9042006477824626
1432.0,0.9057073942154537
1433.0,0.9073939489964035
1434.0,0.9093652959158877
1435.0,0.9110784043669522
1436.0,0.9128500841081231
1437.0,0.9143280230652899
1438.0,0.9152414800155068
1439.0,0.9166059832425861
1440.0,0.9182026765568969
1441.0,0.9194280143633904
1442.0,0.9211645365063811
1443.0,0.9227135796493016
1444.0,0.9241832688565312
1445.0,0.9253981416420302
1446.0,0.9269334677442392
1447.0,0.9286657516054824
1448.0,0.9301417258489457
1449.0,0.9317163141853707
1450.0,0.933008525277157
1451.0,0.9339153819357902
1452.0,0.9350639728470146
1453.0,0.9360656472932569
1454.0,0.9374068874698045
1455.0,0.9390822775747727
1456.0,0.9405368794839836
1457.0,0.9421969309526446
1458.0,0.9435915965783086
1459.0,0.9443900917299782
1460.0,0.9458461190128697
1461.0,0.9476754494167894
1462.0,0.949351815062743
1463.0,0.9514825612254635
1464.0,0.9532598945844816
1465.0,0.9547090518451978
1466.0,0.9561349877861504
1467.0,0.957366549072298
1468.0,0.9586332737066784
1469.0,0.9601777261941131
1470.0,0.96211271606184
1471.0,0.964126534363454
1472.0,0.9666888391033699
1473.0,0.9686952166690834
1474.0,0.9705674344469761
1475.0,0.9723399436570068
1476.0,0.9739707580396401
1477.0,0.9755126728009726
1478.0,0.9769347577150553
1479.0,0.9783409699485072
1480.0,0.9794490322401183
1481.0,0.9809963914642776
1482.0,0.9826950844377259
1483.0,0.9845220270111105
1484.0,0.9867837885941348
1485.0,0.9886680666843041
1486.0,0.9904503286070132
1487.0,0.9921860481877448
1488.0,0.9935797052229133
1489.0,0.9953332639339764
1490.0,0.9973151350884131
1491.0,0.9992459683172695
1492.0,1.0015347706333393
1493.0,1.0034134685106586
1494.0,1.0049575870440206
1495.0,1.0066015690005978
1496.0,1.007952186642794
1497.0,1.0095713762992002
1498.0,1.0117251392882318
1499.0,1.01336538458233
1500.0,1.0147919726725387
1501.0,1.0161491156365656
1502.0,1.0174306192878575
1503.0,1.018560293877504
1504.0,1.0198356503184092
1505.0,1.0213302255163328
1506.0,1.0226989529249586
1507.0,1.0238791748872713
1508.0,1.0253181650046117
1509.0,1.0268791695032449
1510.0,1.0285367358461728
1511.0,1.0303703348956068
1512.0,1.0320589464700545
1513.0,1.0338222666100032
1514.0,1.035542476453181
1515.0,1.0370215123700592
1516.0,1.0388565624050414
1517.0,1.041016244900168
1518.0,1.0428743360919612
1519.0,1.0447202177709707
1520.0,1.0466271377882976
1521.0,1.048291334531526
1522.0,1.0502086424736525
1523.0,1.0526518223664099
1524.0,1.0545165615766756
1525.0,1.0561352555707355
1526.0,1.057773336337648
1527.0,1.0590228657640692
1528.0,1.0604587615076932
1529.0,1.062061454902894
1530.0,1.0635548482118349
1531.0,1.0649756091852927
1532.0,1.0664407668285165
1533.0,1.0678186133682526
1534.0,1.0693356897088133
1535.0,1.0710565414594793
1536.0,1.0726068824860777
1537.0,1.0739479471976174
1538.0,1.0756498282765077
1539.0,1.0773703772923369
1540.0,1.0788436834392732
1541.0,1.0805002805878208
1542.0,1.0823560621399821
1543.0,1.0840725087001732
1544.0,1.0857233710318037
1545.0,1.0873455810794002
1546.0,1.0890290393298592
1547.0,1.0905035837318031
1548.0,1.091774199734468
1549.0,1.093237072115488
1550.0,1.0946092703745958
1551.0,1.0962002153355939
1552.0,1.098011331413791
1553.0,1.0996477987891833
1554.0,1.1014638784317161
1555.0,1.1028885447794816
1556.0,1.1039104711629815
1557.0,1.105333900021982
1558.0,1.1066029158403399
1559.0,1.108212766325253
1560.0,1.1104209302233552
1561.0,1.1121096744855323
1562.0,1.1136127623724403
1563.0,1.1152101540200334
1564.0,1.1166190866735917
1565.0,1.1181448956210096
1566.0,1.11988357883259
1567.0,1.1214329227632325
1568.0,1.122966529660719
1569.0,1.1242960168100886
1570.0,1.1252747212242906
1571.0,1.1266024534288883
1572.0,1.1281184197814111
1573.0,1.1293614914007217
1574.0,1.1305809453375413
1575.0,1.1319164824548238
1576.0,1.1330170523826635
1577.0,1.1342486390404403
1578.0,1.1357314372229168
1579.0,1.137230943069751
1580.0,1.1387457086510782
1581.0,1.140193899400664
1582.0,1.141705663360035
1583.0,1.1432279738956854
1584.0,1.1446983947521827
1585.0,1.1461100965460984
1586.0,1.1474573589008146
1587.0,1.1489513507827736
1588.0,1.1504572907748492
1589.0,1.1519668042655977
1590.0,1.1535387101452048
1591.0,1.1552453409381007
1592.0,1.157028458769335
1593.0,1.1588579723264734
1594.0,1.160554429793448
1595.0,1.1624788880491428
1596.0,1.1638764287998804
1597.0,1.1647958309544155
1598.0,1.1661754073524402
1599.0,1.1675737391525718
1600.0,1.168872591278799
1601.0,1.170300207531751
1602.0,1.1717025865908455
1603.0,1.1729349530168403
1604.0,1.174258346357412
1605.0,1.1758965059613822
1606.0,1.1770381494736204
1607.0,1.177746949576927
1608.0,1.1788663991315307
1609.0,1.1799078891108354
1610.0,1.181162599313882
1611.0,1.1829525841255373
1612.0,1.1840213866064007
1613.0,1.1846742106118742
1614.0,1.1856776487612528
1615.0,1.1863225729519475
1616.0,1.1875014374978052
1617.0,1.1892687552827736
1618.0,1.1906907286416244
1619.0,1.1921920921695548
1620.0,1.193519376223963
1621.0,1.1944954951024727
1622.0,1.1959581216689945
1623.0,1.1977689076476115
1624.0,1.1991823563318535
1625.0,1.2008017807103384
1626.0,1.202055872563242
1627.0,1.202779937388541
1628.0,1.2036960274037745
1629.0,1.2044936608457042
1630.0,1.2055496588902628
1631.0,1.20676926918208
1632.0,1.20778765648104
1633.0,1.2089075173698138
1634.0,1.2099761292708289
1635.0,1.2108122763660154
1636.0,1.2117720778884282
1637.0,1.212932151851997
1638.0,1.2139193301185478
1639.0,1.2149328802255988
1640.0,1.2156543789123004
1641.0,1.216045118028089
1642.0,1.216668660728364
1643.0,1.2170986176476721
1644.0,1.21775406854495
1645.0,1.2185027117427722
1646.0,1.2195789824444996
1647.0,1.2208493902719393
1648.0,1.2222358930117927
1649.0,1.2242897651548261
1650.0,1.2257804551051004
1651.0,1.2271693981386511
1652.0,1.228227975825108
1653.0,1.2288576234438315
1654.0,1.2294846088452904
1655.0,1.2299041776719115
1656.0,1.23024958579069
1657.0,1.2303408674934115
1658.0,1.2306839757192967
1659.0,1.2310066236264745
1660.0,1.2314404210439562
1661.0,1.2322018454157484
1662.0,1.2326877069890294
1663.0,1.232815384568911
1664.0,1.2334206395158986
1665.0,1.23410214572949
1666.0,1.2349719660342289
1667.0,1.2360461045452942
1668.0,1.2374655257937794
1669.0,1.2392862345834186
1670.0,1.2410622380533032
1671.0,1.243364813801978
1672.0,1.2452901281556223
1673.0,1.247038692164573
1674.0,1.2485536638280443
1675.0,1.2493580107382056
1676.0,1.251001443053595
1677.0,1.2528914419971653
1678.0,1.254916909988817
1679.0,1.2578891169483986
1680.0,1.2602293334862797
1681.0,1.2623544448171293
1682.0,1.264169877417601
1683.0,1.2658744033163283
1684.0,1.2671223783226582
1685.0,1.2675095332184114
1686.0,1.2684410445254148
1687.0,1.269081301745052
1688.0,1.270238493189843
1689.0,1.2721285319874232
1690.0,1.27369970981718
1691.0,1.2752137253389495
1692.0,1.2768985814181095
1693.0,1.2786556877814306
1694.0,1.2804228544824465
1695.0,1.282415856058057
1696.0,1.2842214467362667
1697.0,1.286149131537805
1698.0,1.2875810797231704
1699.0,1.2884133032517437
1700.0,1.2898623309133892
1701.0,1.2910976979644262
1702.0,1.2925547377817002
1703.0,1.294719642245083
1704.0,1.2964946724972333
1705.0,1.298201129459367
1706.0,1.299808399303935
1707.0,1.3016008684975684
1708.0,1.3027947836391616
1709.0,1.3034379181651876
1710.0,1.3039735991973715
1711.0,1.3037909260946148
1712.0,1.3042717539492406
1713.0,1.3049307809796094
1714.0,1.305823284863772
1715.0,1.3073534119120294
1716.0,1.3083683705402416
1717.0,1.3091621366399864
1718.0,1.3101528097095094
1719.0,1.3110384980742558
1720.0,1.3120340815780407
1721.0,1.3131963548554362
1722.0,1.3141401461125903
1723.0,1.3149383874108682
1724.0,1.315996465426168
1725.0,1.3171603100857519
1726.0,1.3183455610249661
1727.0,1.3195073450872483
1728.0,1.3208206278996866
1729.0,1.3225196712967249
1730.0,1.3237019443034617
1731.0,1.324908655093512
1732.0,1.3256423519917582
1733.0,1.3255240177231755
1734.0,1.3260117116739005
1735.0,1.3266304952027186
1736.0,1.3273997794793742
1737.0,1.328362370068268
1738.0,1.3293023670184867
1739.0,1.3304017015562688
1740.0,1.331302181004435
1741.0,1.331939399687361
1742.0,1.333170192286787
1743.0,1.3347088923978072
1744.0,1.3358405584722468
1745.0,1.3373432404046646
1746.0,1.3386010687001295
1747.0,1.3394091880603471
1748.0,1.340101997196564
1749.0,1.3406804376991523
1750.0,1.3415208801354723
1751.0,1.3421494722027312
1752.0,1.3429771355516857
1753.0,1.3442820744414887
1754.0,1.3445008105026892
1755.0,1.3454121223693334
1756.0,1.3460013331918714
1757.0,1.347287672279984
1758.0,1.3481926856849122
1759.0,1.3476354929374392
1760.0,1.3481261442940828
1761.0,1.3487712065707638
1762.0,1.3496050314377435
1763.0,1.3513550328026975
1764.0,1.3523096385462956
1765.0,1.352580732828509
1766.0,1.3528393393464213
1767.0,1.3532984106096182
1768.0,1.354343056566377
1769.0,1.3554070605610882
1770.0,1.3571331635988797
1771.0,1.358534471160746
1772.0,1.3588503320524201
1773.0,1.359834508134052
1774.0,1.360597904989305
1775.0,1.3610301932510338
1776.0,1.3620477497697916
1777.0,1.3627336390167002
1778.0,1.362524850994507
1779.0,1.3630660120006646
1780.0,1.3643761670626773
1781.0,1.3652360908048482
1782.0,1.3662868515869828
1783.0,1.3670664215806265
1784.0,1.3677654780189206
1785.0,1.3685605959834306
1786.0,1.368952314227848
1787.0,1.3702112225340646
1788.0,1.3713603415971145
1789.0,1.3718137659424987
1790.0,1.3738407036488511
1791.0,1.3747288139431784
1792.0,1.3747421084341667
1793.0,1.3754959040006605
1794.0,1.376133237786711
1795.0,1.3769148719978792
1796.0,1.3782442556426835
1797.0,1.3795734704211655
1798.0,1.3809079274692446
1799.0,1.3821130644332225
1800.0,1.38224825656004
1801.0,1.3750178577968506
1802.0,1.3760865237865967
1803.0,1.3754623950453262
1804.0,1.3762808284738497
1805.0,1.377963398150154
1806.0,1.3795001997033538
1807.0,1.3815916227628111
1808.0,1.382907238102668
1809.0,1.3842148365190643
1810.0,1.3851362050415639
1811.0,1.3855670090385745
1812.0,1.3858698960167568
1813.0,1.3847714341362019
1814.0,1.3853212929165135
1815.0,1.3866437787324257
1816.0,1.3887119339134726
1817.0,1.3900894639803025
1818.0,1.3929402231297914
1819.0,1.394136821574795
1820.0,1.3938105108787178
1821.0,1.3940310007767969
1822.0,1.3932782842192233
1823.0,1.3939765448983856
1824.0,1.3961638364785476
1825.0,1.3968484507373717
1826.0,1.3982430503954513
1827.0,1.400861551259764
1828.0,1.4028072648569347
1829.0,1.4046694856414805
1830.0,1.4056955231511838
1831.0,1.406591740696318
1832.0,1.4068971070588219
1833.0,1.4061583529524813
1834.0,1.405603029478386
1835.0,1.405946188995463
1836.0,1.4068204336660426
1837.0,1.4075913908673738
1838.0,1.4088551248176204
1839.0,1.410298977493053
1840.0,1.412399121938843
1841.0,1.4136605968351346
1842.0,1.4136816315985694
1843.0,1.4140923727517647
1844.0,1.4143764052523946
1845.0,1.4142057849389793
1846.0,1.4149987775570076
1847.0,1.4175261039694045
1848.0,1.418294642104292
1849.0,1.4181510051155048
1850.0,1.4186546222868994
1851.0,1.4185306507867597
1852.0,1.419981868347288
1853.0,1.4207125186924945
1854.0,1.4207893147317217
1855.0,1.420886964108881
1856.0,1.41916783828703
1857.0,1.4184972735595505
1858.0,1.4179466211381737
1859.0,1.417947943556072
1860.0,1.4188335780290358
1861.0,1.4186434861615103
1862.0,1.4181849991659081
1863.0,1.4172731300621693
1864.0,1.4149987178596293
1865.0,1.4140525267570552
1866.0,1.4148495360629834
1867.0,1.4160317191021805
1868.0,1.4164483985017424
1869.0,1.4180988451655914
1870.0,1.417556833052669
1871.0,1.4153454753982189
1872.0,1.4130644878354621
1873.0,1.4110087712344952
1874.0,1.4096150812480936
1875.0,1.4084847900824944
1876.0,1.4051253065291864
1877.0,1.4005454830121218
1878.0,1.3966984717318174
1879.0,1.3932506331493988
1880.0,1.390653000085151
1881.0,1.3867263852286578
1882.0,1.3828817379279512
1883.0,1.3782644832356896
1884.0,1.3723674818121985
1885.0,1.366612684793302
1886.0,1.3618073400806308
1887.0,1.3551660959286993
1888.0,1.3475450096770236
1889.0,1.339935456543453
1890.0,1.3323032355901747
1891.0,1.3241816366159662
1892.0,1.3167191729740664
1893.0,1.3083067255739922
1894.0,1.299549548650388
1895.0,1.290655210639902
1896.0,1.2799981545705172
1897.0,1.2701797323546633
1898.0,1.2608509350765018
1899.0,1.2506831305415462
1900.0,1.2419985103379385
1901.0,1.2327733337708529
1902.0,1.2236373294250371
1903.0,1.2142190155250638
1904.0,1.205476098597928
1905.0,1.1962938013274054
1906.0,1.1884984326979497
1907.0,1.1813845251103885
1908.0,1.1754434698832252
1909.0,1.170745991776895
1910.0,1.1671071663051888
1911.0,1.1653081911250873
1912.0,1.1624837968111446
1913.0,1.1595498447090367
1914.0,1.1567929743466308
1915.0,1.1536031526370367
1916.0,1.1502945400608986
1917.0,1.1490720988250445
1918.0,1.1482714949811923
1919.0,1.1483930408882392
1920.0,1.1475430539967975
1921.0,1.1463220460230263
1922.0,1.1458008121764383
1923.0,1.1443893157641223
1924.0,1.1437208959582372
1925.0,1.1437297765617556
1926.0,1.143859094528949
1927.0,1.14404446538256
1928.0,1.1449621632510516
1929.0,1.1462936327523996
1930.0,1.147213787105802
1931.0,1.1478057777980564
1932.0,1.1493023523108112
1933.0,1.1505935658844748
1934.0,1.1523665598127468
1935.0,1.1550108078843637
1936.0,1.1567858170828216
1937.0,1.1586082753964941
1938.0,1.1603879417963927
1939.0,1.1627214025979005
1940.0,1.1640713944096568
1941.0,1.165356806917829
1942.0,1.167552888587733
1943.0,1.1688091920144767
1944.0,1.1701407107164723
1945.0,1.1720457715308272
1946.0,1.1731455601471075
1947.0,1.174893072662979
1948.0,1.176793857698998
1949.0,1.1787981198944792
1950.0,1.1811626161751043
1951.0,1.1840581622724329
1952.0,1.186661054107707
1953.0,1.1897441757061051
1954.0,1.1921425468571534
1955.0,1.1937927699440856
1956.0,1.1952643721474507
1957.0,1.1959979950638755
1958.0,1.1964334527546232
1959.0,1.1979916366834626
1960.0,1.2006617286003203
1961.0,1.2023893833427313
1962.0,1.2038768411487584
1963.0,1.206642704079935
1964.0,1.2086766912117666
1965.0,1.2107993283815282
1966.0,1.213337779600162
1967.0,1.2161509161907047
1968.0,1.219704206700611
1969.0,1.221772014070405
1970.0,1.2240567983054658
1971.0,1.2260011903022143
1972.0,1.2272143835033016
1973.0,1.2263474339587281
1974.0,1.227962996924274
1975.0,1.2304168557222308
1976.0,1.2326316521517566
1977.0,1.2364636463910599
1978.0,1.2384005383118029
1979.0,1.2400606560862817
1980.0,1.2428738717432695
1981.0,1.2439290689180569
1982.0,1.2463429178630085
1983.0,1.2494073835223434
1984.0,1.2518447281275178
1985.0,1.2542301476060587
1986.0,1.2570011212267869
1987.0,1.2593728863655917
1988.0,1.261303982370869
1989.0,1.2629013192723006
1990.0,1.2653618856300057
1991.0,1.2688463031074926
1992.0,1.2709362897200154
1993.0,1.2730616650444344
1994.0,1.274696232034053
1995.0,1.2759288400790558
1996.0,1.2780009780340622
1997.0,1.2805551029026545
1998.0,1.2829362126508566
1999.0,1.2861947670629494
2000.0,1.288712100138418
2001.0,1.2905299434766948
2002.0,1.293032523972264
2003.0,1.29644626020657
2004.0,1.2987627859798994
2005.0,1.301059921182828
2006.0,1.3041591178523866
2007.0,1.3064412253142779
2008.0,1.3082558495919538
2009.0,1.3108742047034168
2010.0,1.3151265171772006
2011.0,1.317322966336349
2012.0,1.3183526979244038
2013.0,1.3198421253683144
2014.0,1.3206261213753219
2015.0,1.32127691503654
2016.0,1.323160357485576
2017.0,1.3267563980018189
2018.0,1.3285729263453658
2019.0,1.3297060409629293
2020.0,1.3304756519927514
2021.0,1.3290439062786066
2022.0,1.3309118373244382
2023.0,1.3332195996318101
2024.0,1.3350666306087189
2025.0,1.3381022157842033
2026.0,1.3410592952948446
2027.0,1.3435127574225663
2028.0,1.345619899944664
2029.0,1.3488005041317692
2030.0,1.3494140266011896
2031.0,1.3497229707106133
2032.0,1.3513411625042786
2033.0,1.3521900158996936
2034.0,1.3538540132324044
2035.0,1.3559529246594124
2036.0,1.357178016921969
2037.0,1.3584065673312167
2038.0,1.3597448755530095
2039.0,1.3612859278839533
2040.0,1.362644634947836
2041.0,1.363855504197269
2042.0,1.3652511023294653
2043.0,1.3664381156589465
2044.0,1.3672340398579164
2045.0,1.3676493031227996
2046.0,1.3699978364939827
2047.0,1.3725361008664503
2048.0,1.3735681370976847
2049.0,1.374939804057841
2050.0,1.3752090714003622
2051.0,1.3747218160794712
2052.0,1.375702968460356
2053.0,1.3777665011877196
2054.0,1.3797728034896015
2055.0,1.3828960847186644
2056.0,1.3853717109921482
2057.0,1.3889960028737227
2058.0,1.390449557398115
2059.0,1.3906609614775423
2060.0,1.3894083932831165
2061.0,1.3890667991647394
2062.0,1.3885196519462333
2063.0,1.390258184129532
2064.0,1.3929613829723515
2065.0,1.3931841453609817
2066.0,1.3926809884830764
2067.0,1.3934111936561207
2068.0,1.393403376492184
2069.0,1.394545678092434
2070.0,1.3983878268997885
2071.0,1.4001149016140395
2072.0,1.4008609401101864
2073.0,1.4015428702086856
2074.0,1.4013433782091202
2075.0,1.4012206470445554
2076.0,1.401397738132381
2077.0,1.4024254611294176
2078.0,1.4049501917624225
2079.0,1.4079766305972379
2080.0,1.4101522965454827
2081.0,1.4128137062951371
2082.0,1.413929739485065
2083.0,1.412548528363086
2084.0,1.4128757859584622
2085.0,1.4135053683612697
2086.0,1.4135670824892077
2087.0,1.4149442773747989
2088.0,1.4146345602498331
2089.0,1.4117273456092783
2090.0,1.411637034889354
2091.0,1.4113876890771457
2092.0,1.41015149961099
2093.0,1.412385850409423
2094.0,1.4131791535824239
2095.0,1.4143351856627886
2096.0,1.4171948355487007
2097.0,1.41870364998828
2098.0,1.4201979370640392
2099.0,1.4212421012472516
2100.0,1.421346377689193
2101.0,1.4219246198937894
2102.0,1.422460959390882
2103.0,1.4230362498828006
2104.0,1.4234921109014822
2105.0,1.4238695978462883
2106.0,1.423902101406615
2107.0,1.4251741053853177
2108.0,1.4246478997033925
2109.0,1.426531617136992
2110.0,1.4295057759122696
2111.0,1.4298791026529762
2112.0,1.4308277817637491
2113.0,1.4302802332521896
2114.0,1.4300932468166465
2115.0,1.4282061923305753
2116.0,1.428981842680702
2117.0,1.4317142862863386
2118.0,1.4333042735173775
2119.0,1.4355829114064675
2120.0,1.4368981021828653
2121.0,1.43717847183374
2122.0,1.43777722784605
2123.0,1.4389666794857614
2124.0,1.4396851621411557
2125.0,1.4404478863267918
2126.0,1.4395777793102291
2127.0,1.4395275063903694
2128.0,1.4377970785163283
2129.0,1.4365902552415144
2130.0,1.4358100098559927
2131.0,1.434897069109929
2132.0,1.4336948429326914
2133.0,1.4332423406115804
2134.0,1.4336478282659018
2135.0,1.4337279974658628
2136.0,1.434295549820165
2137.0,1.4343279780677578
2138.0,1.4332577125361534
2139.0,1.4326074852474064
2140.0,1.432723343840375
2141.0,1.4318154138333112
2142.0,1.429768023988846
2143.0,1.4293959685507986
2144.0,1.4292712538721715
2145.0,1.4283944121531957
2146.0,1.4296266544597171
2147.0,1.4316652252851674
2148.0,1.4310680149437773
2149.0,1.431275553279738
2150.0,1.4332580197332916
2151.0,1.434612817020761
2152.0,1.4353619262697936
2153.0,1.4374251724351597
2154.0,1.4377860187743514
2155.0,1.4356072857307518
2156.0,1.4346319561864527
2157.0,1.433196631411874
2158.0,1.4330270834768684
2159.0,1.4334939735187346
2160.0,1.4344411648400512
2161.0,1.4375018581830057
2162.0,1.4384521097276393
2163.0,1.438797289057772
2164.0,1.43859876297726
2165.0,1.4362069084249487
2166.0,1.436105985529949
2167.0,1.4363924446903258
2168.0,1.4370050507221115
2169.0,1.436634534668159
2170.0,1.435709000956119
2171.0,1.435540493991414
2172.0,1.433766731235009
2173.0,1.434634658656829
2174.0,1.4385068511588281
2175.0,1.4396753368144437
2176.0,1.4413718438848957
2177.0,1.4417989761302452
2178.0,1.4401175184586152
2179.0,1.439415622422722
2180.0,1.4375561796790004
2181.0,1.4374363512957957
2182.0,1.4388616181665728
2183.0,1.4392242531688046
2184.0,1.4402713945680536
2185.0,1.4416489132432864
2186.0,1.4409150875374084
2187.0,1.4396121213918804
2188.0,1.4365398332002064
2189.0,1.4334189535136626
2190.0,1.430093488678255
2191.0,1.4270091836693863
2192.0,1.4273162119198035
2193.0,1.429127376326968
2194.0,1.429130763418024
2195.0,1.4300267647708205
2196.0,1.4294577557368466
2197.0,1.425130278744574
2198.0,1.425412925855939
2199.0,1.4283234308838553
2200.0,1.4296322837827171
2201.0,1.4334464884458755
2202.0,1.4345850667694404
2203.0,1.4324722308690574
2204.0,1.4325307250020067
2205.0,1.4328584083499905
2206.0,1.4338147284475855
2207.0,1.4345565609963675
2208.0,1.4345554570773036
2209.0,1.432679774857235
2210.0,1.432300265113769
2211.0,1.4316916164164584
2212.0,1.4303638199285904
2213.0,1.4318840173507457
2214.0,1.430598446108491
2215.0,1.4285345835243932
2216.0,1.4297651606902597
2217.0,1.4317142320318694
2218.0,1.4343186082378585
2219.0,1.4372119288570722
2220.0,1.4440832181072962
2221.0,1.4462864924781162
2222.0,1.4452491684450566
2223.0,1.44499300154367
2224.0,1.443422679217993
2225.0,1.44143625722027
2226.0,1.4381493145721196
2227.0,1.4379647648798366
2228.0,1.4392851804726108
2229.0,1.4390258100740498
2230.0,1.4393831665408592
2231.0,1.4397245103731744
2232.0,1.4381453823319656
2233.0,1.4387949134391258
2234.0,1.4409457009808486
2235.0,1.4442155832955617
2236.0,1.4435950627391572
2237.0,1.44189912419962
2238.0,1.4388449313262617
2239.0,1.4349533843526738
2240.0,1.4354512734575184
2241.0,1.4360062351670342
2242.0,1.4356191333094466
2243.0,1.4383777169831071
2244.0,1.4419794009464768
2245.0,1.4421001305314205
2246.0,1.4423384188696386
2247.0,1.443233954973683
2248.0,1.442576525843526
2249.0,1.4385149599404559
2250.0,1.4376495178128175
2251.0,1.4373406309023105
2252.0,1.438237132569349
2253.0,1.441674682931704
2254.0,1.4436942792429994
2255.0,1.4474033358569933
2256.0,1.4482633237895368
2257.0,1.4455288536825137
2258.0,1.4456664548542564
2259.0,1.446439319997898
2260.0,1.445395344963424
2261.0,1.4451891037365816
2262.0,1.4443114516596245
2263.0,1.4396101288948058
2264.0,1.4371139442665595
2265.0,1.4374101643759785
2266.0,1.4386445122412346
2267.0,1.4389523221551166
2268.0,1.439230964496653
2269.0,1.4368164493556543
2270.0,1.4348257570961866
2271.0,1.4382880420782829
2272.0,1.4419599424692064
2273.0,1.4453615976051857
2274.0,1.4470896143897714
2275.0,1.4472998649489726
2276.0,1.4460012672874483
2277.0,1.4451559318029432
2278.0,1.4449644660338548
2279.0,1.4448207806656939
2280.0,1.4445194533538526
2281.0,1.443976843774416
2282.0,1.4436814139519814
2283.0,1.4429888022732846
2284.0,1.440948279049107
2285.0,1.4395880616608916
2286.0,1.438983094268727
2287.0,1.438102382099897
2288.0,1.4369092497262945
2289.0,1.4354549384465185
2290.0,1.4334716331931114
2291.0,1.4332803953497062
2292.0,1.434324468648882
2293.0,1.4341216698309092
2294.0,1.4346522934287258
2295.0,1.434450011513156
2296.0,1.4329469657433984
2297.0,1.4315735290077818
2298.0,1.431258902244188
2299.0,1.4290540483952334
2300.0,1.4231402930364863
2301.0,1.4207246630007986
2302.0,1.4164148940247723
2303.0,1.411984995483961
2304.0,1.4126883348617847
2305.0,1.4123899572496017
2306.0,1.416457025867913
2307.0,1.4208847715767705
2308.0,1.4218332892984877
2309.0,1.4248539675886815
2310.0,1.4218483748239907
2311.0,1.4187806811452102
2312.0,1.4213038568984488
2313.0,1.4222156136187554
2314.0,1.4252883445180988
2315.0,1.4290614064268925
2316.0,1.4299406854516714
2317.0,1.426946950057614
2318.0,1.4247318587095084
2319.0,1.426830717294296
2320.0,1.4268665372600229
2321.0,1.4276548782314646
2322.0,1.4270219623983398
2323.0,1.4253262734586414
2324.0,1.4222240412211353
2325.0,1.4159950173481866
2326.0,1.4145717093032244
2327.0,1.4131174127745776
2328.0,1.413760661343219
2329.0,1.4207008124362976
2330.0,1.4216572896408215
2331.0,1.4199590230249481
2332.0,1.4205231969293943
2333.0,1.4194685558968791
2334.0,1.418531264481271
2335.0,1.4212852095251391
2336.0,1.4192584014576843
2337.0,1.4115429125411654
2338.0,1.4103955344406052
2339.0,1.4114085013640876
2340.0,1.4086576978660588
2341.0,1.407240587172181
2342.0,1.4047121746175326
2343.0,1.3944093382409353
2344.0,1.3945085577060496
2345.0,1.4065207502512491
2346.0,1.410879887080151
2347.0,1.4142456206635448
2348.0,1.4197872410322225
2349.0,1.4223908428180363
2350.0,1.4118566984278387
2351.0,1.4056897235774273
2352.0,1.3981801718842715
2353.0,1.3888783355480965
2354.0,1.3867509618617124
2355.0,1.3909918211139292
2356.0,1.3958346646764097
2357.0,1.3973310430831216
2358.0,1.3979530311147397
2359.0,1.3955245764699309
2360.0,1.3917198187472126
2361.0,1.3871929485369217
2362.0,1.3837390161435716
2363.0,1.3766279915170156
2364.0,1.3699761620413418
2365.0,1.3676959313930903
2366.0,1.3614689238187603
2367.0,1.3627644781386319
2368.0,1.3683596466355135
2369.0,1.3748304996189664
2370.0,1.3820938023288796
2371.0,1.3793792702689787
2372.0,1.3731708733429027
2373.0,1.3669960689164118
2374.0,1.3623357176174997
2375.0,1.3659449293353347
2376.0,1.3789034675968175
2377.0,1.3798684495128868
2378.0,1.377787645312522
2379.0,1.3750102531674113
2380.0,1.3642820177642825
2381.0,1.3682065754429378
2382.0,1.3739171265412353
2383.0,1.3845986940604047
2384.0,1.397051740513794
2385.0,1.3912857354562758
2386.0,1.3783919402950935
2387.0,1.3676224001381903
2388.0,1.3618446029848625
2389.0,1.3568675115525703
2390.0,1.359909104399727
2391.0,1.3709712411859432
2392.0,1.3661735705426956
2393.0,1.3654006984833365
2394.0,1.3693432926600426
2395.0,1.3516072106789287
2396.0,1.3454726777215216
2397.0,1.336694607866347
2398.0,1.3187866657279184
2399.0,1.317913196113174
2400.0,1.313546171355848
2401.0,1.306965763383458
2402.0,1.3071954703306172
2403.0,1.3155794903939027
2404.0,1.3251522070433708
2405.0,1.3440437032715036
2406.0,1.3625224433533536
2407.0,1.3508012754829035
2408.0,1.3253681889938351
2409.0,1.2964914118875617
2410.0,1.2838509222924552
2411.0,1.2874006524231856
2412.0,1.2960366268483283
2413.0,1.307672734273993
2414.0,1.3039823642779584
2415.0,1.2972368063194157
2416.0,1.2980513170316805
2417.0,1.291443222348815
2418.0,1.2829667935733233
2419.0,1.2839447166567683
2420.0,1.2748626992287648
2421.0,1.2744442802640579
2422.0,1.269384149423807
2423.0,1.2482751314060656
2424.0,1.2516590041049547
2425.0,1.255251765761731
2426.0,1.2720917188419099
2427.0,1.285832580164566
2428.0,1.2734594790030058
2429.0,1.261236792093535
2430.0,1.2346720913897244
2431.0,1.2339351120422102
2432.0,1.2433688751889147
2433.0,1.2505330695705528
2434.0,1.2720229678164248
2435.0,1.2792238068418242
2436.0,1.2934204948615096
2437.0,1.3004603836185877
2438.0,1.2935090812488195
2439.0,1.2778414894310723
2440.0,1.256960341453376
2441.0,1.2379981661306876
2442.0,1.2106104701160616
2443.0,1.1955232437378227
2444.0,1.1924505416166733
2445.0,1.195623740478073
2446.0,1.2080549176594984
2447.0,1.2206560404948243
2448.0,1.2258151152079457
2449.0,1.2215368721758586
2450.0,1.2341146470437974
2451.0,1.2527971800792441
2452.0,1.2538169967424944
2453.0,1.2644297555677866
2454.0,1.2582020482480294
2455.0,1.2277517715752762
2456.0,1.2030809572249905
2457.0,1.1849542205442392
2458.0,1.177858052620352
2459.0,1.17958642992943
2460.0,1.1861024211738624
2461.0,1.1858301505715658
2462.0,1.1664011112884258
2463.0,1.1478112351682817
2464.0,1.150302359348305
2465.0,1.1514902453498146
2466.0,1.1524420109431865
2467.0,1.166768140962671
2468.0,1.1726225089956228
2469.0,1.165773849836582
2470.0,1.1545521466716404
2471.0,1.117195528140012
2472.0,1.0974511790663248
2473.0,1.0734108252311148
2474.0,1.0667409003483226
2475.0,1.0833087456489485
2476.0,1.0933901312812502
2477.0,1.1128508101359544
2478.0,1.1336775699445922
2479.0,1.1530052535575759
2480.0,1.1711661262611597
2481.0,1.1928292902914444
2482.0,1.206296569888632
2483.0,1.2284507421066615
2484.0,1.221757055120576
2485.0,1.1893808343980208
2486.0,1.1765227397334965
2487.0,1.148197866002345
2488.0,1.1298494149673555
2489.0,1.1337958096533867
2490.0,1.1176014564976757
2491.0,1.076890930666036
2492.0,1.074489039494862
2493.0,1.0872770573992316
2494.0,1.1007094952443095
2495.0,1.1366449643642798
2496.0,1.148656967106132
2497.0,1.165387858963158
2498.0,1.1633933834977268
2499.0,1.1396868280777546
2500.0,1.1540328864151528
