350.0,-0.12237279819666738
351.0,-0.08190873607454088
352.0,-0.11785773984167673
353.0,-0.08535797102635419
354.0,-0.017901001852124
355.0,0.018613286633343683
356.0,-0.001608206854880428
357.0,-0.013255240568851568
358.0,0.024161851361621876
359.0,0.04107395154683639
360.0,-0.009485452331481707
361.0,0.0069525228256581756
362.0,0.03938751191110393
363.0,0.04856881070324993
364.0,0.01795102965073081
365.0,-0.013379763780122893
366.0,-0.007943890649210042
367.0,0.011934533338862432
368.0,-0.007542602105820625
369.0,0.009360515494186365
370.0,0.022754526602000773
371.0,0.023129190184387596
372.0,0.04669326196370662
373.0,0.042868894367851795
374.0,0.030999574990657256
375.0,0.024581689575609234
376.0,0.00710392426559987
377.0,0.011708367602242533
378.0,0.024103231483907427
379.0,0.026943533909150556
380.0,0.030932571176036643
381.0,0.015864510053418223
382.0,0.003020731471273714
383.0,0.01532525677264292
384.0,0.021666358748910486
385.0,0.03285977788885496
386.0,0.043671805237980754
387.0,0.04177681044350767
388.0,0.034327375269028085
389.0,0.029630647075463996
390.0,0.028799832633738445
391.0,0.027617894988573168
392.0,0.03663692888631941
393.0,0.04266619303961753
394.0,0.03793390326701871
395.0,0.027930720913149656
396.0,0.029347227389781325
397.0,0.031609688659380436
398.0,0.027071322969306356
399.0,0.02948279103682845
400.0,0.03526232835851422
401.0,0.03921961791711212
402.0,0.03867693377879309
403.0,0.043181906235612265
404.0,0.03695855983134119
405.0,0.02939448320377351
406.0,0.038983674660331175
407.0,0.04137619919839788
408.0,0.04167387233306477
409.0,0.04042139220277341
410.0,0.032216189573626486
411.0,0.03160852189835659
412.0,0.03594258670877452
413.0,0.039811982061594454
414.0,0.038601601531749165
415.0,0.042380193450307364
416.0,0.04337248575939831
417.0,0.03642719168082726
418.0,0.03790453592338529
419.0,0.03870633568507747
420.0,0.04005054945361764
421.0,0.045294331356517864
422.0,0.042795630669566674
423.0,0.0408918507597617
424.0,0.0406404646724006
425.0,0.036689278153561176
426.0,0.03658595120358018
427.0,0.0394216264900983
428.0,0.042192196807722786
429.0,0.040879730463982696
430.0,0.040451820865838956
431.0,0.040398649140424396
432.0,0.03976706387975992
433.0,0.040659628378365356
434.0,0.04121029447717538
435.0,0.04113814119010408
436.0,0.040944036701403876
437.0,0.04086487606745395
438.0,0.04066893115383762
439.0,0.04040732087767573
440.0,0.04038432135120504
441.0,0.040352806183094905
442.0,0.040740600334940945
443.0,0.041199611965627936
444.0,0.03966325551241216
445.0,0.040378373236393976
446.0,0.041832629452856984
447.0,0.04176504629258197
448.0,0.041784213030390885
449.0,0.041940024318187545
450.0,0.04185885737785883
451.0,0.04119540324099781
452.0,0.04190614427486314
453.0,0.04191126674691619
454.0,0.041107013480893385
455.0,0.04211789953577066
456.0,0.041740464792525696
457.0,0.0411793781602377
458.0,0.0416119704748928
459.0,0.0417361751783054
460.0,0.04176604461808015
461.0,0.04188803752778076
462.0,0.04218913408439645
463.0,0.042090642042041285
464.0,0.0423463902616292
465.0,0.0429857122524299
466.0,0.04334868559783491
467.0,0.04329714352601158
468.0,0.0425079004519629
469.0,0.04153834530713423
470.0,0.042667327892627546
471.0,0.04235855585463922
472.0,0.04164347353514076
473.0,0.04226903252404197
474.0,0.04292753713459635
475.0,0.04258971082331794
476.0,0.04220442935904779
477.0,0.0435797476032439
478.0,0.043277209562123144
479.0,0.0432639749534339
480.0,0.043913627962163054
481.0,0.042320383899641704
482.0,0.0425893383314991
483.0,0.043532871703803
484.0,0.043335625355462155
485.0,0.042898282071502515
486.0,0.04267485894337618
487.0,0.04292446226171468
488.0,0.043626253577100274
489.0,0.04388150971536561
490.0,0.04381637387304186
491.0,0.04365863787475118
492.0,0.043604469164217105
493.0,0.043405697163178776
494.0,0.043056607969926025
495.0,0.043052508446679426
496.0,0.04554095468873805
497.0,0.045336837618459025
498.0,0.04369104821954859
499.0,0.04437591025450246
500.0,0.04426017123179394
501.0,0.04458928003278157
502.0,0.045511389458433776
503.0,0.045541926030351794
504.0,0.04489677968258263
505.0,0.04469276483596639
506.0,0.0453981037598889
507.0,0.045182020284112646
508.0,0.04508816459804121
509.0,0.04523716826908708
510.0,0.04534366866524186
511.0,0.045459765659908606
512.0,0.045580482101447044
513.0,0.045677665923800674
514.0,0.045700976359536835
515.0,0.04564859501350486
516.0,0.045814562710582415
517.0,0.0462615270602518
518.0,0.046301892100458326
519.0,0.04600798031812366
520.0,0.045763904657042755
521.0,0.04600224374599589
522.0,0.04632612652056928
523.0,0.04645457516275309
524.0,0.04649036705349645
525.0,0.046964630373428726
526.0,0.04718524145947888
527.0,0.04701992130171888
528.0,0.04665095490880352
529.0,0.046695885279699346
530.0,0.047095124859544264
531.0,0.0475904000678626
532.0,0.04784232355307597
533.0,0.04787575269788699
534.0,0.04769043660142507
535.0,0.047489100969090536
536.0,0.04773630490379893
537.0,0.04813926576626611
538.0,0.04841874203551244
539.0,0.04841505186452871
540.0,0.048341121449499314
541.0,0.048193177155300436
542.0,0.048157919272397175
543.0,0.048475207330038635
544.0,0.04867004309309989
545.0,0.04891250044230064
546.0,0.0492932156473057
547.0,0.049655648785206896
548.0,0.0496886188397744
549.0,0.04952498033483528
550.0,0.04945014656389573
551.0,0.049724870773534685
552.0,0.04977533985581729
553.0,0.04967180656501556
554.0,0.049976660174386234
555.0,0.05025903399449959
556.0,0.05044272540021039
557.0,0.05053081250162611
558.0,0.05052270183158554
559.0,0.050871058665570804
560.0,0.051311582977026524
561.0,0.05138064464765138
562.0,0.05117269077964088
563.0,0.05106909187484443
564.0,0.05115885484712922
565.0,0.05121999877440034
566.0,0.05154638359758244
567.0,0.05198771812904632
568.0,0.05234274031015825
569.0,0.052569829013462806
570.0,0.05233846721239208
571.0,0.05204782318639236
572.0,0.05235432204961664
573.0,0.05278453197479111
574.0,0.05299571096453124
575.0,0.05299140202908753
576.0,0.05322758552669821
577.0,0.053490218874726075
578.0,0.0536140498850055
579.0,0.0535827437599504
580.0,0.05388921646786944
581.0,0.05408826097342634
582.0,0.05420684941774554
583.0,0.05456874070297408
584.0,0.054802835460876234
585.0,0.054936113954788715
586.0,0.054996458813859374
587.0,0.054843149463594164
588.0,0.05536501891143331
589.0,0.056068276842362375
590.0,0.05619765300299674
591.0,0.05635654918802144
592.0,0.05644150213684581
593.0,0.05641123347717279
594.0,0.05632638748250797
595.0,0.05651364312829261
596.0,0.05687631723170902
597.0,0.05729424285654032
598.0,0.05790086642407094
599.0,0.05812157993948705
600.0,0.05803362590572141
601.0,0.05803931702749663
602.0,0.05815755247017429
603.0,0.05842289726783772
604.0,0.05876717030495564
605.0,0.058992122494580836
606.0,0.0594287756427811
607.0,0.05974210308741111
608.0,0.0596602847144097
609.0,0.059832274434560975
610.0,0.059944985918399515
611.0,0.06014837548962576
612.0,0.06083901736112238
613.0,0.06097872996000849
614.0,0.0611292378720706
615.0,0.061586593800224486
616.0,0.06159797091998151
617.0,0.06167642957184615
618.0,0.061994656846056186
619.0,0.06250890806028893
620.0,0.06266148640312807
621.0,0.06316656479707478
622.0,0.06384813449198701
623.0,0.0635598063123005
624.0,0.06346007189147063
625.0,0.06373613335716034
626.0,0.06423385345373173
627.0,0.06446921694238816
628.0,0.06483057123719731
629.0,0.06524741052511433
630.0,0.06544798859257986
631.0,0.0657405148311546
632.0,0.06608060989443576
633.0,0.06636710350474458
634.0,0.06646512369215178
635.0,0.0667236401571662
636.0,0.06711678204450133
637.0,0.06749893317615564
638.0,0.06779565164064616
639.0,0.06794123958536284
640.0,0.06815258980315045
641.0,0.0688102850085136
642.0,0.0690409922848399
643.0,0.06925316499813512
644.0,0.06972982684136314
645.0,0.06992551288540091
646.0,0.07020758670788996
647.0,0.07058979247046594
648.0,0.07093815111134015
649.0,0.07114359327192543
650.0,0.07148679018964704
651.0,0.07202547733887431
652.0,0.07251568567482422
653.0,0.07276663491945842
654.0,0.07299885846586802
655.0,0.07342444879896155
656.0,0.07388699322442473
657.0,0.07415893689730448
658.0,0.07434625373969538
659.0,0.07472685542152405
660.0,0.07494803904466533
661.0,0.0753299430989309
662.0,0.07594828083415524
663.0,0.0763100551197039
664.0,0.07669502070361629
665.0,0.07703749610664691
666.0,0.07725378544588153
667.0,0.07766285194298993
668.0,0.07813671494375471
669.0,0.07861607942661042
670.0,0.07911386225352307
671.0,0.07937047206992447
672.0,0.07965959414449768
673.0,0.08014148709649387
674.0,0.08043264663439642
675.0,0.08077692186372691
676.0,0.08125439217397736
677.0,0.08184217934521675
678.0,0.08238553695373618
679.0,0.08267432288313113
680.0,0.08284097347229069
681.0,0.08344439480784574
682.0,0.08401588107022893
683.0,0.08437984152355019
684.0,0.08458269133002168
685.0,0.08516284247085336
686.0,0.08562184646150846
687.0,0.08589733951338323
688.0,0.0862469075863149
689.0,0.08702378900444682
690.0,0.08756337245800047
691.0,0.08767529225017029
692.0,0.0882456041629471
693.0,0.08885546431131294
694.0,0.08935502359869935
695.0,0.08971387910492963
696.0,0.09006804844504719
697.0,0.09055917825577937
698.0,0.09108856066490761
699.0,0.09138116146610474
700.0,0.09202366805429864
701.0,0.09267535672132658
702.0,0.0930695452720663
703.0,0.09351659871029701
704.0,0.09392940010697486
705.0,0.094434799893407
706.0,0.0951513636072595
707.0,0.0956156422614585
708.0,0.09611978799025518
709.0,0.09667669596410255
710.0,0.09691893890017507
711.0,0.09751468472870836
712.0,0.0981238694244771
713.0,0.0984393220473373
714.0,0.09897866565142453
715.0,0.0996245248225093
716.0,0.10022997016127315
717.0,0.10068402020773505
718.0,0.10138831406754518
719.0,0.10193480738020466
720.0,0.1022666867733651
721.0,0.1029693770452308
722.0,0.10368259415310103
723.0,0.10420417803757123
724.0,0.10454043439908653
725.0,0.10532957853608862
726.0,0.10595376835183765
727.0,0.10629180395002744
728.0,0.10663140006398864
729.0,0.10739551911481969
730.0,0.10825708710665038
731.0,0.10890002526552506
732.0,0.10920166474832299
733.0,0.10970900853880051
734.0,0.11041024474805078
735.0,0.11109842379687293
736.0,0.11165948268287083
737.0,0.11225548979474956
738.0,0.1129029500679922
739.0,0.11349752839074959
740.0,0.11422041136471603
741.0,0.1149519564105044
742.0,0.11556962310500977
743.0,0.11602333544218629
744.0,0.11658722405265846
745.0,0.11726772235432545
746.0,0.11795603117700952
747.0,0.11855732158747134
748.0,0.11910435059962786
749.0,0.11966945321080949
750.0,0.12034733823849422
751.0,0.12106827100617631
752.0,0.1218100888659898
753.0,0.12256010579585594
754.0,0.12333481015134634
755.0,0.1239023004379532
756.0,0.12445295051210983
757.0,0.12522597503349145
758.0,0.12570812628195477
759.0,0.12632127365592724
760.0,0.12711310349464572
761.0,0.1277301994218913
762.0,0.12832304872052136
763.0,0.12893292440769016
764.0,0.12957859170913572
765.0,0.1302786907292814
766.0,0.1308430939355486
767.0,0.1314629082085602
768.0,0.13236457201164645
769.0,0.13312215185608373
770.0,0.1337781150386108
771.0,0.13444803228699223
772.0,0.13527427366947856
773.0,0.13603008611329176
774.0,0.13666765722956759
775.0,0.13724392388222836
776.0,0.1379684428553318
777.0,0.1387271138583426
778.0,0.13945252749122455
779.0,0.14012214983181784
780.0,0.14086192477191234
781.0,0.14156817303927152
782.0,0.14228561694952319
783.0,0.14317097140088397
784.0,0.14388416603111276
785.0,0.14464985894209365
786.0,0.14555028328021885
787.0,0.14618000802906542
788.0,0.14681866667929916
789.0,0.14754766350643178
790.0,0.14836638833469248
791.0,0.14922378866259822
792.0,0.15003551810438367
793.0,0.15084517739294154
794.0,0.1517657929741258
795.0,0.1524907335837524
796.0,0.15315411515861815
797.0,0.1539251994206154
798.0,0.15492621448475657
799.0,0.1557997891849623
800.0,0.1565886887173523
801.0,0.15738995448500262
802.0,0.15800280878371972
803.0,0.15882915999259356
804.0,0.15978071757926945
805.0,0.160522844524663
806.0,0.1613481555912958
807.0,0.16213770359082913
808.0,0.16292768292894466
809.0,0.16399456947152188
810.0,0.16467456910360576
811.0,0.16537878370488449
812.0,0.16644055760116355
813.0,0.1673277182365349
814.0,0.16805894316180536
815.0,0.16877116914111875
816.0,0.16961735933667366
817.0,0.17046618050166654
818.0,0.1713363705183237
819.0,0.17223610046134877
820.0,0.17314805309361653
821.0,0.17390615815673363
822.0,0.17476111282589946
823.0,0.1757459064202058
824.0,0.17638079552463715
825.0,0.1773992711479741
826.0,0.17852807499751364
827.0,0.17936341692818816
828.0,0.18016251588021365
829.0,0.1811330794455831
830.0,0.18213503403085068
831.0,0.1828987185733521
832.0,0.1837218912403533
833.0,0.18465923783921098
834.0,0.18563744076693756
835.0,0.1864835091078251
836.0,0.18734043493226749
837.0,0.18822183246166513
838.0,0.1891231183218487
839.0,0.1900562143090343
840.0,0.19112099560552506
841.0,0.19219238243107872
842.0,0.19310603065162882
843.0,0.19385174884606815
844.0,0.19469062516036306
845.0,0.195658356923412
846.0,0.19666052980517104
847.0,0.19782742855202085
848.0,0.19890935605992668
849.0,0.199795292419667
850.0,0.20058772876209005
851.0,0.201475674568755
852.0,0.20252054455720764
853.0,0.20358520820640694
854.0,0.20419493206987183
855.0,0.2049973738646412
856.0,0.20593810383629743
857.0,0.2068336854530629
858.0,0.20791117300782747
859.0,0.20884798416834904
860.0,0.209648739888893
861.0,0.21051587495788462
862.0,0.21168792741781312
863.0,0.21265549134417136
864.0,0.21343749338313106
865.0,0.21453579865184388
866.0,0.215476517562214
867.0,0.21626571626236935
868.0,0.21712567356332596
869.0,0.21846592725186423
870.0,0.2195252866251901
871.0,0.22040546984414683
872.0,0.22137381095590078
873.0,0.22252644115178843
874.0,0.22371055311273721
875.0,0.22475086435254077
876.0,0.22560896265142275
877.0,0.22682743932260394
878.0,0.22815220464496552
879.0,0.22922768101257024
880.0,0.22984738197964702
881.0,0.23103003038185405
882.0,0.23226043317487496
883.0,0.2333235811056821
884.0,0.23441718486008373
885.0,0.23534425204793394
886.0,0.23625742708774705
887.0,0.23723967235926982
888.0,0.23819169854882344
889.0,0.23923155565712345
890.0,0.24034668553103317
891.0,0.24151251467872759
892.0,0.24276117786810278
893.0,0.2438528745136233
894.0,0.24471254022236577
895.0,0.24550105150379709
896.0,0.2469714865461106
897.0,0.24824912630529464
898.0,0.2491477973534271
899.0,0.24993902674256002
900.0,0.2511563699793953
901.0,0.25243003035599554
902.0,0.2534669404426645
903.0,0.25418189837878225
904.0,0.2552069183472919
905.0,0.2564535307153268
906.0,0.25761364708825196
907.0,0.2583347832217258
908.0,0.259417162069592
909.0,0.2606113558768681
910.0,0.2617237190345934
911.0,0.2628801971498773
912.0,0.26411239769075034
913.0,0.265300031957521
914.0,0.2663966525017869
915.0,0.26757143821524854
916.0,0.2684467664900911
917.0,0.26931738092667507
918.0,0.270445875208911
919.0,0.27150702392079623
920.0,0.2724754386695398
921.0,0.27366295411553426
922.0,0.27525112386147205
923.0,0.27662085929989705
924.0,0.2774430948482895
925.0,0.27805978898458816
926.0,0.2790762992228397
927.0,0.2807009236232074
928.0,0.28220776346341025
929.0,0.2833063481417784
930.0,0.2841347610395248
931.0,0.28539969106389856
932.0,0.2863048107942285
933.0,0.2869706006812229
934.0,0.28815952840270537
935.0,0.28976020081256426
936.0,0.2909702773364138
937.0,0.2919585435675904
938.0,0.2936427805809565
939.0,0.29514752339710415
940.0,0.2959030057364864
941.0,0.29642748270443403
942.0,0.29811965509289323
943.0,0.29996291879071574
944.0,0.30093555602550376
945.0,0.30150548069818717
946.0,0.3036111686633573
947.0,0.30381722892214
948.0,0.3044563107762008
949.0,0.3064843125386046
950.0,0.30764565827011287
951.0,0.3086729772430907
952.0,0.31002939932660245
953.0,0.31142086495830007
954.0,0.3115546729921544
955.0,0.3125387472546695
956.0,0.3142691113831722
957.0,0.31595937428842424
958.0,0.3166368527436934
959.0,0.3175544090101876
960.0,0.318847099940684
961.0,0.32027063107576154
962.0,0.3214400147281069
963.0,0.32285401793593327
964.0,0.3240119895994749
965.0,0.3248576537363636
966.0,0.3265931778025902
967.0,0.3277734106617698
968.0,0.32884791143373143
969.0,0.3300717878631039
970.0,0.33037810347312535
971.0,0.3318996503992667
972.0,0.33337021445972437
973.0,0.3339374236277744
974.0,0.33526411859848626
975.0,0.33673136323280123
976.0,0.3382759437065777
977.0,0.33957346095098645
978.0,0.33964415477566723
979.0,0.34119901360838256
980.0,0.34284946912957104
981.0,0.3435110714851653
982.0,0.3446072230934396
983.0,0.34695573390107864
984.0,0.34894454276377157
985.0,0.34974498646341207
986.0,0.35087841260391445
987.0,0.35165191724167494
988.0,0.35223667400767916
989.0,0.35315192229580555
990.0,0.35506886938153764
991.0,0.35719959203047535
992.0,0.358267363951554
993.0,0.3584796790119064
994.0,0.3599539328359384
995.0,0.3610974788347713
996.0,0.3624939137708354
997.0,0.36435195269002635
998.0,0.3659691421207451
999.0,0.3668429541493521
1000.0,0.3677181142651542
1001.0,0.38267619867925945
1002.0,0.38387720490835797
1003.0,0.3855341557908811
1004.0,0.38666458964524414
1005.0,0.3899731342338991
1006.0,0.3928374189237762
1007.0,0.39237794054177116
1008.0,0.3921940719571862
1009.0,0.3917069857513219
1010.0,0.38951858124182026
1011.0,0.39018804106517985
1012.0,0.39260759222841574
1013.0,0.3939569370644663
1014.0,0.396044470570489
1015.0,0.40053522287329923
1016.0,0.40174340923901
1017.0,0.40052474096275387
1018.0,0.4024408289996469
1019.0,0.402984871417758
1020.0,0.4048591448553611
1021.0,0.4105776184524727
1022.0,0.41220029285460513
1023.0,0.4113058278077118
1024.0,0.4129911195524477
1025.0,0.4134507136162013
1026.0,0.4129967438392462
1027.0,0.4144206942026777
1028.0,0.4149358479828082
1029.0,0.4160609188559725
1030.0,0.4168529057743535
1031.0,0.4191245966818522
1032.0,0.42117673532260086
1033.0,0.42260059436451297
1034.0,0.4224783652078886
1035.0,0.42369319782733905
1036.0,0.4252123261462598
1037.0,0.42556538693255397
1038.0,0.4277723683542245
1039.0,0.4292467556791959
1040.0,0.42954202133604197
1041.0,0.43059768402634957
1042.0,0.4316317207201175
1043.0,0.43321614659554664
1044.0,0.4346257559545581
1045.0,0.43687023849530027
1046.0,0.4397776875228492
1047.0,0.44147477370232996
1048.0,0.44179346883593773
1049.0,0.44315982860086356
1050.0,0.4443360180337539
1051.0,0.44569978818527656
1052.0,0.44774425589585465
1053.0,0.4471119276296343
1054.0,0.4463992768949469
1055.0,0.4469032685694357
1056.0,0.447923795271987
1057.0,0.44902724161133745
1058.0,0.45270794879076726
1059.0,0.45614966862097045
1060.0,0.4576207061451599
1061.0,0.45931921178986856
1062.0,0.46018501509603693
1063.0,0.4605590847983407
1064.0,0.46163376738744877
1065.0,0.46182214088029616
1066.0,0.4616860939922386
1067.0,0.4630103241770325
1068.0,0.4645880645781619
1069.0,0.46580931031883266
1070.0,0.4682437426944912
1071.0,0.47061403259769463
1072.0,0.47275481391725716
1073.0,0.474073541849536
1074.0,0.4772226566267744
1075.0,0.47935409755901826
1076.0,0.4779848235439256
1077.0,0.4779672265006335
1078.0,0.47925128097039826
1079.0,0.4796727228578856
1080.0,0.4819794544517733
1081.0,0.48434313750890773
1082.0,0.48356422361532325
1083.0,0.48352897836458847
1084.0,0.48479669387826
1085.0,0.48650159851361796
1086.0,0.4881513883937489
1087.0,0.49095943278720555
1088.0,0.49353869520164506
1089.0,0.4948701973681865
1090.0,0.4960724227563346
1091.0,0.49788371736950254
1092.0,0.4996227992234232
1093.0,0.5007283287907021
1094.0,0.5024042833248483
1095.0,0.5034563008793261
1096.0,0.5034981414986004
1097.0,0.504596491047478
1098.0,0.5060190835259004
1099.0,0.507467842324749
1100.0,0.5097453220390036
1101.0,0.5115358551471689
1102.0,0.5132250797553237
1103.0,0.5142921265733955
1104.0,0.5159261892900064
1105.0,0.5175785910389553
1106.0,0.5190943347619512
1107.0,0.5207982477938659
1108.0,0.5226534253798758
1109.0,0.5245294467126764
1110.0,0.5260031315078671
1111.0,0.5272887036881885
1112.0,0.5285356945260875
1113.0,0.5291758266652538
1114.0,0.5304282855898623
1115.0,0.5318797814477009
1116.0,0.5334852607392723
1117.0,0.5356398134842214
1118.0,0.5372163070943979
1119.0,0.5385855526585862
1120.0,0.5401543443466902
1121.0,0.5414312742011905
1122.0,0.5422917831122511
1123.0,0.5435113126376837
1124.0,0.5451066626368699
1125.0,0.5466318231360789
1126.0,0.5483576821099345
1127.0,0.5499863677643823
1128.0,0.551650800335414
1129.0,0.5531630858866884
1130.0,0.5549903012581641
1131.0,0.5560374590979125
1132.0,0.5559833303501214
1133.0,0.5570226590402949
1134.0,0.5580321927985058
1135.0,0.5594926144512049
1136.0,0.5616182346837211
1137.0,0.5639150026606047
1138.0,0.56550531948811
1139.0,0.566510610656245
1140.0,0.5680014899515776
1141.0,0.5693576299002225
1142.0,0.5705836748767972
1143.0,0.5717812006832909
1144.0,0.5731837090785348
1145.0,0.574347401488972
1146.0,0.5758877936484454
1147.0,0.5781654392192329
1148.0,0.5797008798757046
1149.0,0.5809217034965778
1150.0,0.5821474926845147
1151.0,0.5832631424262358
1152.0,0.5842276510942526
1153.0,0.58545100332747
1154.0,0.5869080138732812
1155.0,0.5881227662489529
1156.0,0.5894234703558027
1157.0,0.5909812624180493
1158.0,0.5926314474766378
1159.0,0.5944653233005721
1160.0,0.5968312192715227
1161.0,0.5986689313801048
1162.0,0.6006078807877793
1163.0,0.6021992550772985
1164.0,0.6031104222106083
1165.0,0.60446223050415
1166.0,0.6059970382691889
1167.0,0.6072053558489812
1168.0,0.6087762137561424
1169.0,0.6104551913135687
1170.0,0.6117544172008071
1171.0,0.6126782838709166
1172.0,0.6137066538307621
1173.0,0.6141396473269388
1174.0,0.6156023234367443
1175.0,0.6178669415637621
1176.0,0.6195013018862034
1177.0,0.6215770568563099
1178.0,0.6230551339539167
1179.0,0.6234473800133238
1180.0,0.6246593970514285
1181.0,0.6262590406343175
1182.0,0.6277658323673858
1183.0,0.6291546806575716
1184.0,0.6307014250688024
1185.0,0.631920901171017
1186.0,0.6333555648552328
1187.0,0.6349839390761918
1188.0,0.6371393156074732
1189.0,0.6386972248902864
1190.0,0.6401519093453313
1191.0,0.6414798208261382
1192.0,0.6422090066994728
1193.0,0.6435335765892044
1194.0,0.6452590351174431
1195.0,0.6466691159817065
1196.0,0.6481122508507013
1197.0,0.6497069475618328
1198.0,0.6513889763469939
1199.0,0.6526508251990126
1200.0,0.6544115017700345
1201.0,0.6558214034100286
1202.0,0.656546287148633
1203.0,0.6577533298221695
1204.0,0.6590318116137825
1205.0,0.6602772156750472
1206.0,0.6617180320177325
1207.0,0.6636085369481218
1208.0,0.6651361906423451
1209.0,0.6665913213407589
1210.0,0.6680318483532142
1211.0,0.6692154021564358
1212.0,0.6705807103145441
1213.0,0.6720148914781353
1214.0,0.6734103759083655
1215.0,0.6748539957042873
1216.0,0.6764394493987752
1217.0,0.6776732968516782
1218.0,0.6795250559992739
1219.0,0.6809116278801153
1220.0,0.682225176375307
1221.0,0.683449019326531
1222.0,0.6844577416728647
1223.0,0.6855400360364092
1224.0,0.6866045292674624
1225.0,0.6877567024610892
1226.0,0.688854183829484
1227.0,0.690037818954706
1228.0,0.6913068410444599
1229.0,0.6926077336996099
1230.0,0.6939543986781512
1231.0,0.6953836619786025
1232.0,0.696789453213122
1233.0,0.6984046190609875
1234.0,0.7002068611486583
1235.0,0.7017375334411939
1236.0,0.7032423947617886
1237.0,0.7047275268099796
1238.0,0.706083670188867
1239.0,0.7070257706964432
1240.0,0.7086883343066591
1241.0,0.7107922910922385
1242.0,0.7125494399928679
1243.0,0.714632590159372
1244.0,0.7163812444615524
1245.0,0.7177782736427595
1246.0,0.719171502644877
1247.0,0.7204757200400199
1248.0,0.7218200371794792
1249.0,0.7227915727856147
1250.0,0.7241567975185839
1251.0,0.7257405989495134
1252.0,0.7276166583182336
1253.0,0.7292659179769869
1254.0,0.7312868808611741
1255.0,0.7324780328569073
1256.0,0.7328820530494141
1257.0,0.7342159979939672
1258.0,0.7355386325663681
1259.0,0.7369659667260778
1260.0,0.7392027450173996
1261.0,0.740795584436271
1262.0,0.7418534877081596
1263.0,0.7431453513584567
1264.0,0.7443892614731326
1265.0,0.745728590377009
1266.0,0.7471812467797371
1267.0,0.7485439036138183
1268.0,0.7498983446641033
1269.0,0.7513159640526281
1270.0,0.7526102119784909
1271.0,0.7537520834917621
1272.0,0.7550597897344296
1273.0,0.7564984003596342
1274.0,0.7576738751391885
1275.0,0.7586682245328976
1276.0,0.7599541196676769
1277.0,0.7612426388919846
1278.0,0.7625199918617593
1279.0,0.7640376057618515
1280.0,0.7654160261168403
1281.0,0.7664686340540582
1282.0,0.7678415071794465
1283.0,0.7695926225418738
1284.0,0.7710823478477871
1285.0,0.7725333704151753
1286.0,0.7739983766262384
1287.0,0.7754355101301771
1288.0,0.7766166399520528
1289.0,0.7780550428582376
1290.0,0.7795914383099884
1291.0,0.7811876277953249
1292.0,0.7829660125843252
1293.0,0.7844447002113165
1294.0,0.785975153197121
1295.0,0.7872350613236265
1296.0,0.7878086043310334
1297.0,0.7892349446547475
1298.0,0.7911551132669103
1299.0,0.7927073921935361
1300.0,0.7945886608679477
1301.0,0.7962568370073559
1302.0,0.797584651856403
1303.0,0.7988827612547358
1304.0,0.799926032909501
1305.0,0.8014172737050901
1306.0,0.8030487432509544
1307.0,0.8046596349072733
1308.0,0.8062809951078281
1309.0,0.808376727058138
1310.0,0.8099722736676167
1311.0,0.8110406753089456
1312.0,0.8126342573245973
1313.0,0.814566850466876
1314.0,0.8160925211042643
1315.0,0.8176028616857562
1316.0,0.8190394074131354
1317.0,0.8202034296639109
1318.0,0.8214377884731375
1319.0,0.8229081632483299
1320.0,0.8240129082618469
1321.0,0.8246941443120287
1322.0,0.8256174693414313
1323.0,0.8262906294749928
1324.0,0.8273084126823902
1325.0,0.828498482735112
1326.0,0.8299484856910768
1327.0,0.8316173936992706
1328.0,0.8335682858565475
1329.0,0.8354405548376377
1330.0,0.8377374653119386
1331.0,0.8393565948668357
1332.0,0.8407341695203817
1333.0,0.8420436547232094
1334.0,0.8428409678394413
1335.0,0.8440609993498137
1336.0,0.8456056460116316
1337.0,0.8467460683883146
1338.0,0.8476519879227686
1339.0,0.8488123058736938
1340.0,0.8495956785354266
1341.0,0.8509193007947538
1342.0,0.8528683554418232
1343.0,0.8546215781641511
1344.0,0.8566319976362639
1345.0,0.8584458210088679
1346.0,0.8604720075091807
1347.0,0.8618901661310555
1348.0,0.8630686289264528
1349.0,0.8638777460528146
1350.0,0.8648828659978306
1351.0,0.8654557248885215
1352.0,0.8665580919565019
1353.0,0.8679137875533821
1354.0,0.8694129939085381
1355.0,0.8712648844518344
1356.0,0.8727648228766733
1357.0,0.8743494621477303
1358.0,0.8758051990261841
1359.0,0.8771462760030472
1360.0,0.8782213163225757
1361.0,0.8789948863774243
1362.0,0.8800610839366698
1363.0,0.8809202429627436
1364.0,0.8819182384017779
1365.0,0.8833218042469806
1366.0,0.884547621858032
1367.0,0.8853651748532444
1368.0,0.886619876094663
1369.0,0.8880570689840038
1370.0,0.8897388429868329
1371.0,0.8911202553570545
1372.0,0.892669796198551
1373.0,0.8940204107578105
1374.0,0.8951479261275731
1375.0,0.8963027371479578
1376.0,0.8973669832132801
1377.0,0.8986764282681902
1378.0,0.9000362334148794
1379.0,0.9013086109336312
1380.0,0.9029743966459292
1381.0,0.9041624903292885
1382.0,0.9047456568509143
1383.0,0.9057676785153019
1384.0,0.9066911428553817
1385.0,0.9078886942776255
1386.0,0.9099679690484166
1387.0,0.911093138909829
1388.0,0.9115196838314118
1389.0,0.9123807209499865
1390.0,0.9130047944104633
1391.0,0.9134122766006163
1392.0,0.9143849954235974
1393.0,0.9161374255155638
1394.0,0.9170322708190901
1395.0,0.917717549343955
1396.0,0.9183647615624159
1397.0,0.9185867688127871
1398.0,0.9192337651687913
1399.0,0.9199715120679643
1400.0,0.920813286730415
1401.0,0.9219875741540279
1402.0,0.9228477815638869
1403.0,0.9235528384881799
1404.0,0.9243598695842552
1405.0,0.9251250541088557
1406.0,0.925875934518477
1407.0,0.9266944344250823
1408.0,0.9275186439863714
1409.0,0.9283585246347716
1410.0,0.9290137135864497
1411.0,0.9296459135193839
1412.0,0.9302503522269862
1413.0,0.9306021596607813
1414.0,0.9310189229543134
1415.0,0.9318453448336518
1416.0,0.9324754246040293
1417.0,0.9333616947173353
1418.0,0.9344352888410777
1419.0,0.9355473694326544
1420.0,0.9368196295939781
1421.0,0.9379497634252028
1422.0,0.9391235943174032
1423.0,0.9401886922428324
1424.0,0.9411922461040082
1425.0,0.9420924781068449
1426.0,0.9427340071907783
1427.0,0.9438680100656434
1428.0,0.9451220973950557
1429.0,0.946373402664269
1430.0,0.9482577938133651
1431.0,0.9494320480967493
1432.0,0.9498528940496866
1433.0,0.9509104711964621
1434.0,0.9520839252239459
1435.0,0.9531775886593898
1436.0,0.9547118105362203
1437.0,0.9559650434544699
1438.0,0.9568629013405456
1439.0,0.957751480268119
1440.0,0.9590060835714127
1441.0,0.9603981328608494
1442.0,0.9618790360452614
1443.0,0.9633411757856216
1444.0,0.9644240582381141
1445.0,0.9651455012532947
1446.0,0.9662044133012827
1447.0,0.967012344187873
1448.0,0.9683300971428852
1449.0,0.9700944495478688
1450.0,0.9717014832839124
1451.0,0.9736992710523765
1452.0,0.9750297704497777
1453.0,0.9761225787279602
1454.0,0.9770563285963207
1455.0,0.9772190977521008
1456.0,0.978159113657968
1457.0,0.9795219979650844
1458.0,0.9806264414694821
1459.0,0.9821121234416098
1460.0,0.983203956559625
1461.0,0.9836676436117232
1462.0,0.9845981217755562
1463.0,0.9855321821330715
1464.0,0.9867193361336192
1465.0,0.9885396692167567
1466.0,0.9899200944412182
1467.0,0.9913342140207032
1468.0,0.9924489425042979
1469.0,0.9931214563847053
1470.0,0.9940527883021026
1471.0,0.995253543160732
1472.0,0.996581674693417
1473.0,0.9980385331063932
1474.0,1.0000109493041647
1475.0,1.0012196503808781
1476.0,1.0021054758514294
1477.0,1.0031802032953623
1478.0,1.0039206951407003
1479.0,1.0049198028637631
1480.0,1.006144916165378
1481.0,1.007335310380879
1482.0,1.0085815063190051
1483.0,1.0096668662191541
1484.0,1.0106842940428251
1485.0,1.01188270963358
1486.0,1.0130244602677012
1487.0,1.0141847727391726
1488.0,1.0155890494643227
1489.0,1.0168371178486135
1490.0,1.017649999031178
1491.0,1.0190042613789032
1492.0,1.0207927771798366
1493.0,1.0223688987366601
1494.0,1.0243904455485917
1495.0,1.025923985169172
1496.0,1.0266824188131947
1497.0,1.028037584468899
1498.0,1.029702390717186
1499.0,1.0311040507797264
1500.0,1.0326144481921082
1501.0,1.0343585293294517
1502.0,1.0354150995718556
1503.0,1.0363929177734967
1504.0,1.0377455044786126
1505.0,1.039362860331611
1506.0,1.04061493077725
1507.0,1.0418822683463362
1508.0,1.0431515560947935
1509.0,1.0441047682041802
1510.0,1.045441030443532
1511.0,1.0472142227056171
1512.0,1.0484933969149768
1513.0,1.0496490974057477
1514.0,1.0507881426908323
1515.0,1.0516538877668018
1516.0,1.0526807602092085
1517.0,1.0537313524536247
1518.0,1.054905358617968
1519.0,1.0563261425331614
1520.0,1.0573535667661964
1521.0,1.0580813175704014
1522.0,1.0592149526443182
1523.0,1.0602658630884279
1524.0,1.0614224164477324
1525.0,1.0629902898865717
1526.0,1.064476344267355
1527.0,1.0658571485563268
1528.0,1.067251498293171
1529.0,1.0690342673302249
1530.0,1.0703380684787673
1531.0,1.0711678123760855
1532.0,1.0721782781913567
1533.0,1.072900437236362
1534.0,1.073880971839787
1535.0,1.0750470280423137
1536.0,1.0763061928689102
1537.0,1.0777095775367251
1538.0,1.0792417498923552
1539.0,1.0808345999224316
1540.0,1.0818921130541719
1541.0,1.0831815162985188
1542.0,1.0844420968507575
1543.0,1.0854706650934405
1544.0,1.0864040490644447
1545.0,1.087429419799619
1546.0,1.0881926045362746
1547.0,1.0892369426255728
1548.0,1.0906902243083563
1549.0,1.0916242518098984
1550.0,1.0921427145353448
1551.0,1.0932448587174939
1552.0,1.094419958937967
1553.0,1.0955759695903113
1554.0,1.097201538178103
1555.0,1.0984364411881835
1556.0,1.099164489206539
1557.0,1.1004229563113064
1558.0,1.1020894696855885
1559.0,1.1033345718132523
1560.0,1.1045885025752078
1561.0,1.1057723478456132
1562.0,1.1066097820428793
1563.0,1.1076376324533115
1564.0,1.1090096516016168
1565.0,1.1099154143721373
1566.0,1.1105379904534631
1567.0,1.1112185897269824
1568.0,1.1113049494230878
1569.0,1.1121690814064584
1570.0,1.1136153935923123
1571.0,1.1147884147417313
1572.0,1.116351507661472
1573.0,1.1176671271763372
1574.0,1.1184348635115968
1575.0,1.1196917051654056
1576.0,1.1212595223122266
1577.0,1.1227868557665668
1578.0,1.124835118826749
1579.0,1.1263141097988971
1580.0,1.127480413729156
1581.0,1.1285658599580508
1582.0,1.12909797791563
1583.0,1.1299186645299115
1584.0,1.1308562112096954
1585.0,1.131795085353648
1586.0,1.132898754934915
1587.0,1.1339056065521365
1588.0,1.134878507278386
1589.0,1.1358045591696224
1590.0,1.1366864256924618
1591.0,1.1374330376732444
1592.0,1.1384993401595531
1593.0,1.1397493541109194
1594.0,1.1406351140647766
1595.0,1.1415383129420524
1596.0,1.1424518332348172
1597.0,1.1430670130872242
1598.0,1.1439293729260422
1599.0,1.1450117524916126
1600.0,1.1460843751593417
1601.0,1.1471462226802114
1602.0,1.1481453141570688
1603.0,1.1492745447659904
1604.0,1.1502984597244585
1605.0,1.1510655837466344
1606.0,1.1521486281249445
1607.0,1.1534279231245823
1608.0,1.1546431352177968
1609.0,1.1560024098324433
1610.0,1.1571467182812338
1611.0,1.1581875716210905
1612.0,1.1592766777379426
1613.0,1.1604675828606172
1614.0,1.1612022120728007
1615.0,1.1617283043850073
1616.0,1.1622778355314547
1617.0,1.1623637093903858
1618.0,1.162841499861473
1619.0,1.1634051311620683
1620.0,1.164313946592177
1621.0,1.1655170211716905
1622.0,1.1666039147420262
1623.0,1.1681381863185618
1624.0,1.1691904880787174
1625.0,1.1698933397980562
1626.0,1.1706911497569914
1627.0,1.171436544566638
1628.0,1.1720438686661774
1629.0,1.1725113845392803
1630.0,1.1730421124593562
1631.0,1.1732763667388737
1632.0,1.1739890189947362
1633.0,1.175097173876576
1634.0,1.1759796022022206
1635.0,1.1769542549703258
1636.0,1.1780008095266938
1637.0,1.1789793070941992
1638.0,1.179963792730772
1639.0,1.1812277712942372
1640.0,1.1821915252794222
1641.0,1.1829382363108105
1642.0,1.1836479543402219
1643.0,1.184139615249001
1644.0,1.1848051536423472
1645.0,1.1855334686105612
1646.0,1.186190976104275
1647.0,1.1871522081873007
1648.0,1.1876129287193455
1649.0,1.1873837902304765
1650.0,1.1877594241917786
1651.0,1.1883200656910065
1652.0,1.1886524014256097
1653.0,1.1892494808892986
1654.0,1.189736281572901
1655.0,1.1898613091632735
1656.0,1.190155881023348
1657.0,1.1909399728340972
1658.0,1.191114605322135
1659.0,1.1905459275081482
1660.0,1.190610755705639
1661.0,1.1906372431179848
1662.0,1.190868419564685
1663.0,1.191653228315917
1664.0,1.1923511314804989
1665.0,1.1930000071367446
1666.0,1.193704463518343
1667.0,1.1946098028115186
1668.0,1.1954060562686264
1669.0,1.1961693882715332
1670.0,1.1968638837760583
1671.0,1.197408851077904
1672.0,1.1981384194949312
1673.0,1.19896350851934
1674.0,1.1996913129889544
1675.0,1.200637544671308
1676.0,1.2013250062334988
1677.0,1.2013916935175948
1678.0,1.2021145419899726
1679.0,1.2029161973627527
1680.0,1.2041063327745007
1681.0,1.2063110635382222
1682.0,1.2077767618680244
1683.0,1.2091377035564992
1684.0,1.2103294892334981
1685.0,1.2110749922630546
1686.0,1.2118129999090619
1687.0,1.2121479941013749
1688.0,1.2130925185058583
1689.0,1.214421524376869
1690.0,1.2154080683486146
1691.0,1.2166689112987383
1692.0,1.2178080532387003
1693.0,1.2185340964560947
1694.0,1.2193799986661487
1695.0,1.2207101167562178
1696.0,1.221567976070863
1697.0,1.2216819292070449
1698.0,1.2223937978215946
1699.0,1.223222519269651
1700.0,1.2239795001168006
1701.0,1.225131528290098
1702.0,1.2261406485664665
1703.0,1.227092774198001
1704.0,1.2278806146856425
1705.0,1.2284836042369054
1706.0,1.2293014151829613
1707.0,1.2300591100537095
1708.0,1.2307872800329396
1709.0,1.2318995077019126
1710.0,1.2326135465226613
1711.0,1.232602847713355
1712.0,1.2333101384462526
1713.0,1.2344728376278074
1714.0,1.2352931249988863
1715.0,1.236649974477796
1716.0,1.2372929624482472
1717.0,1.2368420642876388
1718.0,1.2372364452750833
1719.0,1.2378484370165357
1720.0,1.2383526475924598
1721.0,1.2396167293555813
1722.0,1.2400447228917257
1723.0,1.2393864426564054
1724.0,1.2396881173949166
1725.0,1.2399954111722387
1726.0,1.2406652244555587
1727.0,1.2425071835814638
1728.0,1.2433873927591241
1729.0,1.2437914943352808
1730.0,1.244420803336521
1731.0,1.244748278322446
1732.0,1.24516462023421
1733.0,1.2458227601995484
1734.0,1.2461339740566313
1735.0,1.245951573869209
1736.0,1.2462903941785042
1737.0,1.2466449703019171
1738.0,1.2474206820439968
1739.0,1.2490828692876972
1740.0,1.2497889137098113
1741.0,1.250148133131979
1742.0,1.2508751013433472
1743.0,1.2511145214465977
1744.0,1.2516685639853595
1745.0,1.2527933734263252
1746.0,1.2534658940337242
1747.0,1.2536812901338654
1748.0,1.254521665633944
1749.0,1.25566941505891
1750.0,1.256777440627722
1751.0,1.2583688504458388
1752.0,1.2590328882071384
1753.0,1.2591871004084518
1754.0,1.2593771077697287
1755.0,1.259938720216911
1756.0,1.2607568959298552
1757.0,1.2615193839515606
1758.0,1.262586665940862
1759.0,1.2629916489315307
1760.0,1.2628766228226782
1761.0,1.2623633116985393
1762.0,1.2618899300592286
1763.0,1.262142042390963
1764.0,1.2629975692752573
1765.0,1.264539544553857
1766.0,1.265345303753204
1767.0,1.2656756911547502
1768.0,1.2663281420159553
1769.0,1.2664590157999747
1770.0,1.2667523094275166
1771.0,1.2674464862924528
1772.0,1.2685137146291587
1773.0,1.2699254920969707
1774.0,1.2708157241131237
1775.0,1.2715391790395312
1776.0,1.2718339526685902
1777.0,1.2715222225042426
1778.0,1.2720340156831387
1779.0,1.273026377029419
1780.0,1.273891960432527
1781.0,1.2752599720178188
1782.0,1.2763485072498157
1783.0,1.2765861330325692
1784.0,1.276550210849138
1785.0,1.2765894388933072
1786.0,1.2770639078387123
1787.0,1.2784835324545298
1788.0,1.2804709482185646
1789.0,1.2819512288647619
1790.0,1.2838261895511345
1791.0,1.2844890943851885
1792.0,1.283941798847811
1793.0,1.2844359009678896
1794.0,1.284420316141548
1795.0,1.2849153604157453
1796.0,1.2866606443030464
1797.0,1.2875700415110205
1798.0,1.2880717926858998
1799.0,1.289470562809556
1800.0,1.289406413050109
1801.0,1.278587826593031
1802.0,1.2786487293741158
1803.0,1.2797731785163606
1804.0,1.2800653278761227
1805.0,1.278173979382388
1806.0,1.2792956847266326
1807.0,1.2829364836839805
1808.0,1.2844797018228042
1809.0,1.2858587185739005
1810.0,1.2874497293614862
1811.0,1.2893037456824952
1812.0,1.289494848196289
1813.0,1.2894600824588363
1814.0,1.2910017291130993
1815.0,1.2906246636589407
1816.0,1.2879204208924209
1817.0,1.2875485757617549
1818.0,1.2869729471032574
1819.0,1.2874069944676516
1820.0,1.2897436458688587
1821.0,1.2912158262884843
1822.0,1.292010469836438
1823.0,1.294759526651659
1824.0,1.2978954647474754
1825.0,1.298523318520356
1826.0,1.2993604831866703
1827.0,1.3001925595284038
1828.0,1.3004960827783247
1829.0,1.299111586526856
1830.0,1.299463150406406
1831.0,1.3010251064127958
1832.0,1.301075308720503
1833.0,1.302714241626165
1834.0,1.303839589597057
1835.0,1.3047516599097053
1836.0,1.3057819238550985
1837.0,1.3064888754315152
1838.0,1.30706590455735
1839.0,1.3070056508006145
1840.0,1.3063596177317132
1841.0,1.3054730075993322
1842.0,1.3043535177176202
1843.0,1.3053239522967823
1844.0,1.307487395101809
1845.0,1.3086142781519523
1846.0,1.3092761951492609
1847.0,1.309413729620599
1848.0,1.3098885184066429
1849.0,1.3101786102301543
1850.0,1.3104667629162734
1851.0,1.3111306843578283
1852.0,1.3114340810116785
1853.0,1.311673244795723
1854.0,1.3117143275884309
1855.0,1.31196070971361
1856.0,1.3125237142186261
1857.0,1.312762105724712
1858.0,1.3127735241601137
1859.0,1.3119750451754797
1860.0,1.3106540763483063
1861.0,1.3099430958161187
1862.0,1.3077224595584032
1863.0,1.3070387248907798
1864.0,1.3069370377928722
1865.0,1.3068374082454493
1866.0,1.307634456701473
1867.0,1.3076721191511622
1868.0,1.3081552443238023
1869.0,1.3096410804697298
1870.0,1.309187547917333
1871.0,1.3076936430385993
1872.0,1.307427287546461
1873.0,1.3046857667572482
1874.0,1.3023694851831755
1875.0,1.3007298540043113
1876.0,1.2969590619128264
1877.0,1.2934159514728027
1878.0,1.290695924444843
1879.0,1.2880755820114174
1880.0,1.2862365344326712
1881.0,1.283701192602529
1882.0,1.2815269825505604
1883.0,1.2781580291958425
1884.0,1.2741009242904695
1885.0,1.2681201767657722
1886.0,1.26233866851876
1887.0,1.2558796252786786
1888.0,1.2493228801681096
1889.0,1.2443302083858112
1890.0,1.2376663819194542
1891.0,1.2303571970098655
1892.0,1.2226895753739662
1893.0,1.2148249726497313
1894.0,1.2061543888756725
1895.0,1.198452767076518
1896.0,1.1918215993677321
1897.0,1.1842533032536473
1898.0,1.1762375238924254
1899.0,1.1684325221893657
1900.0,1.1597820288451386
1901.0,1.1522631951962756
1902.0,1.145425271483457
1903.0,1.1388075788465344
1904.0,1.1324197959543298
1905.0,1.1269584997251805
1906.0,1.1210370469132198
1907.0,1.116568071387973
1908.0,1.1128546886011872
1909.0,1.109869996155934
1910.0,1.1072273337694223
1911.0,1.103443186369406
1912.0,1.1000128063666326
1913.0,1.097197847675533
1914.0,1.0944895232972935
1915.0,1.0921666299651105
1916.0,1.0901382535472202
1917.0,1.0890478411008087
1918.0,1.0878575879401813
1919.0,1.0865455843059064
1920.0,1.0869839210136256
1921.0,1.086445333064386
1922.0,1.0862868918749995
1923.0,1.0874446910377056
1924.0,1.0884458269625217
1925.0,1.0898524692273728
1926.0,1.0918167224158521
1927.0,1.0918531126232227
1928.0,1.0918938010714903
1929.0,1.0916558039389344
1930.0,1.0911223181820535
1931.0,1.0929255980268542
1932.0,1.0944954960271762
1933.0,1.096092708405243
1934.0,1.097668000770894
1935.0,1.0983019343826252
1936.0,1.0988597940397373
1937.0,1.0996329634858644
1938.0,1.1000200200348547
1939.0,1.101658498054174
1940.0,1.103405008995066
1941.0,1.104286895908192
1942.0,1.106002317321064
1943.0,1.106203409241188
1944.0,1.106717858092667
1945.0,1.1089206471693578
1946.0,1.1107465009622182
1947.0,1.1131850924916162
1948.0,1.1156789655150379
1949.0,1.1183228305747617
1950.0,1.1211886031205704
1951.0,1.12390370820493
1952.0,1.126703602168306
1953.0,1.1299391812590338
1954.0,1.1311733104574546
1955.0,1.1323648390937087
1956.0,1.1332752536641713
1957.0,1.132409408906618
1958.0,1.1324495063542754
1959.0,1.1331311562803192
1960.0,1.1338715837484066
1961.0,1.1351559743204422
1962.0,1.1375049749886694
1963.0,1.139745742726957
1964.0,1.1412370284367175
1965.0,1.1425074098911983
1966.0,1.1432713953153875
1967.0,1.1440629156307798
1968.0,1.1459431207386004
1969.0,1.1482010223095465
1970.0,1.1500804638634243
1971.0,1.1507166243882194
1972.0,1.151687034472002
1973.0,1.1510760651660177
1974.0,1.1524582080658143
1975.0,1.1545332893963869
1976.0,1.1582709324004878
1977.0,1.1615296026407111
1978.0,1.163804966146973
1979.0,1.1657690303507615
1980.0,1.1665737330827226
1981.0,1.167873829408052
1982.0,1.169945448089869
1983.0,1.1711806421335167
1984.0,1.1731581053981117
1985.0,1.17488089823265
1986.0,1.1763137897956286
1987.0,1.1777505380494173
1988.0,1.179100413809612
1989.0,1.180740934906441
1990.0,1.1827088249449902
1991.0,1.1851830550974056
1992.0,1.1881014835141435
1993.0,1.1909629713138037
1994.0,1.1934578998491523
1995.0,1.195175727106901
1996.0,1.1966806091698539
1997.0,1.197005440785181
1998.0,1.198293879292555
1999.0,1.200001616406701
2000.0,1.2018453359424595
2001.0,1.203552385614794
2002.0,1.207091429218515
2003.0,1.2093823739192218
2004.0,1.210929694237266
2005.0,1.2139190156233741
2006.0,1.2155590043641131
2007.0,1.217339302088264
2008.0,1.2190113343199547
2009.0,1.2208226786760024
2010.0,1.2220240778646652
2011.0,1.2240787443975096
2012.0,1.2274883050990348
2013.0,1.2294458836106794
2014.0,1.2305928830770847
2015.0,1.232587683365126
2016.0,1.2338843664368822
2017.0,1.2343464779205657
2018.0,1.236348082089553
2019.0,1.2379848764834476
2020.0,1.239770657930928
2021.0,1.241213627879911
2022.0,1.2426054348987714
2023.0,1.2444438347379345
2024.0,1.246002255505748
2025.0,1.2471603576875239
2026.0,1.2497559564872887
2027.0,1.2537165122774276
2028.0,1.255748916243305
2029.0,1.2582655915347951
2030.0,1.2592404668365915
2031.0,1.2577259187952994
2032.0,1.2576404137677129
2033.0,1.258395304705371
2034.0,1.2590573484030716
2035.0,1.2612002994415596
2036.0,1.2625799484087419
2037.0,1.2636240633052178
2038.0,1.2644092776950004
2039.0,1.2652220796966867
2040.0,1.2656990442779084
2041.0,1.266202582384258
2042.0,1.2661836221919278
2043.0,1.2670613730511764
2044.0,1.2682765648146865
2045.0,1.2697080530446119
2046.0,1.2707585375441661
2047.0,1.2727096318091056
2048.0,1.2742497018649537
2049.0,1.2743484422428755
2050.0,1.276569401858019
2051.0,1.2789486475239256
2052.0,1.2802992083623463
2053.0,1.281787231789357
2054.0,1.2826684683553164
2055.0,1.281805557909839
2056.0,1.2820006401670208
2057.0,1.2829139282468855
2058.0,1.2832260936849627
2059.0,1.2832550555685158
2060.0,1.2837287655116798
2061.0,1.284042048146099
2062.0,1.2836842729898472
2063.0,1.2835583641843056
2064.0,1.2841304335317965
2065.0,1.2860277742734914
2066.0,1.2873077799732775
2067.0,1.2886313841316415
2068.0,1.291482902278518
2069.0,1.292271052990381
2070.0,1.2913497417578057
2071.0,1.2909963833455962
2072.0,1.289100361568908
2073.0,1.2891238188237062
2074.0,1.2903277865544516
2075.0,1.2912942874740847
2076.0,1.2925188603880726
2077.0,1.294463703002034
2078.0,1.2939434718760026
2079.0,1.2937039964463541
2080.0,1.2941174412332868
2081.0,1.2915081805215292
2082.0,1.2912858316887799
2083.0,1.2921873088905724
2084.0,1.2924008690900985
2085.0,1.2928366665260336
2086.0,1.294380728464461
2087.0,1.2965247283611225
2088.0,1.2971096648198044
2089.0,1.297934941819484
2090.0,1.2990186688637184
2091.0,1.296757193592485
2092.0,1.2965986863570742
2093.0,1.2972737274509245
2094.0,1.2975843846580752
2095.0,1.3008965090320954
2096.0,1.3028721614441605
2097.0,1.3045740930153304
2098.0,1.3075235938682543
2099.0,1.308650021117045
2100.0,1.3075721712067838
2101.0,1.3078799476931706
2102.0,1.307782094278754
2103.0,1.3080953162766062
2104.0,1.3094740562158649
2105.0,1.3101512477870687
2106.0,1.3105397347521406
2107.0,1.3115642684918802
2108.0,1.3105632346958322
2109.0,1.3091959509801563
2110.0,1.308212380674421
2111.0,1.3081791725130572
2112.0,1.310363974816023
2113.0,1.310555936626049
2114.0,1.3110704298149745
2115.0,1.3118128479211313
2116.0,1.3114801966067635
2117.0,1.3103017733438436
2118.0,1.310386934446399
2119.0,1.3094255513060111
2120.0,1.3101838930904883
2121.0,1.3127778005479775
2122.0,1.314452696186472
2123.0,1.3180935872844286
2124.0,1.3194068220437154
2125.0,1.3194549445183272
2126.0,1.3185473507532637
2127.0,1.3165932572116397
2128.0,1.3142139574377971
2129.0,1.3137141896270559
2130.0,1.3144509437207403
2131.0,1.3151163775034185
2132.0,1.3155392356129332
2133.0,1.315582272911844
2134.0,1.315241147431081
2135.0,1.3144509635439128
2136.0,1.3127812953642122
2137.0,1.3119071666378495
2138.0,1.3106367384758222
2139.0,1.3102604375511384
2140.0,1.3112505002873647
2141.0,1.311427049643928
2142.0,1.3120791036500736
2143.0,1.3112971372525044
2144.0,1.3106675298800399
2145.0,1.3112498948774207
2146.0,1.3105434666103721
2147.0,1.3112580092155772
2148.0,1.3111264179949047
2149.0,1.3098006747235467
2150.0,1.3102132151975712
2151.0,1.3093221249767468
2152.0,1.3095276631113422
2153.0,1.3103162011837641
2154.0,1.3113011618002213
2155.0,1.313451805580431
2156.0,1.314528693123503
2157.0,1.314853724504643
2158.0,1.3151835240525036
2159.0,1.3150833067184926
2160.0,1.3150835403089438
2161.0,1.3166667852200897
2162.0,1.3158585285337103
2163.0,1.313881901115527
2164.0,1.3103852706675032
2165.0,1.3063934253177016
2166.0,1.3038998064102587
2167.0,1.3042286894297161
2168.0,1.3065089976042519
2169.0,1.3076638481154916
2170.0,1.3094148052078771
2171.0,1.3104771240322588
2172.0,1.3110071223221775
2173.0,1.3105815374563146
2174.0,1.3097240330949795
2175.0,1.308370479015559
2176.0,1.3040851391557597
2177.0,1.303428429720555
2178.0,1.3060745372901301
2179.0,1.3062199030235515
2180.0,1.3065643979965926
2181.0,1.3070522455289124
2182.0,1.305282096471515
2183.0,1.3047858800929748
2184.0,1.3052588647698944
2185.0,1.307626814519269
2186.0,1.3076798038484887
2187.0,1.3069183058868412
2188.0,1.3070586282771042
2189.0,1.3077135344667814
2190.0,1.3093267465983316
2191.0,1.3109637751719552
2192.0,1.3122366291725955
2193.0,1.3107894895109784
2194.0,1.3097137354043344
2195.0,1.3078243903075577
2196.0,1.3062556260032918
2197.0,1.3029818494456455
2198.0,1.3029300194037032
2199.0,1.3055327288243073
2200.0,1.3058635766282074
2201.0,1.3072634145206152
2202.0,1.307919193000456
2203.0,1.3064595630278242
2204.0,1.3051822649018594
2205.0,1.3042934778283504
2206.0,1.30371722327021
2207.0,1.3004416622508206
2208.0,1.2974142120975232
2209.0,1.2962373728393688
2210.0,1.294489765185757
2211.0,1.2950977244627777
2212.0,1.296932135657669
2213.0,1.2990128339144582
2214.0,1.3024313183147325
2215.0,1.304518977903552
2216.0,1.307251877967025
2217.0,1.3091087346087504
2218.0,1.3105891345342457
2219.0,1.3102672598774985
2220.0,1.3083219540021953
2221.0,1.307440793247109
2222.0,1.3045994734944126
2223.0,1.304161161080948
2224.0,1.306005021194467
2225.0,1.307142731178989
2226.0,1.3092522498228616
2227.0,1.3099748834989389
2228.0,1.3113170798446079
2229.0,1.3102790256402141
2230.0,1.3060489540776155
2231.0,1.3038030259303661
2232.0,1.3001033873761954
2233.0,1.2991618461167924
2234.0,1.2986760720810966
2235.0,1.2992589160132526
2236.0,1.300269116904164
2237.0,1.2988753220162654
2238.0,1.2984948378986945
2239.0,1.2974088765561957
2240.0,1.2964909652649401
2241.0,1.29482937496562
2242.0,1.2923555394822084
2243.0,1.2891602207539916
2244.0,1.284746798100865
2245.0,1.2823383626606317
2246.0,1.2815916529888234
2247.0,1.2829952768089143
2248.0,1.2837455329257872
2249.0,1.2869902317910873
2250.0,1.2870989470534018
2251.0,1.2858925597656752
2252.0,1.2840304459690481
2253.0,1.2795771076634959
2254.0,1.2771342978172449
2255.0,1.2732898720598884
2256.0,1.2726272733062938
2257.0,1.2764287225151456
2258.0,1.2779095539811671
2259.0,1.2811242906055116
2260.0,1.2818644090416484
2261.0,1.2818461149615727
2262.0,1.2763885235815693
2263.0,1.2725654305922003
2264.0,1.2701136187390851
2265.0,1.2686292027106563
2266.0,1.271365705001221
2267.0,1.275031696498856
2268.0,1.2776294834869624
2269.0,1.2779994808586501
2270.0,1.2755889780854144
2271.0,1.2732819241588544
2272.0,1.2708461081439992
2273.0,1.2707701026427338
2274.0,1.2735718436370103
2275.0,1.2719499835104369
2276.0,1.2700772292657645
2277.0,1.267166931014529
2278.0,1.2599090092027907
2279.0,1.2570768334804534
2280.0,1.255534949664926
2281.0,1.2545731950162542
2282.0,1.2561806242342204
2283.0,1.2569063347124543
2284.0,1.25925919826782
2285.0,1.2592335882152061
2286.0,1.2564166078561225
2287.0,1.257032536118586
2288.0,1.2581655541571077
2289.0,1.2586959777324334
2290.0,1.2632936264842327
2291.0,1.2627848527023375
2292.0,1.2560755999453448
2293.0,1.2541384260469441
2294.0,1.2531363880801947
2295.0,1.2526242266828884
2296.0,1.2548901184687735
2297.0,1.2559628287735134
2298.0,1.2551359251480063
2299.0,1.25448186898165
2300.0,1.2539458281874232
2301.0,1.2535496660773007
2302.0,1.2527257835220083
2303.0,1.2503916025406403
2304.0,1.2491684315431963
2305.0,1.2478006775129598
2306.0,1.2475997435144972
2307.0,1.2495841054602728
2308.0,1.2510548553810101
2309.0,1.2532932338332674
2310.0,1.2569702589574525
2311.0,1.2578341156226334
2312.0,1.254821678614352
2313.0,1.2529217966637138
2314.0,1.2504135587833707
2315.0,1.2497868362671896
2316.0,1.2518505149880288
2317.0,1.2550741132813479
2318.0,1.2621154568339874
2319.0,1.2629965896304907
2320.0,1.263412966015655
2321.0,1.264391558330737
2322.0,1.2632469855015882
2323.0,1.2566167415256255
2324.0,1.2574145194822544
2325.0,1.2601749353377998
2326.0,1.2617877974768261
2327.0,1.2678264597927629
2328.0,1.2693308811412833
2329.0,1.2685322920313782
2330.0,1.2679328547703486
2331.0,1.2645517533486443
2332.0,1.2636982745059877
2333.0,1.2622358178239867
2334.0,1.2631536093159728
2335.0,1.2698341609811807
2336.0,1.271129102172906
2337.0,1.2708833390081151
2338.0,1.269444835161255
2339.0,1.261798988635669
2340.0,1.2589091827323713
2341.0,1.2580605833142728
2342.0,1.259664746757661
2343.0,1.2650083536735062
2344.0,1.268505824107755
2345.0,1.274633259834429
2346.0,1.2758054746120522
2347.0,1.2726371421567055
2348.0,1.2732603295810743
2349.0,1.2715478641548514
2350.0,1.2663152915424511
2351.0,1.2657579739154206
2352.0,1.268385064372035
2353.0,1.2678342786690786
2354.0,1.2688263032960538
2355.0,1.2704237656481567
2356.0,1.2657222704423303
2357.0,1.2600046561245568
2358.0,1.2578429207570088
2359.0,1.2503389389941897
2360.0,1.246850760091437
2361.0,1.2493436008344605
2362.0,1.2502894853816002
2363.0,1.255395661745886
2364.0,1.2589039138243114
2365.0,1.2607907276749402
2366.0,1.259196475493929
2367.0,1.255330270630091
2368.0,1.251566830487973
2369.0,1.2458277077728637
2370.0,1.2443112565905856
2371.0,1.2457908299087417
2372.0,1.2487169134283744
2373.0,1.2521111444502258
2374.0,1.2516724027746218
2375.0,1.2505139664587452
2376.0,1.251324552863574
2377.0,1.2545904899141485
2378.0,1.2563595763148587
2379.0,1.2578775473419932
2380.0,1.2542097708288509
2381.0,1.2441879392546622
2382.0,1.2357354696519163
2383.0,1.2272707134417922
2384.0,1.2288743009098952
2385.0,1.2254942894805119
2386.0,1.219949846057243
2387.0,1.2201548712420023
2388.0,1.2092643191937351
2389.0,1.2085621534232667
2390.0,1.2158913734325436
2391.0,1.2169040095016752
2392.0,1.219779651323049
2393.0,1.2202435802625489
2394.0,1.216980086269141
2395.0,1.2137064589112765
2396.0,1.217249922054453
2397.0,1.221123678246397
2398.0,1.2235942703764469
2399.0,1.2311303911819498
2400.0,1.232108008440426
2401.0,1.2316106979233319
2402.0,1.2268691207362077
2403.0,1.2076519359674833
2404.0,1.1973421961260928
2405.0,1.2021947239207853
2406.0,1.1983648464478398
2407.0,1.1921621122765977
2408.0,1.1853374910851766
2409.0,1.1728593597526211
2410.0,1.1720163164812634
2411.0,1.1798537699898601
2412.0,1.1948270444381195
2413.0,1.2054152579249025
2414.0,1.201923366809297
2415.0,1.1948087876723814
2416.0,1.1851702605814791
2417.0,1.178661422952699
2418.0,1.1703876316259736
2419.0,1.1707601233571034
2420.0,1.1740216300705189
2421.0,1.1657220232335546
2422.0,1.1717146444259607
2423.0,1.1758920673185316
2424.0,1.1723712689194186
2425.0,1.1781385184168853
2426.0,1.1720189272909414
2427.0,1.158936612891783
2428.0,1.1585612716489149
2429.0,1.1575376683762806
2430.0,1.1504572553430532
2431.0,1.1498019106947113
2432.0,1.145414590542952
2433.0,1.1350755300113364
2434.0,1.1390810501183302
2435.0,1.1622980210984175
2436.0,1.1758255936793596
2437.0,1.1732591813826758
2438.0,1.16775185549775
2439.0,1.135474632704205
2440.0,1.1094730505227026
2441.0,1.1100097625800407
2442.0,1.100423018875732
2443.0,1.099510886959165
2444.0,1.1012433032115578
2445.0,1.0939027146768214
2446.0,1.0986271184456557
2447.0,1.1000378127765877
2448.0,1.104132347529274
2449.0,1.1269678130920606
2450.0,1.1480501567023833
2451.0,1.157784813770481
2452.0,1.1570508736721696
2453.0,1.1456274945937481
2454.0,1.1289044194215254
2455.0,1.1155587239274884
2456.0,1.1159547835062276
2457.0,1.111724942455678
2458.0,1.1040580384722434
2459.0,1.118307572980341
2460.0,1.1263349048100564
2461.0,1.109865095833049
2462.0,1.1071618320523677
2463.0,1.0858112902267396
2464.0,1.07251742042088
2465.0,1.08816451719071
2466.0,1.0812761689356418
2467.0,1.0921405659939238
2468.0,1.0933643758657883
2469.0,1.0771579191319645
2470.0,1.0815380650062851
2471.0,1.0692453802780004
2472.0,1.0667277566846163
2473.0,1.0705374667811611
2474.0,1.075255279395761
2475.0,1.0833902405012137
2476.0,1.0921403596633372
2477.0,1.1113729879858212
2478.0,1.1253962136180558
2479.0,1.142872409793332
2480.0,1.1473351323917083
2481.0,1.1506807083916888
2482.0,1.13466890845168
2483.0,1.084945158726519
2484.0,1.0642578676896255
2485.0,1.0402497086490685
2486.0,1.0274886524292564
2487.0,1.0474913998990634
2488.0,1.040637312527316
2489.0,1.0112675177512789
2490.0,1.0100653137441171
2491.0,1.0147940478277289
2492.0,1.0192992125565707
2493.0,1.0512268806798741
2494.0,1.058345406813492
2495.0,1.0357875073385943
2496.0,1.0390390646659824
2497.0,1.0554395163566719
2498.0,1.0498025427600421
2499.0,1.0474449143638365
2500.0,1.0333557046481334
