350.0,-0.13066816487430652
351.0,-0.1364177287070398
352.0,-0.06282464056954319
353.0,-0.018751477126713822
354.0,-0.017393047716783495
355.0,-0.012315767379914022
356.0,0.02723607878551434
357.0,0.03739063537279627
358.0,0.013663454604575877
359.0,-0.02012944348976887
360.0,-0.03841061403838419
361.0,0.028314591483315728
362.0,0.046015428938662624
363.0,0.01742748112191142
364.0,0.0060769960808396035
365.0,-0.007708581299335438
366.0,-0.0037738162105451357
367.0,0.012058366858278519
368.0,0.015576317945231084
369.0,0.013271420363183269
370.0,-0.0013157059750171592
371.0,-0.009613552743971179
372.0,0.033392398154016116
373.0,0.027314935372738797
374.0,0.019509698248080465
375.0,0.03632707962940573
376.0,0.026006528418909877
377.0,0.015335245254203642
378.0,0.00894249681138578
379.0,0.0063542862125370424
380.0,0.006887693726930436
381.0,0.021087176901616534
382.0,0.037487968905474525
383.0,0.03975567391884341
384.0,0.024474199165362486
385.0,0.01961916554768783
386.0,0.031329700474127246
387.0,0.04705790658691521
388.0,0.03794396046049313
389.0,0.03607879445309898
390.0,0.04335882599497164
391.0,0.03352202333750412
392.0,0.029499925431090892
393.0,0.03131844631003897
394.0,0.034170566281534503
395.0,0.03152533991550944
396.0,0.031162540028401107
397.0,0.0333295258901867
398.0,0.03558574523366558
399.0,0.033199018785868145
400.0,0.03277655611901355
401.0,0.03591001102950741
402.0,0.04127689887512457
403.0,0.04537906110606113
404.0,0.043778179917172796
405.0,0.03820686348382761
406.0,0.03453899727947266
407.0,0.04113420903155855
408.0,0.045501232060276633
409.0,0.043504985752292114
410.0,0.04090818407849714
411.0,0.03967362913648159
412.0,0.04110835447599351
413.0,0.043500666085553794
414.0,0.04076308193616586
415.0,0.04162022186970964
416.0,0.04280725678903754
417.0,0.041042307039316266
418.0,0.0431105562194116
419.0,0.04253792742665392
420.0,0.04148191280472638
421.0,0.044335089328382406
422.0,0.04499392931225219
423.0,0.04503303482196106
424.0,0.044054789070130475
425.0,0.040265271598616224
426.0,0.04039739126895503
427.0,0.04328311466787144
428.0,0.04575535245152818
429.0,0.043593618700112635
430.0,0.045275393210633584
431.0,0.04726462765686525
432.0,0.045703107230095956
433.0,0.044845517931286584
434.0,0.04483233964113655
435.0,0.045186987263898075
436.0,0.04518132083805892
437.0,0.0446201375728012
438.0,0.04540274264734188
439.0,0.04689601593962774
440.0,0.046385686777791674
441.0,0.04662236043394482
442.0,0.04646953824891735
443.0,0.04558689012038781
444.0,0.04618119560156484
445.0,0.046379568330371684
446.0,0.0458367297003075
447.0,0.04495311876021176
448.0,0.04491882174836193
449.0,0.04609435500488024
450.0,0.046966715307141665
451.0,0.04567607566163638
452.0,0.04651823428949173
453.0,0.04634241616881334
454.0,0.04476536451543343
455.0,0.0454713501458718
456.0,0.045574657973255654
457.0,0.04580434033795686
458.0,0.046679431382583764
459.0,0.046211993444840414
460.0,0.04608615583577595
461.0,0.04593049477257383
462.0,0.04495703412292234
463.0,0.044614329956924
464.0,0.04524947127677326
465.0,0.04631772383657574
466.0,0.04663870351960224
467.0,0.04643390569103306
468.0,0.045933236739897486
469.0,0.04540803857039608
470.0,0.0451299850041579
471.0,0.045348463617716314
472.0,0.046123750117752015
473.0,0.04711575608203663
474.0,0.04684776906839502
475.0,0.046363690818981514
476.0,0.04620386419938234
477.0,0.04642552139944233
478.0,0.04645114774177755
479.0,0.04686860728837105
480.0,0.047417609225674194
481.0,0.046426927527872495
482.0,0.045689059334756074
483.0,0.04582768480936662
484.0,0.04667450591605828
485.0,0.046655949979362836
486.0,0.047032359213975944
487.0,0.04735339862886505
488.0,0.046578883836732594
489.0,0.047020482352939756
490.0,0.0469830617427825
491.0,0.04616761481991346
492.0,0.04647345546735462
493.0,0.04682571546307542
494.0,0.04695195726761956
495.0,0.046940744527647044
496.0,0.04748891791463214
497.0,0.04716194908908477
498.0,0.04654075020228789
499.0,0.04691398519729511
500.0,0.046888548165312585
501.0,0.047309306333170466
502.0,0.04797616721029929
503.0,0.0473427174274924
504.0,0.047068982521469634
505.0,0.047127358163247465
506.0,0.047107194226113244
507.0,0.04657221790621343
508.0,0.046222802661634595
509.0,0.04683818132467044
510.0,0.048604069280280195
511.0,0.047864431354777075
512.0,0.04713560638602456
513.0,0.04743133634886439
514.0,0.04745757410300246
515.0,0.04749149715777615
516.0,0.04758568961907446
517.0,0.04773674628403252
518.0,0.047916437976692386
519.0,0.04774686834610764
520.0,0.047286009222850665
521.0,0.0468714733911862
522.0,0.047049074450604626
523.0,0.04732448521787931
524.0,0.047517574485912206
525.0,0.047944533741684024
526.0,0.04742541412210283
527.0,0.046986721489620825
528.0,0.047463835772173286
529.0,0.04754680226062275
530.0,0.047908863450969764
531.0,0.04836739785956067
532.0,0.048352575950483354
533.0,0.048054229326049386
534.0,0.047951858359529816
535.0,0.0481295240729221
536.0,0.0480968165064109
537.0,0.04823494382616248
538.0,0.048279434815829365
539.0,0.048093893774183945
540.0,0.04861298953345498
541.0,0.04868283854789928
542.0,0.048266897132842754
543.0,0.04805477577087279
544.0,0.04799972714829648
545.0,0.04818720082664012
546.0,0.04859199565450275
547.0,0.04903908999485402
548.0,0.04901564110780348
549.0,0.048849541152276243
550.0,0.04892786523814993
551.0,0.048627884508871844
552.0,0.04831931346539449
553.0,0.04824346133447994
554.0,0.048492124897655316
555.0,0.0490972582090336
556.0,0.04929002229385569
557.0,0.048824079709012376
558.0,0.04875127778721856
559.0,0.04884295997266798
560.0,0.048970342456014185
561.0,0.04902915257506148
562.0,0.04906171934122444
563.0,0.048934191683401004
564.0,0.048775396939116956
565.0,0.048971845622888935
566.0,0.04925550447527957
567.0,0.049397218246637065
568.0,0.04936672091663086
569.0,0.04968469160368255
570.0,0.049630834117565324
571.0,0.04926636023618917
572.0,0.04906397909028613
573.0,0.04926723248832555
574.0,0.049652911243242254
575.0,0.04990339960516993
576.0,0.049646865949996295
577.0,0.04950989758030097
578.0,0.04954190981425232
579.0,0.04963268499163176
580.0,0.04975525451675983
581.0,0.04974876662844405
582.0,0.04967135174114243
583.0,0.04973385118040732
584.0,0.050031645713652886
585.0,0.050137104884245096
586.0,0.04991537088810634
587.0,0.04988058645313762
588.0,0.05003435198643977
589.0,0.05039375370615753
590.0,0.05081346981161191
591.0,0.05041689798636737
592.0,0.050292138669912334
593.0,0.05062438729469521
594.0,0.050646956136663
595.0,0.05072175068911125
596.0,0.05074169465004993
597.0,0.05066579289665999
598.0,0.05086044363374828
599.0,0.051060135741896225
600.0,0.05117171554923341
601.0,0.051193925131272244
602.0,0.051136422904212046
603.0,0.05117988036201927
604.0,0.051280587042097
605.0,0.051061489724775894
606.0,0.05118749164484471
607.0,0.05137449860652055
608.0,0.05130205197186735
609.0,0.05158028686817812
610.0,0.05163974756732756
611.0,0.05151677423445641
612.0,0.051670642476495623
613.0,0.05181662177949956
614.0,0.05191333288094185
615.0,0.05199503358852084
616.0,0.05218336517553935
617.0,0.05238463765399303
618.0,0.05248620286511851
619.0,0.05241652885996681
620.0,0.052346072805983065
621.0,0.05239296899918154
622.0,0.05255762519111529
623.0,0.05271850868472249
624.0,0.05276102023897493
625.0,0.05275969992766213
626.0,0.05278795023480781
627.0,0.052760458731622314
628.0,0.05281845807006937
629.0,0.052972912177066164
630.0,0.053155303802313064
631.0,0.05331790449377612
632.0,0.05348843306902867
633.0,0.05364283902140419
634.0,0.05366648739434765
635.0,0.05345526390233804
636.0,0.05336718329155008
637.0,0.053698427693406166
638.0,0.05386871135225165
639.0,0.05398938069731507
640.0,0.0540466841401195
641.0,0.05392861757455585
642.0,0.05385472083305691
643.0,0.05403556526122252
644.0,0.05444164779808863
645.0,0.054505601158264
646.0,0.054627731995616755
647.0,0.05478940233048936
648.0,0.054823138631670126
649.0,0.054713258980949836
650.0,0.054916055725532625
651.0,0.055326758383955094
652.0,0.05514640006315293
653.0,0.05535326990267904
654.0,0.05569880939257575
655.0,0.0557857921412007
656.0,0.05576548489762546
657.0,0.05556829341651509
658.0,0.05541921161040613
659.0,0.0556554085799828
660.0,0.055762960887684405
661.0,0.055967053466026505
662.0,0.056359410205017856
663.0,0.056647094891968335
664.0,0.05678980678901776
665.0,0.05676171950936502
666.0,0.056626612261003996
667.0,0.056712901866270746
668.0,0.05706715482818234
669.0,0.05746467496330628
670.0,0.05747972906759519
671.0,0.057407910194719615
672.0,0.057408124087496376
673.0,0.05755007535675868
674.0,0.057768153228162374
675.0,0.057933806218310076
676.0,0.05809113693604419
677.0,0.05832439839890121
678.0,0.05836186543708736
679.0,0.05844484226926592
680.0,0.05862408355017915
681.0,0.05865475243719015
682.0,0.058790561363979
683.0,0.05900247909376585
684.0,0.05919215184881282
685.0,0.0592931748465725
686.0,0.05933351987630706
687.0,0.05937431854920342
688.0,0.05949922673394824
689.0,0.05982498627530349
690.0,0.05993679642942772
691.0,0.05983966608687626
692.0,0.06042998462006793
693.0,0.060741796369879884
694.0,0.06073578716514108
695.0,0.06067058096076846
696.0,0.06058749681157448
697.0,0.06083709007725904
698.0,0.06126732623389281
699.0,0.06131558000161545
700.0,0.06161237876003388
701.0,0.06180340682855264
702.0,0.06174453865274469
703.0,0.062265470572570265
704.0,0.06234798137028066
705.0,0.06231519416797592
706.0,0.06283753965747413
707.0,0.0628958097150484
708.0,0.06290324887339582
709.0,0.06306859454792536
710.0,0.06323280395710688
711.0,0.06326542210577976
712.0,0.06340762268675657
713.0,0.06381017843452497
714.0,0.06410519740386587
715.0,0.06432218768530278
716.0,0.06441209046955793
717.0,0.06434702884108737
718.0,0.06455194926884801
719.0,0.06489054894957094
720.0,0.0651847833307079
721.0,0.06529489298327008
722.0,0.06551075347502687
723.0,0.06573650918120724
724.0,0.0658531146692408
725.0,0.0661091717704749
726.0,0.0662132594156295
727.0,0.06627135960663436
728.0,0.06663358743543926
729.0,0.06699381531187214
730.0,0.06730027956032406
731.0,0.06751952458807364
732.0,0.06756065940898624
733.0,0.06785229872448527
734.0,0.06819949034793628
735.0,0.06830664796407311
736.0,0.06844045031780081
737.0,0.06867711559894953
738.0,0.06893744196054571
739.0,0.06903738279489184
740.0,0.06916259696110795
741.0,0.06944673500703734
742.0,0.06985338990957318
743.0,0.07001421100565836
744.0,0.07017264571615668
745.0,0.07034530297882456
746.0,0.07050878185189517
747.0,0.07084343159450411
748.0,0.07120464546513827
749.0,0.07150981279387808
750.0,0.07175734715460562
751.0,0.07198128352370042
752.0,0.07219820739273071
753.0,0.07243992485536305
754.0,0.07280261748094866
755.0,0.07305287749402233
756.0,0.07327512912749354
757.0,0.07360914907766171
758.0,0.07374211965416998
759.0,0.07394635368521327
760.0,0.07429335269084605
761.0,0.07462445894532299
762.0,0.07487912102391478
763.0,0.07516440632673262
764.0,0.07550281960017775
765.0,0.07562488268506252
766.0,0.07575083341992553
767.0,0.07599670625912965
768.0,0.07638608648897403
769.0,0.07669491708048841
770.0,0.07701595616920148
771.0,0.07735048599442039
772.0,0.07760053373773233
773.0,0.07782016847020432
774.0,0.07803340184195928
775.0,0.07827861044602469
776.0,0.07865821784437954
777.0,0.07890061018874495
778.0,0.0791415349727746
779.0,0.07958373093951741
780.0,0.07993182237318264
781.0,0.0800924868184372
782.0,0.0802337995484553
783.0,0.08071056129380559
784.0,0.08125482977261651
785.0,0.08161302635034323
786.0,0.08173968756670487
787.0,0.08196731607492946
788.0,0.08244330452273756
789.0,0.0829133116142716
790.0,0.08311236494520169
791.0,0.0834632860266565
792.0,0.08360661932259308
793.0,0.0837310669998051
794.0,0.08436246558309982
795.0,0.08470916971125456
796.0,0.08496440725562597
797.0,0.08534923580868375
798.0,0.0858993301906512
799.0,0.08622098008223847
800.0,0.08643531923836735
801.0,0.0867656776484016
802.0,0.08720645411206285
803.0,0.08763048245338713
804.0,0.08797424993018799
805.0,0.0882498310595369
806.0,0.08867544180531114
807.0,0.08906578362492303
808.0,0.08935669686087892
809.0,0.08969536141574538
810.0,0.08995892601114727
811.0,0.09028868187607703
812.0,0.09075460518743818
813.0,0.09107675291496112
814.0,0.09147419696307788
815.0,0.09189756055034104
816.0,0.09222314994964693
817.0,0.09257530083617466
818.0,0.09307141320430425
819.0,0.09362759330752489
820.0,0.09399709215052642
821.0,0.09421218659722497
822.0,0.09461913197155265
823.0,0.09521729398416566
824.0,0.09530242520718499
825.0,0.09562965030200865
826.0,0.0961991043766593
827.0,0.09677573921364964
828.0,0.09716373166634973
829.0,0.09755414487423976
830.0,0.0979297989187375
831.0,0.09820377260051531
832.0,0.0986760156955475
833.0,0.09909487954989471
834.0,0.09948104647038632
835.0,0.10017199501901732
836.0,0.10063761412944636
837.0,0.10098721392936595
838.0,0.10137949922885685
839.0,0.1018153305424631
840.0,0.10214493463824516
841.0,0.10256415796318528
842.0,0.1032014563299882
843.0,0.10345477807295109
844.0,0.10382898615011137
845.0,0.10429603774474493
846.0,0.10457248206182293
847.0,0.10515072794492471
848.0,0.1057850151780424
849.0,0.10627221552240565
850.0,0.10656770507930691
851.0,0.10700761757991899
852.0,0.10750409704921547
853.0,0.10792347451714657
854.0,0.10820338286004132
855.0,0.10867435935723704
856.0,0.10930862380801994
857.0,0.1099452800024902
858.0,0.11043501189948314
859.0,0.1107903873457147
860.0,0.11119087746385689
861.0,0.11182158496816344
862.0,0.11237963830062496
863.0,0.11272842265419561
864.0,0.1130268506918729
865.0,0.11364409160588154
866.0,0.11422649432500145
867.0,0.11476693231402316
868.0,0.11522900260104446
869.0,0.11545389474658276
870.0,0.11595648851478564
871.0,0.11662196371683789
872.0,0.11722533007376344
873.0,0.11770669405114623
874.0,0.11813688001326295
875.0,0.11864071239325588
876.0,0.11925322769635421
877.0,0.11951731619596284
878.0,0.12015852471417365
879.0,0.12096726142969312
880.0,0.12130361849065764
881.0,0.1220168195387399
882.0,0.12250076349543881
883.0,0.1227564657133904
884.0,0.12342110605698221
885.0,0.1237926347128173
886.0,0.12428890778427432
887.0,0.12513129926713176
888.0,0.12598737782851846
889.0,0.12638382668212977
890.0,0.12685355739281406
891.0,0.12768472402725212
892.0,0.12797867455552886
893.0,0.12842107671927117
894.0,0.12902096089352807
895.0,0.12961343240582984
896.0,0.13027704094618853
897.0,0.13071649386034362
898.0,0.1310656550268693
899.0,0.13160116822032064
900.0,0.13210369723309465
901.0,0.13270025646898786
902.0,0.13347629362688462
903.0,0.13438875939307893
904.0,0.13482589289144165
905.0,0.13537360058080866
906.0,0.1359500698768456
907.0,0.13583370309743467
908.0,0.13660306776597345
909.0,0.1375814605349745
910.0,0.13826544347226746
911.0,0.1389195800808688
912.0,0.13947729823657345
913.0,0.1399200982553953
914.0,0.14036714148892945
915.0,0.14117765398856014
916.0,0.14170660174133753
917.0,0.1423291075492683
918.0,0.14329712165077363
919.0,0.14376182492500866
920.0,0.14423599258902767
921.0,0.14499926971477753
922.0,0.14599619440872896
923.0,0.14632853306771829
924.0,0.14664589757257043
925.0,0.14725932940891062
926.0,0.14813671455197344
927.0,0.14850364766897847
928.0,0.14943900737821167
929.0,0.1503007705517782
930.0,0.14996829610453374
931.0,0.15066183869835564
932.0,0.15168276600147698
933.0,0.1525345250008509
934.0,0.15309912536139242
935.0,0.15383788579831412
936.0,0.1543622581473007
937.0,0.15471756757507188
938.0,0.15537041389662137
939.0,0.1563693124969059
940.0,0.1572632349496379
941.0,0.1579744985881241
942.0,0.15883695654012284
943.0,0.15942837422800904
944.0,0.16001720914509765
945.0,0.16072768489855202
946.0,0.16137232200070423
947.0,0.1616991150984006
948.0,0.16243515879282278
949.0,0.16353927876795132
950.0,0.1637984025233207
951.0,0.16449891144014686
952.0,0.1653669113393959
953.0,0.1659572665487322
954.0,0.1661003736757173
955.0,0.1670809334012418
956.0,0.16821417085050855
957.0,0.16888439404138364
958.0,0.1693823292365826
959.0,0.1698887051613487
960.0,0.17049992114197685
961.0,0.171204820884553
962.0,0.17187094624321056
963.0,0.17313968157441553
964.0,0.17390957190713402
965.0,0.1737916396952935
966.0,0.17451053587957435
967.0,0.17549889403913319
968.0,0.1764492366297102
969.0,0.17734815379643729
970.0,0.17865484340318558
971.0,0.17913231871178847
972.0,0.17946438807758236
973.0,0.1801771254850712
974.0,0.18047320394478528
975.0,0.1818183743025345
976.0,0.18314060555419118
977.0,0.18353604581884966
978.0,0.18369322512086803
979.0,0.18462104742074903
980.0,0.1853687671347402
981.0,0.1855193962019501
982.0,0.18653167421678546
983.0,0.18813572477001805
984.0,0.18903413269123198
985.0,0.1890272109299549
986.0,0.1900841547638286
987.0,0.1911297982215822
988.0,0.1912895042289738
989.0,0.19120423227485164
990.0,0.19346673689367008
991.0,0.1952675899405467
992.0,0.19592831416257395
993.0,0.19562375185247008
994.0,0.19517675312128904
995.0,0.19678401326532663
996.0,0.1982304646473323
997.0,0.1990592434906656
998.0,0.20151797332743102
999.0,0.20247323169928663
1000.0,0.20190234446788136
1001.0,0.2146848730240233
1002.0,0.21352012638413057
1003.0,0.2130686594203326
1004.0,0.21306713548423326
1005.0,0.21408734805989482
1006.0,0.21413727495208307
1007.0,0.21770128714355463
1008.0,0.22161569202246972
1009.0,0.22141222262750837
1010.0,0.22072865734294153
1011.0,0.22119002092767992
1012.0,0.22215817591944145
1013.0,0.22443100172873454
1014.0,0.22658334572357566
1015.0,0.23105031198783255
1016.0,0.23208936204908356
1017.0,0.2308697614645845
1018.0,0.23052957294192647
1019.0,0.23228575432877718
1020.0,0.232029146369055
1021.0,0.2328607836765355
1022.0,0.23519789844643946
1023.0,0.23335136016727784
1024.0,0.23327307757928611
1025.0,0.23361167861865206
1026.0,0.23177378997214584
1027.0,0.23319783360924606
1028.0,0.23522118772760223
1029.0,0.23645429435197862
1030.0,0.23772951142429258
1031.0,0.23987162704768641
1032.0,0.2418834484332296
1033.0,0.2433889915771011
1034.0,0.24379286956166765
1035.0,0.24525089520597942
1036.0,0.24467475386045434
1037.0,0.2427609621855288
1038.0,0.24385245812682274
1039.0,0.24472953376576403
1040.0,0.24572915927062453
1041.0,0.24695089255576627
1042.0,0.24688705974118133
1043.0,0.2475949591842464
1044.0,0.24846077642396366
1045.0,0.2499513558234756
1046.0,0.25083902255637336
1047.0,0.25224166809773146
1048.0,0.25366655545939293
1049.0,0.25458898097655674
1050.0,0.25576015543525
1051.0,0.25479495341180286
1052.0,0.2543295300892755
1053.0,0.2557621142926556
1054.0,0.2566232877983398
1055.0,0.25821448475938263
1056.0,0.2593675760149113
1057.0,0.2601709434652342
1058.0,0.2606247287562125
1059.0,0.26189105748657304
1060.0,0.26435406880623347
1061.0,0.2673147252728842
1062.0,0.26809157592429184
1063.0,0.2691554880826669
1064.0,0.2696974906208834
1065.0,0.27028089205664424
1066.0,0.27293852987010286
1067.0,0.2744144521727456
1068.0,0.2742785562069353
1069.0,0.27453282831136344
1070.0,0.27414172749372234
1071.0,0.27456483056345915
1072.0,0.2751532229718033
1073.0,0.27713401503417945
1074.0,0.2783343367266231
1075.0,0.2790179780785862
1076.0,0.2782670798709642
1077.0,0.27870406462219094
1078.0,0.2804217417182514
1079.0,0.28137873127674035
1080.0,0.28318948934072585
1081.0,0.2849324648484428
1082.0,0.2857096920031444
1083.0,0.28696373692856575
1084.0,0.2882110453213561
1085.0,0.28980739472314604
1086.0,0.2904413316371708
1087.0,0.2907534168792183
1088.0,0.2908245500675993
1089.0,0.2907874008779168
1090.0,0.29151864896775187
1091.0,0.29239325424853974
1092.0,0.2933957328922072
1093.0,0.29448233516384964
1094.0,0.29529969361774894
1095.0,0.2958905274693809
1096.0,0.29670987945550165
1097.0,0.2975002605958695
1098.0,0.29826449804930893
1099.0,0.2994464529437067
1100.0,0.30116868043799266
1101.0,0.30270339497862436
1102.0,0.30476176362948987
1103.0,0.30586724053376657
1104.0,0.3061547758648156
1105.0,0.3068144449865831
1106.0,0.3067403919551295
1107.0,0.3070038016867136
1108.0,0.3082626981588085
1109.0,0.30934128178725634
1110.0,0.31111827104549933
1111.0,0.31349214476293563
1112.0,0.3149839667729094
1113.0,0.3163900360424578
1114.0,0.3175224920063426
1115.0,0.3177576689896028
1116.0,0.3185614804300222
1117.0,0.3195133772382544
1118.0,0.32071401822313894
1119.0,0.32246129964898307
1120.0,0.3235048926322053
1121.0,0.32430723568811104
1122.0,0.3253249973735062
1123.0,0.3253673885583416
1124.0,0.3259780423403492
1125.0,0.32729953578169285
1126.0,0.328425040519172
1127.0,0.32963825198532287
1128.0,0.3312054180835196
1129.0,0.3323558188860636
1130.0,0.33345267791032507
1131.0,0.3343004308817442
1132.0,0.33461632083391674
1133.0,0.3356914630803279
1134.0,0.3369246290170759
1135.0,0.33802865980887664
1136.0,0.3401462208398821
1137.0,0.3417918462796014
1138.0,0.34272304068105286
1139.0,0.34360639752339933
1140.0,0.34472273493868927
1141.0,0.3460267324941361
1142.0,0.34729415429178934
1143.0,0.34931934867930403
1144.0,0.35035666489887063
1145.0,0.35060785165772135
1146.0,0.3512046015081373
1147.0,0.3512289237575657
1148.0,0.35192593365144775
1149.0,0.3526409774997833
1150.0,0.3544196410128786
1151.0,0.3565323090561116
1152.0,0.358123115843401
1153.0,0.35988259764454755
1154.0,0.3614759554042377
1155.0,0.3623616417239811
1156.0,0.3633274962813646
1157.0,0.3645632013617595
1158.0,0.3658604388995193
1159.0,0.3672537727495494
1160.0,0.36918315564038606
1161.0,0.3704130191883728
1162.0,0.37132613612708054
1163.0,0.37222008445189236
1164.0,0.3724061230302973
1165.0,0.37325683887087635
1166.0,0.3746690361407959
1167.0,0.3758073220978049
1168.0,0.3765649401210875
1169.0,0.37773356190301866
1170.0,0.3784836754695869
1171.0,0.37894497177404146
1172.0,0.37991321895226116
1173.0,0.381113039596575
1174.0,0.3824895559535089
1175.0,0.3843721144419589
1176.0,0.38569435420634646
1177.0,0.38700960273810564
1178.0,0.3881831623450355
1179.0,0.38919957739107724
1180.0,0.3899599220254064
1181.0,0.39057097891140874
1182.0,0.39093871370903605
1183.0,0.39151167876116033
1184.0,0.39203548364137897
1185.0,0.39327744418394217
1186.0,0.3949718563020341
1187.0,0.39641452571857255
1188.0,0.3980241237786675
1189.0,0.39939642416428184
1190.0,0.400674574164647
1191.0,0.4019785785694969
1192.0,0.4032119072737762
1193.0,0.40434630395212195
1194.0,0.4052815111939992
1195.0,0.40645580066480597
1196.0,0.40767038303156306
1197.0,0.4089647136107893
1198.0,0.41048194531863996
1199.0,0.41194495540965714
1200.0,0.41371693792625897
1201.0,0.4150130122110325
1202.0,0.41573882271971363
1203.0,0.41736661803488534
1204.0,0.4185020690449718
1205.0,0.4192011354908093
1206.0,0.42021309678969804
1207.0,0.4214577559122289
1208.0,0.42246245679907535
1209.0,0.42330086574224896
1210.0,0.4243317557500874
1211.0,0.4254230924711939
1212.0,0.42644116343853217
1213.0,0.42737761497762705
1214.0,0.4285160290801091
1215.0,0.42935688478666
1216.0,0.4309650078076594
1217.0,0.4329378018268966
1218.0,0.43479232399882495
1219.0,0.43606465434837255
1220.0,0.43708188952335475
1221.0,0.4381955252887571
1222.0,0.43874450210429916
1223.0,0.43976930061882086
1224.0,0.44129034980421966
1225.0,0.44248264482525945
1226.0,0.4435549009725484
1227.0,0.4446070955867862
1228.0,0.44555930874711686
1229.0,0.4466094199774773
1230.0,0.4474681755852889
1231.0,0.44864197499178154
1232.0,0.45005263450843075
1233.0,0.4514777961144214
1234.0,0.4533100557524884
1235.0,0.45493512285671167
1236.0,0.45609762623896827
1237.0,0.4568875169638405
1238.0,0.4579951639472921
1239.0,0.4587533736927255
1240.0,0.4598921018781412
1241.0,0.4614383026086921
1242.0,0.4628830912568135
1243.0,0.46439729129605734
1244.0,0.4657452306633957
1245.0,0.4671314975310889
1246.0,0.46846191950936983
1247.0,0.4695620667819306
1248.0,0.47074688115054575
1249.0,0.4718163354182568
1250.0,0.4732123398412801
1251.0,0.47480734425074284
1252.0,0.4765290225472498
1253.0,0.4778937992397189
1254.0,0.4795053134779054
1255.0,0.4804466599356768
1256.0,0.4805299879960152
1257.0,0.4814993003936707
1258.0,0.48256489884337955
1259.0,0.48377364169001474
1260.0,0.48570627293273405
1261.0,0.4868900432176362
1262.0,0.48747362850769266
1263.0,0.48855329367274186
1264.0,0.4895096842390177
1265.0,0.4906903941095957
1266.0,0.49261352146224835
1267.0,0.493941629429974
1268.0,0.4948714711616974
1269.0,0.49586073834104827
1270.0,0.49704279128733236
1271.0,0.49799175952700464
1272.0,0.49931384456782063
1273.0,0.5012987541497601
1274.0,0.5024143711578745
1275.0,0.5029625052033493
1276.0,0.5041708746638254
1277.0,0.5053035206462796
1278.0,0.5065350114043454
1279.0,0.508372073720276
1280.0,0.5097763342145838
1281.0,0.5108307308917936
1282.0,0.5119752008485944
1283.0,0.5132294522879463
1284.0,0.5142982072281674
1285.0,0.5150054591327464
1286.0,0.5160160212877959
1287.0,0.5171288306478862
1288.0,0.5181942511518007
1289.0,0.5194181462202925
1290.0,0.5209232415978636
1291.0,0.522204228311376
1292.0,0.5234156799628413
1293.0,0.5246601669277203
1294.0,0.5259169995802694
1295.0,0.527112006860489
1296.0,0.5281187048142622
1297.0,0.5294643239834526
1298.0,0.5309260954527114
1299.0,0.5324223310189966
1300.0,0.5345031092966459
1301.0,0.5359119493529488
1302.0,0.5367963485528433
1303.0,0.5379373950719596
1304.0,0.5386644092758327
1305.0,0.5397552795394149
1306.0,0.54105623429114
1307.0,0.542762954696241
1308.0,0.5441239844273317
1309.0,0.5455952704423709
1310.0,0.5467761097414413
1311.0,0.5476302641763371
1312.0,0.5488217898295012
1313.0,0.5499931203228158
1314.0,0.5512680193051055
1315.0,0.5527923318538407
1316.0,0.5541630739505155
1317.0,0.5554595202101349
1318.0,0.5568083255725369
1319.0,0.5582659352814517
1320.0,0.5595548992260061
1321.0,0.5608672484229016
1322.0,0.5619746081007567
1323.0,0.562705795598615
1324.0,0.5636849863955675
1325.0,0.5644211606913843
1326.0,0.5655795355428715
1327.0,0.566995340683704
1328.0,0.5687850334329341
1329.0,0.5703657412705382
1330.0,0.5722629049037207
1331.0,0.5737341082184351
1332.0,0.5751146203451565
1333.0,0.576153911245559
1334.0,0.5767447817362044
1335.0,0.5776986629451145
1336.0,0.5785315522962526
1337.0,0.5794306859680061
1338.0,0.5804904029729017
1339.0,0.581607327064859
1340.0,0.5823972713751188
1341.0,0.5837368881383178
1342.0,0.5857053477479127
1343.0,0.5873837616367147
1344.0,0.5894167446059478
1345.0,0.591075862242087
1346.0,0.5922153244711225
1347.0,0.5936438464764608
1348.0,0.5950042978074428
1349.0,0.5962661197574419
1350.0,0.5975068683241799
1351.0,0.5988465609276066
1352.0,0.6000305213354901
1353.0,0.6008237046841614
1354.0,0.6022383811937578
1355.0,0.6040130259743736
1356.0,0.6055366083024271
1357.0,0.6075144014601802
1358.0,0.6089091595433025
1359.0,0.609872980931018
1360.0,0.6108402816326391
1361.0,0.6112799924483707
1362.0,0.6122633610726077
1363.0,0.6134308637603749
1364.0,0.614611285478615
1365.0,0.6162764799912717
1366.0,0.6176342859968245
1367.0,0.6187288382455102
1368.0,0.6198413859293677
1369.0,0.6211341128512555
1370.0,0.6224279275451648
1371.0,0.623722023889161
1372.0,0.6252194607099416
1373.0,0.6264728264652872
1374.0,0.6275826648046622
1375.0,0.6287453151890516
1376.0,0.6298178114756539
1377.0,0.6309996767164192
1378.0,0.6323249145455372
1379.0,0.633430761276819
1380.0,0.6345441849138855
1381.0,0.6355599701439721
1382.0,0.6362087616160321
1383.0,0.637182017680871
1384.0,0.6382091108811437
1385.0,0.6393893639792935
1386.0,0.641224090667224
1387.0,0.6423018781831498
1388.0,0.6425870826811609
1389.0,0.6435727209600113
1390.0,0.6446647198032887
1391.0,0.6455568882693772
1392.0,0.6466792706373049
1393.0,0.648519174688373
1394.0,0.6497228501446503
1395.0,0.6504584258094118
1396.0,0.6514562681509468
1397.0,0.6526437129287789
1398.0,0.6534981993233836
1399.0,0.653987207688629
1400.0,0.6549158717270508
1401.0,0.6559997876574895
1402.0,0.6569492804667417
1403.0,0.6579564901385181
1404.0,0.6590751280894916
1405.0,0.6602174149164982
1406.0,0.661222796816958
1407.0,0.6623348560648594
1408.0,0.6634256619747099
1409.0,0.6642847793254322
1410.0,0.6652081473272814
1411.0,0.6664676332295917
1412.0,0.6674022723037372
1413.0,0.6679449367530991
1414.0,0.6686786221114847
1415.0,0.6695283460568943
1416.0,0.6703603260342375
1417.0,0.6713041988754075
1418.0,0.6724561361778486
1419.0,0.673585417400004
1420.0,0.6746981854778208
1421.0,0.6757906510954327
1422.0,0.6769370332757315
1423.0,0.6781825713512328
1424.0,0.6794210533429977
1425.0,0.6807202146637832
1426.0,0.6822161159254679
1427.0,0.6836248351009142
1428.0,0.684954605296333
1429.0,0.6862811515141547
1430.0,0.6877905935056272
1431.0,0.6889774862320973
1432.0,0.6898378049171807
1433.0,0.6909324519426436
1434.0,0.6920237136175371
1435.0,0.6930386300652751
1436.0,0.6940868527476022
1437.0,0.6952082658597019
1438.0,0.6962014920200179
1439.0,0.6973606622595903
1440.0,0.6985650185478025
1441.0,0.6996177251940604
1442.0,0.7006099506201431
1443.0,0.7016729108956898
1444.0,0.7028303764893732
1445.0,0.7041739474687849
1446.0,0.7053332291035347
1447.0,0.7063457169463846
1448.0,0.7076235198973735
1449.0,0.708991962908279
1450.0,0.710333774394866
1451.0,0.7118632660347503
1452.0,0.7133057989837788
1453.0,0.7147600721589888
1454.0,0.7159790263527024
1455.0,0.7171187102775581
1456.0,0.7182235066104816
1457.0,0.7190116155159119
1458.0,0.7200308129349281
1459.0,0.7211722485699511
1460.0,0.7223554451248967
1461.0,0.7236569232711033
1462.0,0.7248515040200942
1463.0,0.7259670606829984
1464.0,0.7272204909732526
1465.0,0.7285894452739298
1466.0,0.7298290428557355
1467.0,0.7312182158812214
1468.0,0.732368204475559
1469.0,0.7332903687099204
1470.0,0.7343494503504973
1471.0,0.7356936672678469
1472.0,0.7371785013888016
1473.0,0.7388077556093793
1474.0,0.7409385591948582
1475.0,0.7422972883725341
1476.0,0.7433445112837758
1477.0,0.7445765332636818
1478.0,0.7454015445328023
1479.0,0.7466604187653685
1480.0,0.7483298572184764
1481.0,0.749754216325944
1482.0,0.7513050462859127
1483.0,0.7524712677911626
1484.0,0.7533243162541976
1485.0,0.7543976080889936
1486.0,0.7552595965537982
1487.0,0.7563062788904225
1488.0,0.7577000013870173
1489.0,0.7588376798144604
1490.0,0.7596591374785439
1491.0,0.7608418046589456
1492.0,0.762178699589606
1493.0,0.763479715051888
1494.0,0.7651422936577085
1495.0,0.7665282798404379
1496.0,0.7674557367301201
1497.0,0.7687802677582188
1498.0,0.7703910648747262
1499.0,0.7717702633355907
1500.0,0.7732182325857023
1501.0,0.7747830864661456
1502.0,0.7759114500079438
1503.0,0.7768560752761866
1504.0,0.7779596896343866
1505.0,0.7790446737359575
1506.0,0.7802250164373482
1507.0,0.7814103424146903
1508.0,0.7827590516663749
1509.0,0.7842237946500189
1510.0,0.7856659392964311
1511.0,0.7873572801995945
1512.0,0.7886686246636134
1513.0,0.7897525639558347
1514.0,0.7909994810495261
1515.0,0.7919965977472474
1516.0,0.7933289180167683
1517.0,0.7950600340520557
1518.0,0.7964748294654623
1519.0,0.7979601127420493
1520.0,0.7992084501938779
1521.0,0.8001566334743379
1522.0,0.8011876050840432
1523.0,0.8021446334782786
1524.0,0.8031233415720267
1525.0,0.8040182174616456
1526.0,0.8050671907071616
1527.0,0.8062609994366274
1528.0,0.8073279923978894
1529.0,0.8083722656068032
1530.0,0.8095206185571725
1531.0,0.8105995186812648
1532.0,0.8117456129576298
1533.0,0.8129316559953784
1534.0,0.8142957552057454
1535.0,0.815805575201787
1536.0,0.8172585443808305
1537.0,0.8188319183941412
1538.0,0.8205527603456194
1539.0,0.8219043813860673
1540.0,0.8231362792642696
1541.0,0.8242690093864656
1542.0,0.825235747616927
1543.0,0.8262672424050118
1544.0,0.8271782458688363
1545.0,0.8282609141405392
1546.0,0.8294003371641309
1547.0,0.8305368526791763
1548.0,0.8318213380686499
1549.0,0.8328680662248935
1550.0,0.8337769013472456
1551.0,0.8348059798451078
1552.0,0.8357685779853258
1553.0,0.8367490838983453
1554.0,0.837829750329934
1555.0,0.8388456730463748
1556.0,0.8396080507565082
1557.0,0.8408169833808259
1558.0,0.8424507181238485
1559.0,0.8436456058697022
1560.0,0.8448620080004962
1561.0,0.8460355419719021
1562.0,0.8467873431723187
1563.0,0.8478909244431306
1564.0,0.8494687506714185
1565.0,0.8505654865513688
1566.0,0.8513921357334874
1567.0,0.8524001403487287
1568.0,0.8529989351669074
1569.0,0.8541764940247593
1570.0,0.856095303689004
1571.0,0.8574245122191233
1572.0,0.8587572293521305
1573.0,0.8599779715183777
1574.0,0.8605222008553736
1575.0,0.861642484668039
1576.0,0.8630789247557817
1577.0,0.864583494772129
1578.0,0.8665944113159948
1579.0,0.8682273443871857
1580.0,0.8697052971196668
1581.0,0.8712057656186187
1582.0,0.8725616885032778
1583.0,0.873843748959494
1584.0,0.8751044611840783
1585.0,0.8763702140985948
1586.0,0.877506746294316
1587.0,0.8786650189142119
1588.0,0.8797826252942536
1589.0,0.8810464378571234
1590.0,0.8823762698725262
1591.0,0.8837835463338687
1592.0,0.8849937027521374
1593.0,0.8863320925850637
1594.0,0.8873261295595235
1595.0,0.8878690667249531
1596.0,0.8890037969132895
1597.0,0.8903054776536864
1598.0,0.8914721648147865
1599.0,0.8928418375539947
1600.0,0.8941240842316889
1601.0,0.8952469367869506
1602.0,0.8964266062775015
1603.0,0.8979070941638496
1604.0,0.8988202775123594
1605.0,0.8993732771550119
1606.0,0.9000118791332143
1607.0,0.900222261384674
1608.0,0.9010753092538081
1609.0,0.9021806401689921
1610.0,0.9033260793850367
1611.0,0.9048320093494165
1612.0,0.9061946625692946
1613.0,0.9077526484530389
1614.0,0.9087704257029288
1615.0,0.9096315137965759
1616.0,0.910325512122713
1617.0,0.9104158654454406
1618.0,0.9109412543317414
1619.0,0.9114395100137159
1620.0,0.9123677975317758
1621.0,0.9135092117714962
1622.0,0.9148338749126687
1623.0,0.916699337087266
1624.0,0.9182240510655852
1625.0,0.9198979373864682
1626.0,0.9211643897111467
1627.0,0.9221314953524873
1628.0,0.9231243832139269
1629.0,0.9237010774943394
1630.0,0.9246816393704979
1631.0,0.925851439661087
1632.0,0.9270384083304625
1633.0,0.9285449857552744
1634.0,0.9297139832371322
1635.0,0.9307314236985049
1636.0,0.9317501721124328
1637.0,0.9325219284547941
1638.0,0.9335072250407057
1639.0,0.9347075077476763
1640.0,0.9356974510452458
1641.0,0.9367699277055548
1642.0,0.9375656738576217
1643.0,0.9379118757108584
1644.0,0.938614941942029
1645.0,0.939417572297116
1646.0,0.9401465018585614
1647.0,0.9412186637474956
1648.0,0.9418538522532149
1649.0,0.9419467954537766
1650.0,0.9424040732939131
1651.0,0.9428477554074093
1652.0,0.9433686828608855
1653.0,0.9442016078994344
1654.0,0.9448288336593179
1655.0,0.94535490063149
1656.0,0.9458406994362938
1657.0,0.9462990342693508
1658.0,0.9466883445839017
1659.0,0.946801328791108
1660.0,0.9472267181887677
1661.0,0.9477609133631129
1662.0,0.948311330129604
1663.0,0.9490319604278799
1664.0,0.9498636475982755
1665.0,0.9507942818521643
1666.0,0.9516745021979884
1667.0,0.952520104763948
1668.0,0.9535938582694812
1669.0,0.9548310411271758
1670.0,0.9559337291415771
1671.0,0.9571834089837236
1672.0,0.9584320489972583
1673.0,0.9595665981423691
1674.0,0.9606625790266345
1675.0,0.961858265440998
1676.0,0.9630450536433672
1677.0,0.96388968109137
1678.0,0.9650863448101024
1679.0,0.9664555277301987
1680.0,0.9679918514033183
1681.0,0.9699960454642576
1682.0,0.9717034004063066
1683.0,0.9735874493290673
1684.0,0.9751650225160303
1685.0,0.9763050299960251
1686.0,0.9775342627086904
1687.0,0.9784565895740005
1688.0,0.9797195805651984
1689.0,0.9812883576159569
1690.0,0.982677365617635
1691.0,0.9842828830763789
1692.0,0.98570340460394
1693.0,0.9868112452052568
1694.0,0.9880426498380053
1695.0,0.9895048469903686
1696.0,0.990580543339166
1697.0,0.9912857391376036
1698.0,0.9922400956931761
1699.0,0.9930563959235005
1700.0,0.993911294142605
1701.0,0.9949611977481486
1702.0,0.9959939697729411
1703.0,0.9970706752612221
1704.0,0.997977272178818
1705.0,0.9986039308915249
1706.0,0.9996721528084983
1707.0,1.001068740109603
1708.0,1.0021075019158392
1709.0,1.003377262966969
1710.0,1.0044707083977749
1711.0,1.0047412749632696
1712.0,1.0056367584824693
1713.0,1.007168370931664
1714.0,1.008250593379017
1715.0,1.0093660543152805
1716.0,1.0104915142969184
1717.0,1.0112533982902507
1718.0,1.0123530084911951
1719.0,1.0138252451601248
1720.0,1.015034396201852
1721.0,1.0165670233052977
1722.0,1.0172744480634992
1723.0,1.0168269398348433
1724.0,1.0175067832174842
1725.0,1.0182082630322846
1726.0,1.019235960098408
1727.0,1.0216928832178307
1728.0,1.0230208320541618
1729.0,1.0235070812911577
1730.0,1.0244701994174117
1731.0,1.0253202347803274
1732.0,1.0260904055009834
1733.0,1.0271947846831246
1734.0,1.0279018600526433
1735.0,1.028090513771604
1736.0,1.0285998766721756
1737.0,1.0290493417923694
1738.0,1.0296382950861631
1739.0,1.0305316777147273
1740.0,1.0312344541079783
1741.0,1.0317163794666915
1742.0,1.032700609933913
1743.0,1.0338479464376926
1744.0,1.0348686628596164
1745.0,1.0363658672004736
1746.0,1.037338377433091
1747.0,1.0377970349861192
1748.0,1.0386502712112498
1749.0,1.039586268849335
1750.0,1.0405490941956839
1751.0,1.0417013858274637
1752.0,1.042424598012027
1753.0,1.0428324798118027
1754.0,1.043132891894886
1755.0,1.044243284183594
1756.0,1.0450553903041433
1757.0,1.0456187473088678
1758.0,1.0468981933717028
1759.0,1.0472832541344184
1760.0,1.0473347162731166
1761.0,1.0478505398193991
1762.0,1.047841175437751
1763.0,1.0484195555845077
1764.0,1.0496605072419438
1765.0,1.0508644803895613
1766.0,1.0520984081354203
1767.0,1.0533703179302467
1768.0,1.0545387772279184
1769.0,1.0550110179989585
1770.0,1.055699019637999
1771.0,1.0566108658753717
1772.0,1.0573338994523553
1773.0,1.0588644801955363
1774.0,1.0602750756045891
1775.0,1.0610710664365088
1776.0,1.061874439334452
1777.0,1.0629029880286376
1778.0,1.0641659769157032
1779.0,1.0652485324818486
1780.0,1.0659761274842159
1781.0,1.0665903939103034
1782.0,1.067164023235513
1783.0,1.0672118258019974
1784.0,1.0678286242796007
1785.0,1.0687741780541604
1786.0,1.0693938308200606
1787.0,1.0709310834400978
1788.0,1.0721844202144482
1789.0,1.0731283413509012
1790.0,1.0740821605045057
1791.0,1.0744558836539282
1792.0,1.0742323079348957
1793.0,1.0747789432570913
1794.0,1.07536286958494
1795.0,1.076007289961816
1796.0,1.0772220738128755
1797.0,1.0783848074555966
1798.0,1.0793906227948484
1799.0,1.0806572132166437
1800.0,1.0815629287858726
1801.0,1.0759492751564395
1802.0,1.0766157742998903
1803.0,1.0775321827498807
1804.0,1.0778994782327531
1805.0,1.0764593252510852
1806.0,1.0770877606533418
1807.0,1.0791389214240092
1808.0,1.0800925091592044
1809.0,1.0809177017466651
1810.0,1.0822862593745342
1811.0,1.0841936689437686
1812.0,1.0848264922506128
1813.0,1.0853900394360323
1814.0,1.087217549921991
1815.0,1.0883643739312676
1816.0,1.0886253736109113
1817.0,1.0897552486647306
1818.0,1.0915682171151901
1819.0,1.0928526596916392
1820.0,1.0945777903741434
1821.0,1.095443520866347
1822.0,1.094956212063606
1823.0,1.0961423972594841
1824.0,1.0973938923979942
1825.0,1.0967625987589142
1826.0,1.097747191622163
1827.0,1.1002903488925526
1828.0,1.1013503168554744
1829.0,1.102094491154963
1830.0,1.1032115821093464
1831.0,1.1044808658597172
1832.0,1.1042502966207235
1833.0,1.1051411032582705
1834.0,1.1063769421308007
1835.0,1.1074635322772821
1836.0,1.1085831178750845
1837.0,1.1098634674997963
1838.0,1.111738728905529
1839.0,1.1123730508949992
1840.0,1.1124383027516944
1841.0,1.11270240757894
1842.0,1.1114355325891685
1843.0,1.1110500988507512
1844.0,1.1119988112464618
1845.0,1.1131022229522833
1846.0,1.1143990875044316
1847.0,1.1170682082404304
1848.0,1.1181852478218919
1849.0,1.1183980364178991
1850.0,1.1190554007495253
1851.0,1.1193798626488038
1852.0,1.1197639377883106
1853.0,1.1208132861651108
1854.0,1.1219913793326282
1855.0,1.1217864877427774
1856.0,1.1217947481746768
1857.0,1.1221372688068143
1858.0,1.1225994987342918
1859.0,1.122223891170262
1860.0,1.1217744951285165
1861.0,1.121386407258834
1862.0,1.1201550588268117
1863.0,1.1201154170515204
1864.0,1.1200711421172418
1865.0,1.120472161240185
1866.0,1.1220871302386732
1867.0,1.1222260971200249
1868.0,1.1231450440912094
1869.0,1.1253364303515223
1870.0,1.1266582248837391
1871.0,1.127623254443491
1872.0,1.128674888351592
1873.0,1.1290319384665355
1874.0,1.12900418693105
1875.0,1.1266344208774988
1876.0,1.1230244618685754
1877.0,1.1209576008851088
1878.0,1.118456805784074
1879.0,1.1164982072154026
1880.0,1.116689983791709
1881.0,1.1154974304205387
1882.0,1.1140390200647396
1883.0,1.111120134405187
1884.0,1.1077172859186126
1885.0,1.102939112257779
1886.0,1.0986519599520497
1887.0,1.0944655786414927
1888.0,1.0910817260130667
1889.0,1.0884904233655284
1890.0,1.0840331834645625
1891.0,1.0783173436423235
1892.0,1.072641445679085
1893.0,1.066988458901211
1894.0,1.060898433356367
1895.0,1.0571035948561611
1896.0,1.0536324520733413
1897.0,1.0485149493970705
1898.0,1.0426617478043438
1899.0,1.03627208950892
1900.0,1.0296912799833988
1901.0,1.0239768000186418
1902.0,1.0190215717571864
1903.0,1.0148369700656976
1904.0,1.009680165025291
1905.0,1.005019895465027
1906.0,1.0008772387021678
1907.0,0.9968707635020375
1908.0,0.994595776548908
1909.0,0.9930815644674958
1910.0,0.9912682646408604
1911.0,0.9901802838948448
1912.0,0.9891957463674232
1913.0,0.9878378763214548
1914.0,0.9861411330752224
1915.0,0.9850995968464622
1916.0,0.9829551730483217
1917.0,0.9806472701462374
1918.0,0.9796616605947166
1919.0,0.9787743824585696
1920.0,0.9790834652283354
1921.0,0.9801314751266078
1922.0,0.9819164370611498
1923.0,0.9836797201086115
1924.0,0.9850355604289004
1925.0,0.9866637445692125
1926.0,0.9883919212543558
1927.0,0.9882241585666023
1928.0,0.988371210430174
1929.0,0.9884114382928915
1930.0,0.9882934907749154
1931.0,0.9900982570347966
1932.0,0.991418171232355
1933.0,0.9927160775855218
1934.0,0.9944041648379515
1935.0,0.9947072633586227
1936.0,0.9956333889014904
1937.0,0.9969434827695473
1938.0,0.9987861586011373
1939.0,1.0005511383948427
1940.0,1.0025059782790435
1941.0,1.0030581545484067
1942.0,1.0031527749994706
1943.0,1.0032303746176419
1944.0,1.0040183331467298
1945.0,1.0061373050582731
1946.0,1.00887346465442
1947.0,1.0115322852521726
1948.0,1.01380060089222
1949.0,1.0157355285867793
1950.0,1.0180200522567915
1951.0,1.0195349890093215
1952.0,1.0216280637600448
1953.0,1.0244690670801941
1954.0,1.0254930561659463
1955.0,1.0277521150671833
1956.0,1.0297471074483482
1957.0,1.0303583523231912
1958.0,1.0321618595965465
1959.0,1.0333483291541452
1960.0,1.033637905519271
1961.0,1.0344926444540674
1962.0,1.035651724499595
1963.0,1.0364898796687394
1964.0,1.0374332736520153
1965.0,1.0388578880021626
1966.0,1.040415830723347
1967.0,1.04147162014952
1968.0,1.0435605099681617
1969.0,1.0450562268706562
1970.0,1.0456560481609722
1971.0,1.0465793350731147
1972.0,1.0475783703274948
1973.0,1.0475175814424371
1974.0,1.0490666345595907
1975.0,1.051652067688072
1976.0,1.0545311262852515
1977.0,1.057172625601243
1978.0,1.0594805269485656
1979.0,1.061661254581953
1980.0,1.0628436165336759
1981.0,1.0644385731816066
1982.0,1.0664611334110767
1983.0,1.0676503188540758
1984.0,1.0692364500310176
1985.0,1.0706636945836496
1986.0,1.0717454598059932
1987.0,1.0730016575513566
1988.0,1.0740407638256813
1989.0,1.0759767331739494
1990.0,1.0776408714477808
1991.0,1.0795335810012823
1992.0,1.0820229779045605
1993.0,1.0833974456680247
1994.0,1.0854453430281756
1995.0,1.0879307877320001
1996.0,1.0897056399089116
1997.0,1.0913126054156974
1998.0,1.0926368864950264
1999.0,1.0929927766924616
2000.0,1.0942807678855044
2001.0,1.0955755711880066
2002.0,1.0975004587023212
2003.0,1.099680726879818
2004.0,1.1018558152879807
2005.0,1.1052357667247703
2006.0,1.1075930538312146
2007.0,1.108859763018695
2008.0,1.1108390564034794
2009.0,1.1125242976386707
2010.0,1.1127754544922468
2011.0,1.1142664725575309
2012.0,1.1173208734243567
2013.0,1.1188895403872512
2014.0,1.1194558019838607
2015.0,1.1211484698382475
2016.0,1.122384960512887
2017.0,1.122916801976422
2018.0,1.1253648332616617
2019.0,1.1274073101555417
2020.0,1.1282958438100124
2021.0,1.1299838760769156
2022.0,1.1310126770578375
2023.0,1.1316164198019123
2024.0,1.1329235912798792
2025.0,1.1348323545331016
2026.0,1.1370430152923725
2027.0,1.1398079535059635
2028.0,1.1420949717002855
2029.0,1.145016745049536
2030.0,1.1473003951418033
2031.0,1.1478031480338886
2032.0,1.1484668929384247
2033.0,1.148815473473699
2034.0,1.1487562624082694
2035.0,1.1502086814012558
2036.0,1.1515465670532605
2037.0,1.152342276012542
2038.0,1.1529764963259512
2039.0,1.15391583550729
2040.0,1.1539493246994494
2041.0,1.1552042387582033
2042.0,1.1580178272645092
2043.0,1.1598139131006664
2044.0,1.1616632746841133
2045.0,1.163227050521227
2046.0,1.1638916643462096
2047.0,1.1647440945418366
2048.0,1.1654513593149445
2049.0,1.166648514389546
2050.0,1.1697035055130822
2051.0,1.1714018086615554
2052.0,1.172951680582177
2053.0,1.1749155160127103
2054.0,1.176058734065948
2055.0,1.176361883615792
2056.0,1.1766468608143275
2057.0,1.1761448553286764
2058.0,1.176448766666699
2059.0,1.176752307478641
2060.0,1.1769634742979134
2061.0,1.1779663264369706
2062.0,1.1792477166274526
2063.0,1.1804769826827348
2064.0,1.1809670740215374
2065.0,1.181799267298298
2066.0,1.1833638352541571
2067.0,1.184454326755179
2068.0,1.1858894923853114
2069.0,1.1865506705748352
2070.0,1.1861588236496596
2071.0,1.1864931686834297
2072.0,1.1861157602863295
2073.0,1.1869952711701017
2074.0,1.1891803541607144
2075.0,1.1912584414987695
2076.0,1.1925097215720912
2077.0,1.1944953265182792
2078.0,1.1944140241595655
2079.0,1.1943965062358752
2080.0,1.1953811703526067
2081.0,1.1936041543297335
2082.0,1.1935833411620733
2083.0,1.1939501891584994
2084.0,1.1947884582926263
2085.0,1.1963926806093772
2086.0,1.1981668428477101
2087.0,1.200814518658409
2088.0,1.2022280897693693
2089.0,1.2031938379972353
2090.0,1.2043385622799803
2091.0,1.2045372076482699
2092.0,1.2051691191242466
2093.0,1.2055452316487956
2094.0,1.2058451103815504
2095.0,1.2066995087454178
2096.0,1.206221852924548
2097.0,1.2066211455798628
2098.0,1.2075988952630428
2099.0,1.208365461325155
2100.0,1.2092621100051526
2101.0,1.2101320547283105
2102.0,1.2108736400477917
2103.0,1.2117366149792164
2104.0,1.2131367368073398
2105.0,1.2136038596287986
2106.0,1.2135596037168084
2107.0,1.2137158392257383
2108.0,1.2132562893275947
2109.0,1.2132861819943235
2110.0,1.2143104704474221
2111.0,1.2168339748459018
2112.0,1.2193919155944624
2113.0,1.2189804078910185
2114.0,1.2190974803955956
2115.0,1.2183715607119237
2116.0,1.2178713137884976
2117.0,1.2170102049860267
2118.0,1.2173707409472292
2119.0,1.2177058715198572
2120.0,1.2181727246763734
2121.0,1.2195975413692073
2122.0,1.2203563254847711
2123.0,1.2216665384910959
2124.0,1.2221722519803921
2125.0,1.2218230160535288
2126.0,1.2219048653524573
2127.0,1.2209863901196079
2128.0,1.219964903204862
2129.0,1.2205967199356864
2130.0,1.2204620905526362
2131.0,1.2207588834877892
2132.0,1.2212119154309948
2133.0,1.2212840721892224
2134.0,1.2212200400596103
2135.0,1.220796451125242
2136.0,1.2192403907048706
2137.0,1.2191525672495769
2138.0,1.2196021584593808
2139.0,1.2199678765900512
2140.0,1.2219208874357785
2141.0,1.2225810008597309
2142.0,1.2227861909620361
2143.0,1.221583880234608
2144.0,1.2209775438721735
2145.0,1.221184814057509
2146.0,1.2206782118827508
2147.0,1.221308828146544
2148.0,1.2214136763579841
2149.0,1.2203625066309587
2150.0,1.2203997650377683
2151.0,1.2205067896697213
2152.0,1.221020098587405
2153.0,1.222417111563479
2154.0,1.2231520172821968
2155.0,1.2239559545580754
2156.0,1.2241982795590973
2157.0,1.2231017415209835
2158.0,1.2234776245690857
2159.0,1.2249363611805097
2160.0,1.2259240584999174
2161.0,1.2285182886941162
2162.0,1.2287345798378309
2163.0,1.227817533113373
2164.0,1.2250081760404985
2165.0,1.2218554880407364
2166.0,1.2208464542400783
2167.0,1.2217806650575125
2168.0,1.223994514179624
2169.0,1.225238165986218
2170.0,1.226146724043612
2171.0,1.2263606045132336
2172.0,1.2248019771847376
2173.0,1.2245312622298972
2174.0,1.2247324460353621
2175.0,1.2243852601948935
2176.0,1.2237194707478636
2177.0,1.223653193131826
2178.0,1.2244441734933982
2179.0,1.2241230034622237
2180.0,1.222838042967429
2181.0,1.2228066568159124
2182.0,1.222425184177478
2183.0,1.2223749697253548
2184.0,1.2231200974457015
2185.0,1.225292023554666
2186.0,1.226052057189587
2187.0,1.2252684732455383
2188.0,1.226584811575271
2189.0,1.2280658182956952
2190.0,1.228790693185572
2191.0,1.2302653480050023
2192.0,1.2309046268222517
2193.0,1.2295598790731541
2194.0,1.2289344075382433
2195.0,1.2284032227491106
2196.0,1.2275716608779221
2197.0,1.2257061963160936
2198.0,1.2258946343680421
2199.0,1.227938415633655
2200.0,1.2276147569099878
2201.0,1.2269875671494221
2202.0,1.226546543490191
2203.0,1.2246748122766453
2204.0,1.2230042553054725
2205.0,1.2219909371577002
2206.0,1.221270413824242
2207.0,1.2178404736358683
2208.0,1.2158170406319235
2209.0,1.216692003135385
2210.0,1.2173404866572513
2211.0,1.2202955989328368
2212.0,1.2229809219762249
2213.0,1.2234557723716335
2214.0,1.224541684987224
2215.0,1.2253411161344392
2216.0,1.2289394646706113
2217.0,1.2316137310470714
2218.0,1.2360976724594919
2219.0,1.2372067817085035
2220.0,1.235911201670547
2221.0,1.2351210926332548
2222.0,1.2320869809611703
2223.0,1.232110827303344
2224.0,1.2340189455616004
2225.0,1.2359636267671414
2226.0,1.2398330556935606
2227.0,1.241619440970033
2228.0,1.244026923376552
2229.0,1.2433809052459062
2230.0,1.2391243400564873
2231.0,1.2369714619404153
2232.0,1.2328725125673967
2233.0,1.2312809660542692
2234.0,1.2315983855681192
2235.0,1.2335419935503134
2236.0,1.237110573241657
2237.0,1.239143385447459
2238.0,1.240153378460317
2239.0,1.2378333919816356
2240.0,1.234845311064409
2241.0,1.2320997832154184
2242.0,1.230069494838744
2243.0,1.2288199530960513
2244.0,1.226971678608423
2245.0,1.2258033126724728
2246.0,1.2262202053032858
2247.0,1.228678397101357
2248.0,1.230474637391888
2249.0,1.2345809575939277
2250.0,1.2346808153201199
2251.0,1.2311943195772799
2252.0,1.2305023054280748
2253.0,1.2293296771809734
2254.0,1.2289681120827465
2255.0,1.230590073247505
2256.0,1.2316488338946
2257.0,1.2319336030963501
2258.0,1.2329682049701152
2259.0,1.2354683008120515
2260.0,1.236997200126071
2261.0,1.239526358919585
2262.0,1.2379907882659127
2263.0,1.2374359304684626
2264.0,1.2374467871266162
2265.0,1.2374846378933129
2266.0,1.2398115051402099
2267.0,1.2412754972465585
2268.0,1.2438546731429223
2269.0,1.2441817772185129
2270.0,1.2431850951807284
2271.0,1.2422965443520324
2272.0,1.2389687901362
2273.0,1.238520433399505
2274.0,1.2416435583068672
2275.0,1.2428595620754106
2276.0,1.2430657452467857
2277.0,1.242024472379474
2278.0,1.23767197311448
2279.0,1.2347806872015452
2280.0,1.2311789922683658
2281.0,1.23044304179933
2282.0,1.2308296882230074
2283.0,1.2314535650442082
2284.0,1.2362909395650903
2285.0,1.2359975002132426
2286.0,1.231460769061632
2287.0,1.2310034971247854
2288.0,1.2290344044430561
2289.0,1.2301454860432024
2290.0,1.2372867784175388
2291.0,1.239354285087397
2292.0,1.2394272497204095
2293.0,1.2395862208619013
2294.0,1.2382373850377504
2295.0,1.2374839449136896
2296.0,1.2372180889480526
2297.0,1.236303261614544
2298.0,1.235192093652337
2299.0,1.2317437377490776
2300.0,1.227576785697254
2301.0,1.2254906578526243
2302.0,1.2233368008873842
2303.0,1.22335386261465
2304.0,1.2263301692876598
2305.0,1.2295584346310358
2306.0,1.236652599254411
2307.0,1.2383944980886699
2308.0,1.237877400019201
2309.0,1.2371888435554244
2310.0,1.2292794483917036
2311.0,1.2244062402041758
2312.0,1.2197291096872749
2313.0,1.2149230957544515
2314.0,1.2140672510243207
2315.0,1.2143361431515038
2316.0,1.2161331350260354
2317.0,1.2195607532665262
2318.0,1.2253724044202494
2319.0,1.2269235629547177
2320.0,1.2284053050198849
2321.0,1.2310300967279553
2322.0,1.2314517592540535
2323.0,1.2283478878893181
2324.0,1.2285082292756107
2325.0,1.2282519256258522
2326.0,1.2272875179316571
2327.0,1.227077850378473
2328.0,1.2272064665235358
2329.0,1.2275019015592714
2330.0,1.2277583495298376
2331.0,1.2293912221175962
2332.0,1.2290603875688568
2333.0,1.2259820626313698
2334.0,1.2249510419985794
2335.0,1.2243076847838708
2336.0,1.224385314088527
2337.0,1.2273245860083037
2338.0,1.228242097718365
2339.0,1.229661067212941
2340.0,1.2270373075474585
2341.0,1.2171725544166092
2342.0,1.2151986881157506
2343.0,1.2136232791423673
2344.0,1.215163242084828
2345.0,1.229706287598443
2346.0,1.2317723727095724
2347.0,1.2272778470256784
2348.0,1.223193859719169
2349.0,1.2181355255015818
2350.0,1.2122706279068072
2351.0,1.21246355378774
2352.0,1.21930246287491
2353.0,1.2213013958069008
2354.0,1.2221550583566234
2355.0,1.2267335558722645
2356.0,1.2264169774629918
2357.0,1.225605538626173
2358.0,1.2295340917379785
2359.0,1.2275716214993
2360.0,1.2260051583048666
2361.0,1.2257885988633597
2362.0,1.2184269202930142
2363.0,1.2123505645038035
2364.0,1.2060505206616006
2365.0,1.199673344786908
2366.0,1.1992216181313422
2367.0,1.2006231536386143
2368.0,1.2013463330803682
2369.0,1.2070305628666742
2370.0,1.205356071477509
2371.0,1.2006154046556117
2372.0,1.2051188598686045
2373.0,1.2020708576858279
2374.0,1.2038462857932992
2375.0,1.2092054576809979
2376.0,1.2080127971766907
2377.0,1.2151916577848216
2378.0,1.2160607374510242
2379.0,1.2159550489562232
2380.0,1.219000186490636
2381.0,1.208719884168412
2382.0,1.199759637140622
2383.0,1.1959856559643671
2384.0,1.1964731775280293
2385.0,1.1952259612635505
2386.0,1.1939661148623808
2387.0,1.1907482874810968
2388.0,1.178542500847556
2389.0,1.1797940875841724
2390.0,1.1845025121564325
2391.0,1.1893409036885345
2392.0,1.1981868369364537
2393.0,1.1943830496012815
2394.0,1.1881672419928668
2395.0,1.1811782093093315
2396.0,1.17709228755762
2397.0,1.182660217051858
2398.0,1.19081826013787
2399.0,1.2004958637443275
2400.0,1.2038536540208933
2401.0,1.1977688355133609
2402.0,1.186001571678753
2403.0,1.1690120925477185
2404.0,1.1633264204262184
2405.0,1.1716099883858098
2406.0,1.1721765046468957
2407.0,1.1704810821661502
2408.0,1.165064212663056
2409.0,1.1457511904758428
2410.0,1.1388792811645285
2411.0,1.1406983745661947
2412.0,1.1437974215475708
2413.0,1.1582382516407046
2414.0,1.163291919017311
2415.0,1.1678351622232939
2416.0,1.1700781582143904
2417.0,1.1615301181691238
2418.0,1.1555608534874966
2419.0,1.1487478919578318
2420.0,1.1478470483132588
2421.0,1.1450763575736205
2422.0,1.1449684616834068
2423.0,1.1521049634989107
2424.0,1.1581787247923352
2425.0,1.1680387123912468
2426.0,1.1720081708308527
2427.0,1.1631724073673007
2428.0,1.1455552687197899
2429.0,1.1312983884585661
2430.0,1.1180887327479039
2431.0,1.1077528565396746
2432.0,1.1075450884158358
2433.0,1.105008720924972
2434.0,1.1078212041219613
2435.0,1.1302451494287085
2436.0,1.1506254452656937
2437.0,1.1515840975560563
2438.0,1.1400392661121599
2439.0,1.112680637082198
2440.0,1.0905823502701883
2441.0,1.0862235493515258
2442.0,1.086641052977326
2443.0,1.0933167767312113
2444.0,1.0966901288156925
2445.0,1.0868482959840544
2446.0,1.0862389711270268
2447.0,1.0887362345509717
2448.0,1.0783726504059894
2449.0,1.0984448605949764
2450.0,1.1311502471930732
2451.0,1.1518235497504605
2452.0,1.1672214474009042
2453.0,1.1619125847119058
2454.0,1.1403895800835284
2455.0,1.1206462346795434
2456.0,1.1294562241915946
2457.0,1.124291156166328
2458.0,1.1164907564490991
2459.0,1.1299511697611677
2460.0,1.1083730358450556
2461.0,1.0848758651353918
2462.0,1.0824815117747113
2463.0,1.0471692053173682
2464.0,1.033358826018745
2465.0,1.0511342478397736
2466.0,1.0460053205865467
2467.0,1.0667099317254878
2468.0,1.0832231881707948
2469.0,1.0717609830274537
2470.0,1.0808128327783997
2471.0,1.0765719494362833
2472.0,1.0730072016339558
2473.0,1.0672223712432276
2474.0,1.0675077398120325
2475.0,1.072089310557599
2476.0,1.0778108134745938
2477.0,1.103733727682956
2478.0,1.105962265167973
2479.0,1.0808153141122578
2480.0,1.0735577898699393
2481.0,1.0690265542645772
2482.0,1.058683132170046
2483.0,1.056935567025364
2484.0,1.0520867495797168
2485.0,1.0241840382906817
2486.0,1.0176651176207743
2487.0,1.0398647657732687
2488.0,1.0309811227860401
2489.0,1.010304981931821
2490.0,1.0074162654004786
2491.0,0.9925827433670541
2492.0,0.9928439655456356
2493.0,1.02087587106524
2494.0,1.0283572485594823
2495.0,1.020867560179744
2496.0,1.0229720436963237
2497.0,1.0254328486899527
2498.0,1.0284527112959172
2499.0,1.039772943916596
2500.0,1.032137075505615
