350.0,-0.09441843518932236
351.0,-0.007129662866579961
352.0,-0.036885440489066584
353.0,-0.10070137566075986
354.0,-0.12789003094398033
355.0,-0.0778489533385988
356.0,0.020643737880222328
357.0,0.001774305512417795
358.0,0.025846640494423066
359.0,0.04182847352675206
360.0,-0.028724130394615337
361.0,-0.05223197099682659
362.0,-0.03134154417322295
363.0,0.002455655656162336
364.0,0.009106709110362668
365.0,-0.008650904780447765
366.0,0.0004258547201239053
367.0,0.019971867727133906
368.0,-0.0073859217254183505
369.0,-0.011741413854535095
370.0,-0.004830644230510102
371.0,0.004553875296020672
372.0,0.019212465029561872
373.0,0.020524985611619796
374.0,0.01525906081497235
375.0,0.008224183499767647
376.0,-0.007492448210351861
377.0,-0.004864777342620835
378.0,0.012361219760346124
379.0,0.028233141007545995
380.0,0.02451821230992237
381.0,0.006376939349769838
382.0,-6.891938739097216e-05
383.0,0.021683544614465606
384.0,0.021682322995422946
385.0,0.025667142965636602
386.0,0.033801692192957124
387.0,0.032207045331785464
388.0,0.02648852793201949
389.0,0.023155875134935215
390.0,0.02460240978903804
391.0,0.028311943496166888
392.0,0.019049045719308898
393.0,0.021132513877207413
394.0,0.03445134294168941
395.0,0.017643239401889683
396.0,0.0144233524503407
397.0,0.020916368036362414
398.0,0.02616850299322313
399.0,0.030172867684534806
400.0,0.028898700279172997
401.0,0.02553950780159017
402.0,0.0251685036942007
403.0,0.030704730118551776
404.0,0.028426171495089744
405.0,0.02449770314213973
406.0,0.03307058526983874
407.0,0.03871811774523419
408.0,0.04001591765292332
409.0,0.0373115679113345
410.0,0.03161260643022538
411.0,0.028843796481606034
412.0,0.03267525338218804
413.0,0.04011416132802789
414.0,0.03860159852536393
415.0,0.03776338083505713
416.0,0.035476382820052325
417.0,0.030363391976426
418.0,0.032356187735168934
419.0,0.03393784680804838
420.0,0.035172196375414286
421.0,0.03835462609644122
422.0,0.037684633125605986
423.0,0.03834541039222356
424.0,0.040402958916706075
425.0,0.03941105300069529
426.0,0.03560889612902814
427.0,0.03538768839097111
428.0,0.03912466495259153
429.0,0.037050871912504627
430.0,0.03807065622452591
431.0,0.04027902585604074
432.0,0.04031041460862738
433.0,0.038321940696184366
434.0,0.03815987884486292
435.0,0.03941376839354559
436.0,0.039832758941849816
437.0,0.039366418509939556
438.0,0.03903085661840483
439.0,0.03898094846278397
440.0,0.03858076970629606
441.0,0.03894277135332367
442.0,0.03947887937528248
443.0,0.03963459898368248
444.0,0.03938389632643707
445.0,0.039239165190420575
446.0,0.03949931573082818
447.0,0.03991937037922991
448.0,0.03835459687026131
449.0,0.039185868257188436
450.0,0.04108116585818476
451.0,0.04005916916213976
452.0,0.04018467753226521
453.0,0.040684911308806145
454.0,0.04080875261544379
455.0,0.040434800261705206
456.0,0.039278740726226336
457.0,0.03885428864315954
458.0,0.039706886388635
459.0,0.03887860438160847
460.0,0.039442306732343606
461.0,0.040015132961625795
462.0,0.038508262042704605
463.0,0.038943303648117676
464.0,0.040312294902237575
465.0,0.04135088433495921
466.0,0.041038497508467935
467.0,0.04094373277131083
468.0,0.041313404891072804
469.0,0.041650929336536545
470.0,0.040427591343306916
471.0,0.040464693675444426
472.0,0.04114273736689536
473.0,0.04108580940421782
474.0,0.040594097825240066
475.0,0.0400401457237859
476.0,0.04000837113578626
477.0,0.04086886459780256
478.0,0.03966258483053789
479.0,0.039847941879645944
480.0,0.04180612475012134
481.0,0.040369433979888576
482.0,0.0399095496691819
483.0,0.04017240026846254
484.0,0.040202593918633
485.0,0.04096355288049796
486.0,0.0408183346023472
487.0,0.04040275058505994
488.0,0.04123513372472122
489.0,0.040966471861176294
490.0,0.04075671057042572
491.0,0.04113596792109495
492.0,0.04140816095256335
493.0,0.041269868994479486
494.0,0.040632718486314
495.0,0.039982771582446106
496.0,0.041385883430356415
497.0,0.04152250841332677
498.0,0.0406507808991113
499.0,0.04067083443967289
500.0,0.04134576183744276
501.0,0.041953922783821464
502.0,0.04215946642372647
503.0,0.0421420341534546
504.0,0.04168851360546601
505.0,0.04130262047461037
506.0,0.04143612965804793
507.0,0.04212019119307898
508.0,0.04213937376004167
509.0,0.041994299052985844
510.0,0.042625778066999874
511.0,0.041872742915372636
512.0,0.04162463610427727
513.0,0.042354057554280435
514.0,0.04257550309678032
515.0,0.04265349782670463
516.0,0.04285497290549995
517.0,0.0431450435697351
518.0,0.04261046475668162
519.0,0.04229917375190347
520.0,0.04237562681921035
521.0,0.0425563483525846
522.0,0.04269841935278196
523.0,0.043424387484208515
524.0,0.044148198436338534
525.0,0.04282239453631861
526.0,0.042810410267983594
527.0,0.04322383938530087
528.0,0.042949994813440466
529.0,0.043354526046395336
530.0,0.043573431228919456
531.0,0.043682365806234545
532.0,0.044142957986402026
533.0,0.04421379435993374
534.0,0.04379674777069883
535.0,0.0433720128658817
536.0,0.04410038321387443
537.0,0.044186875452765555
538.0,0.044036345489295005
539.0,0.04431567110318227
540.0,0.04450229668537246
541.0,0.04448430170164557
542.0,0.04435173368144406
543.0,0.04430543780801275
544.0,0.04414663554100187
545.0,0.04446081317101735
546.0,0.04520758233986966
547.0,0.04518168738970009
548.0,0.04498974295163504
549.0,0.04482415559318585
550.0,0.04476398999686933
551.0,0.04489899375074219
552.0,0.04495253497872591
553.0,0.04493818842916907
554.0,0.04510446267519538
555.0,0.04546285300692051
556.0,0.04572859309958749
557.0,0.045744219463586436
558.0,0.04568984730387027
559.0,0.04569130814042202
560.0,0.04585370862949208
561.0,0.04618037706468388
562.0,0.046301899308565826
563.0,0.046095669785600805
564.0,0.04584794886680287
565.0,0.046201438432142465
566.0,0.04645059126192203
567.0,0.04658571477856089
568.0,0.0467138155518168
569.0,0.04684788169774413
570.0,0.04692687418632831
571.0,0.04696851076444611
572.0,0.047044118513221336
573.0,0.04730274545689593
574.0,0.047470830473226436
575.0,0.04742470587527029
576.0,0.04730134208050071
577.0,0.04727457065877069
578.0,0.04741790227526437
579.0,0.04771628691214713
580.0,0.04803614692462151
581.0,0.048123854179565675
582.0,0.04803659703108997
583.0,0.04804140042729684
584.0,0.04804642995597534
585.0,0.04824249274260896
586.0,0.04862946958039376
587.0,0.04878244116203804
588.0,0.04916684780366701
589.0,0.04933708405624102
590.0,0.04886022770561794
591.0,0.04892787981765518
592.0,0.04913555746407075
593.0,0.04934846382710048
594.0,0.04975636905658692
595.0,0.05007857931471275
596.0,0.05016071221560141
597.0,0.05004365104406489
598.0,0.050206353256366895
599.0,0.05022668084825184
600.0,0.05023951968756969
601.0,0.05058319854661336
602.0,0.05091561727498464
603.0,0.051224630523755185
604.0,0.0513746933921868
605.0,0.051009098882447916
606.0,0.05111447202971017
607.0,0.051438842622005806
608.0,0.05157755346076178
609.0,0.0520035138163227
610.0,0.05217823771761946
611.0,0.05212280545642651
612.0,0.0522560273267222
613.0,0.052363351979783694
614.0,0.052455445977019496
615.0,0.05261404190881723
616.0,0.05302006677529661
617.0,0.05345853281218692
618.0,0.053726574479495755
619.0,0.053703857849128775
620.0,0.053632846317595864
621.0,0.05376252307064426
622.0,0.05409394516086955
623.0,0.054370558232296876
624.0,0.05464308899723628
625.0,0.05480529608164149
626.0,0.054833685300047764
627.0,0.05502475620097674
628.0,0.05514544051266187
629.0,0.055193831910853385
630.0,0.055306741837456146
631.0,0.05559904236815173
632.0,0.05604199688349405
633.0,0.05647773530815366
634.0,0.05657745557594664
635.0,0.05660907373706236
636.0,0.056724487855179445
637.0,0.056977604019417025
638.0,0.057157356611862845
639.0,0.05743080631223103
640.0,0.05784146715010137
641.0,0.05829811444508444
642.0,0.05848328738475266
643.0,0.05852603529055404
644.0,0.0586308427188467
645.0,0.059015269046950536
646.0,0.05919523357361422
647.0,0.059260241440642736
648.0,0.05952861012160799
649.0,0.060088220709708325
650.0,0.06041907680715658
651.0,0.06041394712236403
652.0,0.06051675328870918
653.0,0.06082921953616343
654.0,0.06120157632575383
655.0,0.061464333065178706
656.0,0.061650698832700586
657.0,0.06174422621723107
658.0,0.06194682590100253
659.0,0.06250258327706937
660.0,0.06267181740024193
661.0,0.06273134893215519
662.0,0.06293746030304728
663.0,0.0632700534629519
664.0,0.0637566022746076
665.0,0.06425339117090959
666.0,0.06458059097745646
667.0,0.06463855889290206
668.0,0.06484551671962571
669.0,0.06524307771466915
670.0,0.06551831259575763
671.0,0.06580135159433505
672.0,0.06625454291737419
673.0,0.06685648170946148
674.0,0.06710326068408695
675.0,0.06740794038647266
676.0,0.06768854972113868
677.0,0.0677308172214704
678.0,0.06798796959322476
679.0,0.06844922342204457
680.0,0.06899399530855921
681.0,0.0694271874382339
682.0,0.06981127620595957
683.0,0.06999585110813289
684.0,0.06996726423418669
685.0,0.07032115665583347
686.0,0.07065102714638523
687.0,0.07099110862930252
688.0,0.07160717921492978
689.0,0.07195417488135676
690.0,0.07228556903705195
691.0,0.07271552570555763
692.0,0.07290386054851833
693.0,0.07329518126453953
694.0,0.07371466685167528
695.0,0.07395619215775967
696.0,0.07471832310104731
697.0,0.07519051721829817
698.0,0.07529443983410185
699.0,0.07564087198122837
700.0,0.0759644510791945
701.0,0.07640372839911003
702.0,0.07699394141196758
703.0,0.07738055298278015
704.0,0.07772133481207646
705.0,0.07810136215382743
706.0,0.07855790183433868
707.0,0.0789977861853838
708.0,0.07943497349880517
709.0,0.07984422866813758
710.0,0.08014935425467161
711.0,0.08078886417945973
712.0,0.08142711741645599
713.0,0.08175415035608591
714.0,0.08210602120387121
715.0,0.08233767734954729
716.0,0.08266021245264996
717.0,0.08338854110191031
718.0,0.08400196294554015
719.0,0.08445716738634515
720.0,0.08483975867661078
721.0,0.08534259969150185
722.0,0.08573423496280422
723.0,0.08611933172652937
724.0,0.08663057359099259
725.0,0.08714419324905202
726.0,0.08770435285846845
727.0,0.08823011002895692
728.0,0.08860006755782437
729.0,0.08925950636560395
730.0,0.08985446294592182
731.0,0.09021637183166144
732.0,0.09070025704178755
733.0,0.09123908354631766
734.0,0.09180323305730877
735.0,0.09236073628142911
736.0,0.09286544123672581
737.0,0.0934546714604122
738.0,0.09403589290292752
739.0,0.09435955228397468
740.0,0.09486459210007668
741.0,0.09544100040109227
742.0,0.09599649488653673
743.0,0.09668774592800722
744.0,0.09727592760515939
745.0,0.0977508650586925
746.0,0.09821561749087579
747.0,0.09887429506036687
748.0,0.09946864030195887
749.0,0.09994349806740448
750.0,0.10046541571878922
751.0,0.10121642177180772
752.0,0.10191653186927076
753.0,0.10242211147346189
754.0,0.10313058371399382
755.0,0.10358314709310472
756.0,0.10400327490319945
757.0,0.10475169757676332
758.0,0.10539262412597708
759.0,0.10605949051355566
760.0,0.10678764647664951
761.0,0.10748923675588265
762.0,0.10817605695956754
763.0,0.10880349310531953
764.0,0.1093799343367191
765.0,0.11006677574940628
766.0,0.110648027638369
767.0,0.1112867617349912
768.0,0.11217197483472602
769.0,0.1128206627255071
770.0,0.1133678712660102
771.0,0.11394630342767736
772.0,0.11464665365868237
773.0,0.11548998175391892
774.0,0.11630477185242974
775.0,0.11697784087673299
776.0,0.11761326966486238
777.0,0.11811726364445452
778.0,0.11868681631088489
779.0,0.11952354785101857
780.0,0.1202606844542636
781.0,0.12103813972134819
782.0,0.12190050218550727
783.0,0.12276874006311364
784.0,0.12342483836194638
785.0,0.12406573453506134
786.0,0.12480363166919384
787.0,0.12540598192185304
788.0,0.12629580497227727
789.0,0.12729000685929392
790.0,0.12808586839226985
791.0,0.12884478854505974
792.0,0.1295662818335871
793.0,0.13025934383348328
794.0,0.13095492184878482
795.0,0.13180589193137293
796.0,0.13263983987573325
797.0,0.13340530704173173
798.0,0.13432902454492954
799.0,0.13523655774232518
800.0,0.1360329492699679
801.0,0.1367254954985641
802.0,0.13758261654818657
803.0,0.1384402526449706
804.0,0.139288356800445
805.0,0.1401907740298513
806.0,0.14098432379248055
807.0,0.14173178766719313
808.0,0.1425213507395968
809.0,0.1434443281420715
810.0,0.144257505361558
811.0,0.14518320862292286
812.0,0.14631347303625838
813.0,0.1471179457564225
814.0,0.1478413528592011
815.0,0.14866956828927994
816.0,0.14967550606700433
817.0,0.15043900194819776
818.0,0.15132193105017216
819.0,0.1523665965785687
820.0,0.1532938743840351
821.0,0.15407969973779645
822.0,0.15497707996355126
823.0,0.15602590292695034
824.0,0.15680060522557804
825.0,0.15781577902803112
826.0,0.15878442062845305
827.0,0.15944374677911985
828.0,0.16048907003960355
829.0,0.16156861774947626
830.0,0.16255861257228066
831.0,0.1634816202281127
832.0,0.16430831217704145
833.0,0.1651704687387755
834.0,0.16617396132875578
835.0,0.16735350738439214
836.0,0.16826713293301987
837.0,0.169152783685994
838.0,0.17022674998824705
839.0,0.17140041215207563
840.0,0.17230609595642454
841.0,0.1731479029666242
842.0,0.1741951264982818
843.0,0.17511829060385234
844.0,0.17626662465603
845.0,0.17748539394523977
846.0,0.17841583995634927
847.0,0.17968359697674102
848.0,0.18069323512091098
849.0,0.18136921977576256
850.0,0.1823272497446369
851.0,0.18344773307851284
852.0,0.18470053201067932
853.0,0.18594991550109832
854.0,0.1868357170630059
855.0,0.1878491348170817
856.0,0.18886132716016724
857.0,0.18971558441566347
858.0,0.19088012381164096
859.0,0.19216102172385477
860.0,0.19341684354018765
861.0,0.19455549331511285
862.0,0.19564833000493137
863.0,0.19663880260303557
864.0,0.19762889369627976
865.0,0.19883525649079364
866.0,0.19999201362383617
867.0,0.20110609850614355
868.0,0.20225092128796662
869.0,0.2035220667828656
870.0,0.2048493072070235
871.0,0.20607651190907855
872.0,0.20710530886370307
873.0,0.20800868809059464
874.0,0.20911968783685436
875.0,0.21042742207740753
876.0,0.21175043498635338
877.0,0.21284515662083597
878.0,0.21422457151972055
879.0,0.21563884823310883
880.0,0.216543016421534
881.0,0.21783830798334947
882.0,0.21921119889420587
883.0,0.22051556992421908
884.0,0.22185637442347245
885.0,0.22310419906962403
886.0,0.2244062416915333
887.0,0.22572982825595675
888.0,0.22673118212479504
889.0,0.22784529344881335
890.0,0.22911137848859706
891.0,0.23041287204748154
892.0,0.23149237696299257
893.0,0.23267524543195764
894.0,0.2340166050017117
895.0,0.2354242371936981
896.0,0.23665156567659293
897.0,0.2379387245600284
898.0,0.2391173381626439
899.0,0.24000735993185357
900.0,0.24138474779953153
901.0,0.24287911535394324
902.0,0.24434081461934726
903.0,0.2457881247058645
904.0,0.24683739763396642
905.0,0.2479755117374773
906.0,0.24935751314770685
907.0,0.25068413441855314
908.0,0.25154912630172793
909.0,0.25264987407636164
910.0,0.25423554750055505
911.0,0.25568198993548985
912.0,0.256926737821594
913.0,0.2584354398046623
914.0,0.26023357686642784
915.0,0.26128733062180776
916.0,0.2628158615498133
917.0,0.2643229534251131
918.0,0.2653157882396638
919.0,0.2665959147594163
920.0,0.2680381572240018
921.0,0.2696470681125407
922.0,0.2713077403572608
923.0,0.27243251958034753
924.0,0.27361058620466566
925.0,0.2750706300499554
926.0,0.27677007488165994
927.0,0.2783430736114099
928.0,0.2798302075745539
929.0,0.28107020203057986
930.0,0.28199620563373284
931.0,0.2836412126048582
932.0,0.28547614007408334
933.0,0.2869472643403652
934.0,0.2877885138268294
935.0,0.28913688143479044
936.0,0.29065282006467374
937.0,0.29212354781932864
938.0,0.29360499358910425
939.0,0.29537956267099175
940.0,0.29709342674676403
941.0,0.298636898588017
942.0,0.30023757257675776
943.0,0.30194809347299056
944.0,0.30338155665557853
945.0,0.3045403451980922
946.0,0.3059361618897525
947.0,0.3074371152312707
948.0,0.3089130999694852
949.0,0.3103967509351008
950.0,0.31212532543113286
951.0,0.3134673983544247
952.0,0.314941207023856
953.0,0.316516022552762
954.0,0.3170706777827693
955.0,0.3185968822269138
956.0,0.32036632344729427
957.0,0.3217425735540474
958.0,0.3232813966661754
959.0,0.3249100798908378
960.0,0.32666050810520986
961.0,0.3285087054341638
962.0,0.330328662801284
963.0,0.3313878342128463
964.0,0.3323905284906984
965.0,0.33396808178250087
966.0,0.3358705578444675
967.0,0.3378582041540625
968.0,0.3394243349011721
969.0,0.3405864044140528
970.0,0.34238920728822014
971.0,0.3440987229023826
972.0,0.3455207766161323
973.0,0.34674314085262675
974.0,0.348089912814229
975.0,0.3499067593139156
976.0,0.3513746746466638
977.0,0.35233271249798787
978.0,0.3543508946112987
979.0,0.3563815391751576
980.0,0.35804137679082654
981.0,0.35946743138832055
982.0,0.36138421507463714
983.0,0.36306112657542977
984.0,0.3642691195877254
985.0,0.36547633795762174
986.0,0.3679539363138323
987.0,0.36955090133842955
988.0,0.37053103471777976
989.0,0.371905816074224
990.0,0.37473423926365235
991.0,0.3767342560860643
992.0,0.3785578781657988
993.0,0.380445110527599
994.0,0.38138017250833434
995.0,0.38259353427093595
996.0,0.3843602431308084
997.0,0.3863520528360466
998.0,0.3878648732171779
999.0,0.389863618895949
1000.0,0.391773568526621
1001.0,0.41314250411998843
1002.0,0.4158674730569482
1003.0,0.4172713777812177
1004.0,0.4163375300635188
1005.0,0.4175337638754943
1006.0,0.4204141291213945
1007.0,0.41995057914394796
1008.0,0.4183606978968935
1009.0,0.42025545424946187
1010.0,0.42190376451892525
1011.0,0.42436305641527017
1012.0,0.42881112102636243
1013.0,0.43145488327600406
1014.0,0.43337543905570247
1015.0,0.433290094577638
1016.0,0.43416144716656896
1017.0,0.43452497651875377
1018.0,0.4363279097747061
1019.0,0.43883610884163465
1020.0,0.44056524777103806
1021.0,0.4422180171608996
1022.0,0.4440069070200678
1023.0,0.44492235765044913
1024.0,0.4463888085098161
1025.0,0.44807981212847997
1026.0,0.4490627358014383
1027.0,0.4507544300848364
1028.0,0.4523113853213122
1029.0,0.45450227727664794
1030.0,0.45766415354471796
1031.0,0.46080876956129974
1032.0,0.46167589493263206
1033.0,0.4646836367281019
1034.0,0.46567307751627485
1035.0,0.46573109010314234
1036.0,0.47068890732631513
1037.0,0.4724022690203345
1038.0,0.47209814052929017
1039.0,0.4750128695577517
1040.0,0.47642623563749004
1041.0,0.4774931696540755
1042.0,0.47930861006959125
1043.0,0.4807500275672276
1044.0,0.4813760692899488
1045.0,0.48271282013517236
1046.0,0.4847596858018213
1047.0,0.4869412087641276
1048.0,0.4887330923460032
1049.0,0.4887548606790704
1050.0,0.4896407894232554
1051.0,0.4917565001216219
1052.0,0.4942035625313303
1053.0,0.4966671271210056
1054.0,0.49749277138036285
1055.0,0.4984914522501053
1056.0,0.5001426504549147
1057.0,0.5020719280204771
1058.0,0.5048827234973053
1059.0,0.507699718466123
1060.0,0.5103206878014137
1061.0,0.5137180019432412
1062.0,0.515990924576642
1063.0,0.5185661461867372
1064.0,0.5190246206073645
1065.0,0.5175861693894199
1066.0,0.5184799168983877
1067.0,0.5202260447663798
1068.0,0.5231171754450241
1069.0,0.5269484463240709
1070.0,0.5297035770700323
1071.0,0.531807934253801
1072.0,0.5326083671103885
1073.0,0.5337542873790077
1074.0,0.5355176143562371
1075.0,0.5366913291600273
1076.0,0.5383443573832636
1077.0,0.5404654845705995
1078.0,0.5418398082766229
1079.0,0.5438371760850319
1080.0,0.5461670885564309
1081.0,0.5479153726992324
1082.0,0.5507533421142822
1083.0,0.5539648039527221
1084.0,0.5561247179605613
1085.0,0.5577622138162636
1086.0,0.5597149763560243
1087.0,0.5614486714952541
1088.0,0.5623025630923921
1089.0,0.5636604193940198
1090.0,0.5659478677509704
1091.0,0.5672974491806003
1092.0,0.5692360969861445
1093.0,0.5717634557225371
1094.0,0.5725520735863002
1095.0,0.5740550605297009
1096.0,0.5759730097186083
1097.0,0.5781064070061833
1098.0,0.5817091132606348
1099.0,0.5841910974986626
1100.0,0.5862642977206058
1101.0,0.5883987204826923
1102.0,0.5901395612010082
1103.0,0.5918448015132844
1104.0,0.5946055966471244
1105.0,0.5973246223312975
1106.0,0.5992846460299732
1107.0,0.6014708655074147
1108.0,0.6034979461959734
1109.0,0.6052470341180056
1110.0,0.6077512909242272
1111.0,0.6103185083855166
1112.0,0.6118802412020659
1113.0,0.6122299224121859
1114.0,0.613989176833733
1115.0,0.6156396157219
1116.0,0.6173562831134058
1117.0,0.6200012027971316
1118.0,0.6221984982666607
1119.0,0.6238754491343929
1120.0,0.6261474452354161
1121.0,0.6282819886359305
1122.0,0.6310324162278983
1123.0,0.6333205232779772
1124.0,0.6354653500875606
1125.0,0.6375027429639515
1126.0,0.638712468561857
1127.0,0.6406011275548218
1128.0,0.6426237922997114
1129.0,0.6445235711455307
1130.0,0.6466685533961023
1131.0,0.6489099860401701
1132.0,0.6508257925393223
1133.0,0.6530756680044529
1134.0,0.6558016784921993
1135.0,0.6586173783341349
1136.0,0.660279645828782
1137.0,0.6619777355886721
1138.0,0.664046304007345
1139.0,0.6654837820735983
1140.0,0.6671446193105739
1141.0,0.6699421524398931
1142.0,0.6722557300821504
1143.0,0.6744019905013583
1144.0,0.6763889902033472
1145.0,0.6781671120805437
1146.0,0.680202786334672
1147.0,0.6824439015567414
1148.0,0.6842790847964599
1149.0,0.6862237299856788
1150.0,0.687997066280514
1151.0,0.6895744834660849
1152.0,0.6909680440437206
1153.0,0.6923481340048399
1154.0,0.694736084483822
1155.0,0.697007250718181
1156.0,0.6989703642415155
1157.0,0.7013470409355668
1158.0,0.7044496626296172
1159.0,0.706715428308005
1160.0,0.7088773257150205
1161.0,0.710678933349697
1162.0,0.7118129723266017
1163.0,0.7133622329749396
1164.0,0.7144588760693351
1165.0,0.7161988880039946
1166.0,0.7185816155189776
1167.0,0.720842345718893
1168.0,0.7226387725501978
1169.0,0.7250994817475912
1170.0,0.7265975554247556
1171.0,0.7277919824560898
1172.0,0.7293971325193628
1173.0,0.7308324588464956
1174.0,0.7328326363533841
1175.0,0.7353771739152538
1176.0,0.737611569167929
1177.0,0.7400530768891932
1178.0,0.7424628536557362
1179.0,0.744806056625157
1180.0,0.7471582257156563
1181.0,0.7496615277542843
1182.0,0.7521576018319086
1183.0,0.7540235565961116
1184.0,0.7554947400225368
1185.0,0.7572085284909477
1186.0,0.7591364857736839
1187.0,0.7618213180870891
1188.0,0.7658567815796303
1189.0,0.7681917449630045
1190.0,0.7704518436577653
1191.0,0.772223026089255
1192.0,0.7724343272601735
1193.0,0.7737987605594446
1194.0,0.7756296106119287
1195.0,0.777401156761538
1196.0,0.7796566887951352
1197.0,0.7814959469631007
1198.0,0.7833166420082439
1199.0,0.7847221046609968
1200.0,0.7862228678733703
1201.0,0.7873696522018564
1202.0,0.7889203459966586
1203.0,0.7915834719054158
1204.0,0.7939067662012075
1205.0,0.7964705319984045
1206.0,0.7992310393876865
1207.0,0.8025848145027391
1208.0,0.8048287458563359
1209.0,0.8068537401961838
1210.0,0.8087277667803707
1211.0,0.8093438877577336
1212.0,0.8109143622469523
1213.0,0.8128061215348136
1214.0,0.8151055479069289
1215.0,0.8182719254087379
1216.0,0.8210955846715995
1217.0,0.8231269402364265
1218.0,0.8248643305777092
1219.0,0.8264740098554177
1220.0,0.8269356176375479
1221.0,0.8285186541686387
1222.0,0.8306243618525443
1223.0,0.8327716847840041
1224.0,0.835291498673349
1225.0,0.8374670219372782
1226.0,0.83983764407102
1227.0,0.8418842420936662
1228.0,0.8432829718385441
1229.0,0.8452671116904837
1230.0,0.8479075550652581
1231.0,0.8498323405745433
1232.0,0.8516422859984545
1233.0,0.8531073776906395
1234.0,0.8548297308381884
1235.0,0.8566091868688898
1236.0,0.8587536367024388
1237.0,0.861585038362832
1238.0,0.8641910999534178
1239.0,0.8670254172078973
1240.0,0.8692251746221729
1241.0,0.8714219196664595
1242.0,0.873421858380213
1243.0,0.8747123382816577
1244.0,0.8763070194214276
1245.0,0.8776695985049031
1246.0,0.8797152981630776
1247.0,0.8819800701119841
1248.0,0.8843763717714171
1249.0,0.888075520727276
1250.0,0.8907254719525943
1251.0,0.8926203909781867
1252.0,0.8946411445809247
1253.0,0.8966320262999462
1254.0,0.8980975578074221
1255.0,0.8999970763778076
1256.0,0.90236350754119
1257.0,0.9042660322029339
1258.0,0.9059986808355499
1259.0,0.907659379675874
1260.0,0.9090586313927904
1261.0,0.910640404274768
1262.0,0.9122095181331819
1263.0,0.9138229069982204
1264.0,0.9156604526323193
1265.0,0.9172747603725463
1266.0,0.9187247090275117
1267.0,0.9201995728059914
1268.0,0.9216791845592178
1269.0,0.9229652871732544
1270.0,0.9243185311333466
1271.0,0.9253720817631725
1272.0,0.927433544811946
1273.0,0.9300008448987893
1274.0,0.9322446139474336
1275.0,0.9351919740636827
1276.0,0.9375032696145283
1277.0,0.9391679599266982
1278.0,0.9411586415358041
1279.0,0.9433764812054715
1280.0,0.9453437195862358
1281.0,0.9470572301013527
1282.0,0.9489461540888602
1283.0,0.9509980797533959
1284.0,0.9527644239999266
1285.0,0.9543393387610495
1286.0,0.9560643244261348
1287.0,0.957663129498353
1288.0,0.959207856264677
1289.0,0.9610124276051689
1290.0,0.9629180680168327
1291.0,0.9652512696874376
1292.0,0.9680802857614667
1293.0,0.9702970280453523
1294.0,0.9727731222506194
1295.0,0.9747881205558075
1296.0,0.9758869122808236
1297.0,0.9777516838577079
1298.0,0.9798790412904839
1299.0,0.9820392509214281
1300.0,0.9848697184564431
1301.0,0.9869002868433469
1302.0,0.9884871896175265
1303.0,0.9901709758895768
1304.0,0.9909783362902639
1305.0,0.9925751925826085
1306.0,0.9945345606377193
1307.0,0.996941479418833
1308.0,0.9992704294733543
1309.0,1.0020068855823239
1310.0,1.0045270180400232
1311.0,1.0071590202992715
1312.0,1.0093814670483556
1313.0,1.0117185177130588
1314.0,1.0134266166922195
1315.0,1.0142962617267264
1316.0,1.0157512560111708
1317.0,1.0170901183338217
1318.0,1.0185589915447808
1319.0,1.0203220383130898
1320.0,1.0220213948272365
1321.0,1.0235209376428676
1322.0,1.0253099677827324
1323.0,1.0273753055181751
1324.0,1.0293902302754865
1325.0,1.031516566173168
1326.0,1.033639379361535
1327.0,1.0357756116540886
1328.0,1.0380579884331749
1329.0,1.0398703513713128
1330.0,1.0415760862948593
1331.0,1.0430961709961604
1332.0,1.0439961862438978
1333.0,1.045588073318444
1334.0,1.047326242781393
1335.0,1.0492468926794107
1336.0,1.051796843556803
1337.0,1.053710459573576
1338.0,1.0552627536300345
1339.0,1.0571303579928013
1340.0,1.0588040364451028
1341.0,1.0606769246835945
1342.0,1.0632953910798348
1343.0,1.0651760180947216
1344.0,1.0664024945672648
1345.0,1.0679596621366074
1346.0,1.069169270018107
1347.0,1.070519266405278
1348.0,1.0726000203066577
1349.0,1.075341406002538
1350.0,1.0777984960473324
1351.0,1.0808436007539484
1352.0,1.083054962277257
1353.0,1.0850142981535233
1354.0,1.0866779907868873
1355.0,1.0876036785395806
1356.0,1.0891144935832626
1357.0,1.0904120089254774
1358.0,1.0922660858502349
1359.0,1.0948793410591184
1360.0,1.097034465224556
1361.0,1.0996661585029368
1362.0,1.1014473742915887
1363.0,1.1023327712770803
1364.0,1.1035643413481833
1365.0,1.1040172522066984
1366.0,1.1053088929365114
1367.0,1.1069658550946395
1368.0,1.1093217897938417
1369.0,1.1113916565704036
1370.0,1.1141641229632993
1371.0,1.1156439570554917
1372.0,1.1163873680971177
1373.0,1.1177035679023017
1374.0,1.1186244208130813
1375.0,1.1198423684093104
1376.0,1.1215517296002677
1377.0,1.1230262289390047
1378.0,1.1242351372242927
1379.0,1.1256303568078032
1380.0,1.1272218190780905
1381.0,1.1287593395498303
1382.0,1.1305414167922478
1383.0,1.1318059743036886
1384.0,1.132928779122156
1385.0,1.1338503833669438
1386.0,1.1338436205706146
1387.0,1.1345990214220683
1388.0,1.1356936410507426
1389.0,1.136817603268037
1390.0,1.1383107885753478
1391.0,1.139962806455824
1392.0,1.1412646188608897
1393.0,1.1424887826064094
1394.0,1.143554158846158
1395.0,1.1444670014872171
1396.0,1.1452787042845263
1397.0,1.1457937884900913
1398.0,1.1466497601264514
1399.0,1.1476215932786318
1400.0,1.1484200850427353
1401.0,1.1494483472947206
1402.0,1.1500633212674074
1403.0,1.150155812897758
1404.0,1.1506826381819026
1405.0,1.151093758407646
1406.0,1.1518889990674042
1407.0,1.153002271882962
1408.0,1.1541754885192574
1409.0,1.1557416025351914
1410.0,1.1570247939667002
1411.0,1.1585222069279804
1412.0,1.1596096850138633
1413.0,1.1600664556136597
1414.0,1.1607970425566196
1415.0,1.16208793340305
1416.0,1.1634811825714182
1417.0,1.1646254888396343
1418.0,1.1662709849819066
1419.0,1.167305299965426
1420.0,1.1675313717043934
1421.0,1.168519266905844
1422.0,1.1699970603877647
1423.0,1.1708805572612808
1424.0,1.1715096432746082
1425.0,1.1725227423813729
1426.0,1.173104684412311
1427.0,1.1745080244115693
1428.0,1.176781221489772
1429.0,1.1786280407055414
1430.0,1.1808018457094738
1431.0,1.1825740268230724
1432.0,1.184036963843518
1433.0,1.185605718956917
1434.0,1.1871167396481415
1435.0,1.1884916770976923
1436.0,1.189906602187042
1437.0,1.1910710491471637
1438.0,1.1916190896945498
1439.0,1.1927991206724706
1440.0,1.194074689778631
1441.0,1.195336771049387
1442.0,1.1970608495644128
1443.0,1.198281899764349
1444.0,1.199292144123681
1445.0,1.1997416105098802
1446.0,1.2009350645788965
1447.0,1.2022002205495463
1448.0,1.2036102604797738
1449.0,1.205559894356725
1450.0,1.2070834058767983
1451.0,1.20842752882426
1452.0,1.2097433057525566
1453.0,1.2108352569712693
1454.0,1.212283998275952
1455.0,1.2136075996123885
1456.0,1.2153703315862683
1457.0,1.2181116699972598
1458.0,1.219810704182467
1459.0,1.2211254651926229
1460.0,1.2225422786221631
1461.0,1.2233149281801157
1462.0,1.2243797546722996
1463.0,1.2257491938378917
1464.0,1.2270640246554418
1465.0,1.2284548432400388
1466.0,1.2296017387915492
1467.0,1.2305587861353897
1468.0,1.2316988009538852
1469.0,1.232822549245774
1470.0,1.233949901195382
1471.0,1.2354101655553071
1472.0,1.2373232095326048
1473.0,1.2389794920712236
1474.0,1.2406292802223273
1475.0,1.2423108024136185
1476.0,1.2440609472267026
1477.0,1.2456826057793355
1478.0,1.2473138025035655
1479.0,1.2488474906840885
1480.0,1.2501665873408696
1481.0,1.251713040421105
1482.0,1.2534191264792132
1483.0,1.2548910703811111
1484.0,1.2564513653568532
1485.0,1.2577790158754474
1486.0,1.2586194934631787
1487.0,1.2599087811085588
1488.0,1.2612265302492922
1489.0,1.2627977114543225
1490.0,1.2647781378750738
1491.0,1.2666227490172044
1492.0,1.2685990222624695
1493.0,1.2704348007965511
1494.0,1.2722254302406506
1495.0,1.2739676988763755
1496.0,1.2756232817528217
1497.0,1.2772883341061692
1498.0,1.2789347903213342
1499.0,1.2805495583989737
1500.0,1.2820449826832816
1501.0,1.2836406263125408
1502.0,1.2854448105442124
1503.0,1.287266098984846
1504.0,1.2890623879046084
1505.0,1.2910990209860658
1506.0,1.292732988954673
1507.0,1.2942126003936596
1508.0,1.2954357619816166
1509.0,1.296258718297198
1510.0,1.2975250691447535
1511.0,1.2986455123308522
1512.0,1.300163864420005
1513.0,1.3021788049351846
1514.0,1.3039217151848888
1515.0,1.3057276555984902
1516.0,1.3074086700770597
1517.0,1.3091027098792414
1518.0,1.3105928677764762
1519.0,1.3118421844994714
1520.0,1.3132639744517005
1521.0,1.3146616872840218
1522.0,1.3159903807178457
1523.0,1.3173969615790735
1524.0,1.318747466694234
1525.0,1.319952401656044
1526.0,1.321225485153582
1527.0,1.3227152196871803
1528.0,1.3238826776260597
1529.0,1.324812845968998
1530.0,1.3257812349042553
1531.0,1.3263370944094552
1532.0,1.3273505320720982
1533.0,1.3285979415571585
1534.0,1.3299556126289418
1535.0,1.331625449737649
1536.0,1.3332892992451038
1537.0,1.334921945613492
1538.0,1.3368407721874151
1539.0,1.3387721341329426
1540.0,1.3406139321185213
1541.0,1.3422438164787363
1542.0,1.343783828894374
1543.0,1.3452116195355475
1544.0,1.3463845662930691
1545.0,1.34773546595214
1546.0,1.3490969559118562
1547.0,1.3504624489182282
1548.0,1.3517318562856666
1549.0,1.3533547650413165
1550.0,1.3551571734211818
1551.0,1.3568685078993756
1552.0,1.3590186246382145
1553.0,1.3604698116889942
1554.0,1.3615183764972167
1555.0,1.3626280856108148
1556.0,1.363343891164552
1557.0,1.3643729879151854
1558.0,1.365518745287299
1559.0,1.3666350686430273
1560.0,1.3678574778554349
1561.0,1.3689607764229028
1562.0,1.3699048468381947
1563.0,1.3710898030401901
1564.0,1.372360716418518
1565.0,1.3736151341949596
1566.0,1.3748918526436047
1567.0,1.3763895076848716
1568.0,1.378257625798929
1569.0,1.3795935312545078
1570.0,1.3807903437410005
1571.0,1.3820626397827729
1572.0,1.3829604509306346
1573.0,1.3839532349856865
1574.0,1.3850602216613166
1575.0,1.3863110491818404
1576.0,1.3874412365192759
1577.0,1.3887395928314714
1578.0,1.3905135283371657
1579.0,1.3920088547054061
1580.0,1.393532516982893
1581.0,1.3947486824609996
1582.0,1.3955017828818264
1583.0,1.3965505152854032
1584.0,1.39751197104207
1585.0,1.3985456460545955
1586.0,1.3997359733498642
1587.0,1.4010708834093175
1588.0,1.4026305867286475
1589.0,1.403959751188909
1590.0,1.4052531361040577
1591.0,1.4067112317481305
1592.0,1.4078659472092547
1593.0,1.4086629100692198
1594.0,1.4097454173376722
1595.0,1.4109838999678361
1596.0,1.4118750347772502
1597.0,1.412621975513688
1598.0,1.4134772333631915
1599.0,1.414170202780944
1600.0,1.4149567816211737
1601.0,1.4158565270666112
1602.0,1.416764985752127
1603.0,1.4175360469859273
1604.0,1.4185871433908896
1605.0,1.420063276445824
1606.0,1.420923173403219
1607.0,1.4214182041262797
1608.0,1.4224421890675216
1609.0,1.4232586746618936
1610.0,1.4245259177129557
1611.0,1.426631931070928
1612.0,1.4279450193454948
1613.0,1.4289254370612483
1614.0,1.4300830021599398
1615.0,1.4310772399626377
1616.0,1.4321046778455102
1617.0,1.433305078866091
1618.0,1.4342724473303208
1619.0,1.4350621118765448
1620.0,1.4358142983175912
1621.0,1.4363878513599668
1622.0,1.4371681441606943
1623.0,1.4381201410471232
1624.0,1.4387242117878711
1625.0,1.4393271928717666
1626.0,1.4397790073264034
1627.0,1.439816553733921
1628.0,1.4400508840045938
1629.0,1.440282919115784
1630.0,1.4406879172323834
1631.0,1.4410280458072906
1632.0,1.441645229194407
1633.0,1.442788765822032
1634.0,1.4434438330732315
1635.0,1.4439140332412908
1636.0,1.4445451924441746
1637.0,1.4448590991004657
1638.0,1.445560576321587
1639.0,1.446993836064877
1640.0,1.4476089843141158
1641.0,1.4480338016191805
1642.0,1.4481849893291152
1643.0,1.4473540253204897
1644.0,1.4473885327305984
1645.0,1.4475889743802126
1646.0,1.4481078598426083
1647.0,1.4493476263769531
1648.0,1.4502194343871122
1649.0,1.451320571038889
1650.0,1.4520068125266223
1651.0,1.4523381768868708
1652.0,1.4527071103129146
1653.0,1.4530078013158363
1654.0,1.453031212336775
1655.0,1.4526373617490278
1656.0,1.4526628227557645
1657.0,1.4525993131801704
1658.0,1.4526852363488851
1659.0,1.453255329860545
1660.0,1.4536411620483831
1661.0,1.4538869346926189
1662.0,1.4541533639362783
1663.0,1.454240591951363
1664.0,1.4547596833124596
1665.0,1.4553799536815504
1666.0,1.4562274338351395
1667.0,1.457573456113879
1668.0,1.4588265460374683
1669.0,1.4600169761422404
1670.0,1.461512516341995
1671.0,1.4633491316174136
1672.0,1.465032782767663
1673.0,1.4670104289256987
1674.0,1.4686548432358175
1675.0,1.469636379276715
1676.0,1.4712692831130825
1677.0,1.473332803208584
1678.0,1.4751007321380722
1679.0,1.477447066410123
1680.0,1.4790848811711772
1681.0,1.4800495786322265
1682.0,1.480940869670245
1683.0,1.4814236789533646
1684.0,1.4820670173987638
1685.0,1.4823517656020913
1686.0,1.4831081815439786
1687.0,1.4841020104379428
1688.0,1.4852840881479703
1689.0,1.4868349852100287
1690.0,1.4883740238357486
1691.0,1.4902966081093534
1692.0,1.4917535307269407
1693.0,1.493012569691565
1694.0,1.494393222336509
1695.0,1.4955891023041459
1696.0,1.496638732212052
1697.0,1.4979923843563085
1698.0,1.498695094940159
1699.0,1.4984532129098407
1700.0,1.4990774222720424
1701.0,1.499492597977174
1702.0,1.5005019794324947
1703.0,1.5026997035057466
1704.0,1.5041507036363815
1705.0,1.505593040751253
1706.0,1.506839185466002
1707.0,1.5078917848449753
1708.0,1.5086000049179542
1709.0,1.508902980154865
1710.0,1.5092762397849375
1711.0,1.509021594907998
1712.0,1.509345114426016
1713.0,1.5101161137970753
1714.0,1.5108306758882184
1715.0,1.5119854728154085
1716.0,1.5128322491370272
1717.0,1.5135751207090258
1718.0,1.5142314053958308
1719.0,1.514424194175698
1720.0,1.5150876530736652
1721.0,1.5159176418684774
1722.0,1.5167266924792477
1723.0,1.5180370007599346
1724.0,1.5190381047209605
1725.0,1.519824564353225
1726.0,1.5204355559324545
1727.0,1.5209447353692112
1728.0,1.5212884311352315
1729.0,1.5212879015684508
1730.0,1.521614658184315
1731.0,1.522155203857428
1732.0,1.5222012461591599
1733.0,1.5220071223148777
1734.0,1.5221452093185222
1735.0,1.522129994327854
1736.0,1.5222341985218144
1737.0,1.5226592861220793
1738.0,1.5228444781742283
1739.0,1.5229740829394722
1740.0,1.5228582720549655
1741.0,1.5221343496679394
1742.0,1.5226005614836373
1743.0,1.5236273594012533
1744.0,1.5242191600079984
1745.0,1.525907895781635
1746.0,1.5264657537580693
1747.0,1.5255157369179968
1748.0,1.5255822316380752
1749.0,1.5256538181835
1750.0,1.5262545375091026
1751.0,1.5278226521114036
1752.0,1.5283589048418256
1753.0,1.5286754594691014
1754.0,1.5285486169372544
1755.0,1.5286243781085689
1756.0,1.5288312012789695
1757.0,1.5301115673284083
1758.0,1.5311684432554533
1759.0,1.5312781964313182
1760.0,1.5324506648718412
1761.0,1.5336431025456223
1762.0,1.5345350332404908
1763.0,1.5355865368189918
1764.0,1.5361754936601597
1765.0,1.5362034020248714
1766.0,1.5357553279174319
1767.0,1.536132361548828
1768.0,1.5368087640272607
1769.0,1.5371217468472498
1770.0,1.5386997946363636
1771.0,1.5400368403497862
1772.0,1.5405103717502977
1773.0,1.5415945480000763
1774.0,1.54194685558542
1775.0,1.541657149069235
1776.0,1.5420447003994344
1777.0,1.5418684260515902
1778.0,1.5409134116823133
1779.0,1.5410887737051286
1780.0,1.541740827662665
1781.0,1.5424019492036416
1782.0,1.544090762570934
1783.0,1.5447392853064248
1784.0,1.5447448927928822
1785.0,1.5451934205058249
1786.0,1.54453626662717
1787.0,1.545328969552855
1788.0,1.5468191592359548
1789.0,1.5468465664336248
1790.0,1.5480500524342362
1791.0,1.5484158041253244
1792.0,1.5475820932086308
1793.0,1.5481722729940237
1794.0,1.549311313843852
1795.0,1.550320409886768
1796.0,1.5521914230975398
1797.0,1.5535430435245003
1798.0,1.554497959728147
1799.0,1.5555191411710607
1800.0,1.5563282377196308
1801.0,1.54473294287536
1802.0,1.5450962867776243
1803.0,1.544004368699229
1804.0,1.5442560005128767
1805.0,1.545026143889963
1806.0,1.5458489463923213
1807.0,1.5469528433447735
1808.0,1.548162771155529
1809.0,1.5499852072773634
1810.0,1.551094891041705
1811.0,1.551994387083058
1812.0,1.552923679686526
1813.0,1.5533185200608135
1814.0,1.5539693846956866
1815.0,1.5547297771222002
1816.0,1.5559927405522542
1817.0,1.55655522188146
1818.0,1.5564983805245458
1819.0,1.5570699068583667
1820.0,1.5579751440523564
1821.0,1.558382748721904
1822.0,1.5587651036795103
1823.0,1.55903807053182
1824.0,1.5600460745875944
1825.0,1.5604872689188705
1826.0,1.5613484342829083
1827.0,1.5634595824013355
1828.0,1.5646919811732873
1829.0,1.5655117913514753
1830.0,1.5659232219207442
1831.0,1.566453270593552
1832.0,1.5659630803697964
1833.0,1.5646725502391152
1834.0,1.5635399553826985
1835.0,1.5633829601700848
1836.0,1.5636361980801738
1837.0,1.563842893106101
1838.0,1.5645939052476787
1839.0,1.5657862631769834
1840.0,1.5672520005241217
1841.0,1.5681816924539105
1842.0,1.570082377503063
1843.0,1.5718702805366664
1844.0,1.5738524027347236
1845.0,1.5750118958747745
1846.0,1.5757277913883703
1847.0,1.5764159640141207
1848.0,1.5763245942958464
1849.0,1.574834632623392
1850.0,1.5746279106220984
1851.0,1.5745859367270876
1852.0,1.5752875348967663
1853.0,1.5746183453130649
1854.0,1.5733005530003752
1855.0,1.5723839589017325
1856.0,1.5707195339493003
1857.0,1.5701280064679208
1858.0,1.5710844651466997
1859.0,1.5707853859982612
1860.0,1.5706691912978146
1861.0,1.5694374415513306
1862.0,1.5671466693334055
1863.0,1.5649838180647584
1864.0,1.5627315619249382
1865.0,1.5629485399410448
1866.0,1.5633000432461912
1867.0,1.5640016521322115
1868.0,1.5644737047727335
1869.0,1.5650763823797917
1870.0,1.5638864693146015
1871.0,1.5619777665868304
1872.0,1.5608466969416195
1873.0,1.5569449375594544
1874.0,1.5536689598489692
1875.0,1.5509029722390717
1876.0,1.5464824993257107
1877.0,1.5422632398973122
1878.0,1.538929992894958
1879.0,1.5354548092067537
1880.0,1.5330422892097684
1881.0,1.5283968583599392
1882.0,1.522802743095355
1883.0,1.517289087241091
1884.0,1.5099521476361726
1885.0,1.502432343705079
1886.0,1.4973155638347846
1887.0,1.4901753371583566
1888.0,1.4824602481478708
1889.0,1.4757632473253537
1890.0,1.4684901178988314
1891.0,1.4607551559798444
1892.0,1.4529716946077704
1893.0,1.4436512991004764
1894.0,1.433581909738172
1895.0,1.4226988792733954
1896.0,1.4106005876948553
1897.0,1.400469261896916
1898.0,1.3912036852005187
1899.0,1.3812215922378441
1900.0,1.3727347010875934
1901.0,1.3635967305551688
1902.0,1.3545731239863879
1903.0,1.3447107554976927
1904.0,1.3355261643542262
1905.0,1.3258665093800777
1906.0,1.316462732733193
1907.0,1.3084155075562902
1908.0,1.3015080057714208
1909.0,1.2943186625283871
1910.0,1.2889407712183318
1911.0,1.2848975001671123
1912.0,1.2798837552785969
1913.0,1.275616038783137
1914.0,1.272504594788783
1915.0,1.2685962430897513
1916.0,1.2653222548891916
1917.0,1.26414005944898
1918.0,1.262924932936844
1919.0,1.262640640059594
1920.0,1.2620240086764623
1921.0,1.261397331405286
1922.0,1.260237433917515
1923.0,1.2594960865306748
1924.0,1.2588764944475292
1925.0,1.258458758458331
1926.0,1.2568099640599872
1927.0,1.2573061390243039
1928.0,1.257886817206511
1929.0,1.258375543669329
1930.0,1.2599140725347906
1931.0,1.2603047164133803
1932.0,1.260936321754565
1933.0,1.2618201063378416
1934.0,1.262340329932231
1935.0,1.2637049245690295
1936.0,1.2648872818032257
1937.0,1.2657658963449552
1938.0,1.2663023671489368
1939.0,1.2677807866761215
1940.0,1.2689648892550371
1941.0,1.2696338347377383
1942.0,1.2718846206693788
1943.0,1.2739738134855336
1944.0,1.2752526596352292
1945.0,1.2769882506595556
1946.0,1.2785345839799112
1947.0,1.280678531166521
1948.0,1.2826082775059569
1949.0,1.2845344161131425
1950.0,1.2870350219070121
1951.0,1.289643798709521
1952.0,1.2916228924329196
1953.0,1.295363699208854
1954.0,1.2983032950858908
1955.0,1.300323561706907
1956.0,1.3032376684367735
1957.0,1.3040877874549677
1958.0,1.3047147652200082
1959.0,1.306409650705655
1960.0,1.308976011073512
1961.0,1.3101312353125905
1962.0,1.3111892982324056
1963.0,1.3126706036136722
1964.0,1.312345152261533
1965.0,1.3126682838014454
1966.0,1.313709947905884
1967.0,1.3153243833839174
1968.0,1.318347203197662
1969.0,1.3210297351197484
1970.0,1.3238392847850982
1971.0,1.3260778033217562
1972.0,1.3276790310116775
1973.0,1.3278064171174266
1974.0,1.329003273244398
1975.0,1.33010447916005
1976.0,1.3317294538750262
1977.0,1.3332133576748941
1978.0,1.3352383401314751
1979.0,1.338184599176768
1980.0,1.3406554421821255
1981.0,1.3426227274448157
1982.0,1.3451412536831162
1983.0,1.3465640323976689
1984.0,1.3483546583915982
1985.0,1.3506679375297743
1986.0,1.3539110817479159
1987.0,1.3565591907761851
1988.0,1.359881455469311
1989.0,1.3613212856167007
1990.0,1.3630112615685888
1991.0,1.3663467192417964
1992.0,1.3675146984884883
1993.0,1.3707558413384286
1994.0,1.37383348023883
1995.0,1.3740626216112852
1996.0,1.3752685721599873
1997.0,1.3758350888317636
1998.0,1.377547671040624
1999.0,1.3802853989132797
2000.0,1.3827560976613047
2001.0,1.3862695863715293
2002.0,1.3880803198020548
2003.0,1.3900561565837606
2004.0,1.3912659906087066
2005.0,1.3917157722780134
2006.0,1.3944942092982682
2007.0,1.3972559484221843
2008.0,1.3990546289119592
2009.0,1.4014352619942856
2010.0,1.4048704450285872
2011.0,1.4068481905947543
2012.0,1.4081872397596051
2013.0,1.4093963416721296
2014.0,1.4096301280675951
2015.0,1.410389020415807
2016.0,1.4125633672849898
2017.0,1.4166095872133802
2018.0,1.4187324905936403
2019.0,1.4214033716170122
2020.0,1.4230617796332927
2021.0,1.421073045720359
2022.0,1.423747876252917
2023.0,1.4260213623509386
2024.0,1.4281238032147248
2025.0,1.4315420718839473
2026.0,1.4341965808420971
2027.0,1.4362746888994664
2028.0,1.4384303028881178
2029.0,1.4412143500150072
2030.0,1.4415960810780126
2031.0,1.4420417702195008
2032.0,1.4422101116867454
2033.0,1.4423475794877083
2034.0,1.443981964887002
2035.0,1.4465311251469732
2036.0,1.44826110218478
2037.0,1.4497979661637648
2038.0,1.4511291882011264
2039.0,1.4527292769618243
2040.0,1.4542908703179642
2041.0,1.4557691652091649
2042.0,1.4570077053259647
2043.0,1.4583249490010621
2044.0,1.4597226185689998
2045.0,1.4604989062892468
2046.0,1.4625311349365773
2047.0,1.4655840222564305
2048.0,1.466341448186923
2049.0,1.46760743870528
2050.0,1.469557477397339
2051.0,1.4690912068530713
2052.0,1.4699575667070615
2053.0,1.4721133527049501
2054.0,1.4734822714844997
2055.0,1.474719493607596
2056.0,1.4760837118033252
2057.0,1.4783952804183
2058.0,1.4792442612989571
2059.0,1.4791600801957538
2060.0,1.4777851791177696
2061.0,1.4777838533826986
2062.0,1.476584825859606
2063.0,1.4779792779940015
2064.0,1.480186543302038
2065.0,1.4801319941020017
2066.0,1.4796076233638298
2067.0,1.4790810106204126
2068.0,1.4759805042740117
2069.0,1.4761916089992946
2070.0,1.4793278267316423
2071.0,1.4803734714172618
2072.0,1.4816680169124947
2073.0,1.482906685518693
2074.0,1.4828402489234134
2075.0,1.4832258147712134
2076.0,1.4854820987337776
2077.0,1.487517762431531
2078.0,1.4900586347356073
2079.0,1.4926650584670098
2080.0,1.494723072661115
2081.0,1.4980750902049533
2082.0,1.4994698278924619
2083.0,1.4993662054912724
2084.0,1.499687223064938
2085.0,1.499133452166565
2086.0,1.498675267779539
2087.0,1.4993800385127298
2088.0,1.498003596268427
2089.0,1.4943813693403836
2090.0,1.492515539719578
2091.0,1.4903546458470824
2092.0,1.4893391223575063
2093.0,1.491319586730422
2094.0,1.4918128748053157
2095.0,1.493173141372456
2096.0,1.494308482020934
2097.0,1.4952892327023515
2098.0,1.4971456681589002
2099.0,1.4977499003622603
2100.0,1.4973779421662985
2101.0,1.4973524727862157
2102.0,1.4961608701553002
2103.0,1.496184139352486
2104.0,1.4965267053227806
2105.0,1.4970580972779168
2106.0,1.4980570737993928
2107.0,1.5003093382292105
2108.0,1.500125016163798
2109.0,1.5017431660911587
2110.0,1.5047647211784667
2111.0,1.5048166010226904
2112.0,1.5051792773994095
2113.0,1.5049267991319484
2114.0,1.504863252402443
2115.0,1.5033653527314472
2116.0,1.5037221031677996
2117.0,1.5057662153506728
2118.0,1.5067381309822925
2119.0,1.507105850105517
2120.0,1.5078795639368716
2121.0,1.5086171953118959
2122.0,1.5096111964686374
2123.0,1.5121204032952305
2124.0,1.513245586464744
2125.0,1.5142794721749457
2126.0,1.5133529520577427
2127.0,1.511998483406478
2128.0,1.5106525020781163
2129.0,1.5095877516218579
2130.0,1.5087700199154528
2131.0,1.5096656322875035
2132.0,1.5090536102818457
2133.0,1.5083852669165603
2134.0,1.5077162252619691
2135.0,1.5075625163177677
2136.0,1.5066816151137232
2137.0,1.5066981166819706
2138.0,1.5076608079063956
2139.0,1.507804767068976
2140.0,1.5083559439898806
2141.0,1.508195471925502
2142.0,1.507053070631903
2143.0,1.506562423544355
2144.0,1.5073362253585811
2145.0,1.5066249085265817
2146.0,1.506704349369587
2147.0,1.5079406259396666
2148.0,1.5066563714876375
2149.0,1.5068093965567397
2150.0,1.5096240675680446
2151.0,1.511617861604521
2152.0,1.51307159901727
2153.0,1.5166387397768704
2154.0,1.5167801872635511
2155.0,1.5136915481390338
2156.0,1.5114825397283052
2157.0,1.5066133223466445
2158.0,1.5049977023538623
2159.0,1.5052719695260532
2160.0,1.5053135055278537
2161.0,1.5081801215846697
2162.0,1.5083701552314621
2163.0,1.5067395908572825
2164.0,1.5053141053074386
2165.0,1.5025565401673167
2166.0,1.5026943771636248
2167.0,1.5041596395052208
2168.0,1.5061051889538002
2169.0,1.5063373756497882
2170.0,1.506376209724764
2171.0,1.5063882487914384
2172.0,1.5037809060183327
2173.0,1.5038488287931775
2174.0,1.5065072741392145
2175.0,1.5068654331031162
2176.0,1.5071204547923935
2177.0,1.5078154407290434
2178.0,1.5079718046481192
2179.0,1.5081424570590032
2180.0,1.5090346681022735
2181.0,1.508760516035165
2182.0,1.5074925621526527
2183.0,1.505705915317999
2184.0,1.5028959747603468
2185.0,1.50051483770441
2186.0,1.4992317589907247
2187.0,1.4989244760567373
2188.0,1.4974875577567572
2189.0,1.4968216366854108
2190.0,1.4948837883543513
2191.0,1.491909019882868
2192.0,1.492633428612547
2193.0,1.494252115318892
2194.0,1.4946870477766894
2195.0,1.4964510312157941
2196.0,1.4967045290928513
2197.0,1.4940907720808516
2198.0,1.4942042048096178
2199.0,1.4955298845731138
2200.0,1.495943981751257
2201.0,1.4981295267362669
2202.0,1.4980833321914244
2203.0,1.4947676096759954
2204.0,1.4946251638672199
2205.0,1.49566710533374
2206.0,1.4960584172169227
2207.0,1.4970902561904975
2208.0,1.4976645021920534
2209.0,1.4945140661570393
2210.0,1.4937442925915045
2211.0,1.4931031317397891
2212.0,1.4914497813063803
2213.0,1.492199774509234
2214.0,1.4903077654015202
2215.0,1.4901485182363359
2216.0,1.4926152997058957
2217.0,1.4940177821605682
2218.0,1.4958238286681218
2219.0,1.4971748589072018
2220.0,1.4989985305880067
2221.0,1.5000198761716916
2222.0,1.499869999486043
2223.0,1.5007949706764154
2224.0,1.5022619359632732
2225.0,1.502173153332392
2226.0,1.501310902516715
2227.0,1.502129916829767
2228.0,1.5028199098411756
2229.0,1.5030573105056044
2230.0,1.5042271428950995
2231.0,1.5043617714975914
2232.0,1.5028531828982636
2233.0,1.5036478710515722
2234.0,1.5022660686166325
2235.0,1.5018457516545867
2236.0,1.498077560033079
2237.0,1.4946430617294868
2238.0,1.4924062898472743
2239.0,1.4922201257788004
2240.0,1.4962780607400432
2241.0,1.4960517643579525
2242.0,1.493651406135786
2243.0,1.4932952689223549
2244.0,1.493347376790467
2245.0,1.492590524616749
2246.0,1.4919936390867257
2247.0,1.4931372915455026
2248.0,1.4931662305108129
2249.0,1.4916685061218165
2250.0,1.4905755773514953
2251.0,1.489510849439767
2252.0,1.4891556876956427
2253.0,1.4868114603990925
2254.0,1.4885896877559546
2255.0,1.496093858026018
2256.0,1.4987749053935835
2257.0,1.5008340920130359
2258.0,1.5027383648608061
2259.0,1.5016368896751433
2260.0,1.500766829875282
2261.0,1.5006529571169878
2262.0,1.5013899747503348
2263.0,1.495313016121046
2264.0,1.492893011749781
2265.0,1.493038185540394
2266.0,1.4892399146922597
2267.0,1.489846550271223
2268.0,1.490981970625575
2269.0,1.4884258924155123
2270.0,1.490097668372061
2271.0,1.4941239518665863
2272.0,1.495844144810163
2273.0,1.496082025360162
2274.0,1.4971510119003042
2275.0,1.4981917989740514
2276.0,1.4958055449182597
2277.0,1.4950815381667313
2278.0,1.4963997560995796
2279.0,1.494660224948838
2280.0,1.4910093269571392
2281.0,1.49047783131749
2282.0,1.4893078680434104
2283.0,1.488864751276163
2284.0,1.4912530851315315
2285.0,1.4897672055079223
2286.0,1.4861411976320045
2287.0,1.483904619571003
2288.0,1.4799690159960541
2289.0,1.4781491887658842
2290.0,1.4773805606552108
2291.0,1.4785584885667362
2292.0,1.4823623235928534
2293.0,1.4839089026342314
2294.0,1.4867567160709099
2295.0,1.4879834575160131
2296.0,1.486683726118794
2297.0,1.4870025923330448
2298.0,1.4858920476973312
2299.0,1.4820616837386302
2300.0,1.475929338840591
2301.0,1.4699834632615945
2302.0,1.4661051776749323
2303.0,1.463562539656581
2304.0,1.4647728239751905
2305.0,1.466709740606663
2306.0,1.4695177061646083
2307.0,1.4695446869075972
2308.0,1.4674316288233595
2309.0,1.4691048533685214
2310.0,1.4664423889079328
2311.0,1.4643863212337354
2312.0,1.4670833505708911
2313.0,1.4675372183179474
2314.0,1.4688496146060723
2315.0,1.4737518917435828
2316.0,1.4779199242728105
2317.0,1.4744243857284098
2318.0,1.4737922754528416
2319.0,1.4767349316980465
2320.0,1.4781901902971866
2321.0,1.4817774660143501
2322.0,1.4825295183769482
2323.0,1.4821091515320117
2324.0,1.4792209349548018
2325.0,1.4700513028716833
2326.0,1.4676402170381826
2327.0,1.4675947601345547
2328.0,1.467062785952201
2329.0,1.4721647217623035
2330.0,1.472038426556547
2331.0,1.4656254935788147
2332.0,1.4647040124806283
2333.0,1.4657968460606663
2334.0,1.464450890073821
2335.0,1.4674052776790842
2336.0,1.4658383169393006
2337.0,1.4562548296962887
2338.0,1.4552870286805268
2339.0,1.457548620490133
2340.0,1.4568927805435208
2341.0,1.4605329853289446
2342.0,1.4605390729220022
2343.0,1.4535676168829579
2344.0,1.4537364235642753
2345.0,1.4607018815932005
2346.0,1.4625208959961755
2347.0,1.4618964952189013
2348.0,1.466893213905906
2349.0,1.4713306901915348
2350.0,1.4636818739575257
2351.0,1.4603099725030284
2352.0,1.4583639675456086
2353.0,1.4540553936526153
2354.0,1.4524678837284515
2355.0,1.4563885733643591
2356.0,1.457113939165254
2357.0,1.4491305696097772
2358.0,1.4475261336527467
2359.0,1.4456367511782682
2360.0,1.4375148639169133
2361.0,1.4293195086761479
2362.0,1.4255402837167421
2363.0,1.4217310484138028
2364.0,1.4187319672471963
2365.0,1.4218153252189363
2366.0,1.4203204144920472
2367.0,1.4186056329172865
2368.0,1.4199041658877016
2369.0,1.4267659206195378
2370.0,1.4323439173481876
2371.0,1.4289032462702183
2372.0,1.430978203467954
2373.0,1.4344609298261284
2374.0,1.4328507558315124
2375.0,1.442122851965034
2376.0,1.4515272844913762
2377.0,1.4414493128887693
2378.0,1.4380049776317378
2379.0,1.4351259646338945
2380.0,1.4240143688229263
2381.0,1.4221831256711992
2382.0,1.4217642098904817
2383.0,1.429505680632401
2384.0,1.4382155183172505
2385.0,1.4357113918612343
2386.0,1.4324756047436709
2387.0,1.4222121517499298
2388.0,1.4139337752363361
2389.0,1.4180543601900528
2390.0,1.421409412982326
2391.0,1.4208825783101635
2392.0,1.4123177220634524
2393.0,1.4057787406937372
2394.0,1.402934112666583
2395.0,1.3908086981480676
2396.0,1.3870741930787032
2397.0,1.3859363990828417
2398.0,1.3771160867402024
2399.0,1.3818994059689103
2400.0,1.3902354769014251
2401.0,1.3829672730531761
2402.0,1.377859183442976
2403.0,1.3819137218679183
2404.0,1.3830237598145103
2405.0,1.391344223021157
2406.0,1.4027085751347927
2407.0,1.3920858917522227
2408.0,1.3685008637775493
2409.0,1.3457381448409598
2410.0,1.3306739949031077
2411.0,1.3204998139556923
2412.0,1.317333794551515
2413.0,1.3239754917363047
2414.0,1.3219019036178892
2415.0,1.3196348346263014
2416.0,1.3251552771758854
2417.0,1.3187879300735499
2418.0,1.3081844390529014
2419.0,1.3062019230189943
2420.0,1.3039976692495014
2421.0,1.3153040878581013
2422.0,1.3244781826946963
2423.0,1.3152065214415747
2424.0,1.3165360869137395
2425.0,1.320447686001142
2426.0,1.3273039260257224
2427.0,1.340697761659329
2428.0,1.3437491738739895
2429.0,1.337346429668306
2430.0,1.3191484661586124
2431.0,1.3092859662611673
2432.0,1.2969315259087038
2433.0,1.2873181917281693
2434.0,1.291506075915521
2435.0,1.2911227446301465
2436.0,1.3029379884895862
2437.0,1.304641396409666
2438.0,1.3063687292684145
2439.0,1.3126901704171885
2440.0,1.3085822362369874
2441.0,1.298359707059625
2442.0,1.2675799861540866
2443.0,1.236133668019525
2444.0,1.21686680532157
2445.0,1.2110444480534657
2446.0,1.2211043514515523
2447.0,1.2437968080301887
2448.0,1.2573560442611422
2449.0,1.2695220444997575
2450.0,1.2923502775827955
2451.0,1.2944761598771783
2452.0,1.29526392031007
2453.0,1.2948307633671252
2454.0,1.2757707523333581
2455.0,1.2451182680253237
2456.0,1.220445027631636
2457.0,1.2193297055062673
2458.0,1.2159840341000916
2459.0,1.2282039910582583
2460.0,1.244572069841238
2461.0,1.240108705485884
2462.0,1.238646621367343
2463.0,1.2306347641051574
2464.0,1.2394707813477155
2465.0,1.2612759875989574
2466.0,1.2591860951983878
2467.0,1.2582750709545132
2468.0,1.2515530476944674
2469.0,1.22480603676088
2470.0,1.191975370405032
2471.0,1.158940130635818
2472.0,1.1420288970074766
2473.0,1.1239588059447405
2474.0,1.121292104259768
2475.0,1.1427015401352263
2476.0,1.1597261573040123
2477.0,1.1908413463929572
2478.0,1.2079370570201247
2479.0,1.2245195330659882
2480.0,1.229984125352888
2481.0,1.2040737195235929
2482.0,1.206934953079037
2483.0,1.2318694040457936
2484.0,1.2294231822576405
2485.0,1.225932863226523
2486.0,1.2292155321382219
2487.0,1.2151213880776195
2488.0,1.2089461810781963
2489.0,1.2220249443646165
2490.0,1.2187494882536811
2491.0,1.1981215686426634
2492.0,1.1811390475010588
2493.0,1.159730464928579
2494.0,1.1540979118556418
2495.0,1.1557434371284692
2496.0,1.1546431043944818
2497.0,1.170004154852708
2498.0,1.1711884950303448
2499.0,1.1537567663372397
2500.0,1.1677315677618914
