350.0,-0.15084217168817562
351.0,-0.10702433135447816
352.0,-0.11666120967337665
353.0,-0.08044364634190927
354.0,-0.06675114546158711
355.0,-0.06077459021496985
356.0,-0.03643586483375769
357.0,-0.004471145727962854
358.0,0.017532752741652346
359.0,0.007943210175685689
360.0,-0.02617484433107617
361.0,0.004378398421068365
362.0,0.003634389247948207
363.0,-0.013994282932131936
364.0,0.009939083839824902
365.0,0.008580385804003143
366.0,0.0021223522503382455
367.0,-0.002220046248035253
368.0,-0.01290646219104719
369.0,-0.023838483844864405
370.0,-0.026119337412317225
371.0,-0.006446859377559889
372.0,0.052064195396201295
373.0,0.05288649747074593
374.0,0.02858986526554648
375.0,0.01364925159441256
376.0,0.008721082857730792
377.0,0.004755157521528436
378.0,0.004920111955482203
379.0,0.012506244580834908
380.0,0.024798829547266147
381.0,0.02752463879439043
382.0,0.02613906883246045
383.0,0.028666857556022222
384.0,0.019226701374382017
385.0,0.02058032611555818
386.0,0.02864044393936292
387.0,0.02582508186451196
388.0,0.022446444212058537
389.0,0.02655592434654147
390.0,0.033359682140108454
391.0,0.0294310867802234
392.0,0.037540462675289855
393.0,0.042762922662314184
394.0,0.03637657234089025
395.0,0.026567900356144508
396.0,0.02937794636851751
397.0,0.034798266532334865
398.0,0.03366431864063414
399.0,0.035355900657151565
400.0,0.03403560150052562
401.0,0.03403717523963356
402.0,0.0398725776952363
403.0,0.045187574402578146
404.0,0.042385502190048024
405.0,0.03782042928123792
406.0,0.04257228832558037
407.0,0.04378825641113433
408.0,0.04243561837213424
409.0,0.04055812670727418
410.0,0.03996484209789903
411.0,0.04336218807506311
412.0,0.048035243924830114
413.0,0.05015702703282788
414.0,0.04540797158491783
415.0,0.04148698753841729
416.0,0.04185481135024936
417.0,0.04669855437264711
418.0,0.05258894794303275
419.0,0.04984698902015767
420.0,0.04755705382318775
421.0,0.05699168056754892
422.0,0.05228609557375263
423.0,0.045829779063276455
424.0,0.04412806703157419
425.0,0.04600993348681136
426.0,0.04743764131376392
427.0,0.049593750435553884
428.0,0.05154786725423937
429.0,0.04784193998559138
430.0,0.048638225810715516
431.0,0.05121882491289696
432.0,0.05148391714730547
433.0,0.05155076643828571
434.0,0.0505911137614033
435.0,0.050233897341575066
436.0,0.05214647274348755
437.0,0.05187212311047667
438.0,0.051408873802575736
439.0,0.05103459877546079
440.0,0.04933057067804916
441.0,0.05053970415073418
442.0,0.05190627101699487
443.0,0.05146502550927441
444.0,0.050556298923944774
445.0,0.051318489995315686
446.0,0.05174171525726904
447.0,0.05015194002984118
448.0,0.050968005366467665
449.0,0.051091189096563856
450.0,0.050817755866048885
451.0,0.05208006647118079
452.0,0.05271025464563277
453.0,0.05150565150107942
454.0,0.04929348820176464
455.0,0.04907136361263316
456.0,0.05151217759775302
457.0,0.05320577430293403
458.0,0.0520775864555859
459.0,0.051673916904643576
460.0,0.05133537283335287
461.0,0.05143115078293818
462.0,0.052286754247897534
463.0,0.05242800319016786
464.0,0.051767319469436586
465.0,0.05140543649661837
466.0,0.053051019993588404
467.0,0.053596873153317647
468.0,0.05280338587537927
469.0,0.05151929351357191
470.0,0.051582247632011434
471.0,0.052229986139694935
472.0,0.05231885475712344
473.0,0.051344581056524084
474.0,0.05177940219812945
475.0,0.052639919060233006
476.0,0.053019494951426785
477.0,0.05233264814183532
478.0,0.05161937989896382
479.0,0.05225500081989089
480.0,0.053718282023823165
481.0,0.05276580165749712
482.0,0.052560026517162226
483.0,0.05278823533336808
484.0,0.052496715603590524
485.0,0.05156369255989557
486.0,0.05183712726976794
487.0,0.052652144678156355
488.0,0.052229757078008275
489.0,0.05211370343350473
490.0,0.051997475256694896
491.0,0.05202217251049604
492.0,0.053077065038382075
493.0,0.053084422779178915
494.0,0.05240337649431173
495.0,0.05211144575429101
496.0,0.053759684332837884
497.0,0.054053827108893455
498.0,0.053266752019566654
499.0,0.053192106827041834
500.0,0.052473872067476245
501.0,0.053049314100474185
502.0,0.054325220531092025
503.0,0.05267500705083129
504.0,0.05298385944454363
505.0,0.05387842331102294
506.0,0.05355093226381021
507.0,0.0526633493757412
508.0,0.05317736716221783
509.0,0.054060310265246714
510.0,0.0533499466635671
511.0,0.05325986598742799
512.0,0.05401351342848967
513.0,0.05475205789871731
514.0,0.05368332136598192
515.0,0.053985213937088355
516.0,0.05419417819097236
517.0,0.05309795275414516
518.0,0.05296835708950904
519.0,0.05335493351232775
520.0,0.0537970907886832
521.0,0.05390595029676739
522.0,0.05414030327428366
523.0,0.054094131218528504
524.0,0.05367124693882549
525.0,0.053225778694367135
526.0,0.05329816979326624
527.0,0.05359585865853975
528.0,0.05378352532882393
529.0,0.05404993930432788
530.0,0.054500184758472923
531.0,0.05484021154192315
532.0,0.054655175631787054
533.0,0.05440464032093952
534.0,0.053975311429206155
535.0,0.05374618559075394
536.0,0.05485842236412307
537.0,0.055153173709987055
538.0,0.054916479258668265
539.0,0.05489162484135162
540.0,0.054986175949570525
541.0,0.05477137051193964
542.0,0.05446395779563389
543.0,0.05461043070540382
544.0,0.0545189997313565
545.0,0.05479248965718364
546.0,0.055349408220821766
547.0,0.05467805502236122
548.0,0.05450374020154692
549.0,0.05490094779680172
550.0,0.05533599370973054
551.0,0.0550760006941449
552.0,0.054728366377400486
553.0,0.0546055716866166
554.0,0.054739176639680254
555.0,0.0554303913790102
556.0,0.05578497809998945
557.0,0.05542784013001991
558.0,0.05544813516146416
559.0,0.05525943683094981
560.0,0.05512495264398367
561.0,0.055418504177497656
562.0,0.055449754932199
563.0,0.05523443858859673
564.0,0.055033602401069026
565.0,0.05528717018261604
566.0,0.05568380596399558
567.0,0.05585344927055843
568.0,0.05569874242446534
569.0,0.05587535328154132
570.0,0.05599712004552939
571.0,0.05587606240191212
572.0,0.05554206928912551
573.0,0.055891203712858606
574.0,0.056106920410028835
575.0,0.0558721626018596
576.0,0.055795167552989314
577.0,0.055791536829639804
578.0,0.056069751789173505
579.0,0.05660443275735588
580.0,0.05632148718973502
581.0,0.0560114225986005
582.0,0.05592967981188509
583.0,0.05594609677805908
584.0,0.05638055773030059
585.0,0.0566249597588388
586.0,0.056397796094122384
587.0,0.05619328554176223
588.0,0.056514903815402986
589.0,0.056885577010347146
590.0,0.05669522874558352
591.0,0.05658527218456739
592.0,0.056760005955190006
593.0,0.05709141918545409
594.0,0.0571684011434665
595.0,0.057292537452360605
596.0,0.05734556058493751
597.0,0.057190250258968275
598.0,0.056771243203383254
599.0,0.056894904703750034
600.0,0.057223798467765714
601.0,0.05702113915726531
602.0,0.05741595494638757
603.0,0.05766549225539397
604.0,0.0574768991031413
605.0,0.05742486019046884
606.0,0.05747809511774454
607.0,0.05754059984786257
608.0,0.057540962304478596
609.0,0.05760693583854284
610.0,0.05789831663886021
611.0,0.058213976091603704
612.0,0.058123771489297836
613.0,0.05778796571910789
614.0,0.0576909318640476
615.0,0.05799642740058908
616.0,0.05815470034401244
617.0,0.05822799280063559
618.0,0.05834302955280195
619.0,0.05856631913128341
620.0,0.05836582600520113
621.0,0.05827193958122984
622.0,0.05850419668024753
623.0,0.0588641538666254
624.0,0.058664197617002145
625.0,0.05849446301996695
626.0,0.05888242544142842
627.0,0.05941718572291509
628.0,0.059129298011298355
629.0,0.058562484694795
630.0,0.0589567094346763
631.0,0.0594529262065025
632.0,0.059677551665175355
633.0,0.0595955652588289
634.0,0.05961463528143701
635.0,0.059486155967642805
636.0,0.059375086114723856
637.0,0.05949791790962549
638.0,0.05977969714544452
639.0,0.05999003974113689
640.0,0.06016039082023753
641.0,0.0604963633713786
642.0,0.06019094263033018
643.0,0.05998093092831623
644.0,0.06032992084351866
645.0,0.06049581773198787
646.0,0.060269206478618956
647.0,0.06020899467959043
648.0,0.06090321424228243
649.0,0.06067067763628519
650.0,0.06067800971202737
651.0,0.06114544431650008
652.0,0.060910758777529245
653.0,0.06107838965783103
654.0,0.06143631555268486
655.0,0.06158514165333359
656.0,0.06162788364040606
657.0,0.06135182500800245
658.0,0.061157357866029584
659.0,0.06166707819525921
660.0,0.061609510895916056
661.0,0.06148740880111975
662.0,0.061730751640175
663.0,0.06227827202724706
664.0,0.062436120221093856
665.0,0.06238579857579344
666.0,0.06252573658475816
667.0,0.06270787657836342
668.0,0.0627566419730828
669.0,0.06281270949082655
670.0,0.06325332172811782
671.0,0.06316010076767727
672.0,0.06311080282916988
673.0,0.06351355846487629
674.0,0.06365679088355129
675.0,0.06379656026857183
676.0,0.06391080981517713
677.0,0.06389784469470478
678.0,0.06390121715340083
679.0,0.06396716311421442
680.0,0.06413957747312961
681.0,0.06447178224738193
682.0,0.06468338039919279
683.0,0.0647100759755347
684.0,0.06460923405408063
685.0,0.06459480566211931
686.0,0.06463823572096328
687.0,0.06478246506208243
688.0,0.06508581417955504
689.0,0.0653163469998304
690.0,0.0654324453901144
691.0,0.06545075606902942
692.0,0.0654162043687249
693.0,0.06563101885916915
694.0,0.06589746928518364
695.0,0.06594405285109753
696.0,0.06598450981461279
697.0,0.06636983768278885
698.0,0.06686528740890553
699.0,0.06676117220797342
700.0,0.06660163404110576
701.0,0.06667214364848599
702.0,0.06706269920513665
703.0,0.06758977704100108
704.0,0.06781770129181733
705.0,0.0678249683982177
706.0,0.0678970627967895
707.0,0.06795379924730059
708.0,0.06803603594004547
709.0,0.06813645175502266
710.0,0.06818976201242341
711.0,0.06863931662763294
712.0,0.06906790577350105
713.0,0.06910327778247584
714.0,0.0691226843252043
715.0,0.06906524051543796
716.0,0.06913827235169064
717.0,0.06958531346972409
718.0,0.06969521510701138
719.0,0.0698485476057706
720.0,0.07021817101839804
721.0,0.07050236578648272
722.0,0.07056353202392665
723.0,0.0705908018826502
724.0,0.07078319919620571
725.0,0.07097791120728025
726.0,0.07112593663674517
727.0,0.07126331321187682
728.0,0.07148753346341977
729.0,0.07188143110307837
730.0,0.07213979936153378
731.0,0.07214506136597361
732.0,0.07218572831045113
733.0,0.07244928288668824
734.0,0.07278977820850582
735.0,0.07302126988986689
736.0,0.07341908035377451
737.0,0.07357933715102745
738.0,0.07356090125732204
739.0,0.07378900468755512
740.0,0.07384015390765786
741.0,0.07400601050720096
742.0,0.07441163643422283
743.0,0.07459189333081055
744.0,0.07490939513422858
745.0,0.075237486101712
746.0,0.07534647244402275
747.0,0.07539158114189626
748.0,0.07560792043085117
749.0,0.07592386554220312
750.0,0.07600899136115685
751.0,0.07619396588471805
752.0,0.07657335811135292
753.0,0.07706744427121397
754.0,0.07732374850928575
755.0,0.07739079734745079
756.0,0.07747385440896669
757.0,0.0777619720902667
758.0,0.07790260594731097
759.0,0.07821736426346983
760.0,0.07867358588313379
761.0,0.07888145938324514
762.0,0.07910789691359238
763.0,0.07943770604983215
764.0,0.079801118181188
765.0,0.07982411077350078
766.0,0.07993147035258592
767.0,0.0801880689302225
768.0,0.0805212924523793
769.0,0.08096946737959874
770.0,0.08141632674453755
771.0,0.08177134709321726
772.0,0.08198993360043276
773.0,0.082103969376043
774.0,0.08230317157248807
775.0,0.08264092889691492
776.0,0.08279864982653007
777.0,0.08303421583810816
778.0,0.08332744349348901
779.0,0.08357275986392365
780.0,0.08378074062851827
781.0,0.08403507186522506
782.0,0.0843130670755077
783.0,0.08451180528555464
784.0,0.08489258605072965
785.0,0.08529048944788532
786.0,0.08557231637405717
787.0,0.08580364239091438
788.0,0.08603856734306534
789.0,0.08633783152552063
790.0,0.08672334584998291
791.0,0.08707002561459702
792.0,0.08737189798634215
793.0,0.08768067775046404
794.0,0.08806386396552435
795.0,0.08827163063433408
796.0,0.08841011489550556
797.0,0.08864555312635854
798.0,0.08915566339266959
799.0,0.0896058723133481
800.0,0.08995646415669742
801.0,0.09022925831503557
802.0,0.09027788358542901
803.0,0.0906315094295041
804.0,0.09119720283613242
805.0,0.09153640817670645
806.0,0.09177878765733204
807.0,0.09215264946515268
808.0,0.09266873409218533
809.0,0.09305541165717196
810.0,0.09319539067030934
811.0,0.09348624555834804
812.0,0.09412402832143463
813.0,0.0944450162197204
814.0,0.09479159752150114
815.0,0.0952013710156397
816.0,0.09558143495608952
817.0,0.09584280687693617
818.0,0.0961019538875987
819.0,0.0964887212498731
820.0,0.09708430293106497
821.0,0.09737230514302296
822.0,0.0977613801901699
823.0,0.098336252366967
824.0,0.098325511348527
825.0,0.09874840093779286
826.0,0.09942863333065456
827.0,0.09991893895354241
828.0,0.10017799305704116
829.0,0.1004106688901347
830.0,0.10077471519795222
831.0,0.1013100146561881
832.0,0.10151480088781295
833.0,0.10182129676266338
834.0,0.10239665610406629
835.0,0.10300863318808151
836.0,0.10336750137909265
837.0,0.103719699272341
838.0,0.1042388825480793
839.0,0.10472644079812003
840.0,0.1050623278797193
841.0,0.10540036463765835
842.0,0.10588716142904803
843.0,0.10621921929425121
844.0,0.1067134060436971
845.0,0.10725303451895996
846.0,0.10752837627328311
847.0,0.10791287884066514
848.0,0.10842064257942981
849.0,0.10893568246359844
850.0,0.10925816909191337
851.0,0.1095844052740879
852.0,0.11004423484943379
853.0,0.11060921551825574
854.0,0.11096445422986852
855.0,0.11146777730732847
856.0,0.11210655948312404
857.0,0.11271087312219746
858.0,0.11300016864436369
859.0,0.11335622608040521
860.0,0.11385694211229844
861.0,0.11439611262872132
862.0,0.11490886140757257
863.0,0.11548933120218588
864.0,0.11601569920067281
865.0,0.11621127581785877
866.0,0.11655919982402979
867.0,0.11698055853024646
868.0,0.11744647283742848
869.0,0.11813433041881596
870.0,0.11836327713608581
871.0,0.11866237483503138
872.0,0.11943170957831903
873.0,0.11992826397006186
874.0,0.12017342196581049
875.0,0.12046996363708876
876.0,0.12112920748064533
877.0,0.12194048331648931
878.0,0.12272728825823548
879.0,0.12334311319332873
880.0,0.12371657630746889
881.0,0.1239791947430291
882.0,0.12436949590944074
883.0,0.12490268904774474
884.0,0.12537546121242257
885.0,0.12586088863239664
886.0,0.12663761292456577
887.0,0.1275462795408556
888.0,0.12777427590270726
889.0,0.12810813555175607
890.0,0.12860582209054036
891.0,0.12918052405290917
892.0,0.12983342522069138
893.0,0.13051344761522232
894.0,0.1311053858599261
895.0,0.13154729981102103
896.0,0.13201205945663788
897.0,0.1324949936311251
898.0,0.13295281144671467
899.0,0.13340516901000535
900.0,0.13428650802123307
901.0,0.13519613848018844
902.0,0.13588949812929102
903.0,0.1363112180178088
904.0,0.1365109723442354
905.0,0.13702563317728947
906.0,0.13776830511643
907.0,0.1380630621514371
908.0,0.13864813984284416
909.0,0.13939698983767848
910.0,0.13992455836265116
911.0,0.1397570779799851
912.0,0.14045082412869694
913.0,0.14139925250663538
914.0,0.14204123787523013
915.0,0.14286256022195165
916.0,0.143481750438236
917.0,0.14401342758920524
918.0,0.1445558643117965
919.0,0.14474076897548788
920.0,0.14545138419077136
921.0,0.14635922481113836
922.0,0.1469876575227094
923.0,0.1480113499284433
924.0,0.14851406704344103
925.0,0.14860020121152318
926.0,0.1488966042119385
927.0,0.14999871195891878
928.0,0.1509375365854991
929.0,0.15148006354547988
930.0,0.15190884877240685
931.0,0.15239470130900437
932.0,0.1530763243010089
933.0,0.153997430819637
934.0,0.15499004480686157
935.0,0.1549494232239952
936.0,0.15515751862016258
937.0,0.15612906043883976
938.0,0.1573813931137725
939.0,0.158067574656772
940.0,0.1583821753265031
941.0,0.15864277790908138
942.0,0.15913624789003578
943.0,0.16026302837463255
944.0,0.16149837797715463
945.0,0.16236531906459792
946.0,0.16269419088638876
947.0,0.16277340771284815
948.0,0.16317931371205888
949.0,0.16387091376221766
950.0,0.1640050325038196
951.0,0.16508495872711806
952.0,0.16641184518369256
953.0,0.16722167612028546
954.0,0.16740850860303003
955.0,0.16749060339104507
956.0,0.1678470965578481
957.0,0.16877043178100576
958.0,0.17042381159770575
959.0,0.17074668754908812
960.0,0.17132849473338974
961.0,0.1729042131489559
962.0,0.1731279640603112
963.0,0.17389049442708257
964.0,0.17498708483919098
965.0,0.17576122673289163
966.0,0.1757436256786388
967.0,0.1762751505853908
968.0,0.177101556443913
969.0,0.1778331644254009
970.0,0.17867132302370156
971.0,0.17912031712555948
972.0,0.17948623094620245
973.0,0.1800308580294865
974.0,0.18049099576499106
975.0,0.18276703248914197
976.0,0.18403458214403148
977.0,0.18307479223276868
978.0,0.1838740470055492
979.0,0.18503883843982577
980.0,0.18534318757819734
981.0,0.18504164581536584
982.0,0.18686897118915374
983.0,0.18931366464239846
984.0,0.19045619700034994
985.0,0.19010820747571855
986.0,0.1910083248938726
987.0,0.19074773985218926
988.0,0.19075143324226704
989.0,0.19182572022551486
990.0,0.19258624099236787
991.0,0.19324355882507926
992.0,0.19431688906900732
993.0,0.19559745626638778
994.0,0.1959665279851676
995.0,0.19719524084941584
996.0,0.19764038061734387
997.0,0.19775900398306778
998.0,0.20051625566117073
999.0,0.2004131120957936
1000.0,0.20041806504877088
1001.0,0.20939113060445944
1002.0,0.20905624444296958
1003.0,0.20921377085323103
1004.0,0.20782537455424727
1005.0,0.2074448008764932
1006.0,0.20848379079921583
1007.0,0.21213222666439285
1008.0,0.21595994894422677
1009.0,0.21825683710859478
1010.0,0.21736118185543185
1011.0,0.21487583605903868
1012.0,0.21553155181210304
1013.0,0.21742366619386802
1014.0,0.21808525387116978
1015.0,0.22061441997105016
1016.0,0.22150868778869748
1017.0,0.22034794803092403
1018.0,0.21946769889502435
1019.0,0.22000557822531072
1020.0,0.2224372914058833
1021.0,0.223758274494794
1022.0,0.22238248481769107
1023.0,0.2208977354931134
1024.0,0.2225113730794972
1025.0,0.22483308714649627
1026.0,0.2245087809958303
1027.0,0.22561489792753456
1028.0,0.2288810289655069
1029.0,0.23110232421940777
1030.0,0.23251661919228378
1031.0,0.23600888160481476
1032.0,0.23949711581686536
1033.0,0.23891390033030566
1034.0,0.23744957465247307
1035.0,0.23844193242316947
1036.0,0.23905889395100685
1037.0,0.2378041058261656
1038.0,0.23783973483615803
1039.0,0.23918767030002908
1040.0,0.2396617037451471
1041.0,0.240795359354612
1042.0,0.24297766863692513
1043.0,0.24437860612381393
1044.0,0.24505063890490533
1045.0,0.24499543251205763
1046.0,0.24438403022183922
1047.0,0.24405394594976992
1048.0,0.2439873573259114
1049.0,0.24424729858738164
1050.0,0.24486643808301273
1051.0,0.24612495080601232
1052.0,0.24870789329540957
1053.0,0.24989875299914752
1054.0,0.2514186459734841
1055.0,0.25354087800689773
1056.0,0.2543525524572515
1057.0,0.2529216217223468
1058.0,0.25284143435816636
1059.0,0.2542683933005281
1060.0,0.25469196964137103
1061.0,0.25536069745672857
1062.0,0.2565919577899118
1063.0,0.2562494972502405
1064.0,0.2570417098411613
1065.0,0.2588792085376413
1066.0,0.25956766208543053
1067.0,0.2627736611619306
1068.0,0.26588040847976013
1069.0,0.2670029166435793
1070.0,0.26733907844160276
1071.0,0.2679684946340322
1072.0,0.26775490505728156
1073.0,0.2682107220882933
1074.0,0.2680089814671137
1075.0,0.26975959849309084
1076.0,0.2719101299323353
1077.0,0.2715775083148357
1078.0,0.27266396820592165
1079.0,0.2747209567997931
1080.0,0.27678816389752703
1081.0,0.2784541767973244
1082.0,0.2802671322772585
1083.0,0.2817981025907409
1084.0,0.282257585922375
1085.0,0.2805495609890301
1086.0,0.2815284536796673
1087.0,0.2835934375654098
1088.0,0.2843945922551831
1089.0,0.28579037331129103
1090.0,0.28702320831916117
1091.0,0.2869099650920718
1092.0,0.2872002367571149
1093.0,0.2879056094344607
1094.0,0.28897950865522426
1095.0,0.2895144986404632
1096.0,0.2897932802560607
1097.0,0.28982866414359515
1098.0,0.2898835825181936
1099.0,0.2908312374736822
1100.0,0.2921330046529137
1101.0,0.29364813090969916
1102.0,0.29607136436160414
1103.0,0.298385775857967
1104.0,0.29922087480229026
1105.0,0.29970474568430033
1106.0,0.30054552537526796
1107.0,0.3014476132648769
1108.0,0.3028406295547636
1109.0,0.3053755376175568
1110.0,0.3068899852483135
1111.0,0.30765630128780524
1112.0,0.30862487962165774
1113.0,0.30926110606351065
1114.0,0.3098732540816775
1115.0,0.3105079048346747
1116.0,0.3112736202929828
1117.0,0.31182642369654906
1118.0,0.31276374951043895
1119.0,0.3141425918325369
1120.0,0.314885932344029
1121.0,0.31636512267912176
1122.0,0.31791288216962205
1123.0,0.31890778472926407
1124.0,0.3205916084843263
1125.0,0.32132361622206235
1126.0,0.3214724716811689
1127.0,0.32205135952460673
1128.0,0.32221199128030226
1129.0,0.32316609043453887
1130.0,0.32487876354058653
1131.0,0.32601125359828703
1132.0,0.3274179081714984
1133.0,0.32847774270379304
1134.0,0.32859362064123165
1135.0,0.33008607563195763
1136.0,0.3314074195559334
1137.0,0.33219809655047433
1138.0,0.33429687518060747
1139.0,0.33551681642368836
1140.0,0.3362292631647124
1141.0,0.33748994576159097
1142.0,0.338736129923033
1143.0,0.3395839294634704
1144.0,0.34087275729497174
1145.0,0.34289482821074624
1146.0,0.3443234358947848
1147.0,0.34536577127911977
1148.0,0.3465829589623081
1149.0,0.34785306238626323
1150.0,0.34909819441851453
1151.0,0.3497291568019024
1152.0,0.3501995961464864
1153.0,0.3504973632769792
1154.0,0.35070831178774764
1155.0,0.35175346135655505
1156.0,0.35334390321576836
1157.0,0.354686711471942
1158.0,0.35627401533731984
1159.0,0.3575831957537034
1160.0,0.3589027132913029
1161.0,0.35991679361053847
1162.0,0.36043189534544084
1163.0,0.3615340630141972
1164.0,0.36285775900733674
1165.0,0.36394005834251286
1166.0,0.3651511189643775
1167.0,0.3665039386910372
1168.0,0.36754309608611324
1169.0,0.36841412558072123
1170.0,0.3697365302246152
1171.0,0.37142799356055434
1172.0,0.37257740609704326
1173.0,0.37353159315252044
1174.0,0.3743917230390191
1175.0,0.37497592954413533
1176.0,0.37559716700818196
1177.0,0.3758496805002596
1178.0,0.3768870863014497
1179.0,0.3780485058827625
1180.0,0.37936142864772043
1181.0,0.38132530568649464
1182.0,0.3834718405358942
1183.0,0.3842358667691289
1184.0,0.38535219859106457
1185.0,0.386409340026775
1186.0,0.38691222938583564
1187.0,0.3877438289496779
1188.0,0.3889306621860336
1189.0,0.3898750751164228
1190.0,0.39027827819954314
1191.0,0.39152753488132475
1192.0,0.3933231731448801
1193.0,0.39476938427495334
1194.0,0.39708461413727764
1195.0,0.3982913651085468
1196.0,0.3983604858972333
1197.0,0.39908718250834024
1198.0,0.39970457711942065
1199.0,0.4000169590605891
1200.0,0.4011116358809391
1201.0,0.40285269012672537
1202.0,0.40428832190453695
1203.0,0.4052266454037499
1204.0,0.40638195354618006
1205.0,0.40728952593073015
1206.0,0.40855878422315245
1207.0,0.4101574041999762
1208.0,0.41149577447432434
1209.0,0.4128052137085032
1210.0,0.4141216081501869
1211.0,0.4155066164551158
1212.0,0.4166193331591037
1213.0,0.4175191800896772
1214.0,0.41866302073736
1215.0,0.41971174097112224
1216.0,0.42058987783011015
1217.0,0.42250161620701604
1218.0,0.42397855741977103
1219.0,0.42516330769320576
1220.0,0.42618847563852247
1221.0,0.4273433645846115
1222.0,0.4281737344032055
1223.0,0.42922629641975196
1224.0,0.43072112818946773
1225.0,0.431722219564983
1226.0,0.432221888293179
1227.0,0.4330930516664464
1228.0,0.4340915668199999
1229.0,0.43493480535870893
1230.0,0.4356516257392613
1231.0,0.4367138580849214
1232.0,0.4381083213487864
1233.0,0.43887913362431624
1234.0,0.4401718881764299
1235.0,0.44200226976009815
1236.0,0.4431633620834692
1237.0,0.4439826384836472
1238.0,0.44502090148570356
1239.0,0.44566926980863786
1240.0,0.44700016979679413
1241.0,0.44901467785621496
1242.0,0.45038291457089213
1243.0,0.4519505318087279
1244.0,0.4530722849832869
1245.0,0.4532553550004973
1246.0,0.45417872003295795
1247.0,0.45555437003531535
1248.0,0.4566129761189633
1249.0,0.45761338965407744
1250.0,0.4588475267473173
1251.0,0.45994778767452205
1252.0,0.4611206280736768
1253.0,0.4625683631352935
1254.0,0.4645911743487624
1255.0,0.46601953390819845
1256.0,0.46727208136681136
1257.0,0.46854638457596365
1258.0,0.4696176705988558
1259.0,0.4707959424719605
1260.0,0.4720275721121525
1261.0,0.47326204683166334
1262.0,0.47451742532425034
1263.0,0.4757081879511356
1264.0,0.47697846885969397
1265.0,0.47806364204760454
1266.0,0.4790313801374327
1267.0,0.4799251389585185
1268.0,0.4806461441189238
1269.0,0.481319007046549
1270.0,0.48227155573712965
1271.0,0.48329287664432646
1272.0,0.48435240295445653
1273.0,0.4856830801817184
1274.0,0.4867179872298566
1275.0,0.48748635001314267
1276.0,0.48859506791953894
1277.0,0.4897042098468294
1278.0,0.4910382738303446
1279.0,0.49292413167260746
1280.0,0.49422962268821946
1281.0,0.4951431596400166
1282.0,0.49643324851769277
1283.0,0.4975933299923003
1284.0,0.4988782352629491
1285.0,0.5009898485448068
1286.0,0.502304047033347
1287.0,0.5030680461215592
1288.0,0.5037396317794238
1289.0,0.5045752161014189
1290.0,0.504820832305532
1291.0,0.5061154869270367
1292.0,0.5083161496252594
1293.0,0.5096452863812471
1294.0,0.5111652432331814
1295.0,0.5122594191389537
1296.0,0.5124907423321555
1297.0,0.5134117299453363
1298.0,0.5145130964645742
1299.0,0.5157136561689742
1300.0,0.5174910456152507
1301.0,0.5186518565693744
1302.0,0.5192460327135475
1303.0,0.5203841310344018
1304.0,0.5215822653367376
1305.0,0.5226772183557157
1306.0,0.5238755896718513
1307.0,0.525552683703016
1308.0,0.5268077201127134
1309.0,0.5275849671061742
1310.0,0.5289487522130454
1311.0,0.5306354168973654
1312.0,0.5321463846104271
1313.0,0.5338934596155934
1314.0,0.535277528512687
1315.0,0.5363623551202777
1316.0,0.5376808810855563
1317.0,0.5391117464279102
1318.0,0.5402226085299492
1319.0,0.5413218714883211
1320.0,0.5423131692387984
1321.0,0.5426910176410656
1322.0,0.5436037649127768
1323.0,0.5447473121543935
1324.0,0.5460127199758019
1325.0,0.5478939568043385
1326.0,0.54930001400756
1327.0,0.550546913170943
1328.0,0.5517865794345077
1329.0,0.5526812665685754
1330.0,0.5529712932921977
1331.0,0.5538800010592964
1332.0,0.5550198021252892
1333.0,0.5558696502743127
1334.0,0.5567523207961013
1335.0,0.5577141727392797
1336.0,0.5582072528651052
1337.0,0.5593938430673597
1338.0,0.5612445840434227
1339.0,0.562782407957405
1340.0,0.5646522112871103
1341.0,0.5661260401865604
1342.0,0.5672764748211252
1343.0,0.56846830184649
1344.0,0.5692967867954112
1345.0,0.5704940818281511
1346.0,0.5719571778447019
1347.0,0.5733964649135068
1348.0,0.5746266128430355
1349.0,0.5758651527126913
1350.0,0.5772697006291393
1351.0,0.5785181406175917
1352.0,0.5798803713437863
1353.0,0.5817745065699316
1354.0,0.5829478496203064
1355.0,0.5836782418081009
1356.0,0.5844892222600753
1357.0,0.5847891440498527
1358.0,0.5857088162575734
1359.0,0.5867073169744693
1360.0,0.5880360836526951
1361.0,0.5901821043592701
1362.0,0.5916899596744727
1363.0,0.5932614391062183
1364.0,0.594455972917389
1365.0,0.594899524784128
1366.0,0.595748347442538
1367.0,0.5966108021834642
1368.0,0.5974408637261556
1369.0,0.5985500583787505
1370.0,0.6000413329236491
1371.0,0.6011004263417576
1372.0,0.6021473386016283
1373.0,0.6030111509862055
1374.0,0.6033242376859601
1375.0,0.6044965476748464
1376.0,0.6061378854886097
1377.0,0.6074168637752546
1378.0,0.6091330058560347
1379.0,0.6104695399367599
1380.0,0.611224203484151
1381.0,0.6123255137082416
1382.0,0.6136268815447038
1383.0,0.6147942035682954
1384.0,0.6161159748878599
1385.0,0.6171064037994962
1386.0,0.6177567404257586
1387.0,0.6186032969626492
1388.0,0.6192519296295603
1389.0,0.6200395372666806
1390.0,0.6209574336289937
1391.0,0.6220356066809818
1392.0,0.6231466503955809
1393.0,0.624261123536227
1394.0,0.6255233365116162
1395.0,0.6272331680813253
1396.0,0.6281154413069746
1397.0,0.6286250167371952
1398.0,0.6292965029860925
1399.0,0.6294437267655192
1400.0,0.6300658362027856
1401.0,0.630970682895326
1402.0,0.6319950393959568
1403.0,0.6333156154952035
1404.0,0.6342887181589686
1405.0,0.6352522783752277
1406.0,0.6362592595787616
1407.0,0.6368286912060759
1408.0,0.6378198382535419
1409.0,0.639456986161871
1410.0,0.6405760222724366
1411.0,0.6415409598188647
1412.0,0.6425501346954791
1413.0,0.6433427597393446
1414.0,0.6439715287530928
1415.0,0.6452051211954098
1416.0,0.6464023929393261
1417.0,0.6477958785970671
1418.0,0.6496626280758186
1419.0,0.6507808153294695
1420.0,0.6516495634385532
1421.0,0.6525822277670713
1422.0,0.6529066498002482
1423.0,0.6539935005108787
1424.0,0.6557416846820222
1425.0,0.6568887347363489
1426.0,0.658019671012021
1427.0,0.6591119933940034
1428.0,0.6598689773871551
1429.0,0.6607992015531108
1430.0,0.6617696309213105
1431.0,0.662910276535718
1432.0,0.6642064187913679
1433.0,0.6652990792215201
1434.0,0.6665190377998932
1435.0,0.6676756881897363
1436.0,0.6685502745420443
1437.0,0.6695455833285182
1438.0,0.6707183904646615
1439.0,0.6717682527360614
1440.0,0.6726190508611376
1441.0,0.6736417580820317
1442.0,0.6748397428533872
1443.0,0.6760592362776519
1444.0,0.6772006851432418
1445.0,0.6784895161329352
1446.0,0.6795327968813417
1447.0,0.6802788043384087
1448.0,0.6813684705680761
1449.0,0.6824819413918025
1450.0,0.6838038976643718
1451.0,0.6855124799770568
1452.0,0.686766762599509
1453.0,0.6880683636291672
1454.0,0.6890596442436699
1455.0,0.689599839517559
1456.0,0.6903462122026326
1457.0,0.6908294149745567
1458.0,0.6916951791481689
1459.0,0.6928388671360427
1460.0,0.6939337205689571
1461.0,0.6950828250181422
1462.0,0.696447482309973
1463.0,0.6978865129207831
1464.0,0.6993960413674429
1465.0,0.701554242790661
1466.0,0.7031242028737543
1467.0,0.7044350511023675
1468.0,0.7054377324235676
1469.0,0.7066583078335541
1470.0,0.7073039025145273
1471.0,0.7087115052282575
1472.0,0.710595952165173
1473.0,0.7121818987266846
1474.0,0.7140084982974826
1475.0,0.7154508032931417
1476.0,0.7166412010772846
1477.0,0.7178461227399188
1478.0,0.7190473048293967
1479.0,0.7199440156833629
1480.0,0.7204844174248765
1481.0,0.7214288317126755
1482.0,0.7222392790133803
1483.0,0.7232301764513037
1484.0,0.7246827794672128
1485.0,0.7258284992695639
1486.0,0.7268285313262627
1487.0,0.7278896653586907
1488.0,0.728977893846512
1489.0,0.7299693841566668
1490.0,0.7308575866576323
1491.0,0.7317680102353661
1492.0,0.7324809719697463
1493.0,0.7334701589977738
1494.0,0.7346502314690095
1495.0,0.7358324608712028
1496.0,0.7372872191559243
1497.0,0.7385732564329134
1498.0,0.7397582434972488
1499.0,0.7409223463836957
1500.0,0.7418212508411854
1501.0,0.7430831478693791
1502.0,0.7444148397790077
1503.0,0.745627151002663
1504.0,0.7468023156122617
1505.0,0.7480162277233193
1506.0,0.7491410674054656
1507.0,0.7501315458509951
1508.0,0.7512185976884608
1509.0,0.7521944812607179
1510.0,0.7535521060833017
1511.0,0.7551247693820314
1512.0,0.7565578110877156
1513.0,0.7583754142849425
1514.0,0.7597501422015421
1515.0,0.7607514374925436
1516.0,0.7619255425916152
1517.0,0.76293141773845
1518.0,0.7641652341709323
1519.0,0.7655954777582415
1520.0,0.7668557890619146
1521.0,0.768200300003849
1522.0,0.7694173134303508
1523.0,0.7703669552663052
1524.0,0.771551716181671
1525.0,0.7728970294975669
1526.0,0.7741075285541308
1527.0,0.7753191061970359
1528.0,0.7765725553197308
1529.0,0.7777424728947296
1530.0,0.7789841997372101
1531.0,0.78046091223716
1532.0,0.7816655169215825
1533.0,0.7826838200147892
1534.0,0.7837251590800385
1535.0,0.7846314518535047
1536.0,0.785608434362232
1537.0,0.7865914122345784
1538.0,0.7875977033005342
1539.0,0.7889590911153485
1540.0,0.7899316823088542
1541.0,0.7912088949558633
1542.0,0.7926892127419942
1543.0,0.7940450941575371
1544.0,0.7953954784763061
1545.0,0.7967534762951246
1546.0,0.7981316426015496
1547.0,0.7995040475251838
1548.0,0.8008894620098583
1549.0,0.802160943516197
1550.0,0.8034510369501222
1551.0,0.8045592105456945
1552.0,0.8054372240940381
1553.0,0.8065387218216571
1554.0,0.8075565399177753
1555.0,0.8087918923396658
1556.0,0.8102787493199429
1557.0,0.8116331610205336
1558.0,0.8131628691917854
1559.0,0.8143557904571647
1560.0,0.815140545052576
1561.0,0.8164150903024165
1562.0,0.8179056076145063
1563.0,0.8190961027349781
1564.0,0.8203933822909301
1565.0,0.8216815331932746
1566.0,0.8226708116412379
1567.0,0.8237657921085879
1568.0,0.8250538746726175
1569.0,0.8263370909203819
1570.0,0.8275776601189363
1571.0,0.8287255560355008
1572.0,0.8300252417477381
1573.0,0.8311546165587989
1574.0,0.8320163558778344
1575.0,0.8329211704819222
1576.0,0.8338540064018558
1577.0,0.8347001731588489
1578.0,0.8351590588798632
1579.0,0.8361126745252249
1580.0,0.8372555202666362
1581.0,0.8385485965898922
1582.0,0.8405931419851613
1583.0,0.8420666153738372
1584.0,0.843295158117683
1585.0,0.8444542206957619
1586.0,0.8451389420228707
1587.0,0.8460302283883733
1588.0,0.8469768519077626
1589.0,0.8479856325648849
1590.0,0.84905891574255
1591.0,0.850248111274096
1592.0,0.8512971876101746
1593.0,0.8523797118367409
1594.0,0.8533446067031083
1595.0,0.8540359990214363
1596.0,0.8553326637727602
1597.0,0.8569308274277786
1598.0,0.8582005830930616
1599.0,0.8597555582561738
1600.0,0.8609312738415776
1601.0,0.8616800052772389
1602.0,0.8626229674148564
1603.0,0.8634451275701336
1604.0,0.8647536072188147
1605.0,0.8663598971412984
1606.0,0.8675551492903186
1607.0,0.8690983568292595
1608.0,0.8700598264459009
1609.0,0.870263451638679
1610.0,0.8710148501195095
1611.0,0.8717197314749844
1612.0,0.8728207817620364
1613.0,0.8745419852241773
1614.0,0.8753927783040871
1615.0,0.87618507001723
1616.0,0.8766897280176548
1617.0,0.8761833672769416
1618.0,0.8766767187914505
1619.0,0.8773634287436377
1620.0,0.8785818351879883
1621.0,0.8807510532664462
1622.0,0.8820904865726793
1623.0,0.8835820186682036
1624.0,0.8846845422884295
1625.0,0.8848672616802101
1626.0,0.8858469054250405
1627.0,0.8873408205837108
1628.0,0.8883669552991313
1629.0,0.8895736339761574
1630.0,0.8904206472577312
1631.0,0.8906698222716002
1632.0,0.8912695484150887
1633.0,0.8918671198704456
1634.0,0.892586703980042
1635.0,0.8934311813211352
1636.0,0.8942967857144062
1637.0,0.8953083971559032
1638.0,0.8962284598540347
1639.0,0.8971076518281311
1640.0,0.8980372957697476
1641.0,0.8990080979234673
1642.0,0.8998714737533434
1643.0,0.9007984773929117
1644.0,0.901619413160099
1645.0,0.902198875558473
1646.0,0.9029217261093195
1647.0,0.9039140907264717
1648.0,0.904413770432
1649.0,0.9043248836062069
1650.0,0.9049662597075173
1651.0,0.9057907415284048
1652.0,0.9064686741380256
1653.0,0.9076081620629589
1654.0,0.9086220673573079
1655.0,0.9093054957551479
1656.0,0.9100522976037255
1657.0,0.9111729214518902
1658.0,0.9119546255424945
1659.0,0.9123974274830555
1660.0,0.9128838829738594
1661.0,0.9131582937540089
1662.0,0.9136160389252088
1663.0,0.913984573527463
1664.0,0.9145836708868568
1665.0,0.9155843589757785
1666.0,0.9163912993217124
1667.0,0.9170935933303845
1668.0,0.918038764161687
1669.0,0.9190186846821242
1670.0,0.9200236498075708
1671.0,0.9210076482719859
1672.0,0.9224194906274448
1673.0,0.9242286073185514
1674.0,0.9257697699658204
1675.0,0.9277866376450442
1676.0,0.9292841784390959
1677.0,0.9298777674572443
1678.0,0.9311810770142325
1679.0,0.9328336836993217
1680.0,0.9342497247150244
1681.0,0.9363282710712717
1682.0,0.9375658157584417
1683.0,0.9374024875266442
1684.0,0.9385143763248621
1685.0,0.9400274363757888
1686.0,0.9414907000961124
1687.0,0.9441108935306171
1688.0,0.9459345816279132
1689.0,0.9467565732125703
1690.0,0.9481408636425113
1691.0,0.9497827259266749
1692.0,0.9511931215608217
1693.0,0.9528859442481245
1694.0,0.9542312579099391
1695.0,0.9550433530998911
1696.0,0.9561158775796789
1697.0,0.957248434141931
1698.0,0.9583527474960529
1699.0,0.9591507312056838
1700.0,0.960466702732376
1701.0,0.9623394052818514
1702.0,0.96379176904221
1703.0,0.9656516178913372
1704.0,0.9670721724019082
1705.0,0.9676200670537615
1706.0,0.9686311219346424
1707.0,0.9697932019360216
1708.0,0.9708104444403017
1709.0,0.97193365574998
1710.0,0.9730587200160045
1711.0,0.9743620062434469
1712.0,0.9752125030368266
1713.0,0.9754710998934056
1714.0,0.9764080676008232
1715.0,0.9775607958277714
1716.0,0.9782795492574886
1717.0,0.9796567740401178
1718.0,0.9802926166757245
1719.0,0.9796052685449521
1720.0,0.9797710406734574
1721.0,0.979872733314913
1722.0,0.9807229443450302
1723.0,0.9825624521974504
1724.0,0.9838448482654768
1725.0,0.9856223570875643
1726.0,0.9866445871558852
1727.0,0.9867507164080606
1728.0,0.9873021051778457
1729.0,0.9876184368018744
1730.0,0.9884366761566268
1731.0,0.989874278148992
1732.0,0.9907206797477635
1733.0,0.9915026695896204
1734.0,0.9924250775298598
1735.0,0.993020786493132
1736.0,0.9936484841693937
1737.0,0.9947186148100488
1738.0,0.9952819969517906
1739.0,0.9951218178902801
1740.0,0.9957310385701024
1741.0,0.9967035417693675
1742.0,0.9973927446241918
1743.0,0.9980898518324595
1744.0,0.9989808880540748
1745.0,0.9995579592818216
1746.0,1.0007656477864488
1747.0,1.003091621335387
1748.0,1.0041222616780459
1749.0,1.0047223240523728
1750.0,1.0056170324354932
1751.0,1.0058645665085664
1752.0,1.0065705113606955
1753.0,1.0078715919663706
1754.0,1.0090684309344793
1755.0,1.0097607008634728
1756.0,1.01120032091716
1757.0,1.0116844926384876
1758.0,1.0115599742269448
1759.0,1.0123428582813072
1760.0,1.012993600088485
1761.0,1.0138790527513253
1762.0,1.014536620053448
1763.0,1.0148956138590228
1764.0,1.015548998679059
1765.0,1.0165638426537524
1766.0,1.0177555476857911
1767.0,1.01864085170735
1768.0,1.0193435126344434
1769.0,1.0193430053998034
1770.0,1.0195900928726436
1771.0,1.0205194169940086
1772.0,1.0217276147036367
1773.0,1.0223814919431686
1774.0,1.0232026922555262
1775.0,1.024680715229928
1776.0,1.025591918708305
1777.0,1.0268727933672703
1778.0,1.027736530814761
1779.0,1.0286790567031374
1780.0,1.0293529461881263
1781.0,1.029433409306113
1782.0,1.0306722128326085
1783.0,1.0314620451099994
1784.0,1.031549793663986
1785.0,1.0326810748955113
1786.0,1.0343948710608617
1787.0,1.0351860991880977
1788.0,1.0362736152011987
1789.0,1.0379797325360398
1790.0,1.038884831030562
1791.0,1.040074293102781
1792.0,1.041444082951333
1793.0,1.042490133715302
1794.0,1.0438972362900303
1795.0,1.0445598703560446
1796.0,1.0446052658442846
1797.0,1.0450945598364991
1798.0,1.0446591855884653
1799.0,1.0451958234522432
1800.0,1.0463006991808823
1801.0,1.0421195352574422
1802.0,1.0432400809226545
1803.0,1.0452501436052355
1804.0,1.0464261051192192
1805.0,1.0468255367016532
1806.0,1.0484746476962559
1807.0,1.0516821396426559
1808.0,1.0522551565921192
1809.0,1.0516816670316358
1810.0,1.0519078942704159
1811.0,1.0511806884785468
1812.0,1.049269486923007
1813.0,1.0512816079257237
1814.0,1.054285323640327
1815.0,1.0557460749968661
1816.0,1.0574426832065698
1817.0,1.0590845338087769
1818.0,1.0597063854265452
1819.0,1.0608560894003987
1820.0,1.062498133987598
1821.0,1.0636453854325878
1822.0,1.0643376825460014
1823.0,1.065985741464979
1824.0,1.0660365769378846
1825.0,1.0666453640242248
1826.0,1.0669392541291742
1827.0,1.065872281719023
1828.0,1.0664772313701192
1829.0,1.0680943816690356
1830.0,1.0694796769400083
1831.0,1.07197031261459
1832.0,1.0738013591036062
1833.0,1.0739819636784462
1834.0,1.0742951824718139
1835.0,1.0741018630207486
1836.0,1.0717963448662302
1837.0,1.0720738575620303
1838.0,1.0737937700709086
1839.0,1.0746679732838196
1840.0,1.0758566396468483
1841.0,1.0781051781787172
1842.0,1.0785079196334073
1843.0,1.0779796512045816
1844.0,1.0786688021856188
1845.0,1.0788133107602838
1846.0,1.079577480098973
1847.0,1.080940477173188
1848.0,1.082258651677729
1849.0,1.0847117460991487
1850.0,1.0855718435609625
1851.0,1.0855539019404379
1852.0,1.0855330248979522
1853.0,1.085885850151921
1854.0,1.0850644752786418
1855.0,1.0873126480720294
1856.0,1.0904521840305947
1857.0,1.0915120981794042
1858.0,1.0920157235019843
1859.0,1.0924578757172039
1860.0,1.0915460509576762
1861.0,1.0908475872249008
1862.0,1.09169884312535
1863.0,1.0925863637441666
1864.0,1.0929459093636105
1865.0,1.0929941785881985
1866.0,1.09216859829375
1867.0,1.0914777577431383
1868.0,1.091413842096471
1869.0,1.0923585620090972
1870.0,1.0915331628152627
1871.0,1.0902259005236543
1872.0,1.089160976636612
1873.0,1.086908598501706
1874.0,1.0860329837168294
1875.0,1.0855670398938786
1876.0,1.0841433404531977
1877.0,1.082103085894766
1878.0,1.0795171344425247
1879.0,1.077659104112451
1880.0,1.0763778625279468
1881.0,1.0750098673234108
1882.0,1.0744121320358069
1883.0,1.0724014544194231
1884.0,1.0703886953525117
1885.0,1.0666168475949285
1886.0,1.061214211147424
1887.0,1.0567080831512905
1888.0,1.0528392876453245
1889.0,1.048956211322653
1890.0,1.0445218295797456
1891.0,1.040272382915543
1892.0,1.036275145498378
1893.0,1.031533740873939
1894.0,1.0254982521994753
1895.0,1.021332120779213
1896.0,1.0167535196577335
1897.0,1.0107019833401298
1898.0,1.0058523792014593
1899.0,1.0002104556211986
1900.0,0.9938097339949054
1901.0,0.9877540720142629
1902.0,0.9817226355628829
1903.0,0.9756670909203684
1904.0,0.969927964273078
1905.0,0.9654062806628225
1906.0,0.9614095725133662
1907.0,0.9569549672582417
1908.0,0.9522267902872326
1909.0,0.9478131156442059
1910.0,0.9437538609155366
1911.0,0.9394093381661243
1912.0,0.9367026783858038
1913.0,0.934667008141977
1914.0,0.9331661527938023
1915.0,0.9318182527833578
1916.0,0.9325316672497437
1917.0,0.9334956147345689
1918.0,0.9335563546721073
1919.0,0.9334521619255346
1920.0,0.9336496376703372
1921.0,0.9331588259915711
1922.0,0.9326541359215526
1923.0,0.932567098131468
1924.0,0.9318092360325442
1925.0,0.9301822165525675
1926.0,0.9288298034364546
1927.0,0.9286350700409788
1928.0,0.9288156504836862
1929.0,0.9304113926526478
1930.0,0.9324145506951192
1931.0,0.9331630590156634
1932.0,0.9345092637627215
1933.0,0.9358126782121382
1934.0,0.9367878404530376
1935.0,0.9390477889411188
1936.0,0.9409805000547126
1937.0,0.942299982321652
1938.0,0.9430076694204517
1939.0,0.9440280825439291
1940.0,0.9453864723397714
1941.0,0.9463585683288859
1942.0,0.9483617987916576
1943.0,0.9507094460580197
1944.0,0.9517279979781522
1945.0,0.9533336308270094
1946.0,0.9542489415418848
1947.0,0.954185657266116
1948.0,0.9555179854328114
1949.0,0.9572924841982343
1950.0,0.959833818174932
1951.0,0.9623106089626017
1952.0,0.9654754748586303
1953.0,0.9683777572668356
1954.0,0.9688688970925476
1955.0,0.9702473471659487
1956.0,0.9717331114771562
1957.0,0.9716642954849404
1958.0,0.9737588224601897
1959.0,0.9757182676703474
1960.0,0.9776979418574767
1961.0,0.9796889878249381
1962.0,0.9828125172370941
1963.0,0.9844573936480471
1964.0,0.9846164457307528
1965.0,0.9861021913859956
1966.0,0.9874725562895073
1967.0,0.9873929639827751
1968.0,0.9887867477263732
1969.0,0.9914159105291798
1970.0,0.9926585015041977
1971.0,0.9952528320725077
1972.0,0.9975090321308728
1973.0,0.9994053606233393
1974.0,1.0009787375848325
1975.0,1.0026380872129912
1976.0,1.0043979618149126
1977.0,1.0051403412818767
1978.0,1.0068167049777341
1979.0,1.0089292386849436
1980.0,1.0101658891717298
1981.0,1.0119390054571356
1982.0,1.0144260724281027
1983.0,1.0156239015043274
1984.0,1.0173460686504874
1985.0,1.0197326646019433
1986.0,1.0228523314610132
1987.0,1.0248119474007487
1988.0,1.0268198423022676
1989.0,1.0290940074967652
1990.0,1.0305648549154924
1991.0,1.0321748976521279
1992.0,1.0345550346665788
1993.0,1.0369605969500861
1994.0,1.0389298812367136
1995.0,1.0413317003410338
1996.0,1.042590954971098
1997.0,1.0430462098852877
1998.0,1.0441041050491038
1999.0,1.0446017660101912
2000.0,1.045325029452529
2001.0,1.0469326398169918
2002.0,1.04706355993962
2003.0,1.0476780477282055
2004.0,1.0483353242409819
2005.0,1.0493584061575543
2006.0,1.053070409691968
2007.0,1.0565551732724634
2008.0,1.0583691379128448
2009.0,1.0599788168492137
2010.0,1.0608508193727713
2011.0,1.0617511601155982
2012.0,1.061557091652235
2013.0,1.0627962480331556
2014.0,1.0643770217488002
2015.0,1.0666788401357767
2016.0,1.069349917326148
2017.0,1.073049633165269
2018.0,1.0764819701339392
2019.0,1.0788672042449778
2020.0,1.0814617760768566
2021.0,1.0830500364986007
2022.0,1.0849320096690946
2023.0,1.0862885356725263
2024.0,1.0869875341515074
2025.0,1.0869606237849665
2026.0,1.0870411526453352
2027.0,1.0865854346263775
2028.0,1.0865900545842724
2029.0,1.0863544996552708
2030.0,1.0865122398070257
2031.0,1.0880320834855914
2032.0,1.0886689562519598
2033.0,1.0910050694838793
2034.0,1.0944521393898234
2035.0,1.0975266527554093
2036.0,1.100207244967315
2037.0,1.1023208174016679
2038.0,1.1041297630365234
2039.0,1.1054615358831048
2040.0,1.105425721918493
2041.0,1.1067721849736427
2042.0,1.108759203026146
2043.0,1.1096667164776988
2044.0,1.1103401447366532
2045.0,1.1117897249548256
2046.0,1.112580924282436
2047.0,1.114447582152498
2048.0,1.1166041164818472
2049.0,1.1183509807529806
2050.0,1.1190788661718523
2051.0,1.119259084514372
2052.0,1.1207400919945905
2053.0,1.12332542739125
2054.0,1.1253257334241094
2055.0,1.128415162999051
2056.0,1.1302535928936468
2057.0,1.1311303918148001
2058.0,1.1319189087457602
2059.0,1.132339166666054
2060.0,1.1319611237913731
2061.0,1.1321213636415794
2062.0,1.132951656785946
2063.0,1.1336445968730584
2064.0,1.1331040186363126
2065.0,1.133098046623829
2066.0,1.1328637039925082
2067.0,1.1328720578339393
2068.0,1.1327690261712824
2069.0,1.1339470038463002
2070.0,1.1363750911177444
2071.0,1.1379204812104686
2072.0,1.1403380273103587
2073.0,1.1415397183867384
2074.0,1.1418591174828743
2075.0,1.1410661850781068
2076.0,1.1410700818826216
2077.0,1.1416470964611096
2078.0,1.1432357442290564
2079.0,1.144263357991425
2080.0,1.144577478745095
2081.0,1.1458000728682716
2082.0,1.1472915032604216
2083.0,1.1489733169476748
2084.0,1.150539395519199
2085.0,1.153257481591061
2086.0,1.154878574836225
2087.0,1.1549806265938878
2088.0,1.1561758087108982
2089.0,1.1582454222257241
2090.0,1.1589733605608832
2091.0,1.1596566690949532
2092.0,1.1618076847472945
2093.0,1.1615048981357148
2094.0,1.1590041639455377
2095.0,1.1567418662007274
2096.0,1.1546708791792897
2097.0,1.1536496334102728
2098.0,1.1530312852505693
2099.0,1.1537878591629738
2100.0,1.1556624124028474
2101.0,1.1580224536874617
2102.0,1.1627285710312192
2103.0,1.1651509930634478
2104.0,1.1672688146267394
2105.0,1.1686865376853002
2106.0,1.1685526807850308
2107.0,1.1684971558734616
2108.0,1.1695922083980053
2109.0,1.1695594947618602
2110.0,1.1699706707800124
2111.0,1.170659604048898
2112.0,1.1708785297410906
2113.0,1.1725024214673967
2114.0,1.1725638544988943
2115.0,1.171449914565752
2116.0,1.1719886712866214
2117.0,1.1722307600887194
2118.0,1.1728317536810602
2119.0,1.174730122682531
2120.0,1.1762080468534792
2121.0,1.178383087044466
2122.0,1.1787133303507094
2123.0,1.1780693056966303
2124.0,1.1781873427639402
2125.0,1.1768620212480667
2126.0,1.1757577284298737
2127.0,1.178325469829743
2128.0,1.1808844465052601
2129.0,1.181714614289011
2130.0,1.1840273263498362
2131.0,1.1821775205396021
2132.0,1.1783500696077784
2133.0,1.1767506518395179
2134.0,1.1740404455271325
2135.0,1.1731021749906234
2136.0,1.17507095752535
2137.0,1.1753237202509097
2138.0,1.175228443799648
2139.0,1.1750646287760707
2140.0,1.1751087546451027
2141.0,1.1742695841858042
2142.0,1.171770593385969
2143.0,1.171863830611436
2144.0,1.1707660232133945
2145.0,1.1694395614022828
2146.0,1.1710459437506424
2147.0,1.1730322032957996
2148.0,1.177206429429317
2149.0,1.1826786596564198
2150.0,1.186180359652821
2151.0,1.1884675172587393
2152.0,1.1890043998657949
2153.0,1.1856206893029377
2154.0,1.185097421208343
2155.0,1.1851299102910942
2156.0,1.1847729038521408
2157.0,1.1845537365436192
2158.0,1.1852773581461267
2159.0,1.1858547358520264
2160.0,1.1863008780375293
2161.0,1.1887885955193696
2162.0,1.189823364942821
2163.0,1.1894045534629696
2164.0,1.1894453894086596
2165.0,1.1896977194421965
2166.0,1.188157552753845
2167.0,1.1880914499750141
2168.0,1.1886345117665553
2169.0,1.188189543228915
2170.0,1.1909193163316343
2171.0,1.192043145087717
2172.0,1.19273059456402
2173.0,1.1929344179614088
2174.0,1.1923184122887043
2175.0,1.191947245595052
2176.0,1.1915108837366666
2177.0,1.19179847236017
2178.0,1.1935245202601836
2179.0,1.1935764718936706
2180.0,1.19262524099853
2181.0,1.1916475354060403
2182.0,1.1883781240564415
2183.0,1.1876976151271277
2184.0,1.1879234955340614
2185.0,1.1901464520288714
2186.0,1.1923534059266474
2187.0,1.1944390669740295
2188.0,1.1961335860643705
2189.0,1.1942674192501401
2190.0,1.1917130484570575
2191.0,1.190145741513074
2192.0,1.1892699146090393
2193.0,1.1897784295624916
2194.0,1.191036562441703
2195.0,1.1958988866518465
2196.0,1.1963307433638082
2197.0,1.1950356089534058
2198.0,1.1941372584671068
2199.0,1.1902762046878284
2200.0,1.1891792321350922
2201.0,1.1897665546890477
2202.0,1.1899210369569617
2203.0,1.1918639917511529
2204.0,1.1914915429365391
2205.0,1.1886075739602278
2206.0,1.188884645114237
2207.0,1.189140191876673
2208.0,1.1880966445753354
2209.0,1.1917422770796582
2210.0,1.1938758597575818
2211.0,1.1937389898501076
2212.0,1.194403276688287
2213.0,1.1916594645043002
2214.0,1.1889139243155542
2215.0,1.1886399388114202
2216.0,1.1890075828956546
2217.0,1.1885382854170965
2218.0,1.189281299262728
2219.0,1.189064774531041
2220.0,1.185726014554262
2221.0,1.1864335985459291
2222.0,1.191849584070396
2223.0,1.1926329470558712
2224.0,1.19289401582897
2225.0,1.1931750084480097
2226.0,1.18903322509513
2227.0,1.188401882263849
2228.0,1.1902237541679164
2229.0,1.1912160978364128
2230.0,1.1927895045940051
2231.0,1.1951001221169804
2232.0,1.1979594510644695
2233.0,1.2020927231313248
2234.0,1.204031043602648
2235.0,1.2044000190770305
2236.0,1.2025580159517646
2237.0,1.2026323579546234
2238.0,1.2023784946168006
2239.0,1.2027585773195733
2240.0,1.205757750159361
2241.0,1.2063443097625972
2242.0,1.2077986977970758
2243.0,1.210429993072636
2244.0,1.2103159497100657
2245.0,1.2109799557630763
2246.0,1.2110375122511032
2247.0,1.2117043222119082
2248.0,1.209474032753761
2249.0,1.2045059920080836
2250.0,1.200885620545783
2251.0,1.1944248871372256
2252.0,1.193187733730017
2253.0,1.1967445693794123
2254.0,1.1974203829022874
2255.0,1.1994677361818005
2256.0,1.2000811793473896
2257.0,1.1973978125496596
2258.0,1.1974271482929435
2259.0,1.2004061708597311
2260.0,1.2010278284562388
2261.0,1.201681028981077
2262.0,1.2005788518340532
2263.0,1.198146961846717
2264.0,1.1969939964329042
2265.0,1.19900021224491
2266.0,1.202683491870377
2267.0,1.2032765830800265
2268.0,1.2014507108873207
2269.0,1.1973021205040404
2270.0,1.1940471569814588
2271.0,1.196536594810655
2272.0,1.1977964892891504
2273.0,1.197658580128694
2274.0,1.1978273110534197
2275.0,1.1950887096215435
2276.0,1.1943156327599849
2277.0,1.1962465901227812
2278.0,1.2018584841077962
2279.0,1.2036351807590742
2280.0,1.2085884311860833
2281.0,1.2060440957279766
2282.0,1.1955709651858626
2283.0,1.1925198096698397
2284.0,1.1867680683508441
2285.0,1.1871994489591475
2286.0,1.1964519590934157
2287.0,1.1986136046177636
2288.0,1.1999003172538802
2289.0,1.2016863029359006
2290.0,1.200648654180128
2291.0,1.2026886843015163
2292.0,1.2074048102086534
2293.0,1.209703780684094
2294.0,1.2136665427544968
2295.0,1.2129988428581253
2296.0,1.2061209093082885
2297.0,1.206792895780227
2298.0,1.2049511341343777
2299.0,1.2014167625683996
2300.0,1.2043778678348307
2301.0,1.2007415956521352
2302.0,1.1925181978327655
2303.0,1.1894967786372361
2304.0,1.1889086110882048
2305.0,1.188200958233926
2306.0,1.1940436583498975
2307.0,1.2039667333970174
2308.0,1.2039642565118385
2309.0,1.2017045772109767
2310.0,1.197554064809076
2311.0,1.185621636948157
2312.0,1.1821201530323961
2313.0,1.1829193966832718
2314.0,1.1830847141712497
2315.0,1.1863263965741961
2316.0,1.1891188832434267
2317.0,1.1938659912803955
2318.0,1.1990151737474082
2319.0,1.1988531309621873
2320.0,1.198102220980846
2321.0,1.1934849353275507
2322.0,1.1914966106000455
2323.0,1.1892023795183617
2324.0,1.18760567825076
2325.0,1.1870522472730403
2326.0,1.1873908612735087
2327.0,1.1878104606399755
2328.0,1.1882466441835295
2329.0,1.1900952033923986
2330.0,1.1876458765853084
2331.0,1.1816672002767352
2332.0,1.181385137074589
2333.0,1.1819386204850268
2334.0,1.1839824460645403
2335.0,1.1902369927640424
2336.0,1.1936579556371443
2337.0,1.1958931156996357
2338.0,1.1995076242180571
2339.0,1.2063530873138777
2340.0,1.2093303927512222
2341.0,1.2130831363159844
2342.0,1.2102188059391776
2343.0,1.1938776144934504
2344.0,1.187959713540858
2345.0,1.185755103123757
2346.0,1.182140596456869
2347.0,1.181153133384206
2348.0,1.188280073895666
2349.0,1.1821993051277806
2350.0,1.1793383668473996
2351.0,1.1853669156433642
2352.0,1.1849085107365358
2353.0,1.194311964026188
2354.0,1.2017846626693225
2355.0,1.2009285086874417
2356.0,1.210401617884834
2357.0,1.2096544417103008
2358.0,1.2001748944835953
2359.0,1.1918438767190236
2360.0,1.1793968069755565
2361.0,1.1745073793530623
2362.0,1.174192273455261
2363.0,1.178653817100199
2364.0,1.1827901661397977
2365.0,1.1823856328184124
2366.0,1.1759475092411136
2367.0,1.1626636125542207
2368.0,1.1523745816972277
2369.0,1.1470720585279504
2370.0,1.1530113531912058
2371.0,1.1586122107470234
2372.0,1.1555565618614605
2373.0,1.1524212215763265
2374.0,1.142744251449645
2375.0,1.1357658929552392
2376.0,1.1433411754063891
2377.0,1.151565626801436
2378.0,1.1486531113374714
2379.0,1.1504545436900053
2380.0,1.1549189635798978
2381.0,1.1485165381907585
2382.0,1.1598648071016306
2383.0,1.180223261078039
2384.0,1.1820377974137304
2385.0,1.1840914406709315
2386.0,1.1836367390520144
2387.0,1.1738884083887686
2388.0,1.1644981333336042
2389.0,1.148481935491285
2390.0,1.1344140499722573
2391.0,1.1209207883272683
2392.0,1.106001978274904
2393.0,1.1075309042335932
2394.0,1.1118391958385174
2395.0,1.117734301827925
2396.0,1.1168476183275224
2397.0,1.1111885784792699
2398.0,1.1114113218819546
2399.0,1.0966506964223277
2400.0,1.0891495583360418
2401.0,1.0992382749437142
2402.0,1.0989511988177838
2403.0,1.095539363774663
2404.0,1.1050045287812231
2405.0,1.108921443317004
2406.0,1.107093765825714
2407.0,1.1043809369958562
2408.0,1.0967136721464084
2409.0,1.0916293554874785
2410.0,1.086424549072803
2411.0,1.092692433853917
2412.0,1.0961326050840299
2413.0,1.089445869709859
2414.0,1.081486473288833
2415.0,1.0680460090685775
2416.0,1.0713709406360286
2417.0,1.066176305196735
2418.0,1.0645276115587483
2419.0,1.08577058477142
2420.0,1.0884023452515996
2421.0,1.1073300959945533
2422.0,1.1323081259267034
2423.0,1.1313683774644436
2424.0,1.126606858776929
2425.0,1.1055522221676672
2426.0,1.0810642872468008
2427.0,1.0610322170298743
2428.0,1.0533548651615887
2429.0,1.064345829289729
2430.0,1.0658598881525776
2431.0,1.0660503904092777
2432.0,1.0739989567328723
2433.0,1.0722722308698778
2434.0,1.0716454552089998
2435.0,1.074545937622313
2436.0,1.0689816079589858
2437.0,1.0607312733205616
2438.0,1.0458237906040495
2439.0,1.0216513011334518
2440.0,0.9993351349554015
2441.0,0.9699137484788267
2442.0,0.9548449775176552
2443.0,0.9802233508976411
2444.0,1.0094290129631578
2445.0,1.0378025378586997
2446.0,1.0677374453815007
2447.0,1.063262468339897
2448.0,1.0504647840289487
2449.0,1.0478003102276086
2450.0,1.0382980603514984
2451.0,1.023293253150616
2452.0,1.0118037564623716
2453.0,1.0205683438848592
2454.0,1.0321433641429174
2455.0,1.0505258308236423
2456.0,1.058059386188161
2457.0,1.026796759908345
2458.0,1.0026831437721204
2459.0,0.9890344347396536
2460.0,0.9931265272192044
2461.0,1.031358371344107
2462.0,1.0636513490615642
2463.0,1.0731710017743956
2464.0,1.0794938589908003
2465.0,1.0463522958466267
2466.0,1.0153414418938744
2467.0,1.0301084048549698
2468.0,1.0212813708064352
2469.0,1.0123240084126808
2470.0,1.01804986899616
2471.0,0.9786528214637179
2472.0,0.9670789102334084
2473.0,0.981536329763981
2474.0,0.979236864389337
2475.0,0.9747317608633804
2476.0,0.976623392390923
2477.0,0.9811718019533155
2478.0,0.9817055690888414
2479.0,0.988175534351932
2480.0,0.998059687370294
2481.0,0.9998874824655117
2482.0,0.9925975788776005
2483.0,0.9897096402199302
2484.0,0.9720793891370259
2485.0,0.9221585301480744
2486.0,0.9218355688772714
2487.0,0.9457389368199659
2488.0,0.9625061446084874
2489.0,1.0211688980625124
2490.0,1.0447259145354466
2491.0,1.0418353977178645
2492.0,1.0457350393547187
2493.0,1.0518346616722776
2494.0,1.0213299603182648
2495.0,0.9436945589931233
2496.0,0.9339565113812689
2497.0,0.9336221704522636
2498.0,0.9280041997856696
2499.0,0.9772155413075914
2500.0,0.9449090052496864
