350.0,-0.18209847096175696
351.0,-0.11500757894581703
352.0,-0.11499876967643965
353.0,-0.09234656602833308
354.0,-0.06187822311089304
355.0,-0.036056349185153144
356.0,-0.027902426259907114
357.0,-0.05845972708104646
358.0,-0.02269944821892136
359.0,0.0007506834189821801
360.0,-0.054200753265740045
361.0,-0.010299991751573681
362.0,0.024161021839556634
363.0,0.011236586792006694
364.0,-0.025146120341091985
365.0,-0.030974348530141377
366.0,-0.011624891168952302
367.0,9.298819202975052e-05
368.0,-0.02913149982273249
369.0,-0.01926239186239077
370.0,-0.008597187001574524
371.0,-0.006380924276296423
372.0,0.022806242787446074
373.0,0.032616443716700645
374.0,0.020963006417686343
375.0,0.0007539903358168543
376.0,-0.004958354691467297
377.0,0.00012613244044153572
378.0,0.0064357294981841
379.0,0.00923170813957041
380.0,0.022776372860579482
381.0,0.022825272413824396
382.0,0.020351410316521396
383.0,0.028284608757479096
384.0,0.00987306217446071
385.0,0.006568357311539787
386.0,0.021498688941246607
387.0,0.032815671861610975
388.0,0.02861325526961373
389.0,0.023066101326549165
390.0,0.021583717960812314
391.0,0.019258877934804686
392.0,0.015474566588031381
393.0,0.019419993544420776
394.0,0.029847719097540037
395.0,0.030095077175196546
396.0,0.029322993599606
397.0,0.028179924632384366
398.0,0.02476740490553928
399.0,0.013217098725031134
400.0,0.017306942521491144
401.0,0.027957072231491104
402.0,0.03182196750500129
403.0,0.047115501697201106
404.0,0.04050215399780282
405.0,0.02203398305225343
406.0,0.022269622095766082
407.0,0.02777585883043809
408.0,0.032202041572216435
409.0,0.03534492120769571
410.0,0.0417616757965813
411.0,0.039930016618063786
412.0,0.0340611239128537
413.0,0.029852456711814218
414.0,0.030709295240593026
415.0,0.03430362175600231
416.0,0.037419262225952786
417.0,0.038217482276503005
418.0,0.039515902435822696
419.0,0.035824569977453646
420.0,0.033711540941470525
421.0,0.04089479282174179
422.0,0.04080657211992766
423.0,0.037470890511812266
424.0,0.03528029223561159
425.0,0.03702357801713056
426.0,0.03824193736289207
427.0,0.03740154078654305
428.0,0.035361591220165106
429.0,0.035534250622388096
430.0,0.0383166863775286
431.0,0.0417761284690935
432.0,0.04374049399157169
433.0,0.043413716331785084
434.0,0.039758689981766314
435.0,0.036769429408092406
436.0,0.03891151836980306
437.0,0.040237917712248425
438.0,0.04160156077018093
439.0,0.04205214788661371
440.0,0.039176048924695124
441.0,0.039665087176718655
442.0,0.04015584887681455
443.0,0.03853493200222107
444.0,0.037687065973052956
445.0,0.04029327347172058
446.0,0.042958274474757634
447.0,0.04213693548305964
448.0,0.040708771335767245
449.0,0.03998018553374553
450.0,0.04000755273647813
451.0,0.04012094927361092
452.0,0.040748951861108516
453.0,0.04094172738769427
454.0,0.04088525738418641
455.0,0.04216616071196612
456.0,0.041642872820439665
457.0,0.04058436050478084
458.0,0.04045990213514238
459.0,0.040644316807155356
460.0,0.04178853992559082
461.0,0.042888641163803205
462.0,0.04276848531796354
463.0,0.043023729240453806
464.0,0.04284376261833433
465.0,0.042177596103807585
466.0,0.041741009361585486
467.0,0.0417763727933937
468.0,0.04224482298311239
469.0,0.04288901394993961
470.0,0.04320009520332541
471.0,0.04356457558500962
472.0,0.043468282301818074
473.0,0.04267054466690466
474.0,0.04308210999946745
475.0,0.04301800723034335
476.0,0.04243585072000531
477.0,0.04244391503217593
478.0,0.043331053727277496
479.0,0.044114191694636505
480.0,0.043795272597598356
481.0,0.04156123820265222
482.0,0.04170828733783525
483.0,0.042726300747078484
484.0,0.04267799048306916
485.0,0.043863184687729026
486.0,0.04371797264819408
487.0,0.043102946439482266
488.0,0.044242579151043855
489.0,0.04391536457646018
490.0,0.04339912324660813
491.0,0.0436153074362115
492.0,0.04444540013450602
493.0,0.045008036099473944
494.0,0.045291058406786266
495.0,0.045387803996498374
496.0,0.044975241453390206
497.0,0.04426328602125132
498.0,0.04393533660706434
499.0,0.04465883244253637
500.0,0.045426007278606316
501.0,0.045811125407472716
502.0,0.04575306199350275
503.0,0.04554048907272142
504.0,0.04559227675345874
505.0,0.04547695628815762
506.0,0.04500205036279038
507.0,0.04503558539108872
508.0,0.04631943994949748
509.0,0.047784850057393996
510.0,0.04772309110720412
511.0,0.046369567835679214
512.0,0.04585041558915704
513.0,0.04649475145652093
514.0,0.046452173478406
515.0,0.04631756827928894
516.0,0.04644245935261075
517.0,0.046899185349195335
518.0,0.04716888928963982
519.0,0.04683525339766299
520.0,0.04643383333685955
521.0,0.04679936114818082
522.0,0.0472575464887638
523.0,0.04779493946938211
524.0,0.048246316410614914
525.0,0.048208740834617216
526.0,0.04827385984034912
527.0,0.048038492028480304
528.0,0.047484374780096344
529.0,0.048538158156078134
530.0,0.04888193101190961
531.0,0.048699329883730824
532.0,0.049303503677618696
533.0,0.049276719486863685
534.0,0.04883393472164987
535.0,0.04857743761235914
536.0,0.04940317904397331
537.0,0.049693208984273325
538.0,0.049614157644549114
539.0,0.04968186777970567
540.0,0.04981947257221703
541.0,0.05009806578617693
542.0,0.05037665300652478
543.0,0.05043121648580798
544.0,0.050650371569321305
545.0,0.050801893864475686
546.0,0.0508453994618597
547.0,0.05121097055918455
548.0,0.051155408783147574
549.0,0.051109340374267564
550.0,0.05155174104235442
551.0,0.05157655222389003
552.0,0.05144687601087374
553.0,0.0514063560526606
554.0,0.05163371530208806
555.0,0.052075446882533384
556.0,0.05256900291049063
557.0,0.05298180414841232
558.0,0.05327307746464232
559.0,0.05356696669495122
560.0,0.053629791170357266
561.0,0.05325067658181797
562.0,0.05303087481151826
563.0,0.05316321149396866
564.0,0.05360547626672071
565.0,0.054100299406327254
566.0,0.05431537436098599
567.0,0.05470842744059146
568.0,0.05541149073834854
569.0,0.05518208735942601
570.0,0.054877951294997764
571.0,0.05500305465924221
572.0,0.055722169736734856
573.0,0.05614557027210917
574.0,0.05614263071438398
575.0,0.055880550324026466
576.0,0.055802287718334426
577.0,0.056003154755544134
578.0,0.05638292556918026
579.0,0.05679678289181061
580.0,0.057261270975413184
581.0,0.05746976388609666
582.0,0.057484051275544665
583.0,0.05761208138326912
584.0,0.05772370298176596
585.0,0.05802221414319137
586.0,0.05850339227491256
587.0,0.05870025723253721
588.0,0.05903099221291374
589.0,0.05924117066543364
590.0,0.05905045623183683
591.0,0.059172575218716834
592.0,0.0595365449481136
593.0,0.06000940329044676
594.0,0.06043627208518099
595.0,0.06071828402138588
596.0,0.06090475648775415
597.0,0.06106821342458186
598.0,0.061213320137077455
599.0,0.06157136091348299
600.0,0.062033190471991545
601.0,0.06232932978372319
602.0,0.062470791815978886
603.0,0.06263746684041757
604.0,0.06281376211923727
605.0,0.0626796620415765
606.0,0.06312454703351492
607.0,0.06376445833446381
608.0,0.0640861258762193
609.0,0.06456647756886731
610.0,0.06470664436761756
611.0,0.06464502391864531
612.0,0.06495013498681626
613.0,0.06524540178573801
614.0,0.06565644313618901
615.0,0.06611242301671788
616.0,0.06591831781686838
617.0,0.06648224286009273
618.0,0.06734114603382285
619.0,0.06752032841752706
620.0,0.06745478290749823
621.0,0.06767359468571835
622.0,0.06820595957998504
623.0,0.06854738209397045
624.0,0.06877642946800651
625.0,0.0690935929920834
626.0,0.06954462944850452
627.0,0.06959495510820614
628.0,0.06984668743788996
629.0,0.0702973309543871
630.0,0.07064093376404816
631.0,0.0711331665627156
632.0,0.07147278582759846
633.0,0.07161154839031449
634.0,0.07199267135531684
635.0,0.07213174638486038
636.0,0.07233988888598893
637.0,0.07295963943271343
638.0,0.07343045135670184
639.0,0.07380313195392751
640.0,0.07416682583789205
641.0,0.07461732360860211
642.0,0.07503876692367305
643.0,0.07538963954411242
644.0,0.07567713868387096
645.0,0.07599189551838116
646.0,0.07631268605760895
647.0,0.07663139679272306
648.0,0.0769494326641362
649.0,0.0772940287731555
650.0,0.07776731625646024
651.0,0.07827323944621085
652.0,0.07848414802521203
653.0,0.07919982010900668
654.0,0.07982765210938743
655.0,0.07983713984335972
656.0,0.08001540710083245
657.0,0.08039292376163411
658.0,0.08091549816877129
659.0,0.08144659776019471
660.0,0.08173491879842752
661.0,0.08219936385538937
662.0,0.08299777045839779
663.0,0.08370890973996174
664.0,0.08406178292247957
665.0,0.08418279465759623
666.0,0.08433932924719817
667.0,0.08459097212051539
668.0,0.08523423403313463
669.0,0.08607538154704214
670.0,0.08649791559902775
671.0,0.08667189289285046
672.0,0.0870544530969211
673.0,0.08779840453934423
674.0,0.08815617619163452
675.0,0.08860999191564882
676.0,0.08922097413381994
677.0,0.08984164862454812
678.0,0.09021297342542943
679.0,0.09082368445567456
680.0,0.09164028714710847
681.0,0.09189962719254119
682.0,0.09206492233253093
683.0,0.09232525541377583
684.0,0.09277365680549361
685.0,0.09342877943710676
686.0,0.09403335570672679
687.0,0.09455966049131022
688.0,0.09512796067374145
689.0,0.09566889118587306
690.0,0.09610211420538893
691.0,0.09645941921537741
692.0,0.09695617502058981
693.0,0.09776817439979021
694.0,0.09848554224830589
695.0,0.09872016629273705
696.0,0.09914323948042866
697.0,0.09973459711391276
698.0,0.10030674612432675
699.0,0.10058868482579482
700.0,0.10115696733130318
701.0,0.10193872645405927
702.0,0.10269018607798774
703.0,0.10303700842988113
704.0,0.10346857519480303
705.0,0.10403057876295771
706.0,0.10457878707185181
707.0,0.10506201963202629
708.0,0.10578755399893072
709.0,0.10669915816550472
710.0,0.10729641791308149
711.0,0.10779215244177003
712.0,0.10829529758843792
713.0,0.10882267175668049
714.0,0.10912754625307902
715.0,0.10975914907154449
716.0,0.11058439882734297
717.0,0.11114538826749007
718.0,0.11180172294209172
719.0,0.1125061505529806
720.0,0.11317984724719271
721.0,0.11375883994329197
722.0,0.11450470837550299
723.0,0.11519979428285987
724.0,0.11566880239714852
725.0,0.11645616619438343
726.0,0.11701587868026574
727.0,0.11741684768524202
728.0,0.11812511711311766
729.0,0.11868203013087213
730.0,0.1193929636019965
731.0,0.1203048167546731
732.0,0.12080059391195101
733.0,0.12149018683165165
734.0,0.12224533223500562
735.0,0.12281002983045448
736.0,0.12348707078245245
737.0,0.12431583182813886
738.0,0.12513535606109058
739.0,0.1256665168675203
740.0,0.1263497241880091
741.0,0.12715560737358905
742.0,0.1279545760755026
743.0,0.1285699100233557
744.0,0.12924129067853024
745.0,0.12993348486697348
746.0,0.1305557779036333
747.0,0.13127221610656736
748.0,0.13211163646175042
749.0,0.13288032353825768
750.0,0.13325371176781264
751.0,0.13413699164141238
752.0,0.13511962760412433
753.0,0.135854967328402
754.0,0.13671911335968015
755.0,0.13755123189072607
756.0,0.13827230036074012
757.0,0.1388683276907833
758.0,0.13948392858405012
759.0,0.1402813618989081
760.0,0.14113632198764176
761.0,0.14169099102453567
762.0,0.1426234170568674
763.0,0.14354601418673987
764.0,0.1441568848414069
765.0,0.14482589507428364
766.0,0.14543783667823318
767.0,0.14610746651624776
768.0,0.14698876268995936
769.0,0.14805067786828127
770.0,0.1488930612412533
771.0,0.1495839808692587
772.0,0.15062282018208017
773.0,0.15132723519705665
774.0,0.1519504854208165
775.0,0.1527524179132502
776.0,0.15361313815777092
777.0,0.15460521175526273
778.0,0.15548885078291952
779.0,0.15603647640003357
780.0,0.15666466934015053
781.0,0.15741470258079032
782.0,0.15832105008217598
783.0,0.1594026794028516
784.0,0.16041632336193207
785.0,0.16141106025231844
786.0,0.16238421342970957
787.0,0.16308405257904662
788.0,0.16389640713504242
789.0,0.16480791042807152
790.0,0.16569897328025296
791.0,0.16664257516003328
792.0,0.16761922548181798
793.0,0.1685580417672432
794.0,0.1693692796319399
795.0,0.17010466256079468
796.0,0.17082384022963146
797.0,0.171643102956372
798.0,0.17277340082258455
799.0,0.17379877415983797
800.0,0.17461367475219955
801.0,0.1752904402078336
802.0,0.17612138743184277
803.0,0.17718368784889585
804.0,0.17825859916274814
805.0,0.17902795781809885
806.0,0.17988577475971473
807.0,0.18087425545878852
808.0,0.18190774749741742
809.0,0.1828071879681057
810.0,0.18369004366525266
811.0,0.18460177751070816
812.0,0.1855588603326132
813.0,0.18654899792575694
814.0,0.18755199790828758
815.0,0.18857043941802865
816.0,0.1895715515023428
817.0,0.19029477786808324
818.0,0.19109803759187724
819.0,0.19217240924021964
820.0,0.1934692417531744
821.0,0.19440902062044965
822.0,0.1953378972645656
823.0,0.19641870296466815
824.0,0.19720374128705018
825.0,0.1980841740802068
826.0,0.19918414664183903
827.0,0.200428738732663
828.0,0.20136185089966824
829.0,0.20243621550412075
830.0,0.20354146354830213
831.0,0.2043437629482159
832.0,0.20532607014076404
833.0,0.20639178208978737
834.0,0.20748147028457692
835.0,0.20863052935366935
836.0,0.20974337567141674
837.0,0.2108715687583526
838.0,0.211990004049933
839.0,0.21285488086648413
840.0,0.21378277994749792
841.0,0.2148154127514565
842.0,0.21590293516196876
843.0,0.21702832821418871
844.0,0.21826495327313328
845.0,0.21947255003354452
846.0,0.22045310354868183
847.0,0.22157104349246828
848.0,0.22257562987149357
849.0,0.22351339107534784
850.0,0.22479225587535295
851.0,0.2261009495495662
852.0,0.22725306114608212
853.0,0.22821933543134107
854.0,0.22921416726804975
855.0,0.23028333503578918
856.0,0.23147806868513834
857.0,0.23275416148721506
858.0,0.23378942010832968
859.0,0.2348665857160181
860.0,0.23599371977220612
861.0,0.23704857700703938
862.0,0.2381150450438438
863.0,0.23938870726320463
864.0,0.24074462990133497
865.0,0.24180182009040005
866.0,0.2429758427480787
867.0,0.24419141305018152
868.0,0.24537629915247314
869.0,0.2465676216473884
870.0,0.24772500640533926
871.0,0.2488480330313077
872.0,0.24997695561912076
873.0,0.25124296848646727
874.0,0.252342712626529
875.0,0.25347707692738797
876.0,0.2548644947174138
877.0,0.25595773888860673
878.0,0.2571018267558041
879.0,0.2583803897363899
880.0,0.25967713061521214
881.0,0.2607912991650052
882.0,0.2618588047062712
883.0,0.2630640928840853
884.0,0.26453832706717284
885.0,0.26573815034609244
886.0,0.26686867422270005
887.0,0.26808746654108295
888.0,0.269294344311732
889.0,0.2704681309902714
890.0,0.2717281993546445
891.0,0.2730649855376158
892.0,0.274079639405798
893.0,0.2752887277332717
894.0,0.2764130415080515
895.0,0.27723300344698143
896.0,0.278709708536093
897.0,0.28014085506990416
898.0,0.28131569796744993
899.0,0.2823925380889795
900.0,0.28394410634410666
901.0,0.28558179652482585
902.0,0.28700926237791696
903.0,0.28810712554597706
904.0,0.28912250187151606
905.0,0.290124622541981
906.0,0.2912213630020514
907.0,0.29254463541735026
908.0,0.293946809566312
909.0,0.2951079852320588
910.0,0.2961952118639817
911.0,0.29801296183238307
912.0,0.29965157324775166
913.0,0.3008688368620276
914.0,0.30183551560071903
915.0,0.3031798634207507
916.0,0.30465017241560344
917.0,0.30589999895585157
918.0,0.3068594258791826
919.0,0.308283310972635
920.0,0.30956678821674954
921.0,0.3109517611843552
922.0,0.31268310104129665
923.0,0.31398754075541735
924.0,0.3152525560927803
925.0,0.3165163906861958
926.0,0.3178056057310842
927.0,0.31985432006497144
928.0,0.32131740874051906
929.0,0.32213186439799896
930.0,0.3230508465724197
931.0,0.3243846063252938
932.0,0.3258406566923258
933.0,0.32742901752332026
934.0,0.32931007562648695
935.0,0.33090872475520555
936.0,0.33219747221381835
937.0,0.33336165840416787
938.0,0.3347032291516904
939.0,0.3363046679745814
940.0,0.33782572459067756
941.0,0.3391316717857114
942.0,0.3404125295232657
943.0,0.3424641015081688
944.0,0.3435768558574934
945.0,0.34387153950779054
946.0,0.3458799297902812
947.0,0.3477045230904122
948.0,0.34926588456615815
949.0,0.3506413279312612
950.0,0.3517384636926902
951.0,0.3524315255948697
952.0,0.3535668923550499
953.0,0.35548965035540786
954.0,0.3574686404753325
955.0,0.35883642310057035
956.0,0.3600128730647369
957.0,0.3613692329082049
958.0,0.36270598322684766
959.0,0.36393828588590976
960.0,0.3656678914129894
961.0,0.3678200475371979
962.0,0.3689178960178933
963.0,0.3710245351019042
964.0,0.3728952271667432
965.0,0.37361668808310644
966.0,0.37447760575403
967.0,0.3755865583060967
968.0,0.37737379456685033
969.0,0.379787868408091
970.0,0.381822513210975
971.0,0.38282451105135124
972.0,0.38358653253216646
973.0,0.3849639301911972
974.0,0.38705247358576833
975.0,0.3892586623798317
976.0,0.39077333644194195
977.0,0.39155399276394803
978.0,0.3929539007943267
979.0,0.39376837917404406
980.0,0.3948971379310695
981.0,0.39675120503853334
982.0,0.39796829888315377
983.0,0.3999900072524187
984.0,0.4023504599297188
985.0,0.40426475159591624
986.0,0.4052932351671398
987.0,0.4059197025362019
988.0,0.40624125833224556
989.0,0.40713656650370933
990.0,0.4104531518158075
991.0,0.41208709008859185
992.0,0.4137243073934136
993.0,0.41591975895813527
994.0,0.41632423950577835
995.0,0.41735053633888175
996.0,0.4187901560174222
997.0,0.4202714299763031
998.0,0.42186482990839613
999.0,0.4247521255816001
1000.0,0.4270141652502683
1001.0,0.434381363499424
1002.0,0.4372938083152731
1003.0,0.43975169243267825
1004.0,0.4434772466922039
1005.0,0.44298405362870946
1006.0,0.4452508564175601
1007.0,0.4518255302662628
1008.0,0.4534147984328979
1009.0,0.45502684028308527
1010.0,0.4564955906694369
1011.0,0.45368205296552766
1012.0,0.4541586571857841
1013.0,0.4573807970536529
1014.0,0.4582550039930459
1015.0,0.45706199527372177
1016.0,0.45728796871267485
1017.0,0.4563089923127782
1018.0,0.45869593693610483
1019.0,0.4626639022823513
1020.0,0.4672837603688541
1021.0,0.4733276272779308
1022.0,0.4750947298032808
1023.0,0.4719924856675078
1024.0,0.4726690464745694
1025.0,0.4730209818947298
1026.0,0.47297573791107245
1027.0,0.47523479070845676
1028.0,0.47578076573348893
1029.0,0.47773208966182446
1030.0,0.47945563176886824
1031.0,0.48205869359175235
1032.0,0.48492295313115363
1033.0,0.4883394064055747
1034.0,0.488451993532853
1035.0,0.48808958067562663
1036.0,0.4904914702397652
1037.0,0.4915836054267087
1038.0,0.49559292642660885
1039.0,0.5009168429560605
1040.0,0.5020746645142596
1041.0,0.504329765592964
1042.0,0.5045331978247605
1043.0,0.5046379360309436
1044.0,0.502699821421835
1045.0,0.5044118636124083
1046.0,0.5055012486714651
1047.0,0.5076747022794454
1048.0,0.5115184646414613
1049.0,0.5125770248131885
1050.0,0.5138786444527965
1051.0,0.5155163357269628
1052.0,0.517852968740055
1053.0,0.522503182412134
1054.0,0.5251687631548554
1055.0,0.5260200340195842
1056.0,0.5269119347175243
1057.0,0.5264294902007004
1058.0,0.5245724171625984
1059.0,0.524985089367395
1060.0,0.5287493128685496
1061.0,0.5328960007179429
1062.0,0.5358743455713008
1063.0,0.5372909224140144
1064.0,0.5382983348710276
1065.0,0.5384068933945266
1066.0,0.5384182808412094
1067.0,0.5419410367547577
1068.0,0.5460462064703235
1069.0,0.5491213167083954
1070.0,0.5513700678938354
1071.0,0.5528943660468213
1072.0,0.5529105087628281
1073.0,0.5534859950750429
1074.0,0.555011200382071
1075.0,0.5568046598770924
1076.0,0.5594525194378844
1077.0,0.5618371949427802
1078.0,0.5626537419724916
1079.0,0.5642470503689876
1080.0,0.5663248172734666
1081.0,0.5667687169251302
1082.0,0.5685200130889542
1083.0,0.5714960491886732
1084.0,0.5734218062420254
1085.0,0.5752267431163104
1086.0,0.5771568476979217
1087.0,0.5787863824307029
1088.0,0.5799164996735535
1089.0,0.582141951289046
1090.0,0.5850161290021763
1091.0,0.5868898626537785
1092.0,0.5888000995649023
1093.0,0.5909666115994922
1094.0,0.5915307720517378
1095.0,0.5920982200904551
1096.0,0.5932695730257218
1097.0,0.5937401646431647
1098.0,0.5955005956771976
1099.0,0.5974678750643313
1100.0,0.6003991243778035
1101.0,0.6026851510244343
1102.0,0.6050914109353126
1103.0,0.6071934413301424
1104.0,0.609088494742762
1105.0,0.6103601767774268
1106.0,0.6113722450021776
1107.0,0.612834094236059
1108.0,0.6144636544071781
1109.0,0.6165744519189293
1110.0,0.6187816479275603
1111.0,0.6204516000154172
1112.0,0.6226667520626894
1113.0,0.6253910912979527
1114.0,0.6272588760756246
1115.0,0.6289911513141616
1116.0,0.6308912451582862
1117.0,0.6321189684903166
1118.0,0.6336960515031214
1119.0,0.6357935331483384
1120.0,0.6377833328817646
1121.0,0.6389982447010638
1122.0,0.6406549033021933
1123.0,0.6420103341603909
1124.0,0.6437219780432286
1125.0,0.6461360671862989
1126.0,0.6480138799771887
1127.0,0.6498835245013602
1128.0,0.6520765418572716
1129.0,0.6537362114186673
1130.0,0.6546663443804012
1131.0,0.6562225112806136
1132.0,0.6579171578988998
1133.0,0.6594764631461254
1134.0,0.6609259284012379
1135.0,0.662986089449871
1136.0,0.665167329276459
1137.0,0.6671835130161208
1138.0,0.6696716727293455
1139.0,0.671965477854575
1140.0,0.6733764050913538
1141.0,0.6746190138338425
1142.0,0.6764334470360942
1143.0,0.6784727127235093
1144.0,0.6803045107933995
1145.0,0.6823022092536651
1146.0,0.6843577328175018
1147.0,0.6860538140691748
1148.0,0.6881519442783729
1149.0,0.6905528753379316
1150.0,0.6936117367347747
1151.0,0.6959070457077715
1152.0,0.6972570372014543
1153.0,0.6980000810510202
1154.0,0.6984281478784575
1155.0,0.6994206846671325
1156.0,0.7007579194710583
1157.0,0.7024720923281169
1158.0,0.7049358846646172
1159.0,0.7071744605027981
1160.0,0.7100054372214439
1161.0,0.7118942670652847
1162.0,0.713191063202156
1163.0,0.7148073742643283
1164.0,0.715813329721984
1165.0,0.7173084618920289
1166.0,0.7190105449345987
1167.0,0.7215595695367785
1168.0,0.7237628016076191
1169.0,0.7254447767848875
1170.0,0.7272276734461426
1171.0,0.7286018204798801
1172.0,0.7302931007866161
1173.0,0.7319664902832189
1174.0,0.7336637150784002
1175.0,0.7355561658526009
1176.0,0.7373785168319501
1177.0,0.7392574710164438
1178.0,0.7408312375102042
1179.0,0.7420159953753976
1180.0,0.7435426333974046
1181.0,0.7447224439993319
1182.0,0.7466908339345563
1183.0,0.7485264762716413
1184.0,0.7507445203327691
1185.0,0.7533305015404423
1186.0,0.7547827607078662
1187.0,0.7563998746367616
1188.0,0.7578059228062216
1189.0,0.7596537863666559
1190.0,0.7612525161538319
1191.0,0.7633456372658988
1192.0,0.7663941415439778
1193.0,0.768616273002872
1194.0,0.770579457483342
1195.0,0.7724312567897201
1196.0,0.7736845936259612
1197.0,0.7753683497224038
1198.0,0.7771022506652748
1199.0,0.7791403147420155
1200.0,0.7813856231309014
1201.0,0.7830200019428152
1202.0,0.7844023048962259
1203.0,0.7859627593769843
1204.0,0.7876994309531001
1205.0,0.7893946419152479
1206.0,0.7913224121764959
1207.0,0.7936950639056679
1208.0,0.7957785507516427
1209.0,0.7979354967478901
1210.0,0.799789159802442
1211.0,0.801303127217911
1212.0,0.8029540742566927
1213.0,0.8041603953336458
1214.0,0.8060160121446976
1215.0,0.8081648095077129
1216.0,0.8107613080456029
1217.0,0.8135961209939145
1218.0,0.8159099495314521
1219.0,0.8177921631971675
1220.0,0.8192136356235128
1221.0,0.8208218593003933
1222.0,0.8221335976122991
1223.0,0.8234819438071045
1224.0,0.8247501973732956
1225.0,0.8261626056930514
1226.0,0.827331085085442
1227.0,0.8289334474912494
1228.0,0.8310323011998916
1229.0,0.8328916198446461
1230.0,0.8347807201165013
1231.0,0.8366383676040475
1232.0,0.8380396985578703
1233.0,0.8403715077540482
1234.0,0.8424442240566977
1235.0,0.8441840779619628
1236.0,0.8457509502298315
1237.0,0.8471583326207913
1238.0,0.8483848036287036
1239.0,0.848923830249244
1240.0,0.8504853027469541
1241.0,0.852582026996922
1242.0,0.8541691935561317
1243.0,0.8561937569583009
1244.0,0.8578940756406774
1245.0,0.8586874116334354
1246.0,0.8602987259859964
1247.0,0.86267842608863
1248.0,0.8645345516119474
1249.0,0.8663422190533536
1250.0,0.8681820962096893
1251.0,0.8695222657001792
1252.0,0.871244933046019
1253.0,0.8733405801400049
1254.0,0.8759349204132004
1255.0,0.8781453170262311
1256.0,0.8808248164915771
1257.0,0.8825454573991626
1258.0,0.8835196650133529
1259.0,0.8849744119253565
1260.0,0.8860286385865769
1261.0,0.8875004531498112
1262.0,0.8892094476850623
1263.0,0.891125733483337
1264.0,0.893373445738832
1265.0,0.8954334084334828
1266.0,0.8980123889619934
1267.0,0.9000128547871468
1268.0,0.9019664304583952
1269.0,0.9030186817225102
1270.0,0.9041973300220012
1271.0,0.9047750302318397
1272.0,0.9062513676738687
1273.0,0.9078586292633689
1274.0,0.9096192023472971
1275.0,0.9121630865002036
1276.0,0.9139144116599088
1277.0,0.9151586257280422
1278.0,0.9168012069293429
1279.0,0.9184463258242906
1280.0,0.9200113557716377
1281.0,0.9217802627699359
1282.0,0.9233773743242056
1283.0,0.9244494682054393
1284.0,0.9260744701003036
1285.0,0.9282747951144837
1286.0,0.9300469406754737
1287.0,0.9321536514201525
1288.0,0.9336270123380533
1289.0,0.9352487843495622
1290.0,0.9365782696331946
1291.0,0.9378508411493335
1292.0,0.9389624753116245
1293.0,0.9404249712548836
1294.0,0.9418018883590403
1295.0,0.9432706663394593
1296.0,0.9450149512265779
1297.0,0.9468260933435367
1298.0,0.9484497025713617
1299.0,0.9503830384560708
1300.0,0.9531486783234764
1301.0,0.9550881363437702
1302.0,0.9565215066533103
1303.0,0.9581814186420895
1304.0,0.9591886837434002
1305.0,0.9608167597253606
1306.0,0.9627704872578695
1307.0,0.9652825281970085
1308.0,0.967311307696282
1309.0,0.9695951232663822
1310.0,0.9713648376364292
1311.0,0.9724440132856138
1312.0,0.9744346630929761
1313.0,0.9768940323527585
1314.0,0.9787592764952225
1315.0,0.9810201771693983
1316.0,0.9826421189202512
1317.0,0.9831966531146361
1318.0,0.9845017923110764
1319.0,0.9860014699394891
1320.0,0.9875383384580017
1321.0,0.989498130295137
1322.0,0.9911092597005906
1323.0,0.9923133395060167
1324.0,0.9939240527646995
1325.0,0.9956999828325297
1326.0,0.997343956189416
1327.0,0.9990488061018457
1328.0,1.001164243278507
1329.0,1.002700592255365
1330.0,1.003771026799522
1331.0,1.0052268992034947
1332.0,1.0065329807721919
1333.0,1.0082290564067995
1334.0,1.0104915519606337
1335.0,1.0121264870886137
1336.0,1.0136879204189708
1337.0,1.015136333801216
1338.0,1.0157372669369231
1339.0,1.0173156085868713
1340.0,1.0198333754336615
1341.0,1.0215712713929297
1342.0,1.0235540731313986
1343.0,1.0251010605863387
1344.0,1.0254641586348967
1345.0,1.0266095604067271
1346.0,1.0280761498908333
1347.0,1.0297138715772514
1348.0,1.03119518188611
1349.0,1.0329115070005488
1350.0,1.03455349722737
1351.0,1.035850558435554
1352.0,1.0377353533790197
1353.0,1.04035992253438
1354.0,1.0420626013800904
1355.0,1.0435582965381207
1356.0,1.0450800043915507
1357.0,1.0457868078108647
1358.0,1.0473525065841263
1359.0,1.0497375033195748
1360.0,1.0514789863879375
1361.0,1.0532536641227388
1362.0,1.0548767954842677
1363.0,1.0560372194702394
1364.0,1.0573254724306478
1365.0,1.0586724878800289
1366.0,1.0600328607871548
1367.0,1.0611716588642504
1368.0,1.0627117805855892
1369.0,1.0640053611232325
1370.0,1.0653061312639902
1371.0,1.066545832937361
1372.0,1.067678282835972
1373.0,1.068911495181303
1374.0,1.0701112776275181
1375.0,1.0714731337372472
1376.0,1.072872090374292
1377.0,1.0743989587364757
1378.0,1.0762487566025896
1379.0,1.0778613585430394
1380.0,1.079435348737888
1381.0,1.0809738259614718
1382.0,1.0824387418708898
1383.0,1.083816144948439
1384.0,1.085407224638791
1385.0,1.0865101938700177
1386.0,1.0871252135649225
1387.0,1.0878599456723645
1388.0,1.088328469202735
1389.0,1.0888911743433909
1390.0,1.0892298263194922
1391.0,1.0902325557527166
1392.0,1.0910927333379836
1393.0,1.0919581511510486
1394.0,1.0928089060440143
1395.0,1.094074113064605
1396.0,1.0945383315629753
1397.0,1.0944419790013207
1398.0,1.0948231124299177
1399.0,1.0949912574678535
1400.0,1.0953346097664942
1401.0,1.095921118609778
1402.0,1.096574603290391
1403.0,1.097264670340158
1404.0,1.0978520909588825
1405.0,1.0986721349389117
1406.0,1.0993076064110283
1407.0,1.0994950712860525
1408.0,1.1000904328253827
1409.0,1.1010810771482102
1410.0,1.1017646094996925
1411.0,1.102232445951735
1412.0,1.1030535742984378
1413.0,1.1040835904523922
1414.0,1.1048498831656202
1415.0,1.105536841687655
1416.0,1.106447801425126
1417.0,1.1075574225522151
1418.0,1.1086537731001502
1419.0,1.10953452409933
1420.0,1.1106901039566932
1421.0,1.1117074772831208
1422.0,1.1122373863892825
1423.0,1.1130523663883458
1424.0,1.1142810322583174
1425.0,1.1151973336889895
1426.0,1.1156783106575872
1427.0,1.1166605352011736
1428.0,1.1178952594825766
1429.0,1.11913773192679
1430.0,1.1207155397430784
1431.0,1.1219612684215834
1432.0,1.123045508998016
1433.0,1.124198819117302
1434.0,1.1251907421320482
1435.0,1.1263119642516572
1436.0,1.1276455755736523
1437.0,1.128785788593997
1438.0,1.1296111278319207
1439.0,1.1308129933324234
1440.0,1.1321881495462607
1441.0,1.1335111522736439
1442.0,1.135400861248187
1443.0,1.1374472839166208
1444.0,1.139057473182588
1445.0,1.1405229602277516
1446.0,1.1420704729771458
1447.0,1.1434639110976865
1448.0,1.144806873277669
1449.0,1.146206431100637
1450.0,1.1475890053416804
1451.0,1.1488133027843774
1452.0,1.1499689072956283
1453.0,1.1513011272799207
1454.0,1.1523237450769381
1455.0,1.1529037563343514
1456.0,1.1538650752935924
1457.0,1.1548205510804528
1458.0,1.1559179760037275
1459.0,1.1573037332152265
1460.0,1.1585414340275426
1461.0,1.1596099597992104
1462.0,1.1609563618255825
1463.0,1.1626577642086087
1464.0,1.1639926279561037
1465.0,1.1653251039992996
1466.0,1.1666514548041655
1467.0,1.167965127232567
1468.0,1.168729566333956
1469.0,1.1696912644909923
1470.0,1.17054697679021
1471.0,1.171726983430118
1472.0,1.1728549648507303
1473.0,1.1741278095917576
1474.0,1.1757336438877248
1475.0,1.1772799967940542
1476.0,1.178740408136232
1477.0,1.1802863372010493
1478.0,1.1823099459212079
1479.0,1.1835940932384712
1480.0,1.1843744913277703
1481.0,1.1854639660585615
1482.0,1.1860717533653786
1483.0,1.187272506096143
1484.0,1.188738465234068
1485.0,1.1905733342460423
1486.0,1.1932962639484834
1487.0,1.1951186847688775
1488.0,1.1968656218436833
1489.0,1.1984419719452672
1490.0,1.1991637280143779
1491.0,1.2003986283115302
1492.0,1.2020909775797266
1493.0,1.2034462219813231
1494.0,1.2044764125272251
1495.0,1.2058751329776172
1496.0,1.2074782741507675
1497.0,1.2089599688486645
1498.0,1.2107630007855321
1499.0,1.2123172208932302
1500.0,1.2135038553536206
1501.0,1.2147115589087132
1502.0,1.216154989179487
1503.0,1.217799493175503
1504.0,1.2194355846947367
1505.0,1.2213351580253333
1506.0,1.222936843762658
1507.0,1.2244224643068633
1508.0,1.225927785782846
1509.0,1.2273184857527293
1510.0,1.228804865977146
1511.0,1.2303556587218838
1512.0,1.2318127925853155
1513.0,1.233395868241634
1514.0,1.2346970126638424
1515.0,1.235655814675263
1516.0,1.2369357692400076
1517.0,1.2380664931844978
1518.0,1.2395480771554834
1519.0,1.241481832064659
1520.0,1.2431638716413196
1521.0,1.24507343296969
1522.0,1.2465487500072174
1523.0,1.2477929187507861
1524.0,1.2489329774702342
1525.0,1.2496334133188163
1526.0,1.2506254524703477
1527.0,1.2515262985248108
1528.0,1.2526849853790394
1529.0,1.2541379190617605
1530.0,1.2555389114261206
1531.0,1.2572217477805254
1532.0,1.2586183046854758
1533.0,1.2597935044944424
1534.0,1.2610494578428277
1535.0,1.262092489819027
1536.0,1.2633344600644707
1537.0,1.26462596372863
1538.0,1.2661484312024556
1539.0,1.2680118612327356
1540.0,1.2696608208310598
1541.0,1.2712136912272722
1542.0,1.2729028857215345
1543.0,1.2742031804074732
1544.0,1.2750938006664627
1545.0,1.2763021690695633
1546.0,1.2774207973358935
1547.0,1.2788847139035175
1548.0,1.280774852436033
1549.0,1.2819784268392254
1550.0,1.283076622216568
1551.0,1.2840743985157854
1552.0,1.2843220361806658
1553.0,1.285533719573494
1554.0,1.2873628699786095
1555.0,1.2887997455557618
1556.0,1.2907028545971704
1557.0,1.2918847463886285
1558.0,1.2924167841067566
1559.0,1.2933241564782016
1560.0,1.2939825663014832
1561.0,1.2949498267420951
1562.0,1.2963012236703133
1563.0,1.2973896651734196
1564.0,1.298300260407293
1565.0,1.2994916874805758
1566.0,1.3007049407017852
1567.0,1.3020243537798804
1568.0,1.3035565062306969
1569.0,1.3051557109138006
1570.0,1.3072453742600452
1571.0,1.3085449709251114
1572.0,1.309219505466789
1573.0,1.3104516367216263
1574.0,1.3114173300394183
1575.0,1.3125116165706214
1576.0,1.3144961555236665
1577.0,1.3157621797066896
1578.0,1.3160701372773
1579.0,1.3170384410787588
1580.0,1.318156637123444
1581.0,1.3193242476442586
1582.0,1.321394942148707
1583.0,1.3225316841279298
1584.0,1.3227248766805457
1585.0,1.32341797947061
1586.0,1.3238105983103186
1587.0,1.3243667548271185
1588.0,1.3254133011417708
1589.0,1.3263984580352406
1590.0,1.3273599919827923
1591.0,1.3281401960176016
1592.0,1.3291654910012083
1593.0,1.3304007307551802
1594.0,1.3314639071524819
1595.0,1.3324893447737627
1596.0,1.3335691528133078
1597.0,1.3345423640817322
1598.0,1.3358596672774294
1599.0,1.3375005852753479
1600.0,1.3386558966433972
1601.0,1.3398045104014749
1602.0,1.340893633772384
1603.0,1.3415507176627341
1604.0,1.3426490336424721
1605.0,1.3442008088444668
1606.0,1.345173675285327
1607.0,1.3460337360100552
1608.0,1.346709113716636
1609.0,1.3468288813351694
1610.0,1.3475954528046479
1611.0,1.3485432747929518
1612.0,1.3495232628209706
1613.0,1.3510986130984997
1614.0,1.3518223655028914
1615.0,1.3521545911211497
1616.0,1.352491607063661
1617.0,1.3521307938747513
1618.0,1.352579224904982
1619.0,1.3532071534258376
1620.0,1.3542396269104977
1621.0,1.3559837570661475
1622.0,1.357295060570225
1623.0,1.358726799962918
1624.0,1.3600585762232202
1625.0,1.3612443733795836
1626.0,1.3623611721470745
1627.0,1.3635157495205656
1628.0,1.3645595549250693
1629.0,1.3655989965845707
1630.0,1.3662399050263687
1631.0,1.3664669604372215
1632.0,1.367065899066467
1633.0,1.3674519662776756
1634.0,1.3680021583639095
1635.0,1.369015037447001
1636.0,1.3697625153030826
1637.0,1.3704308977290143
1638.0,1.370890396689839
1639.0,1.3711160945218381
1640.0,1.3715484881940232
1641.0,1.3718012954655667
1642.0,1.3722028557661927
1643.0,1.372953461991709
1644.0,1.3735607106211298
1645.0,1.3741857808109588
1646.0,1.3745498110212457
1647.0,1.3749382352698962
1648.0,1.3749745542046448
1649.0,1.374158444943468
1650.0,1.3742631302097854
1651.0,1.3748525995191812
1652.0,1.375109520380434
1653.0,1.375660626105791
1654.0,1.3762043701895488
1655.0,1.3762116714914627
1656.0,1.3768053645767575
1657.0,1.3786047325314352
1658.0,1.3791427717906204
1659.0,1.3791603522161668
1660.0,1.3791493473432817
1661.0,1.377903546474637
1662.0,1.3776031272182863
1663.0,1.3780420975722458
1664.0,1.3781734184781933
1665.0,1.3781914068202938
1666.0,1.3788002629123532
1667.0,1.3796432108816408
1668.0,1.3805150818348018
1669.0,1.382422142635325
1670.0,1.3832930146966957
1671.0,1.3831021830370025
1672.0,1.3836759885267023
1673.0,1.384069007648452
1674.0,1.3848179906482192
1675.0,1.386559617606261
1676.0,1.387489783989595
1677.0,1.3877256169102776
1678.0,1.3885482179181377
1679.0,1.3897362285099797
1680.0,1.3904191724011512
1681.0,1.3912102881313957
1682.0,1.3918027289810289
1683.0,1.3910184118395312
1684.0,1.3916279853979032
1685.0,1.3934907783156094
1686.0,1.3947754683162132
1687.0,1.3970747501985694
1688.0,1.3982385444252463
1689.0,1.3977644261357913
1690.0,1.3983648715163903
1691.0,1.3989300035764287
1692.0,1.3997160755063671
1693.0,1.401450597300238
1694.0,1.4027960469943381
1695.0,1.4039784308561813
1696.0,1.4050848928695692
1697.0,1.4062521926158165
1698.0,1.4071716270695236
1699.0,1.4072365320111122
1700.0,1.4083197653282924
1701.0,1.4098764145193021
1702.0,1.4114557192137518
1703.0,1.414403528742365
1704.0,1.4160547388652789
1705.0,1.4168294453185122
1706.0,1.4175942474367098
1707.0,1.4174311664530217
1708.0,1.4177695970386825
1709.0,1.41852236913432
1710.0,1.4189667789723894
1711.0,1.419429317893451
1712.0,1.4198312401783504
1713.0,1.4196857796763651
1714.0,1.420229778820872
1715.0,1.4216320005919447
1716.0,1.4220385381026657
1717.0,1.4224545484355766
1718.0,1.4224063662585331
1719.0,1.4211543737679198
1720.0,1.420561362015565
1721.0,1.4196706874012623
1722.0,1.4197181890617376
1723.0,1.4207200066102068
1724.0,1.421343506075752
1725.0,1.4225472249770768
1726.0,1.4233960002907804
1727.0,1.4234977220176401
1728.0,1.4241681856647617
1729.0,1.4254089634839704
1730.0,1.4262052837558594
1731.0,1.4274471837216485
1732.0,1.42771718535019
1733.0,1.4268051676119817
1734.0,1.4268001685020788
1735.0,1.4263488055650155
1736.0,1.426514351202661
1737.0,1.4280397426551377
1738.0,1.4286408331578233
1739.0,1.4289823811611524
1740.0,1.4293276722487378
1741.0,1.4289285596732824
1742.0,1.4291652290154808
1743.0,1.429667945722299
1744.0,1.4302272221726062
1745.0,1.4310833840006048
1746.0,1.4321088897297942
1747.0,1.4334443057782356
1748.0,1.4342834709981813
1749.0,1.43509496887247
1750.0,1.4361050830336028
1751.0,1.4370770276959828
1752.0,1.4378951489994984
1753.0,1.4391190226988027
1754.0,1.4391840845254888
1755.0,1.4381248789597043
1756.0,1.4379419836351433
1757.0,1.4379501071103071
1758.0,1.4378252132913485
1759.0,1.4390477542896796
1760.0,1.4403620201075866
1761.0,1.4415855171861423
1762.0,1.4422746308283723
1763.0,1.442491705174748
1764.0,1.44312424573361
1765.0,1.4434898213090859
1766.0,1.4437726708040637
1767.0,1.444961007380711
1768.0,1.4459480578775996
1769.0,1.4457055724831378
1770.0,1.4464086170889123
1771.0,1.447453176037316
1772.0,1.4478483087848921
1773.0,1.448209905490893
1774.0,1.4486120197936327
1775.0,1.4493660316774808
1776.0,1.4500773469858377
1777.0,1.4505015552384994
1778.0,1.4498574739294117
1779.0,1.4499537559798779
1780.0,1.4504297279235414
1781.0,1.4503877910240883
1782.0,1.452031901278638
1783.0,1.4531323033857186
1784.0,1.4529217581793352
1785.0,1.4531348536851463
1786.0,1.4542151098758487
1787.0,1.4551529738312539
1788.0,1.4557600348501598
1789.0,1.4577255637135453
1790.0,1.4600275485379193
1791.0,1.4615213207838103
1792.0,1.4630055822460788
1793.0,1.4641071610128706
1794.0,1.4645881827924938
1795.0,1.4652426879887837
1796.0,1.4659946871031921
1797.0,1.4661082554614375
1798.0,1.4654660602267549
1799.0,1.4652293649248316
1800.0,1.4654391508757376
1801.0,1.450622737791813
1802.0,1.4528317806565454
1803.0,1.4537719449246411
1804.0,1.4558275086552346
1805.0,1.4598642399126658
1806.0,1.4616651315597264
1807.0,1.4636577407338098
1808.0,1.4634109876679953
1809.0,1.459822293950974
1810.0,1.4592482580589723
1811.0,1.458515382531122
1812.0,1.4577700626428405
1813.0,1.459591649919287
1814.0,1.4630201176203634
1815.0,1.4649053419313687
1816.0,1.4664365890227855
1817.0,1.4681767366985154
1818.0,1.4700976930587106
1819.0,1.4711586925018583
1820.0,1.4715973616496643
1821.0,1.4720939946691316
1822.0,1.4717471709913024
1823.0,1.4721748916681725
1824.0,1.4724590515799552
1825.0,1.4744176488670409
1826.0,1.4756623467821768
1827.0,1.4773122770787468
1828.0,1.4783921425106692
1829.0,1.4786258289439844
1830.0,1.4797635271073473
1831.0,1.4817146613587961
1832.0,1.4831559783714694
1833.0,1.4825777265271465
1834.0,1.4822934836433983
1835.0,1.482083364194711
1836.0,1.4796015690811475
1837.0,1.479414527445091
1838.0,1.4819451860411588
1839.0,1.4824777912692422
1840.0,1.4822010322047172
1841.0,1.4823299352205594
1842.0,1.4830617114411166
1843.0,1.4829388235900225
1844.0,1.4827641276717922
1845.0,1.482466365080179
1846.0,1.4827462471337194
1847.0,1.4824146204293929
1848.0,1.4829962750809516
1849.0,1.4861552974853607
1850.0,1.486875939133798
1851.0,1.4865316612012327
1852.0,1.4858039245051227
1853.0,1.4852049154229265
1854.0,1.4822477198085569
1855.0,1.4826127676546859
1856.0,1.4848592999553523
1857.0,1.4853634820431214
1858.0,1.486568190166283
1859.0,1.4866781953041446
1860.0,1.4858034675755103
1861.0,1.483621486811793
1862.0,1.4834233166851392
1863.0,1.483726187769328
1864.0,1.4834874157969846
1865.0,1.4836885904859831
1866.0,1.481361349999344
1867.0,1.4796537121587077
1868.0,1.4779931577522047
1869.0,1.4760550887703854
1870.0,1.4733386217501467
1871.0,1.4709752764906934
1872.0,1.4676920793127164
1873.0,1.4627732146173067
1874.0,1.4598462753076185
1875.0,1.4569123712166794
1876.0,1.4525501720643854
1877.0,1.448822666358998
1878.0,1.4446471443515643
1879.0,1.4402868532783086
1880.0,1.4361105442919775
1881.0,1.4318371199789195
1882.0,1.4276855641929393
1883.0,1.4220009817711632
1884.0,1.416762660988637
1885.0,1.4091837967721657
1886.0,1.3995790811257374
1887.0,1.3902937110510998
1888.0,1.3825700312981797
1889.0,1.3744293394987093
1890.0,1.3656023250602685
1891.0,1.35688285033178
1892.0,1.349252709877413
1893.0,1.33959487283423
1894.0,1.3285029340157157
1895.0,1.3187215674051826
1896.0,1.307651040514499
1897.0,1.2955768887557157
1898.0,1.2858774808760054
1899.0,1.2767528833206223
1900.0,1.2681622611541956
1901.0,1.2597855808178113
1902.0,1.252529083610204
1903.0,1.2440505367382169
1904.0,1.2351743551308787
1905.0,1.2266635972887785
1906.0,1.2186817923372708
1907.0,1.2106246217019168
1908.0,1.203518004395273
1909.0,1.1974369187467098
1910.0,1.190482690518864
1911.0,1.1848074207324402
1912.0,1.1807940040293672
1913.0,1.1772005430705836
1914.0,1.174208645935389
1915.0,1.1725946018882922
1916.0,1.172052883950885
1917.0,1.1704521340514513
1918.0,1.16799130538519
1919.0,1.1671754647540786
1920.0,1.1666376602654496
1921.0,1.166531766240928
1922.0,1.1678585086564541
1923.0,1.1678371342435667
1924.0,1.1672938922371434
1925.0,1.1657297664734514
1926.0,1.1641157508078797
1927.0,1.163643060949365
1928.0,1.1644674203338863
1929.0,1.164900885822843
1930.0,1.1656690682549093
1931.0,1.1655592297337782
1932.0,1.1658215138525485
1933.0,1.167309633527655
1934.0,1.1698377766618742
1935.0,1.1724546344780766
1936.0,1.1739288903388476
1937.0,1.1754430790569794
1938.0,1.1763401120039232
1939.0,1.177068357472261
1940.0,1.1795654079772235
1941.0,1.182378712704653
1942.0,1.1854809969904623
1943.0,1.1886767826568478
1944.0,1.1898165995323602
1945.0,1.1902739990489692
1946.0,1.1905993466583746
1947.0,1.19090528543881
1948.0,1.192792707573909
1949.0,1.1953981989751479
1950.0,1.1999399888247102
1951.0,1.2043079141593074
1952.0,1.2088682611649089
1953.0,1.2131854260170862
1954.0,1.2153815353682067
1955.0,1.2181449121007257
1956.0,1.219986989399778
1957.0,1.2197212470436505
1958.0,1.2210443885823532
1959.0,1.2227798537896817
1960.0,1.224574599981978
1961.0,1.2265522812902725
1962.0,1.2300094951121276
1963.0,1.2314128691294572
1964.0,1.23292985632676
1965.0,1.2354037128261652
1966.0,1.2381267705254493
1967.0,1.241519168365252
1968.0,1.244185836495832
1969.0,1.247315921693109
1970.0,1.24940994416801
1971.0,1.252202977171936
1972.0,1.2542419154469402
1973.0,1.2552388352693036
1974.0,1.2565594354473175
1975.0,1.2578829089103185
1976.0,1.2585845195672898
1977.0,1.260181354831687
1978.0,1.2629567194495415
1979.0,1.2658431891717965
1980.0,1.2688929917658507
1981.0,1.2710733340450888
1982.0,1.273056568637451
1983.0,1.2730044653736707
1984.0,1.2728770128516997
1985.0,1.2740422365783375
1986.0,1.2753006332535077
1987.0,1.2768665256009137
1988.0,1.2798577668972648
1989.0,1.2824651237655766
1990.0,1.284157902196197
1991.0,1.2876290438116869
1992.0,1.2904785675796473
1993.0,1.2930993587833721
1994.0,1.2960871985092972
1995.0,1.299181579415454
1996.0,1.3012280546344277
1997.0,1.3024143447145544
1998.0,1.304537267272651
1999.0,1.3055088840024063
2000.0,1.3075697160360964
2001.0,1.310892418786537
2002.0,1.3146481610699396
2003.0,1.3165148534885671
2004.0,1.3190495847674817
2005.0,1.3194635372149786
2006.0,1.3199479985776776
2007.0,1.3222860210821532
2008.0,1.3212808788051815
2009.0,1.3215616815682516
2010.0,1.3222034571893473
2011.0,1.323175324472385
2012.0,1.3233998948114118
2013.0,1.3262746445151952
2014.0,1.3313825254276963
2015.0,1.3350598434796492
2016.0,1.3394953857482848
2017.0,1.3433918053924188
2018.0,1.3453687220009827
2019.0,1.346796513163879
2020.0,1.3490057165680103
2021.0,1.3515840259054628
2022.0,1.3544998216609072
2023.0,1.3583512721908801
2024.0,1.3608485620137556
2025.0,1.3624587804708796
2026.0,1.3638377238837358
2027.0,1.3646430562191973
2028.0,1.365305435889727
2029.0,1.3649968598030844
2030.0,1.3662172483684372
2031.0,1.3683536835561605
2032.0,1.3684163086701846
2033.0,1.3694017275390564
2034.0,1.3717546632741804
2035.0,1.3734375645346357
2036.0,1.376609000927402
2037.0,1.3786701629790938
2038.0,1.381294822439569
2039.0,1.3828605276699257
2040.0,1.3822630778281653
2041.0,1.3832253630726994
2042.0,1.3849700558933031
2043.0,1.3863317216490216
2044.0,1.3878068584815575
2045.0,1.3904209136080676
2046.0,1.3917599827009766
2047.0,1.3920037814577673
2048.0,1.3920155083913937
2049.0,1.3921638576452693
2050.0,1.3930240319482958
2051.0,1.3936071983674745
2052.0,1.3945602046666477
2053.0,1.3965815187990431
2054.0,1.3974713371091874
2055.0,1.397691803300612
2056.0,1.3984567263289658
2057.0,1.3988429058757619
2058.0,1.3993837597742704
2059.0,1.4000686355803464
2060.0,1.4010422791902728
2061.0,1.4020956065546393
2062.0,1.4040789565584377
2063.0,1.405593266763012
2064.0,1.4052577272005213
2065.0,1.4066991580175476
2066.0,1.4074562456020636
2067.0,1.4079948369981365
2068.0,1.4088000573364112
2069.0,1.410446746260729
2070.0,1.4125147724419513
2071.0,1.413621106859805
2072.0,1.4153419498902247
2073.0,1.41587384429235
2074.0,1.4153625789989366
2075.0,1.41321411125682
2076.0,1.412008020797853
2077.0,1.4124199927101804
2078.0,1.4133949816715259
2079.0,1.4142244010670124
2080.0,1.4144005015102692
2081.0,1.4148903518747584
2082.0,1.4160948660808308
2083.0,1.417759277268903
2084.0,1.4188237564066777
2085.0,1.421290245104613
2086.0,1.4221199388708934
2087.0,1.4204358622795974
2088.0,1.4202331677375917
2089.0,1.4208037813071785
2090.0,1.4202072584562078
2091.0,1.4187763081236966
2092.0,1.420968447343881
2093.0,1.4227525122827935
2094.0,1.4215516461119597
2095.0,1.4215058932000437
2096.0,1.4196602371881555
2097.0,1.4185522106206505
2098.0,1.4164410939082739
2099.0,1.4157743044701265
2100.0,1.4155683086499649
2101.0,1.4170200744953316
2102.0,1.4201768392423624
2103.0,1.4213960130957917
2104.0,1.4234007468250702
2105.0,1.4247753213708665
2106.0,1.4242547593071972
2107.0,1.424318900689717
2108.0,1.4266379016125343
2109.0,1.4274052754822222
2110.0,1.427909146001173
2111.0,1.4285165975567284
2112.0,1.4292496651857896
2113.0,1.4314396197685786
2114.0,1.430837932913109
2115.0,1.427948674082816
2116.0,1.427809615591082
2117.0,1.426527852013517
2118.0,1.4271186547513455
2119.0,1.4312397415957612
2120.0,1.433406198712461
2121.0,1.4354325693030126
2122.0,1.4364839217268115
2123.0,1.4368673505073735
2124.0,1.4373938156960364
2125.0,1.4378336929295519
2126.0,1.4361134975046301
2127.0,1.4367427028604551
2128.0,1.4384441869992102
2129.0,1.438422397264505
2130.0,1.4400878267141959
2131.0,1.439970697300849
2132.0,1.4378838187928011
2133.0,1.4366594191843927
2134.0,1.434727010447896
2135.0,1.4342690432190819
2136.0,1.4347425053867338
2137.0,1.4344409184847067
2138.0,1.4349910724373625
2139.0,1.4342832913215595
2140.0,1.4325108392850818
2141.0,1.4308712535487302
2142.0,1.4284652978215784
2143.0,1.4269667010754439
2144.0,1.424413328781515
2145.0,1.423843801023477
2146.0,1.4256208044720222
2147.0,1.4285354594580304
2148.0,1.4337652714027114
2149.0,1.438800667396963
2150.0,1.4424444571271013
2151.0,1.4430076780656167
2152.0,1.4431908132768412
2153.0,1.4405189095926236
2154.0,1.4397226650118808
2155.0,1.4395254310224428
2156.0,1.4386629437527285
2157.0,1.4376928447869655
2158.0,1.4369758258123677
2159.0,1.4361300679804891
2160.0,1.4345065135885398
2161.0,1.431535882422024
2162.0,1.4303473802461855
2163.0,1.428898517605942
2164.0,1.4285055421218191
2165.0,1.43146998709304
2166.0,1.434681513581256
2167.0,1.435817476569957
2168.0,1.435633015887379
2169.0,1.4327276294590563
2170.0,1.432318780033572
2171.0,1.4311834307093667
2172.0,1.4293789225279807
2173.0,1.4298938042843845
2174.0,1.4304993643960444
2175.0,1.431649188440947
2176.0,1.4367059394447221
2177.0,1.4380711186116097
2178.0,1.4387636746593022
2179.0,1.438353189720616
2180.0,1.4344297065852873
2181.0,1.4323880930860513
2182.0,1.42927120796947
2183.0,1.428162465895881
2184.0,1.4287046624228525
2185.0,1.4305381237508212
2186.0,1.4310339588048513
2187.0,1.4328814338034324
2188.0,1.4338580757023507
2189.0,1.4325281028346752
2190.0,1.431899113253135
2191.0,1.4300382866152497
2192.0,1.4284818548782101
2193.0,1.428443020587828
2194.0,1.4287354414236428
2195.0,1.4312427198334086
2196.0,1.431024185659196
2197.0,1.4290350150619415
2198.0,1.429333143047753
2199.0,1.4295563136619334
2200.0,1.4300940923786767
2201.0,1.433308324291719
2202.0,1.433690537769343
2203.0,1.4326280990340599
2204.0,1.4308466629570409
2205.0,1.426571976096487
2206.0,1.424636267268701
2207.0,1.423983097251666
2208.0,1.4217988518692444
2209.0,1.4244608272296282
2210.0,1.4267524839008925
2211.0,1.4274394136850521
2212.0,1.4276273694370132
2213.0,1.4239188840216253
2214.0,1.4218951087685083
2215.0,1.4186566163666492
2216.0,1.4178864736110253
2217.0,1.417117429002604
2218.0,1.4172903818027287
2219.0,1.4161558446102853
2220.0,1.4133211079386694
2221.0,1.414159044904443
2222.0,1.4187629089114129
2223.0,1.419563781818666
2224.0,1.4215767771790069
2225.0,1.421667871970093
2226.0,1.4160073373581343
2227.0,1.4151642337794605
2228.0,1.4163742111146402
2229.0,1.4167923932134132
2230.0,1.4193415295353367
2231.0,1.420087136400455
2232.0,1.4186330529068427
2233.0,1.4223063657953292
2234.0,1.4201553067927226
2235.0,1.4168380470321535
2236.0,1.4125310900727264
2237.0,1.4077835005319563
2238.0,1.407678337395235
2239.0,1.409807480487452
2240.0,1.4141756226587368
2241.0,1.419559922996277
2242.0,1.4199707341033385
2243.0,1.4190455101969064
2244.0,1.4179999213838734
2245.0,1.4147888220300775
2246.0,1.4131549685431652
2247.0,1.4145504102197815
2248.0,1.4120300153750986
2249.0,1.406542211418362
2250.0,1.4020034175271412
2251.0,1.3950916082591107
2252.0,1.3926080467403485
2253.0,1.3950446707986508
2254.0,1.3926097690110957
2255.0,1.3886921549666447
2256.0,1.3856690023324174
2257.0,1.379010513286988
2258.0,1.3757523512791787
2259.0,1.3785647835228227
2260.0,1.3769991881064698
2261.0,1.3738690702096445
2262.0,1.3680027360714178
2263.0,1.3634966309996621
2264.0,1.3616720758223448
2265.0,1.3654870317518306
2266.0,1.3691643642269047
2267.0,1.371340515012437
2268.0,1.3676738544829272
2269.0,1.358872789659089
2270.0,1.3547423727398031
2271.0,1.3556289421658259
2272.0,1.3573790104359047
2273.0,1.3614168448546755
2274.0,1.3640485646537963
2275.0,1.360664477376363
2276.0,1.3589888769223593
2277.0,1.3580935676064287
2278.0,1.3577523150251583
2279.0,1.356176193061988
2280.0,1.354564803949845
2281.0,1.3521508518023855
2282.0,1.3458960650301557
2283.0,1.3463359352969195
2284.0,1.3520921807467783
2285.0,1.3552715163906215
2286.0,1.3616377222344582
2287.0,1.3626433063406669
2288.0,1.3594572997692393
2289.0,1.3569768378207907
2290.0,1.3523734549154593
2291.0,1.352423309026174
2292.0,1.3526677010191828
2293.0,1.353156825926357
2294.0,1.3585318700054663
2295.0,1.3585856517244843
2296.0,1.35257296423631
2297.0,1.3560976570207615
2298.0,1.3565532713513966
2299.0,1.354554784536128
2300.0,1.3577818934949983
2301.0,1.3538566528257057
2302.0,1.3454505400166947
2303.0,1.3440373914061494
2304.0,1.3425272252765597
2305.0,1.3410423644229226
2306.0,1.3463664640598196
2307.0,1.35065645967277
2308.0,1.3498506479480734
2309.0,1.349109885483285
2310.0,1.3481662965871906
2311.0,1.3445726212529523
2312.0,1.3411068733776286
2313.0,1.3410649662414729
2314.0,1.3439855367298454
2315.0,1.3448817876226407
2316.0,1.350598138921799
2317.0,1.3626686589680672
2318.0,1.367849486162491
2319.0,1.3659303806119274
2320.0,1.3639339919553737
2321.0,1.3566452255594177
2322.0,1.3512615686251235
2323.0,1.3435854468759971
2324.0,1.3409818952096944
2325.0,1.3390362903551025
2326.0,1.3394360332073687
2327.0,1.3462756297091123
2328.0,1.3486591662655527
2329.0,1.3504127732619875
2330.0,1.3490066517890427
2331.0,1.3429979038185942
2332.0,1.3426511986436631
2333.0,1.3431089843090713
2334.0,1.3460713106596371
2335.0,1.3527451456677877
2336.0,1.3571239175513488
2337.0,1.3625134358823294
2338.0,1.3668816909641899
2339.0,1.3744826442103701
2340.0,1.3766501615494424
2341.0,1.3782005545477025
2342.0,1.3705272632564232
2343.0,1.3463741280985952
2344.0,1.3354190850417822
2345.0,1.3241146823877812
2346.0,1.3181146816926097
2347.0,1.3225782203913001
2348.0,1.3281882912095888
2349.0,1.3196010863468974
2350.0,1.317744870050463
2351.0,1.3161859899709385
2352.0,1.3135915280191006
2353.0,1.3306965161658695
2354.0,1.345375855612138
2355.0,1.3550115734693924
2356.0,1.3698145383001086
2357.0,1.367065112872187
2358.0,1.3609779743488597
2359.0,1.3549968737282418
2360.0,1.3458509762929303
2361.0,1.3485413592986293
2362.0,1.344735713461519
2363.0,1.3446107087385504
2364.0,1.3481111891677984
2365.0,1.3442138259129954
2366.0,1.340268374683993
2367.0,1.3347017276852413
2368.0,1.3312342655005305
2369.0,1.325096814938906
2370.0,1.32589744311006
2371.0,1.322888660317568
2372.0,1.3152010288469325
2373.0,1.317082918139026
2374.0,1.3097062987083814
2375.0,1.3041478346284687
2376.0,1.305705727918679
2377.0,1.3033786011481925
2378.0,1.30166555391384
2379.0,1.3012609234688852
2380.0,1.3017108006350642
2381.0,1.3004679968728923
2382.0,1.3042569859636726
2383.0,1.3176910909100112
2384.0,1.320768557253397
2385.0,1.3216898151777279
2386.0,1.3222453550961102
2387.0,1.3090493231436289
2388.0,1.3017598338185026
2389.0,1.2899203881121144
2390.0,1.2759183503206188
2391.0,1.2725129887092985
2392.0,1.265957383638591
2393.0,1.2618378038805644
2394.0,1.2712307271779415
2395.0,1.28073783454753
2396.0,1.2733892718562176
2397.0,1.2718212799412132
2398.0,1.2692434267746922
2399.0,1.2583051414645179
2400.0,1.2619927086762195
2401.0,1.272276105189345
2402.0,1.2793637074800788
2403.0,1.2801817963638942
2404.0,1.284784629550636
2405.0,1.2826751217635306
2406.0,1.272602071472472
2407.0,1.2562122286126045
2408.0,1.2389319101704765
2409.0,1.2365196806957475
2410.0,1.2296833431052423
2411.0,1.2427802206600516
2412.0,1.2533590649090771
2413.0,1.241421183103777
2414.0,1.2339455525419
2415.0,1.2092782606873715
2416.0,1.1991039004118853
2417.0,1.1955208599876597
2418.0,1.1953999128798198
2419.0,1.2228500802519406
2420.0,1.2334458615720456
2421.0,1.251629913629689
2422.0,1.27439403665421
2423.0,1.264798271628712
2424.0,1.2522548344872522
2425.0,1.2340801658008091
2426.0,1.2089246126767492
2427.0,1.2007382087851726
2428.0,1.2055796752572383
2429.0,1.2101130547941727
2430.0,1.2040814653235286
2431.0,1.2040697841574775
2432.0,1.2181038011346637
2433.0,1.2139756084071005
2434.0,1.2219466692927285
2435.0,1.2326024592456677
2436.0,1.2137751610538279
2437.0,1.2078031220254843
2438.0,1.202915478463091
2439.0,1.1766715666016252
2440.0,1.1573194800562174
2441.0,1.1466446138045765
2442.0,1.1361007725096945
2443.0,1.1405691249623615
2444.0,1.1443960696917297
2445.0,1.146678043399198
2446.0,1.162033888128748
2447.0,1.1747857335743246
2448.0,1.1827300315000224
2449.0,1.1820969779789108
2450.0,1.1690983860069903
2451.0,1.1426956388382539
2452.0,1.1204242238421085
2453.0,1.1101988778211973
2454.0,1.1108618999974498
2455.0,1.142351130192032
2456.0,1.1787920708607855
2457.0,1.1954789729815434
2458.0,1.1987007183349543
2459.0,1.1730942909283302
2460.0,1.13004343776139
2461.0,1.1185679081537852
2462.0,1.1319357775603065
2463.0,1.140653826299596
2464.0,1.1675582467830947
2465.0,1.164517561347479
2466.0,1.1288785239861936
2467.0,1.107935816337291
2468.0,1.0900704313792118
2469.0,1.0973599217812147
2470.0,1.110676467121026
2471.0,1.136226672195834
2472.0,1.1491329514821045
2473.0,1.1555307341020962
2474.0,1.1468396624787807
2475.0,1.1097187025393156
2476.0,1.08773942547083
2477.0,1.067184202636183
2478.0,1.0575038327191209
2479.0,1.0653328381724976
2480.0,1.082347393025955
2481.0,1.1097528889805606
2482.0,1.1019163908043248
2483.0,1.081132712168008
2484.0,1.0675818101281327
2485.0,1.0207130370151494
2486.0,1.0183731061135155
2487.0,1.0627766566504278
2488.0,1.0848805799172045
2489.0,1.1292934305481055
2490.0,1.1397744434761732
2491.0,1.104735891067501
2492.0,1.1060394173688513
2493.0,1.1144454529130496
2494.0,1.108380837629743
2495.0,1.1226981726109897
2496.0,1.1159932910781991
2497.0,1.0728170526408731
2498.0,1.0487310125689386
2499.0,1.038080715229241
2500.0,1.0065541384224987
