350.0,-0.2851610952531619
351.0,-0.2500520759319248
352.0,-0.0726918327451608
353.0,-0.10249078150421397
354.0,-0.15392938673654688
355.0,-0.11394022470336386
356.0,-0.00010602943638656393
357.0,-0.059916990559966826
358.0,-0.06846901720959617
359.0,-0.02950192104828422
360.0,-0.017918887638957208
361.0,-0.023319355609955277
362.0,-0.04225335168487296
363.0,-0.04887034927600265
364.0,-0.02475809210279199
365.0,-0.021973674106033708
366.0,-0.018216755994474962
367.0,-0.01096268536288929
368.0,-0.013346700030323152
369.0,-0.0026225307077510076
370.0,0.001808071121556663
371.0,-0.00042132770617005346
372.0,0.012158306772129568
373.0,0.008952737721423009
374.0,0.011685628182327623
375.0,0.02771852408776491
376.0,0.025030770859842507
377.0,0.021546988163849652
378.0,0.011226402739732461
379.0,-0.005036865853043213
380.0,0.007925923791865942
381.0,0.012517672807173096
382.0,0.010518929778906564
383.0,0.016239486809906365
384.0,0.02933956018368651
385.0,0.03559905030915959
386.0,0.032982555359468466
387.0,0.027586850069557325
388.0,0.0213915519980692
389.0,0.022470540700509575
390.0,0.03027160548722164
391.0,0.035905707253266
392.0,0.036786570801371994
393.0,0.036849359290179184
394.0,0.03561554772583201
395.0,0.024906333029914157
396.0,0.02648654129674468
397.0,0.035465661730000916
398.0,0.04102589320160514
399.0,0.03267611997963227
400.0,0.03338710453412639
401.0,0.03901725939024421
402.0,0.03980403476467317
403.0,0.04535230538690399
404.0,0.040669349131687266
405.0,0.03232995221224426
406.0,0.03630503070357382
407.0,0.03672372241901286
408.0,0.03892989023641062
409.0,0.041085878833140445
410.0,0.034199789225018415
411.0,0.03706785669825441
412.0,0.042138096669553655
413.0,0.04323021186496405
414.0,0.044037456333814
415.0,0.04537279799096637
416.0,0.0453816877971677
417.0,0.043798168663299226
418.0,0.04794688415845463
419.0,0.046021983183903006
420.0,0.042817779095142394
421.0,0.04731967639470587
422.0,0.04636533312393308
423.0,0.04530919479007006
424.0,0.04630062335730355
425.0,0.047613820535837605
426.0,0.045219594917144675
427.0,0.04592962073323398
428.0,0.05040112628255614
429.0,0.047830315916168355
430.0,0.04684416102776276
431.0,0.04931893996766706
432.0,0.05318945304032621
433.0,0.0500216994282258
434.0,0.04887830281424619
435.0,0.050145798411769825
436.0,0.05049032485715822
437.0,0.05101331231594489
438.0,0.050494012863757154
439.0,0.0496510958474541
440.0,0.05075653071189563
441.0,0.05124013743392743
442.0,0.05035673277072613
443.0,0.04893579403904741
444.0,0.050101068120713146
445.0,0.049112153007854445
446.0,0.04815850150321806
447.0,0.04986866498093427
448.0,0.051012760154821445
449.0,0.0511771397698312
450.0,0.05039223789189004
451.0,0.049150391309113674
452.0,0.048780024892404864
453.0,0.04969523513591508
454.0,0.05091173502666753
455.0,0.050068496218418114
456.0,0.049832236825607494
457.0,0.05044970340129866
458.0,0.0512301856094161
459.0,0.0505235204906315
460.0,0.049350018014320485
461.0,0.04910023208935459
462.0,0.05051843704141233
463.0,0.050058662592722444
464.0,0.05083242634380291
465.0,0.052778839240636144
466.0,0.052897694629448586
467.0,0.05141996033669213
468.0,0.05023788143622378
469.0,0.05035018992049155
470.0,0.05060264957122515
471.0,0.05127550411442753
472.0,0.05242840852608272
473.0,0.053442696043356525
474.0,0.051167762310475706
475.0,0.04926651317753299
476.0,0.04918367523045491
477.0,0.05045148491727774
478.0,0.05090777599324866
479.0,0.05250244746399463
480.0,0.05446737407419004
481.0,0.05139170051180006
482.0,0.04977995175547803
483.0,0.0497419432165876
484.0,0.05008002745978007
485.0,0.05151327868521861
486.0,0.051906040008169174
487.0,0.05149087274218519
488.0,0.05173268408475977
489.0,0.052307555773026745
490.0,0.0519342602679768
491.0,0.05073822392507767
492.0,0.05067351427735454
493.0,0.051981613676678695
494.0,0.05268770165871739
495.0,0.05193696464182091
496.0,0.05381005444323765
497.0,0.05422827495554427
498.0,0.052839073361684155
499.0,0.05138901789469807
500.0,0.05196940663839709
501.0,0.05276533378361984
502.0,0.05277219268235222
503.0,0.05238825209315964
504.0,0.053439601571732394
505.0,0.053932054389401914
506.0,0.05259333816461119
507.0,0.0523309053873555
508.0,0.0523748135168079
509.0,0.05268739556887781
510.0,0.053388764463672286
511.0,0.053676717422400495
512.0,0.05369300313298478
513.0,0.05324273566284381
514.0,0.05170710431977957
515.0,0.05226983134887415
516.0,0.052875851989254916
517.0,0.051966192973273886
518.0,0.052651423093693916
519.0,0.05330068047681909
520.0,0.053503630315381995
521.0,0.053454877961241015
522.0,0.05320253855804351
523.0,0.05295318763834091
524.0,0.05295575247194878
525.0,0.05348495104794634
526.0,0.05370887369748448
527.0,0.053899535586636016
528.0,0.054217032100338514
529.0,0.05355816647459173
530.0,0.05353816930760322
531.0,0.05408453483140172
532.0,0.054265124046184054
533.0,0.05437278750008048
534.0,0.054383927565451975
535.0,0.05428839920842432
536.0,0.05411766784037198
537.0,0.054158786911191616
538.0,0.05433786636856915
539.0,0.05449726939016757
540.0,0.05457086713866983
541.0,0.05468329516112568
542.0,0.054613752526507096
543.0,0.054047271834181475
544.0,0.05401580564085329
545.0,0.054190924909935656
546.0,0.05432171928448041
547.0,0.05462087992648857
548.0,0.05441875023430439
549.0,0.054287822493519045
550.0,0.0547982399383497
551.0,0.054822940264053294
552.0,0.054689004266521124
553.0,0.05459380974027979
554.0,0.05459642485508192
555.0,0.054850453298293425
556.0,0.05517499000077104
557.0,0.05540268116360877
558.0,0.05550631496035638
559.0,0.055525622654117535
560.0,0.055435295361466415
561.0,0.055234485188504386
562.0,0.05514949014549351
563.0,0.05519441736348001
564.0,0.05538070005644353
565.0,0.05571398981083526
566.0,0.05554122879574389
567.0,0.055331796624547055
568.0,0.05552234800145799
569.0,0.055876084569938284
570.0,0.055616989343730314
571.0,0.05527890251455647
572.0,0.05584963353669576
573.0,0.05618356719256849
574.0,0.05618939100238982
575.0,0.0559607527768729
576.0,0.05568611905925654
577.0,0.05562299727685396
578.0,0.05581513002175976
579.0,0.05617848071270313
580.0,0.05657564254132366
581.0,0.05627204130934298
582.0,0.05562355099709694
583.0,0.055682071099231324
584.0,0.056052756920327414
585.0,0.05634831072064944
586.0,0.0564464063758693
587.0,0.05673700528358907
588.0,0.05684389385817587
589.0,0.05665654563002768
590.0,0.056276818354096786
591.0,0.056303054903487526
592.0,0.05652711301772502
593.0,0.056788244217097265
594.0,0.05701499093096376
595.0,0.057101404223915166
596.0,0.057207841870017394
597.0,0.05740365966739946
598.0,0.05735560758561393
599.0,0.05730306658390821
600.0,0.057255117475527285
601.0,0.05716521591953814
602.0,0.05743426171478789
603.0,0.05790023503424747
604.0,0.058239953000380776
605.0,0.05800049582996144
606.0,0.057685876392101605
607.0,0.05758709554974021
608.0,0.05779781394205368
609.0,0.05795845967918559
610.0,0.05810964526571576
611.0,0.05827652804171658
612.0,0.058457704856917876
613.0,0.05850796208291258
614.0,0.058444703460685095
615.0,0.05834883777561318
616.0,0.05836510837760056
617.0,0.058468468754945595
618.0,0.058722814957421696
619.0,0.05909800401448312
620.0,0.058912574747118536
621.0,0.05880421449598016
622.0,0.059018250244350416
623.0,0.0592839656595665
624.0,0.05916507268330563
625.0,0.05900345613903688
626.0,0.05916740680266982
627.0,0.05961953210733263
628.0,0.05967670242363605
629.0,0.05949040065195113
630.0,0.05960548185535672
631.0,0.05941376681179561
632.0,0.059463457863666504
633.0,0.05990618338026279
634.0,0.060090244055220274
635.0,0.06027650193321054
636.0,0.060266627281651546
637.0,0.05995438672083939
638.0,0.06015019032366237
639.0,0.06023210556468749
640.0,0.06020983825142852
641.0,0.06059687501243906
642.0,0.06055432813501169
643.0,0.060633384270815896
644.0,0.06112424479534891
645.0,0.06119179124351139
646.0,0.06085695001354989
647.0,0.06071113190515065
648.0,0.06132229521809006
649.0,0.06124552764813696
650.0,0.06135671451753323
651.0,0.06182792960242647
652.0,0.061783114750771896
653.0,0.06195116107926829
654.0,0.06207972149446044
655.0,0.061902951841694774
656.0,0.061847946644914366
657.0,0.062051055474165624
658.0,0.0623700570699658
659.0,0.06251044637324706
660.0,0.06266979842911483
661.0,0.06276396887116639
662.0,0.06277820760292485
663.0,0.06286904120499681
664.0,0.06304275799731988
665.0,0.06320595796936675
666.0,0.06329866948315287
667.0,0.0636191141072021
668.0,0.06377547653095815
669.0,0.0638158534534665
670.0,0.06417125140454065
671.0,0.06411786662405741
672.0,0.06395492796232183
673.0,0.06405096487350675
674.0,0.06450870548895894
675.0,0.06476622603772703
676.0,0.06475826407526133
677.0,0.06470730388791891
678.0,0.06498592850059297
679.0,0.06522870963830611
680.0,0.06528884797329333
681.0,0.06538382699228966
682.0,0.06560850163103653
683.0,0.06572176548699687
684.0,0.06559939132695887
685.0,0.06581587208993635
686.0,0.06609572077265731
687.0,0.06628390625173133
688.0,0.06633879305370963
689.0,0.066478096184827
690.0,0.0665866524942232
691.0,0.06662798339677621
692.0,0.06676700022661311
693.0,0.06725303732644988
694.0,0.06768372813260345
695.0,0.06763634989267717
696.0,0.06766321866550941
697.0,0.06788501770920286
698.0,0.06815983016272185
699.0,0.06816094438583388
700.0,0.06834918019268507
701.0,0.06867046108388421
702.0,0.06898911823880097
703.0,0.06921918948282793
704.0,0.06933819177407495
705.0,0.06942808013170328
706.0,0.06959445878072107
707.0,0.0697426071772517
708.0,0.06997589994763324
709.0,0.0702367641222092
710.0,0.07027400925269303
711.0,0.07041668548060223
712.0,0.0706066043503072
713.0,0.07072798836325862
714.0,0.07075391369010489
715.0,0.07092143575779339
716.0,0.07119406217011714
717.0,0.07139395883698094
718.0,0.07159514261831523
719.0,0.07182527621289632
720.0,0.07207427037390289
721.0,0.07228441604854864
722.0,0.07245683725797855
723.0,0.07270703975395743
724.0,0.0730511133540507
725.0,0.07301107243588459
726.0,0.07299928468031407
727.0,0.07315968922351682
728.0,0.07342011156415366
729.0,0.07372395620849218
730.0,0.07402290875364435
731.0,0.07432659686795913
732.0,0.07475171072201607
733.0,0.07500784271591453
734.0,0.0751521147793182
735.0,0.07533748461525054
736.0,0.07556673621387047
737.0,0.07581239532887755
738.0,0.07603137298666282
739.0,0.07618198952250975
740.0,0.07639041695827892
741.0,0.07673448207170143
742.0,0.07712595896321756
743.0,0.07713408106478989
744.0,0.07723461111066932
745.0,0.07753339413706897
746.0,0.07793272648986992
747.0,0.07805607093590357
748.0,0.07827898731285553
749.0,0.07857618537977262
750.0,0.07855786546786192
751.0,0.07878070870613822
752.0,0.0792046056794587
753.0,0.07965851544276696
754.0,0.07994783663312964
755.0,0.08010456185213383
756.0,0.08025188538819991
757.0,0.0805078194223135
758.0,0.08067614415274917
759.0,0.08106318800318381
760.0,0.08157520226527919
761.0,0.08173658697929903
762.0,0.08195280993706167
763.0,0.08222553109282064
764.0,0.08249782168133415
765.0,0.08274940694167451
766.0,0.083038907415083
767.0,0.08340880792750949
768.0,0.08384294140865743
769.0,0.0840989707014446
770.0,0.0842409568209097
771.0,0.08442811035449305
772.0,0.08486558818861621
773.0,0.08525081271003909
774.0,0.08566004554788845
775.0,0.08610965937665668
776.0,0.086317046239949
777.0,0.0864599023299403
778.0,0.08670108426233769
779.0,0.08712023590848289
780.0,0.08740550890537273
781.0,0.08759991568249634
782.0,0.08785129940546207
783.0,0.08834284700931884
784.0,0.08862777769304066
785.0,0.08883992778972231
786.0,0.08910608880665995
787.0,0.08930568351463995
788.0,0.08978416532854819
789.0,0.09046194449132786
790.0,0.09105100010895063
791.0,0.09106784913609893
792.0,0.09122055158795174
793.0,0.09165406206451941
794.0,0.09205028328074881
795.0,0.09245225993051807
796.0,0.09295755832816617
797.0,0.09349799020689285
798.0,0.09371719774161397
799.0,0.09401652778157349
800.0,0.09424027941632893
801.0,0.0942930253317744
802.0,0.09487594812272808
803.0,0.09550725297603506
804.0,0.09600562770480287
805.0,0.09638768736662937
806.0,0.09657683829992074
807.0,0.09681510121279668
808.0,0.09720787802451711
809.0,0.09764806316256842
810.0,0.09817889200986975
811.0,0.0985854696864968
812.0,0.09878150540793564
813.0,0.09917276669281663
814.0,0.0994515133824748
815.0,0.0997764940707095
816.0,0.1003689376996328
817.0,0.1006746557891642
818.0,0.10103552238946178
819.0,0.10152149775362064
820.0,0.10191658485588823
821.0,0.10221404553109231
822.0,0.10260869138080993
823.0,0.103154537607732
824.0,0.10359825157257449
825.0,0.10400625806394917
826.0,0.10441477197780481
827.0,0.10485214152526377
828.0,0.10534220005944378
829.0,0.10580550806496865
830.0,0.10624226377659271
831.0,0.10668300569317482
832.0,0.10698693967718582
833.0,0.10734246870711173
834.0,0.10786317946258152
835.0,0.10852476446954124
836.0,0.10895772594432783
837.0,0.1092666255868223
838.0,0.10960022685017058
839.0,0.10997368573730588
840.0,0.11055523651406286
841.0,0.111123517738533
842.0,0.11147426938019851
843.0,0.11203523872671456
844.0,0.11242075030954532
845.0,0.11275686333747534
846.0,0.11340409564197987
847.0,0.11393924328146476
848.0,0.11438860379939568
849.0,0.11482332561642065
850.0,0.11530858285446433
851.0,0.11567895905953089
852.0,0.11619128657547327
853.0,0.11687972973301655
854.0,0.11718802899625295
855.0,0.11746187811774102
856.0,0.11798946026823125
857.0,0.11878982437365161
858.0,0.11901730988877508
859.0,0.11927059608745164
860.0,0.11987095669759461
861.0,0.12082222420324619
862.0,0.12135482034663768
863.0,0.12180877857599937
864.0,0.12237496243196212
865.0,0.12300354787226507
866.0,0.1235270348823098
867.0,0.12395013354267492
868.0,0.12440237571468789
869.0,0.12514053526706187
870.0,0.12559471608096182
871.0,0.12612077203066507
872.0,0.12689802437271835
873.0,0.12699031841545774
874.0,0.1270812815854595
875.0,0.12758342029772846
876.0,0.12861814380203346
877.0,0.1296234276877605
878.0,0.13016799371153662
879.0,0.1304452705616475
880.0,0.13098381552398192
881.0,0.131648297916728
882.0,0.13219636013399533
883.0,0.13270361963131536
884.0,0.13351180720648412
885.0,0.13413776298031926
886.0,0.13466325466748497
887.0,0.1351270907020065
888.0,0.1353772423629129
889.0,0.13615923417517894
890.0,0.1369486680231169
891.0,0.13737489113713902
892.0,0.13820160746648172
893.0,0.13851325767437528
894.0,0.1388409886262033
895.0,0.13974139742050098
896.0,0.1400765866730319
897.0,0.14054610838849066
898.0,0.1412535917774978
899.0,0.14200236562885918
900.0,0.1427153392690404
901.0,0.1435152431191815
902.0,0.1442694258610677
903.0,0.1447614591053027
904.0,0.14565873069736507
905.0,0.14637809800063137
906.0,0.14675450254597744
907.0,0.1471780627524495
908.0,0.1476478316830811
909.0,0.14816989558252214
910.0,0.14873441025816594
911.0,0.14931682054216874
912.0,0.14984720144256655
913.0,0.15061190032640828
914.0,0.15168798811961073
915.0,0.15264207672320823
916.0,0.15296321657876616
917.0,0.1532716941281854
918.0,0.15400989827494455
919.0,0.15421656396257413
920.0,0.15461587800735344
921.0,0.1554053015085938
922.0,0.15651129949330206
923.0,0.15769953236742829
924.0,0.15845009557425546
925.0,0.15881979905522872
926.0,0.15922616850274265
927.0,0.1602691856940514
928.0,0.16082281012567376
929.0,0.16119757217958963
930.0,0.1623033431453031
931.0,0.16320789575414538
932.0,0.16361302871864034
933.0,0.1638233550712328
934.0,0.1644606408542357
935.0,0.16533782016350582
936.0,0.1659767025265641
937.0,0.1665875268055154
938.0,0.16783003634857882
939.0,0.16858065065422492
940.0,0.16907832388521854
941.0,0.16971028244459707
942.0,0.1707591515931965
943.0,0.17177556897695967
944.0,0.17265757901981105
945.0,0.17332784029749404
946.0,0.17372729068196688
947.0,0.1746747591252149
948.0,0.17559230107555815
949.0,0.17607842784508432
950.0,0.17638299271386618
951.0,0.17688503987366835
952.0,0.17794502881629415
953.0,0.17918055766447613
954.0,0.17924601971086776
955.0,0.17987944988438254
956.0,0.1805974270368465
957.0,0.18102694767992183
958.0,0.18179636340152389
959.0,0.18321192650793142
960.0,0.18444253273621697
961.0,0.1851074672978515
962.0,0.186159960512
963.0,0.1871782039235335
964.0,0.1882016434860987
965.0,0.18910155623457972
966.0,0.1892781379999331
967.0,0.19001432260502346
968.0,0.1905883575510139
969.0,0.19079645693166375
970.0,0.1923797897219283
971.0,0.19337539948882368
972.0,0.19393830108429802
973.0,0.1944925617289748
974.0,0.1948508807502349
975.0,0.19585094537960201
976.0,0.1970250949826518
977.0,0.1977410010340649
978.0,0.19778368395002247
979.0,0.19798840423205766
980.0,0.19928116900011705
981.0,0.2012332371611541
982.0,0.20117711581515924
983.0,0.2022419869866482
984.0,0.20362565555017353
985.0,0.2042269371512081
986.0,0.20415498034894475
987.0,0.20512624961686507
988.0,0.2064184722029873
989.0,0.207380215681439
990.0,0.20837635085090875
991.0,0.20804003559829295
992.0,0.20936003461575325
993.0,0.2122380857383079
994.0,0.21175859776637887
995.0,0.2126202204692994
996.0,0.213683303903108
997.0,0.21419332438883226
998.0,0.21504186597660152
999.0,0.21608897271830912
1000.0,0.2169045271070384
1001.0,0.2247891669892925
1002.0,0.22975382736214256
1003.0,0.23218259683746284
1004.0,0.23367792858760889
1005.0,0.23607435271252045
1006.0,0.23499254159407756
1007.0,0.23212267058977906
1008.0,0.23179081959533923
1009.0,0.23237803899355
1010.0,0.2328648132935441
1011.0,0.23241026166137163
1012.0,0.233152551049407
1013.0,0.2334828582452442
1014.0,0.23316902669671735
1015.0,0.23320264801836502
1016.0,0.23472710054083723
1017.0,0.23652156913785918
1018.0,0.23705018505716893
1019.0,0.23810913420467145
1020.0,0.24055771168775852
1021.0,0.24209517803863762
1022.0,0.24302459811460816
1023.0,0.24671389628883997
1024.0,0.2489445806980662
1025.0,0.24834497264734595
1026.0,0.2472235191451122
1027.0,0.24647224084480968
1028.0,0.24775671814285888
1029.0,0.2496272787496181
1030.0,0.2536561619131161
1031.0,0.2579780431778337
1032.0,0.26031749628824874
1033.0,0.2611700815195675
1034.0,0.2625789240111522
1035.0,0.2618007921399567
1036.0,0.2603805046733271
1037.0,0.2598165145160715
1038.0,0.2569038059803986
1039.0,0.2559797010482744
1040.0,0.25837847866501756
1041.0,0.26045919658962646
1042.0,0.26318356145061367
1043.0,0.26517315748000364
1044.0,0.2672782200420513
1045.0,0.2674011890084637
1046.0,0.2666070259774406
1047.0,0.26668627866508715
1048.0,0.26800294963458865
1049.0,0.2681530869132496
1050.0,0.26851844395634833
1051.0,0.2694199797993132
1052.0,0.2699131063450145
1053.0,0.2721904006239178
1054.0,0.275898268078154
1055.0,0.27928409068140414
1056.0,0.28071368403598074
1057.0,0.2814352220079694
1058.0,0.2804290804557716
1059.0,0.27814674063259626
1060.0,0.27544709501990405
1061.0,0.2762292699225407
1062.0,0.2787449222140499
1063.0,0.28045208246640846
1064.0,0.2840069930438753
1065.0,0.28586547308612476
1066.0,0.2852009844031788
1067.0,0.2869994016783766
1068.0,0.2892004852188853
1069.0,0.2909378485789264
1070.0,0.2927101285203499
1071.0,0.2937195921726895
1072.0,0.29352880056811254
1073.0,0.2936783832280618
1074.0,0.29548724555977185
1075.0,0.29687463006778575
1076.0,0.2982017329859146
1077.0,0.3003365603936555
1078.0,0.2995470436481205
1079.0,0.2992857156656246
1080.0,0.3011133366124542
1081.0,0.3001959875130447
1082.0,0.29989481942618196
1083.0,0.30217060289905684
1084.0,0.3039210720051168
1085.0,0.30633136918263454
1086.0,0.3076192702549878
1087.0,0.3093368774500756
1088.0,0.3090333236282919
1089.0,0.3083954313218708
1090.0,0.30924733145464595
1091.0,0.31172555186678075
1092.0,0.31358339717319184
1093.0,0.3140896203778693
1094.0,0.3148836571279782
1095.0,0.31492887444951123
1096.0,0.31531180041377255
1097.0,0.31740395186674186
1098.0,0.31929764130766647
1099.0,0.32034133146050614
1100.0,0.32083027455014024
1101.0,0.32154628767497645
1102.0,0.3217034376582643
1103.0,0.32220212713424395
1104.0,0.3232464494267697
1105.0,0.32431381702107565
1106.0,0.32570360397418113
1107.0,0.3263350351969045
1108.0,0.32610340100873103
1109.0,0.32760733671720005
1110.0,0.3298342429133967
1111.0,0.3308978684634376
1112.0,0.3323973573713392
1113.0,0.334616868372541
1114.0,0.3360508536607591
1115.0,0.3370645693146214
1116.0,0.3385106124147376
1117.0,0.3404546859172206
1118.0,0.341519144640704
1119.0,0.3419926515464786
1120.0,0.3423460337902883
1121.0,0.3432345090691097
1122.0,0.34393281947647875
1123.0,0.3452218843672797
1124.0,0.34669309509640256
1125.0,0.34752651721953565
1126.0,0.34849062169740014
1127.0,0.3489687757660639
1128.0,0.3485701039605894
1129.0,0.34923418562793423
1130.0,0.3499423599865426
1131.0,0.3511519902006593
1132.0,0.3536422691650299
1133.0,0.35552592294337476
1134.0,0.35748032656966483
1135.0,0.3586262215921147
1136.0,0.36021832195712616
1137.0,0.3614272316020937
1138.0,0.3621801925224751
1139.0,0.3635628793344454
1140.0,0.3646923927977937
1141.0,0.36595444868383575
1142.0,0.36719472922091845
1143.0,0.36875701559881335
1144.0,0.36955597360513387
1145.0,0.3697566039953385
1146.0,0.37058779490566457
1147.0,0.37109623346429327
1148.0,0.3722748531652171
1149.0,0.3742699664509221
1150.0,0.37600209827697645
1151.0,0.3772791603793284
1152.0,0.37845952869904714
1153.0,0.37918444619053404
1154.0,0.3796455836906343
1155.0,0.3805593505768061
1156.0,0.3821349218083789
1157.0,0.3836082699251891
1158.0,0.3855100569098436
1159.0,0.38698905711851256
1160.0,0.3885708777857339
1161.0,0.3896730582854794
1162.0,0.39026282624644815
1163.0,0.3911951759594737
1164.0,0.39176510754863014
1165.0,0.3928412414729564
1166.0,0.3943972131016255
1167.0,0.3959277887402793
1168.0,0.3976251734743203
1169.0,0.3983140657567694
1170.0,0.3985628428720152
1171.0,0.3995068432118827
1172.0,0.4006417712553514
1173.0,0.4020420963396038
1174.0,0.4034655155343735
1175.0,0.40534302785617765
1176.0,0.4067202622531432
1177.0,0.4079928148565632
1178.0,0.4091063081568244
1179.0,0.4099988268821003
1180.0,0.4108740229185834
1181.0,0.4114506646600545
1182.0,0.4121972774317827
1183.0,0.4132665761487707
1184.0,0.4145833080401645
1185.0,0.41658287394440996
1186.0,0.41810310453772914
1187.0,0.4192568177683166
1188.0,0.4199874720772827
1189.0,0.42114823263138945
1190.0,0.4221894745930974
1191.0,0.4233065455995802
1192.0,0.4246255785240372
1193.0,0.42592139167235793
1194.0,0.42716521039838684
1195.0,0.42828667460327813
1196.0,0.42951109449915165
1197.0,0.4307301709470136
1198.0,0.4317894015533804
1199.0,0.4327934484988932
1200.0,0.4339052992358865
1201.0,0.435176548582501
1202.0,0.4360315640091884
1203.0,0.43678419791100415
1204.0,0.43774897887702013
1205.0,0.4384609044235233
1206.0,0.4397828048704107
1207.0,0.4417367114163432
1208.0,0.4431824666870008
1209.0,0.4445783203666351
1210.0,0.44623398160061045
1211.0,0.44804810339742906
1212.0,0.44942752982570283
1213.0,0.45078668090539475
1214.0,0.45212770532693647
1215.0,0.452832964788783
1216.0,0.4541268217896696
1217.0,0.4551709393789568
1218.0,0.4566403513569983
1219.0,0.4577856914211921
1220.0,0.4587668031545184
1221.0,0.4594836863120513
1222.0,0.45983604816165075
1223.0,0.46082734027325906
1224.0,0.4618681138220467
1225.0,0.4628780552068708
1226.0,0.4643412706840061
1227.0,0.46571728176890026
1228.0,0.4668345724769822
1229.0,0.4681150751510006
1230.0,0.4698509328481945
1231.0,0.47122450508061076
1232.0,0.4722077624895129
1233.0,0.4733879084742137
1234.0,0.47478259009616613
1235.0,0.47600530907545086
1236.0,0.47726748131571534
1237.0,0.47850730782909706
1238.0,0.4799993798240361
1239.0,0.4817385935800116
1240.0,0.48307109491856837
1241.0,0.4845514572938787
1242.0,0.4857409470150967
1243.0,0.48611332795136725
1244.0,0.4872479217482848
1245.0,0.48913455614741175
1246.0,0.4902280574148853
1247.0,0.4909305862197827
1248.0,0.4920674912705631
1249.0,0.4929154893816954
1250.0,0.49392677176195293
1251.0,0.4956096642044496
1252.0,0.49696464346769753
1253.0,0.4982771030058398
1254.0,0.4993084851274632
1255.0,0.5005163179945991
1256.0,0.5021194026589865
1257.0,0.5028813924017247
1258.0,0.5028739966576363
1259.0,0.5036479310406787
1260.0,0.5040929181805592
1261.0,0.5051508764192058
1262.0,0.5071022242570652
1263.0,0.5087420159661276
1264.0,0.5105786831576968
1265.0,0.5120996199243639
1266.0,0.5134565368807602
1267.0,0.5148703896067747
1268.0,0.5160261419264651
1269.0,0.5173698986906775
1270.0,0.5185741190950849
1271.0,0.5199060196645564
1272.0,0.5210255680309311
1273.0,0.5218749030208366
1274.0,0.5229683335532294
1275.0,0.5240959915877429
1276.0,0.5252901018035189
1277.0,0.5265777382908146
1278.0,0.5278677749338677
1279.0,0.5292331112467114
1280.0,0.5305402055065542
1281.0,0.5318988229592626
1282.0,0.5331630797367216
1283.0,0.5341623106007063
1284.0,0.5354951243161857
1285.0,0.5372710444707983
1286.0,0.5385665155557579
1287.0,0.539832287773699
1288.0,0.5408138945522365
1289.0,0.5422250068045217
1290.0,0.5435575219106215
1291.0,0.5446623765332846
1292.0,0.5459980456699419
1293.0,0.5472685722800479
1294.0,0.5481361340638528
1295.0,0.5491163531101688
1296.0,0.5504027356459807
1297.0,0.5515438282077679
1298.0,0.5523494486349846
1299.0,0.5533107014233793
1300.0,0.5544983718984591
1301.0,0.5556055963822027
1302.0,0.5563163096412923
1303.0,0.5575227678636293
1304.0,0.5590441504988787
1305.0,0.5606293939750883
1306.0,0.5623818613707903
1307.0,0.5646425017683343
1308.0,0.5660413947825178
1309.0,0.5670209629596303
1310.0,0.5685131523816729
1311.0,0.569958581191296
1312.0,0.571138520109384
1313.0,0.572494472958713
1314.0,0.5738287324845492
1315.0,0.5747861222222918
1316.0,0.575812192644286
1317.0,0.5770427336417571
1318.0,0.5783038315270496
1319.0,0.5795398276872883
1320.0,0.5804935307628396
1321.0,0.5813062742110472
1322.0,0.5824482213504691
1323.0,0.5832128548919593
1324.0,0.5843684379201861
1325.0,0.5865031704222785
1326.0,0.5880423064085747
1327.0,0.5893785283869338
1328.0,0.5906001601615274
1329.0,0.591516731508905
1330.0,0.5919176508132447
1331.0,0.592759401307142
1332.0,0.5934419650878117
1333.0,0.5945427341610785
1334.0,0.5958886798085051
1335.0,0.5973984895013754
1336.0,0.5994080112121086
1337.0,0.6009317669544911
1338.0,0.6026869343280733
1339.0,0.6038656807327776
1340.0,0.6041077792302736
1341.0,0.6050911468923966
1342.0,0.606046936382644
1343.0,0.6072447807899711
1344.0,0.6094016099191303
1345.0,0.6107836782129238
1346.0,0.6116766684655581
1347.0,0.612519217259072
1348.0,0.6138783384733082
1349.0,0.6152605323182971
1350.0,0.6164700292087014
1351.0,0.6180699523846775
1352.0,0.6194708476382597
1353.0,0.6203619360333583
1354.0,0.6215937265128081
1355.0,0.6232811099965719
1356.0,0.6246441644312499
1357.0,0.6256595124461838
1358.0,0.6269762413505896
1359.0,0.6285609372197953
1360.0,0.6298969493284986
1361.0,0.6311834487873864
1362.0,0.6324730137456388
1363.0,0.6335614549823867
1364.0,0.6347550185946914
1365.0,0.6361667696787005
1366.0,0.6373730172526064
1367.0,0.638465242258857
1368.0,0.6395541771014167
1369.0,0.6405653301651721
1370.0,0.641366450544205
1371.0,0.642389780657272
1372.0,0.6434536887621988
1373.0,0.6446383687856142
1374.0,0.645946791970117
1375.0,0.6471912343193892
1376.0,0.6486228176383981
1377.0,0.6497949581417771
1378.0,0.6507630484435952
1379.0,0.6519280736387041
1380.0,0.6530057246607739
1381.0,0.6541490577720811
1382.0,0.655680618686972
1383.0,0.6567356473166722
1384.0,0.6574351579059313
1385.0,0.6583311101169139
1386.0,0.6588558442562781
1387.0,0.6597288145913321
1388.0,0.6610722431435437
1389.0,0.6621791842928597
1390.0,0.6631336796802907
1391.0,0.6644904481931387
1392.0,0.6654622741331108
1393.0,0.6661891465364776
1394.0,0.667097302731389
1395.0,0.668042390503311
1396.0,0.6689103504002627
1397.0,0.6696223513558012
1398.0,0.6707334415639835
1399.0,0.6720761416614335
1400.0,0.6730664355748455
1401.0,0.6742124449776853
1402.0,0.6752638560581218
1403.0,0.6758597810324984
1404.0,0.6768397868763296
1405.0,0.678366523584406
1406.0,0.6793184249545615
1407.0,0.6798128708775545
1408.0,0.6807052847912576
1409.0,0.6814687038345624
1410.0,0.6824116203184053
1411.0,0.6839864614746481
1412.0,0.6850611951514886
1413.0,0.6855913494358402
1414.0,0.6865020839996275
1415.0,0.6877958089004665
1416.0,0.6891197120563761
1417.0,0.6901429941142746
1418.0,0.6914646061131233
1419.0,0.6924626318350396
1420.0,0.6928092264512946
1421.0,0.6937679568831543
1422.0,0.6950505346900068
1423.0,0.6962681967213683
1424.0,0.6976991425709665
1425.0,0.6988113482306253
1426.0,0.6997905920050308
1427.0,0.7009072405562142
1428.0,0.7018779545966537
1429.0,0.7029107774834222
1430.0,0.7041274222961332
1431.0,0.7053195202757668
1432.0,0.706551732855864
1433.0,0.7075244877675809
1434.0,0.7083475480128593
1435.0,0.7092872483365636
1436.0,0.7097775235072113
1437.0,0.7108098695587659
1438.0,0.7123190662166042
1439.0,0.7139734608450344
1440.0,0.7150630061387688
1441.0,0.7161117262835073
1442.0,0.7168703490038397
1443.0,0.7173470429586715
1444.0,0.718562818255355
1445.0,0.7202753227106728
1446.0,0.7217963522130257
1447.0,0.7238313721772005
1448.0,0.7250553839995987
1449.0,0.7259290645410369
1450.0,0.7268273925271478
1451.0,0.727115202422286
1452.0,0.7280263423088069
1453.0,0.7293599679715281
1454.0,0.7302934638544947
1455.0,0.7313886993498881
1456.0,0.732178809139022
1457.0,0.7323520285252799
1458.0,0.7331309225875224
1459.0,0.7339965118897821
1460.0,0.7350634900271519
1461.0,0.7366954433557208
1462.0,0.7379742655429987
1463.0,0.739143322545899
1464.0,0.7403880681435148
1465.0,0.7415068509354942
1466.0,0.7426794234044297
1467.0,0.7438983687267111
1468.0,0.7451940917431069
1469.0,0.7465219239207166
1470.0,0.7482120987210483
1471.0,0.7495032673133681
1472.0,0.7509293770772878
1473.0,0.7519092183211632
1474.0,0.7522744349166184
1475.0,0.7533481511162761
1476.0,0.7544723163318914
1477.0,0.7558340655630035
1478.0,0.7578106294860001
1479.0,0.7591936841865292
1480.0,0.7605075834633998
1481.0,0.7615905271273534
1482.0,0.7621758963528932
1483.0,0.7631759904386322
1484.0,0.7641380403385485
1485.0,0.7652897800333972
1486.0,0.7667433455559138
1487.0,0.7681175969088824
1488.0,0.7696332600020687
1489.0,0.77097245143039
1490.0,0.7720795041602072
1491.0,0.7735120234639561
1492.0,0.7753128045867828
1493.0,0.7765723242197207
1494.0,0.7777752995370075
1495.0,0.7789076043260493
1496.0,0.779142586933454
1497.0,0.7801581088016258
1498.0,0.7818864604776019
1499.0,0.7833304010263742
1500.0,0.7850849834071358
1501.0,0.7867063118439332
1502.0,0.7876646597382485
1503.0,0.7887315129966923
1504.0,0.789710629530728
1505.0,0.7904082997461456
1506.0,0.7915139519185584
1507.0,0.7927558463699628
1508.0,0.7940315087730302
1509.0,0.7956621564080767
1510.0,0.7967494191870779
1511.0,0.7974927458119325
1512.0,0.7986399989630144
1513.0,0.799748843082747
1514.0,0.8008057288951939
1515.0,0.8021079162825401
1516.0,0.8032980758433889
1517.0,0.8040158179670567
1518.0,0.8053739847374078
1519.0,0.8073547695786087
1520.0,0.8088938926130417
1521.0,0.8104659917798751
1522.0,0.8120261302604914
1523.0,0.8133636393003078
1524.0,0.8147619395100129
1525.0,0.8164679571185738
1526.0,0.8177819352096806
1527.0,0.8188931580221613
1528.0,0.8198607165870323
1529.0,0.8203453418140993
1530.0,0.8212040346503108
1531.0,0.8221034424883584
1532.0,0.8230798668583897
1533.0,0.8244736931999848
1534.0,0.8255495408651451
1535.0,0.82628415450251
1536.0,0.8272719634812564
1537.0,0.8280941238251311
1538.0,0.8293075124903955
1539.0,0.8307938472215893
1540.0,0.8319548040249864
1541.0,0.833199456262077
1542.0,0.8344385456491824
1543.0,0.835619800570259
1544.0,0.8367482543442358
1545.0,0.8379496236020738
1546.0,0.839158920940436
1547.0,0.8402886446266122
1548.0,0.8414869625513639
1549.0,0.8424799993236141
1550.0,0.843324747542394
1551.0,0.8441552807776075
1552.0,0.844701878910529
1553.0,0.8457120951897698
1554.0,0.8469801187374615
1555.0,0.8480434840616307
1556.0,0.8492182947108676
1557.0,0.8504747779489226
1558.0,0.8514357158810113
1559.0,0.8528677320677618
1560.0,0.8551108933843414
1561.0,0.8564680772206317
1562.0,0.8574849645346359
1563.0,0.8586133330914921
1564.0,0.8591519061930026
1565.0,0.8601696664388148
1566.0,0.8616406001047868
1567.0,0.8629258883918616
1568.0,0.8642050139940437
1569.0,0.8654905699950926
1570.0,0.8668005836968588
1571.0,0.8680570598285717
1572.0,0.8694519724378742
1573.0,0.8705662046630891
1574.0,0.8715072470985208
1575.0,0.8723788792268071
1576.0,0.8728351369503711
1577.0,0.8736258865119656
1578.0,0.8745521039295069
1579.0,0.8755005671247114
1580.0,0.8765205190216364
1581.0,0.8777240772583207
1582.0,0.8791637312408315
1583.0,0.8804217531273781
1584.0,0.8817127474275723
1585.0,0.8830562548811681
1586.0,0.8843737998985458
1587.0,0.8855661381098912
1588.0,0.8870773076048684
1589.0,0.8881215931806106
1590.0,0.8888578427535677
1591.0,0.8890586465070056
1592.0,0.8898901390387918
1593.0,0.8906866643805876
1594.0,0.891492318300639
1595.0,0.892550451171852
1596.0,0.8936818557765122
1597.0,0.8946213028779522
1598.0,0.8958946440331786
1599.0,0.8977063821900251
1600.0,0.8990173601364175
1601.0,0.9001947326460147
1602.0,0.9012435516275842
1603.0,0.9021158293243561
1604.0,0.9030457629336748
1605.0,0.9038230536149048
1606.0,0.9047602668040222
1607.0,0.9057618241951898
1608.0,0.9067983924222944
1609.0,0.9079672488866759
1610.0,0.90891704036101
1611.0,0.9097579677853153
1612.0,0.9107425301812793
1613.0,0.9117727795333679
1614.0,0.9125661404512759
1615.0,0.9132854810360923
1616.0,0.9141332061809111
1617.0,0.9147436734448364
1618.0,0.9155930797844863
1619.0,0.916682353847898
1620.0,0.9178360932617856
1621.0,0.9191447134474865
1622.0,0.9202235129328296
1623.0,0.9212663798208096
1624.0,0.9224923818893871
1625.0,0.9236584683528806
1626.0,0.9247698718911695
1627.0,0.9263296620847729
1628.0,0.9272948359074153
1629.0,0.927560043482916
1630.0,0.9283465920374354
1631.0,0.9291010479366396
1632.0,0.9299931207270151
1633.0,0.9312866966944634
1634.0,0.932302450256601
1635.0,0.9329820075279661
1636.0,0.9341403467600744
1637.0,0.9354333869558498
1638.0,0.936891610641372
1639.0,0.9391451152745274
1640.0,0.9404793193599676
1641.0,0.9413981437194814
1642.0,0.9422922712949071
1643.0,0.9423445624543868
1644.0,0.9431773462728475
1645.0,0.9446860782774336
1646.0,0.945639713370894
1647.0,0.9467245819422098
1648.0,0.9475368051479347
1649.0,0.9478301057640515
1650.0,0.948256262763344
1651.0,0.9486755917568495
1652.0,0.9491033280926554
1653.0,0.949239455066288
1654.0,0.9497840940936424
1655.0,0.9510777841203046
1656.0,0.9514699647848748
1657.0,0.9512918765722957
1658.0,0.9516437064875866
1659.0,0.9513741235521251
1660.0,0.9518046884445335
1661.0,0.9533349363230534
1662.0,0.9543894367640222
1663.0,0.9553775659188204
1664.0,0.9563304280107161
1665.0,0.9571983115729338
1666.0,0.9580717221942082
1667.0,0.9588160749193196
1668.0,0.9598335482632783
1669.0,0.961074594173188
1670.0,0.9620847560460273
1671.0,0.9630339026477581
1672.0,0.9641929381198234
1673.0,0.9653757411025595
1674.0,0.9665173781122978
1675.0,0.9677688425333368
1676.0,0.9690833263252132
1677.0,0.9704430539824921
1678.0,0.9715990002695224
1679.0,0.9728758233196446
1680.0,0.9740118556596901
1681.0,0.9748697459596647
1682.0,0.9756568614274207
1683.0,0.9759584711133757
1684.0,0.9770618489041734
1685.0,0.978647034133053
1686.0,0.9799163518952045
1687.0,0.98183963156449
1688.0,0.9833300866786693
1689.0,0.9840017147290074
1690.0,0.9851577585689625
1691.0,0.9865534336943226
1692.0,0.9879225249937191
1693.0,0.9895811655989405
1694.0,0.9909888862841176
1695.0,0.9924206513442843
1696.0,0.99356547061965
1697.0,0.9942413101889979
1698.0,0.9951085838033611
1699.0,0.9958361105652286
1700.0,0.9967746191740031
1701.0,0.9978510058332515
1702.0,0.9990155866026793
1703.0,1.0006834115791847
1704.0,1.0016138001173769
1705.0,1.0022537780944738
1706.0,1.00285608846841
1707.0,1.0027277599415483
1708.0,1.0031359478096165
1709.0,1.0037539676779355
1710.0,1.0044799870148675
1711.0,1.0052581999200056
1712.0,1.0063372090844271
1713.0,1.0080492456710322
1714.0,1.0092026571709274
1715.0,1.0103625981954851
1716.0,1.0113987491827887
1717.0,1.0117487265298435
1718.0,1.012620505504264
1719.0,1.0140118905000772
1720.0,1.0150295140311996
1721.0,1.015948740185435
1722.0,1.0169648326923646
1723.0,1.017785496415897
1724.0,1.0186458480255116
1725.0,1.019746211741178
1726.0,1.0205976014324873
1727.0,1.0209176269241456
1728.0,1.0220780955458668
1729.0,1.0239132431245304
1730.0,1.0251034581728298
1731.0,1.026643768434056
1732.0,1.0276528804738603
1733.0,1.027671771684448
1734.0,1.0281906693565281
1735.0,1.0288326531094394
1736.0,1.0298522868589586
1737.0,1.030957937309865
1738.0,1.0322264341381449
1739.0,1.0340374166123159
1740.0,1.0352994368074775
1741.0,1.0365716183563654
1742.0,1.0378058117512523
1743.0,1.038757146011474
1744.0,1.0394891030615192
1745.0,1.0401265942764244
1746.0,1.0403893336889147
1747.0,1.0400053677177101
1748.0,1.0409822712379062
1749.0,1.0425252944270136
1750.0,1.0434877624345378
1751.0,1.0449505120128797
1752.0,1.0458185231898303
1753.0,1.0458630402808093
1754.0,1.0466020802629268
1755.0,1.0478053515333836
1756.0,1.0488932835310072
1757.0,1.0493597590088803
1758.0,1.0494373944573356
1759.0,1.0492736441462804
1760.0,1.049090547546818
1761.0,1.0491109456629732
1762.0,1.0502229852301757
1763.0,1.0514909907768692
1764.0,1.052393458605434
1765.0,1.0538962235547595
1766.0,1.0546736145413302
1767.0,1.0551683728903296
1768.0,1.056608282393811
1769.0,1.0573607039379607
1770.0,1.0577406990238314
1771.0,1.058914120574051
1772.0,1.0594057570735085
1773.0,1.0598137438759327
1774.0,1.060157141973385
1775.0,1.0598603628784835
1776.0,1.0600563960298512
1777.0,1.0602942014560903
1778.0,1.0611669331376457
1779.0,1.0625638858031736
1780.0,1.0636612229348055
1781.0,1.065088646218027
1782.0,1.066174881400942
1783.0,1.0670872812439054
1784.0,1.068001244417936
1785.0,1.0682049863189718
1786.0,1.0687041564117938
1787.0,1.0696632065211489
1788.0,1.070273063705589
1789.0,1.0711261316173033
1790.0,1.0712375364175424
1791.0,1.0716484379747666
1792.0,1.0720993304776105
1793.0,1.0729898142125789
1794.0,1.0743241373372139
1795.0,1.075600848803512
1796.0,1.077177655626039
1797.0,1.0780945303564238
1798.0,1.0787748795725176
1799.0,1.079682995062591
1800.0,1.0806046345441291
1801.0,1.0796395877147915
1802.0,1.079278524234714
1803.0,1.0790591879831084
1804.0,1.0799249281266003
1805.0,1.0806472833560838
1806.0,1.0818927090850967
1807.0,1.0849732741391847
1808.0,1.0859766053283135
1809.0,1.0860102888098206
1810.0,1.0863713042033418
1811.0,1.085795964865585
1812.0,1.085368320645606
1813.0,1.0870648986738585
1814.0,1.0889245370001461
1815.0,1.090341650228124
1816.0,1.0928042462620604
1817.0,1.0940264316054376
1818.0,1.0944660421669594
1819.0,1.0946736980167742
1820.0,1.0938804104761108
1821.0,1.093873232764309
1822.0,1.0935282496932612
1823.0,1.093731218577476
1824.0,1.0945506513270538
1825.0,1.0964206612112293
1826.0,1.0975342285890346
1827.0,1.0986502206942153
1828.0,1.099919080696141
1829.0,1.101683242398677
1830.0,1.1022807697404702
1831.0,1.1031140521493332
1832.0,1.101717296498909
1833.0,1.1005077551931493
1834.0,1.1011182692176502
1835.0,1.1027445327271892
1836.0,1.1067880078695893
1837.0,1.10871660364207
1838.0,1.1111979496867004
1839.0,1.112165787099906
1840.0,1.1110740681604327
1841.0,1.1117553769730828
1842.0,1.1106182329421537
1843.0,1.110212145323348
1844.0,1.112182973576279
1845.0,1.1128421572121432
1846.0,1.113892979261191
1847.0,1.1162928771132021
1848.0,1.1176509127891634
1849.0,1.1180050287421217
1850.0,1.1188230432508068
1851.0,1.1199389092698397
1852.0,1.1211220131074393
1853.0,1.1214773630195263
1854.0,1.1215560195643715
1855.0,1.1219933751947262
1856.0,1.123462911434459
1857.0,1.1243352006435299
1858.0,1.1258619736383213
1859.0,1.126331998713557
1860.0,1.1266326776643683
1861.0,1.1250384368589474
1862.0,1.1241299236316624
1863.0,1.1243963769183494
1864.0,1.1249252703638453
1865.0,1.1260463565460486
1866.0,1.1276282312818622
1867.0,1.12756640245365
1868.0,1.126902258899121
1869.0,1.1251015474233559
1870.0,1.124151997768181
1871.0,1.122516140021734
1872.0,1.1212002520596849
1873.0,1.1216809656518696
1874.0,1.122194518340657
1875.0,1.1227086395597803
1876.0,1.1230932264452198
1877.0,1.1212756516267843
1878.0,1.11819503302036
1879.0,1.1159495852859904
1880.0,1.1125955242242775
1881.0,1.1105706989864714
1882.0,1.109511442361747
1883.0,1.1088901918053067
1884.0,1.1077762013888997
1885.0,1.1060600579562085
1886.0,1.1044957729681042
1887.0,1.1017257183506863
1888.0,1.0982303444323964
1889.0,1.0942437077067633
1890.0,1.0900248356482514
1891.0,1.0848484434533403
1892.0,1.080385843009751
1893.0,1.0755032862040246
1894.0,1.0707891339541025
1895.0,1.0659039549686555
1896.0,1.0611737835985136
1897.0,1.0568101410475788
1898.0,1.0510287118872597
1899.0,1.0459271119524556
1900.0,1.0401964986899994
1901.0,1.0345420510114764
1902.0,1.0283714450389119
1903.0,1.0241761286733968
1904.0,1.0191807429785975
1905.0,1.0153074020252668
1906.0,1.013596054036736
1907.0,1.0101254507008857
1908.0,1.0073448920524513
1909.0,1.0042901103265816
1910.0,0.9993779601491135
1911.0,0.9966384904474533
1912.0,0.9936782007621575
1913.0,0.9918560477843053
1914.0,0.9907997489833363
1915.0,0.9916368180997146
1916.0,0.9916634348246277
1917.0,0.993456036612678
1918.0,0.9942015891846783
1919.0,0.9928678256800363
1920.0,0.9926317130266639
1921.0,0.9924993737536941
1922.0,0.9920890481858271
1923.0,0.9921043129095889
1924.0,0.9924898757621106
1925.0,0.993146515695383
1926.0,0.9930092456438862
1927.0,0.9937639555412386
1928.0,0.995385750713431
1929.0,0.9953976163928477
1930.0,0.9954015763370128
1931.0,0.996015377178576
1932.0,0.9962208678022431
1933.0,0.9963787688679402
1934.0,0.9968308414038338
1935.0,0.9978512281409866
1936.0,0.9984348865902812
1937.0,0.9997361602563267
1938.0,1.0019652414465086
1939.0,1.0049897650522697
1940.0,1.006572667609994
1941.0,1.0091271986056258
1942.0,1.0108378618052716
1943.0,1.0109006111215733
1944.0,1.012611884187954
1945.0,1.0133147570856276
1946.0,1.0142078259904432
1947.0,1.0154834577128629
1948.0,1.0161457844861104
1949.0,1.0155985288579537
1950.0,1.0162340436552044
1951.0,1.0178933505223133
1952.0,1.0206000494537006
1953.0,1.0233796487104707
1954.0,1.0254805514622478
1955.0,1.0266296574826168
1956.0,1.0264989579667105
1957.0,1.0275556846788898
1958.0,1.0298303732105452
1959.0,1.0321711276951182
1960.0,1.0359774600784877
1961.0,1.0383765771926874
1962.0,1.0408879504672832
1963.0,1.0419749066822162
1964.0,1.0415099205122849
1965.0,1.042298463401172
1966.0,1.043405496428711
1967.0,1.0438524482324771
1968.0,1.045872246503667
1969.0,1.049145487917072
1970.0,1.0514906237590302
1971.0,1.0534473712743049
1972.0,1.0552724163081493
1973.0,1.056035845228122
1974.0,1.057260788713012
1975.0,1.0580019232318847
1976.0,1.061014506616013
1977.0,1.0631816791263442
1978.0,1.0643647946383876
1979.0,1.0658691595153416
1980.0,1.0663730781022036
1981.0,1.0660830759299509
1982.0,1.067806544319679
1983.0,1.0699440004229868
1984.0,1.071090079815487
1985.0,1.0731032465897272
1986.0,1.0765296297523361
1987.0,1.0786838340277103
1988.0,1.0803407908872775
1989.0,1.08219820330384
1990.0,1.0839117548628543
1991.0,1.0858585625978718
1992.0,1.087624294240526
1993.0,1.0897859967845513
1994.0,1.0917740075867082
1995.0,1.0932826184772322
1996.0,1.0945877083357964
1997.0,1.095443858539724
1998.0,1.0969860533337794
1999.0,1.0982041135189515
2000.0,1.099592593843806
2001.0,1.1016127950195425
2002.0,1.1038807612230324
2003.0,1.1044752045013597
2004.0,1.1058835815909
2005.0,1.1074870524932032
2006.0,1.1085198799660076
2007.0,1.1091504448149834
2008.0,1.1121614332464127
2009.0,1.1145393930771965
2010.0,1.1168164332484996
2011.0,1.1185629521454366
2012.0,1.1205136963270275
2013.0,1.12143322630925
2014.0,1.1207540565285161
2015.0,1.122287017926895
2016.0,1.1226071624437017
2017.0,1.1255876149692448
2018.0,1.1297454926540753
2019.0,1.131901324161146
2020.0,1.1334405344837577
2021.0,1.1337644492323733
2022.0,1.1335796752193035
2023.0,1.1326036989999757
2024.0,1.1327170389256005
2025.0,1.1337183544351566
2026.0,1.1351814015409674
2027.0,1.1370113001656545
2028.0,1.1392354671444427
2029.0,1.1428238354230897
2030.0,1.1456379232927207
2031.0,1.1464568676122708
2032.0,1.1474131864448507
2033.0,1.1499891529737232
2034.0,1.1516231443100722
2035.0,1.1526630460472487
2036.0,1.1549540041271211
2037.0,1.1565568437687324
2038.0,1.155744489452792
2039.0,1.1572498911489388
2040.0,1.1614113984965047
2041.0,1.163417452109583
2042.0,1.1656759107367791
2043.0,1.167111378396807
2044.0,1.1678015052515123
2045.0,1.1662710057837122
2046.0,1.166578768017092
2047.0,1.1668642790985762
2048.0,1.1659116302820596
2049.0,1.166495448116948
2050.0,1.1674699188052042
2051.0,1.1678818092605638
2052.0,1.1692378420921261
2053.0,1.1726305791027853
2054.0,1.174303204254615
2055.0,1.174989479470955
2056.0,1.1763166553803663
2057.0,1.177572570856184
2058.0,1.1788078086744638
2059.0,1.1802834176773422
2060.0,1.1818718482138098
2061.0,1.182436118640435
2062.0,1.1845261106030074
2063.0,1.1867183882233203
2064.0,1.1880790179592813
2065.0,1.189994542067635
2066.0,1.190678636309943
2067.0,1.1926655259912928
2068.0,1.195807489959031
2069.0,1.197513546056362
2070.0,1.200307902435923
2071.0,1.2011962923925557
2072.0,1.1988517441765962
2073.0,1.1984714478880651
2074.0,1.198877071620275
2075.0,1.197882417210665
2076.0,1.197745811189505
2077.0,1.1980289373944308
2078.0,1.197177274682959
2079.0,1.1960833599152998
2080.0,1.1968518634837988
2081.0,1.198689342306913
2082.0,1.199950880078332
2083.0,1.2025770307995283
2084.0,1.2033482667394435
2085.0,1.2020356083190655
2086.0,1.2029452402663785
2087.0,1.2047147274289722
2088.0,1.2060358537596085
2089.0,1.208189432050371
2090.0,1.2101065867109202
2091.0,1.2113241877483765
2092.0,1.2119133106209243
2093.0,1.213045188568113
2094.0,1.211856650548517
2095.0,1.2107164034471776
2096.0,1.2105593370569907
2097.0,1.2114016996150168
2098.0,1.214022777867385
2099.0,1.2156713071657919
2100.0,1.2183656662480697
2101.0,1.2192517382193904
2102.0,1.218405338797191
2103.0,1.218928943979374
2104.0,1.2194053032990915
2105.0,1.219487226927281
2106.0,1.219396259718686
2107.0,1.2205052739717717
2108.0,1.2217466327980404
2109.0,1.22154382000846
2110.0,1.2251154404746523
2111.0,1.2288394669317397
2112.0,1.2295716280673092
2113.0,1.232100203377778
2114.0,1.2321994881140006
2115.0,1.2293422623483676
2116.0,1.228233500905817
2117.0,1.2268774777701519
2118.0,1.2259051496691833
2119.0,1.2247956322578313
2120.0,1.2245657304037039
2121.0,1.2249649894351864
2122.0,1.2257402595089364
2123.0,1.2282557379413495
2124.0,1.229492217711718
2125.0,1.2310519922327814
2126.0,1.2305435395902287
2127.0,1.2297841171835864
2128.0,1.2284059910244574
2129.0,1.2271575980464877
2130.0,1.227259425289636
2131.0,1.2276389285877032
2132.0,1.2282877330476683
2133.0,1.2289705186275
2134.0,1.2302293432290412
2135.0,1.2306724536510003
2136.0,1.231046760896646
2137.0,1.23088036660007
2138.0,1.2299553480801937
2139.0,1.2292469526521332
2140.0,1.2279304589227686
2141.0,1.2276468983248916
2142.0,1.228022962258354
2143.0,1.2279535573047315
2144.0,1.229054748068584
2145.0,1.229328658798691
2146.0,1.2276330509535434
2147.0,1.2274748000341082
2148.0,1.2289066832767648
2149.0,1.2291484300381161
2150.0,1.231134808974657
2151.0,1.2348184768307895
2152.0,1.2363392537082611
2153.0,1.2363573690339629
2154.0,1.2373495872010136
2155.0,1.2381878288156989
2156.0,1.2384492874670345
2157.0,1.2388043961701012
2158.0,1.2391872138447837
2159.0,1.2386153925101282
2160.0,1.2382888893908242
2161.0,1.2384556249543042
2162.0,1.2386692816505287
2163.0,1.2380421580378245
2164.0,1.239047322211085
2165.0,1.2417795868053572
2166.0,1.2419470406167528
2167.0,1.241526925161278
2168.0,1.240821158320571
2169.0,1.2374344967233182
2170.0,1.2351993313355738
2171.0,1.2352705162730542
2172.0,1.237028074638295
2173.0,1.2388335981532563
2174.0,1.2431624712576637
2175.0,1.2450429533738065
2176.0,1.2471520971190087
2177.0,1.2472141226437792
2178.0,1.2457537064247934
2179.0,1.2441362055707597
2180.0,1.2391132395959867
2181.0,1.236547871151801
2182.0,1.2339902933495117
2183.0,1.2333774556987944
2184.0,1.23467003757766
2185.0,1.2377320805945033
2186.0,1.2406820447085949
2187.0,1.2418668453210808
2188.0,1.2415913967037011
2189.0,1.2423557390741196
2190.0,1.2402649517770141
2191.0,1.2399759250969142
2192.0,1.2411829778914911
2193.0,1.2407160944775417
2194.0,1.241263190571364
2195.0,1.243451326476929
2196.0,1.2439109649137727
2197.0,1.243847568907737
2198.0,1.2437299009318854
2199.0,1.2415251444477258
2200.0,1.2421709786203972
2201.0,1.2444419693680708
2202.0,1.2456741979399943
2203.0,1.2493202915830297
2204.0,1.2514154352803228
2205.0,1.252302390930688
2206.0,1.2523535108520396
2207.0,1.2517814989511244
2208.0,1.250074045573325
2209.0,1.2505333787534776
2210.0,1.250944826838359
2211.0,1.2515528011195343
2212.0,1.253287269627431
2213.0,1.251735363495986
2214.0,1.2482930967029329
2215.0,1.2464944674791907
2216.0,1.2436828627406318
2217.0,1.241074117308877
2218.0,1.2383210661746271
2219.0,1.2368579547241951
2220.0,1.2349380574704425
2221.0,1.2352111728602946
2222.0,1.2386458831453906
2223.0,1.2404897769343146
2224.0,1.2425100737638037
2225.0,1.2438915279396896
2226.0,1.2444519213923217
2227.0,1.2449767146527555
2228.0,1.246093453372713
2229.0,1.2459981362588475
2230.0,1.24419969627907
2231.0,1.2437364970146638
2232.0,1.2433765877870748
2233.0,1.2423885820398937
2234.0,1.2428595365571322
2235.0,1.2467912152249625
2236.0,1.2474886913686267
2237.0,1.2474355438893732
2238.0,1.2468173165144338
2239.0,1.2447652776397398
2240.0,1.2459742625869856
2241.0,1.2480235886363513
2242.0,1.2498768137544025
2243.0,1.2536883029006536
2244.0,1.2559343988209413
2245.0,1.2560163278925445
2246.0,1.2556318808916678
2247.0,1.2539508735552722
2248.0,1.253451596466141
2249.0,1.251916767324605
2250.0,1.2511225360030482
2251.0,1.2511419439668892
2252.0,1.2517621319550152
2253.0,1.2527338234418959
2254.0,1.2542350161866798
2255.0,1.258340056498345
2256.0,1.2593184895508647
2257.0,1.2564737585259456
2258.0,1.2571407073229575
2259.0,1.2592838495639909
2260.0,1.261034165304977
2261.0,1.2647770795540874
2262.0,1.268372610786149
2263.0,1.2673781415177479
2264.0,1.2644788690980329
2265.0,1.2635126695447094
2266.0,1.2614288117341586
2267.0,1.260659238643612
2268.0,1.2593837262007996
2269.0,1.2580568810312858
2270.0,1.2574114547618849
2271.0,1.253482425186562
2272.0,1.2527123324205518
2273.0,1.2532737364297537
2274.0,1.2518616154095823
2275.0,1.2555542181839376
2276.0,1.259058179944979
2277.0,1.2602455063501838
2278.0,1.258860737886606
2279.0,1.2603853821992095
2280.0,1.2627763495018245
2281.0,1.262969310636753
2282.0,1.2647988453248429
2283.0,1.2651163558177458
2284.0,1.2624255592441607
2285.0,1.2602182391334344
2286.0,1.2570185383053936
2287.0,1.2551758960060262
2288.0,1.251539849066894
2289.0,1.2514517968467733
2290.0,1.255325797191843
2291.0,1.2582790750040969
2292.0,1.26539130255587
2293.0,1.2657167836323877
2294.0,1.2609199146628598
2295.0,1.2588725446540492
2296.0,1.251438931993528
2297.0,1.2525572636367615
2298.0,1.2541595987229166
2299.0,1.256455447750163
2300.0,1.2582923545268407
2301.0,1.251749509914719
2302.0,1.252292357766677
2303.0,1.2566437799077954
2304.0,1.2557542352382174
2305.0,1.2578631428268163
2306.0,1.2570392426293127
2307.0,1.2534758252159768
2308.0,1.253139783815365
2309.0,1.2532263227866223
2310.0,1.2548456190706592
2311.0,1.2529426288030538
2312.0,1.253372484011155
2313.0,1.25377338636917
2314.0,1.2485641947993122
2315.0,1.246302774702299
2316.0,1.2450100829868163
2317.0,1.2457093341796446
2318.0,1.2484295619507249
2319.0,1.2501307785999294
2320.0,1.2512902387756286
2321.0,1.251466209169164
2322.0,1.2505737572316036
2323.0,1.2495687828578836
2324.0,1.2476002732492328
2325.0,1.2434605131278391
2326.0,1.2407650422320908
2327.0,1.235412594346296
2328.0,1.236480183155522
2329.0,1.2430831291081488
2330.0,1.2453608000506844
2331.0,1.2529084470812677
2332.0,1.252679505862012
2333.0,1.2435412602926457
2334.0,1.2387817282821658
2335.0,1.230173969107544
2336.0,1.2283749153781172
2337.0,1.2334919565411637
2338.0,1.2338519923161544
2339.0,1.2375032936744064
2340.0,1.2373267070642107
2341.0,1.2262266935074684
2342.0,1.2277243899733072
2343.0,1.2369763056271477
2344.0,1.2418518900517177
2345.0,1.2572903389743832
2346.0,1.2618328434716106
2347.0,1.2535618536218958
2348.0,1.2538049786650012
2349.0,1.256910778131527
2350.0,1.2559052540868139
2351.0,1.2643389072477975
2352.0,1.2637995343609956
2353.0,1.259726962714798
2354.0,1.2550743253509054
2355.0,1.249754430323908
2356.0,1.247203219697704
2357.0,1.232749490797531
2358.0,1.2251854351542015
2359.0,1.2225160494303529
2360.0,1.2136812129152779
2361.0,1.2192997095998128
2362.0,1.2225095670427222
2363.0,1.213949690268909
2364.0,1.2135676677352834
2365.0,1.2152069674885395
2366.0,1.2155458363041352
2367.0,1.2202058648349319
2368.0,1.2249822318952113
2369.0,1.2231839554057025
2370.0,1.2241558293615624
2371.0,1.2290168464724922
2372.0,1.223945255929179
2373.0,1.2205691498654687
2374.0,1.2175848447053337
2375.0,1.2135351568796995
2376.0,1.2152565398913735
2377.0,1.2182533541685399
2378.0,1.2140307492233413
2379.0,1.2017580457985588
2380.0,1.204516326087686
2381.0,1.2125120910896752
2382.0,1.2193960955332424
2383.0,1.2251466458556874
2384.0,1.2240675969020474
2385.0,1.2179636332618626
2386.0,1.208893629983229
2387.0,1.2122953390526798
2388.0,1.2131459009882513
2389.0,1.211442308168482
2390.0,1.2058867141153218
2391.0,1.1913883109529337
2392.0,1.1765570512027803
2393.0,1.166997105342678
2394.0,1.174313677465581
2395.0,1.1809123988797405
2396.0,1.1907383276596866
2397.0,1.18858540661194
2398.0,1.1738529172838825
2399.0,1.1718018745360743
2400.0,1.16192075673126
2401.0,1.1676853702768082
2402.0,1.1761889345116237
2403.0,1.1656138261005267
2404.0,1.1703901807727721
2405.0,1.170536113354754
2406.0,1.1582596986484255
2407.0,1.1583821821909996
2408.0,1.1547198287598581
2409.0,1.1443784363741574
2410.0,1.1366338973614378
2411.0,1.1382259694425032
2412.0,1.1433552201288588
2413.0,1.1444636334927072
2414.0,1.157499020865584
2415.0,1.155835516342099
2416.0,1.1510815476289065
2417.0,1.1584167621569528
2418.0,1.1527856056654502
2419.0,1.147917279897065
2420.0,1.141139885414941
2421.0,1.1256174047026342
2422.0,1.1169530385876312
2423.0,1.119904582579166
2424.0,1.1145475021119562
2425.0,1.1119639574988254
2426.0,1.1249486092566583
2427.0,1.1338989610533114
2428.0,1.1544618457948574
2429.0,1.1827612492863937
2430.0,1.1897486827675987
2431.0,1.1795783780205928
2432.0,1.170047640627329
2433.0,1.1609978904439255
2434.0,1.1349531730597708
2435.0,1.1198232669544035
2436.0,1.1141231142581123
2437.0,1.0963497147059647
2438.0,1.0992887920665049
2439.0,1.1050919113234847
2440.0,1.0960864366932146
2441.0,1.082190485426677
2442.0,1.0708077977695882
2443.0,1.0729387574872888
2444.0,1.0737006734529555
2445.0,1.088286866354011
2446.0,1.106035577479995
2447.0,1.1004247807819179
2448.0,1.1123736478810584
2449.0,1.133088326919872
2450.0,1.1272933346061158
2451.0,1.1182793751118447
2452.0,1.0980738527317264
2453.0,1.0661372287390671
2454.0,1.0667391334810836
2455.0,1.091271452192388
2456.0,1.1257955130527881
2457.0,1.1722373522867358
2458.0,1.1746266296536683
2459.0,1.147101371551134
2460.0,1.1264116580370787
2461.0,1.0776359342331694
2462.0,1.0419110960014832
2463.0,1.0491303657458433
2464.0,1.0476992520706718
2465.0,1.0664320934209512
2466.0,1.0963070117206304
2467.0,1.1136513701009692
2468.0,1.1314405010711341
2469.0,1.129408090670537
2470.0,1.1356986297065013
2471.0,1.1002577036190133
2472.0,1.0814447865199586
2473.0,1.0422026987338753
2474.0,1.0370754469560866
2475.0,1.0761642149418922
2476.0,1.0878284086518197
2477.0,1.1178648539275589
2478.0,1.1289885871448617
2479.0,1.0929831753600867
2480.0,1.087241100268712
2481.0,1.1146949438514435
2482.0,1.0990474018172065
2483.0,1.0740464481325607
2484.0,1.0546923561562502
2485.0,0.9803045337802876
2486.0,0.9638163727506405
2487.0,1.0011430886068415
2488.0,1.0048345542496182
2489.0,1.014590562862371
2490.0,1.0248128321912189
2491.0,1.016139303542201
2492.0,1.0244528767280194
2493.0,1.0564527482236181
2494.0,1.0749859677504652
2495.0,1.0877012087317528
2496.0,1.0902142193739461
2497.0,1.0900927298502876
2498.0,1.0740664801704822
2499.0,1.0506195310738715
2500.0,1.0128482373812977
