350.0,-0.07027212560161608
351.0,-0.027329167565857553
352.0,-0.07690122048636584
353.0,-0.10716682800947483
354.0,-0.07388264914149002
355.0,-0.009958540849239151
356.0,0.02716135199024005
357.0,0.05002317041979546
358.0,0.03848468509303402
359.0,0.009148170224156182
360.0,-0.013371549927487977
361.0,0.010929922595419955
362.0,0.04171998401573471
363.0,0.052167639657895275
364.0,0.040230701284091154
365.0,0.04539168429178128
366.0,0.046063591484005906
367.0,0.03128062443842355
368.0,0.00420190954160225
369.0,0.009310503854032516
370.0,0.021369593420553393
371.0,0.03876065276699189
372.0,0.09149327695552543
373.0,0.07541381694239167
374.0,0.05175942472328737
375.0,0.05558049792678757
376.0,0.033633547414453444
377.0,0.03727756589559534
378.0,0.055942942187489915
379.0,0.06624719923531679
380.0,0.05590541616853685
381.0,0.04814925975337677
382.0,0.05449531196071529
383.0,0.07250780732275955
384.0,0.06496591520251725
385.0,0.07036829853729946
386.0,0.08417163027788936
387.0,0.0790400787152081
388.0,0.0695547800106764
389.0,0.06600069443967962
390.0,0.07068061013035626
391.0,0.0783037973785666
392.0,0.08450200574271038
393.0,0.08852216580665512
394.0,0.08735498292443931
395.0,0.07435279453510167
396.0,0.07212189891520679
397.0,0.0749540988544995
398.0,0.07583996027801014
399.0,0.08246172101513073
400.0,0.0838704203208756
401.0,0.07933314084003379
402.0,0.07453190482162504
403.0,0.0871823916529677
404.0,0.07772729704355626
405.0,0.06222927156150015
406.0,0.07941643409858734
407.0,0.09133702848115252
408.0,0.09220792833824082
409.0,0.08376550908477409
410.0,0.0726173131897222
411.0,0.07289285250341736
412.0,0.08434842898008724
413.0,0.09641000019151695
414.0,0.08631184264971058
415.0,0.08940755082369131
416.0,0.09148294924500154
417.0,0.07953049378119804
418.0,0.08441610530469237
419.0,0.08566993002606303
420.0,0.08559926493843759
421.0,0.09308638744522578
422.0,0.09302469685364892
423.0,0.09159586545762605
424.0,0.09053326326991261
425.0,0.087115083313961
426.0,0.0858207795970272
427.0,0.08606532506896004
428.0,0.08766618278478523
429.0,0.09258183456046763
430.0,0.09261621098458689
431.0,0.09144522465186754
432.0,0.0929625382877703
433.0,0.09218894875757098
434.0,0.09143688934636815
435.0,0.09170995368974923
436.0,0.09290342063912593
437.0,0.0926855577939032
438.0,0.09182827335468077
439.0,0.09100162261769158
440.0,0.09050817161519385
441.0,0.09060770026714068
442.0,0.09066815786791978
443.0,0.0906442795729499
444.0,0.09189711144902936
445.0,0.09171036311863874
446.0,0.09141313803358493
447.0,0.09216644117128377
448.0,0.08954812058186823
449.0,0.0900603484710516
450.0,0.09232115600172103
451.0,0.0911168197456047
452.0,0.09116434167722709
453.0,0.09057480540146244
454.0,0.08938502962950233
455.0,0.09054538160310587
456.0,0.09082187667779762
457.0,0.09080693969165958
458.0,0.09152906574085654
459.0,0.09342363479476128
460.0,0.091546729644863
461.0,0.08902359955474132
462.0,0.09057981987377554
463.0,0.09049088803035973
464.0,0.0909281842235912
465.0,0.09241816772370423
466.0,0.0935589135965949
467.0,0.09175305457470294
468.0,0.08973859104484988
469.0,0.08963365187438921
470.0,0.09084912911333429
471.0,0.0907548449860062
472.0,0.09058455566514892
473.0,0.0917421347623035
474.0,0.09096016253401193
475.0,0.09026509970065717
476.0,0.09056458138959292
477.0,0.09158515603251337
478.0,0.09026020201860992
479.0,0.09106432817588189
480.0,0.0939958217959888
481.0,0.09130946990113213
482.0,0.09013898733198783
483.0,0.09068527208281436
484.0,0.09131218157993311
485.0,0.0905372178237324
486.0,0.09091336911350048
487.0,0.09180826701812735
488.0,0.09116040089759454
489.0,0.09086016708886793
490.0,0.09055143580091037
491.0,0.09033279217143565
492.0,0.09111244427215023
493.0,0.09141893090251793
494.0,0.09090666262084908
495.0,0.09003949826216567
496.0,0.09081213852977754
497.0,0.09077356401334909
498.0,0.0900048600122708
499.0,0.08986713813911329
500.0,0.09114439440751478
501.0,0.09188669152686207
502.0,0.09146731728493664
503.0,0.09106256279232802
504.0,0.0911476922408967
505.0,0.09122355596426546
506.0,0.09089034905423973
507.0,0.09063183212278454
508.0,0.09085797484057355
509.0,0.0913495593163939
510.0,0.09160032816493946
511.0,0.09153832946998788
512.0,0.09128233138515611
513.0,0.09098344997987909
514.0,0.09080018240996687
515.0,0.091139822787859
516.0,0.09138124064674265
517.0,0.09108239979950428
518.0,0.09081638599033078
519.0,0.09140359693250118
520.0,0.09179295988175155
521.0,0.09056525671428012
522.0,0.09050514495414574
523.0,0.09128276796991473
524.0,0.09204848209647615
525.0,0.09173318011793027
526.0,0.09212587556334279
527.0,0.09216632450162812
528.0,0.0910889569796193
529.0,0.0909033772974071
530.0,0.0912874899079227
531.0,0.09175287497826512
532.0,0.091786520943564
533.0,0.09164458444833579
534.0,0.09140499257763207
535.0,0.09126805066338536
536.0,0.0916266379420317
537.0,0.09156128992533669
538.0,0.0912277933877576
539.0,0.09106929360586986
540.0,0.09146359577602814
541.0,0.09180133042098805
542.0,0.09181019448547875
543.0,0.09152781096053798
544.0,0.09156217007810921
545.0,0.09146797996896164
546.0,0.0911789575154453
547.0,0.09150366008266145
548.0,0.09153126788018776
549.0,0.09154769625620361
550.0,0.09194633802972324
551.0,0.0920451141358697
552.0,0.09142383334502359
553.0,0.09067454533749199
554.0,0.09107305706597557
555.0,0.09187992934993873
556.0,0.09231018481048937
557.0,0.09206893271664529
558.0,0.09180962974659508
559.0,0.09192378737570735
560.0,0.09195188097648882
561.0,0.09138598150551838
562.0,0.09150009778473502
563.0,0.0917636820224546
564.0,0.09179536709727396
565.0,0.09150953589390347
566.0,0.0914382280953404
567.0,0.09150837763530721
568.0,0.0915797364683295
569.0,0.09173335798719401
570.0,0.09178564719793438
571.0,0.09175195850547549
572.0,0.09175337187211471
573.0,0.0918682666861478
574.0,0.09183463137407545
575.0,0.09156651874885385
576.0,0.09125723854315626
577.0,0.09136313527410218
578.0,0.0917109797665118
579.0,0.09195161433259154
580.0,0.0918635639782412
581.0,0.0915241660472818
582.0,0.09122222731739478
583.0,0.0913444465275897
584.0,0.09172610440565665
585.0,0.09201912434743836
586.0,0.09199794946036292
587.0,0.0916473349575745
588.0,0.091721319500521
589.0,0.09200928423988998
590.0,0.09202014518798377
591.0,0.09172910427251277
592.0,0.09176627349958381
593.0,0.09209385104738062
594.0,0.09202912735615884
595.0,0.09228931871004603
596.0,0.0921886294020751
597.0,0.09147103666162254
598.0,0.09179312539766606
599.0,0.09192123653884611
600.0,0.09174543106601869
601.0,0.09170706931394225
602.0,0.09192496769322493
603.0,0.09225837606879321
604.0,0.09242608149752991
605.0,0.09199707405796514
606.0,0.09192079220020992
607.0,0.09212022902172214
608.0,0.09226320377174388
609.0,0.09225423373026463
610.0,0.09223396685024782
611.0,0.09220196258831558
612.0,0.09206814616803224
613.0,0.09200316399178654
614.0,0.0920846027370176
615.0,0.09225657181987397
616.0,0.09222472267232695
617.0,0.09224577165915347
618.0,0.09229682344668204
619.0,0.09226441549496608
620.0,0.09210194798933594
621.0,0.09214381207734806
622.0,0.09234244960968618
623.0,0.09224126868600996
624.0,0.09228273891922598
625.0,0.09251926854075519
626.0,0.09282496216431604
627.0,0.09285068177615806
628.0,0.09257015682603154
629.0,0.09231827081008334
630.0,0.09254371204619839
631.0,0.09278212232763025
632.0,0.09276349026694702
633.0,0.09258255907874643
634.0,0.09287798488264949
635.0,0.09276324832699463
636.0,0.09241517247752103
637.0,0.09231010815261949
638.0,0.09272035774827142
639.0,0.09293786334628261
640.0,0.09281217533044944
641.0,0.09270594000495165
642.0,0.09284662975070478
643.0,0.09295915105779863
644.0,0.09287776673532896
645.0,0.09292097024346788
646.0,0.09284045156490701
647.0,0.09287456545308023
648.0,0.09327547201423936
649.0,0.09302604153545463
650.0,0.0929049446763943
651.0,0.09314689570611812
652.0,0.09316861238647284
653.0,0.09300228916639
654.0,0.092956076766509
655.0,0.09321572715089062
656.0,0.09335190907834608
657.0,0.09324810412638052
658.0,0.09307857705756535
659.0,0.09314715064214678
660.0,0.09295135042605422
661.0,0.09301032615707151
662.0,0.0934712029210626
663.0,0.09362841865684994
664.0,0.09365502554762795
665.0,0.09361741561616607
666.0,0.09356664426630192
667.0,0.09353020820707712
668.0,0.0935890659798403
669.0,0.09370083244393378
670.0,0.09371148407383194
671.0,0.09351440159286023
672.0,0.09355066470998898
673.0,0.09401388643466765
674.0,0.09429213156891318
675.0,0.09426159313616397
676.0,0.09403728666161372
677.0,0.09388320012093744
678.0,0.09405349721154545
679.0,0.09411940426316494
680.0,0.0939975896860428
681.0,0.09411822778760096
682.0,0.094284441494845
683.0,0.09437835849648316
684.0,0.09435584367233944
685.0,0.0943541978272308
686.0,0.09440013113010441
687.0,0.09439143451942143
688.0,0.09419904503998548
689.0,0.0943457637915158
690.0,0.09450102898575626
691.0,0.09451563990391193
692.0,0.09478122424153038
693.0,0.09487246521883196
694.0,0.09482119840493416
695.0,0.09479838037372805
696.0,0.0948400097906256
697.0,0.09498088020278458
698.0,0.0951309454336024
699.0,0.09510533609578807
700.0,0.0950400456352438
701.0,0.09502714147309806
702.0,0.09509362569641049
703.0,0.09514287691765813
704.0,0.09515734155489083
705.0,0.09520761961980509
706.0,0.09532978065440735
707.0,0.09503014013607726
708.0,0.09503888929590648
709.0,0.09545470118951006
710.0,0.09554889907440511
711.0,0.09548408751581292
712.0,0.09548637324909394
713.0,0.09564997712432863
714.0,0.09558280242699514
715.0,0.09560795227909706
716.0,0.09570517866352296
717.0,0.09570675368024643
718.0,0.09596929710244738
719.0,0.09609774559745854
720.0,0.09600765425663751
721.0,0.09618597662978867
722.0,0.09628533547943668
723.0,0.09617272845109416
724.0,0.09593343053883643
725.0,0.09624490517520133
726.0,0.09637411422311888
727.0,0.0962049385904776
728.0,0.09610029278295451
729.0,0.09631546720176812
730.0,0.09654362180751176
731.0,0.09658634611290298
732.0,0.09657753829102525
733.0,0.09671260721196187
734.0,0.09688787680406734
735.0,0.09694553917471777
736.0,0.09702180166771791
737.0,0.09693123257048375
738.0,0.09687817412018097
739.0,0.09731047100003923
740.0,0.09718575151342007
741.0,0.09708290574931187
742.0,0.09738110858105267
743.0,0.0974958879607076
744.0,0.0974617557320363
745.0,0.09746977031670573
746.0,0.09768649614873626
747.0,0.09775016227290304
748.0,0.09781317210817901
749.0,0.09789843793568805
750.0,0.09789607654959268
751.0,0.0979556224231344
752.0,0.09805333915000221
753.0,0.09815195132833032
754.0,0.09827632475214988
755.0,0.09824043240247812
756.0,0.09820787915276659
757.0,0.09839000216842178
758.0,0.09843245935539133
759.0,0.09855559186463209
760.0,0.0987028679297779
761.0,0.09855776497027251
762.0,0.09878814975180442
763.0,0.098959781538678
764.0,0.0987953464570653
765.0,0.09886402588872618
766.0,0.09901955569849123
767.0,0.0992058279936269
768.0,0.09937883747499353
769.0,0.09948316855896286
770.0,0.09948895614291488
771.0,0.09944985185960416
772.0,0.09949227334993398
773.0,0.09961262166113274
774.0,0.09975315735335107
775.0,0.09987041023009047
776.0,0.0999873339003883
777.0,0.10003997285601178
778.0,0.10001413446428452
779.0,0.09996426067421402
780.0,0.1001814832259243
781.0,0.10023873849686489
782.0,0.10022987358685229
783.0,0.10067645859301586
784.0,0.10081334142977097
785.0,0.10071663207500513
786.0,0.10060383465318538
787.0,0.10066137612570727
788.0,0.10089758877574607
789.0,0.1011672947955575
790.0,0.10130782683981794
791.0,0.10137127547646016
792.0,0.10137361261752136
793.0,0.101388089910451
794.0,0.10150711764623731
795.0,0.10154950572093595
796.0,0.10160247770714868
797.0,0.10173107298049304
798.0,0.10190105565492255
799.0,0.1020863642440811
800.0,0.10216638151770267
801.0,0.10207697739540399
802.0,0.10200891196823715
803.0,0.10208849400873166
804.0,0.1022657686619127
805.0,0.10239344658825902
806.0,0.10251683172814004
807.0,0.10266235628380443
808.0,0.10282823899055442
809.0,0.10297625486651146
810.0,0.1028120252054986
811.0,0.10275502885042638
812.0,0.10309747777059382
813.0,0.10338372360104615
814.0,0.10345269074987222
815.0,0.10344108899228287
816.0,0.10354917587526943
817.0,0.10343205872116591
818.0,0.10347435321158759
819.0,0.10369829388341092
820.0,0.10378708740105272
821.0,0.10394990068567618
822.0,0.10404299860247888
823.0,0.10403877463804939
824.0,0.10420253073806178
825.0,0.10442410863987564
826.0,0.10459708254290967
827.0,0.10466091887732429
828.0,0.10470539807115259
829.0,0.10488526926213733
830.0,0.10511453914481719
831.0,0.10519146162901469
832.0,0.10516633527238937
833.0,0.10515125359636514
834.0,0.10528310785582928
835.0,0.10568157032200322
836.0,0.10588195590724608
837.0,0.105852930675941
838.0,0.10573153778888815
839.0,0.10579401783847389
840.0,0.10595033390080341
841.0,0.10612243502410083
842.0,0.10622714281164156
843.0,0.10614398477506526
844.0,0.10634334443399474
845.0,0.10674181475226653
846.0,0.10693691409413755
847.0,0.10697445169860016
848.0,0.10703152438164686
849.0,0.10716561613465002
850.0,0.10728391631950612
851.0,0.10747724550661003
852.0,0.10750416416590834
853.0,0.10729936713117216
854.0,0.10724470622468595
855.0,0.10738834001583379
856.0,0.1076236832404488
857.0,0.10780690703349248
858.0,0.10792923170286266
859.0,0.10781787844567552
860.0,0.10776569651402974
861.0,0.10816678934162013
862.0,0.10843647163910439
863.0,0.10858196204636152
864.0,0.1086134720918129
865.0,0.1085341673887047
866.0,0.10868613174768696
867.0,0.10868706692512245
868.0,0.10854131795489869
869.0,0.10899398321294368
870.0,0.10940005914311203
871.0,0.1095298348617935
872.0,0.1094071726363675
873.0,0.10940551656435131
874.0,0.10958913307002807
875.0,0.10970023112397465
876.0,0.10958510559298042
877.0,0.11014779986024606
878.0,0.1105130650359317
879.0,0.11045416817525903
880.0,0.11026471123887661
881.0,0.1104579315085896
882.0,0.1105497514304452
883.0,0.11053007026531782
884.0,0.11088711701644936
885.0,0.11112722367665355
886.0,0.11135842042848258
887.0,0.11158909015842083
888.0,0.11155147621202027
889.0,0.11152753118769655
890.0,0.1115296350309721
891.0,0.1115774171187208
892.0,0.1118754801263899
893.0,0.11206825827765628
894.0,0.11220443185920519
895.0,0.11235967706267647
896.0,0.11216118043363552
897.0,0.11212411066100453
898.0,0.11232170771719628
899.0,0.11260809254426615
900.0,0.11303021313943336
901.0,0.11331823502260949
902.0,0.11350222930842518
903.0,0.11376235649952371
904.0,0.11357388155846951
905.0,0.11327828976368425
906.0,0.11327366258659241
907.0,0.11381542485104898
908.0,0.1140750875610515
909.0,0.1142194168262535
910.0,0.11428834512541759
911.0,0.11394814969285029
912.0,0.11391335994589091
913.0,0.11430773309844468
914.0,0.11487771181321478
915.0,0.11495508393987319
916.0,0.1153453982745093
917.0,0.11558111256913917
918.0,0.11526211091472312
919.0,0.11510274243156636
920.0,0.11478325690335577
921.0,0.1150042118357392
922.0,0.11616918876170473
923.0,0.11661189786144176
924.0,0.11637263314545274
925.0,0.11607545183043763
926.0,0.1163686457060233
927.0,0.11670422513740898
928.0,0.11670839336973089
929.0,0.11656512039380132
930.0,0.11673731019584709
931.0,0.11729552732247553
932.0,0.1172486130077662
933.0,0.11687123803465836
934.0,0.1171389006724818
935.0,0.11665483939079299
936.0,0.11680730277200695
937.0,0.11773666916761642
938.0,0.1183426005561011
939.0,0.11887769303308733
940.0,0.11908686695710347
941.0,0.11911390205351222
942.0,0.11946850716879241
943.0,0.11951998616735637
944.0,0.11944387923012843
945.0,0.11956230835665876
946.0,0.12011039949592062
947.0,0.11968177936382322
948.0,0.11954284278111531
949.0,0.11996093995122188
950.0,0.11931982725882742
951.0,0.11992310701421686
952.0,0.12101697733715681
953.0,0.12137751987341094
954.0,0.1201920974317334
955.0,0.11949575564910372
956.0,0.11971992475551102
957.0,0.1205815912692117
958.0,0.12129982894857108
959.0,0.12115373282434885
960.0,0.12117657318551171
961.0,0.12173188213519422
962.0,0.12122750701897911
963.0,0.12149176501665238
964.0,0.12231648486143154
965.0,0.12272656322239194
966.0,0.12140426258434789
967.0,0.12239321011426514
968.0,0.12335713360806881
969.0,0.12243180505990052
970.0,0.1219523546070799
971.0,0.12226154016005268
972.0,0.12271482096568805
973.0,0.12279198263553234
974.0,0.12286055177182564
975.0,0.12348985156569114
976.0,0.12369879878588037
977.0,0.12309194370161329
978.0,0.1231039002212643
979.0,0.12302191192645308
980.0,0.12324568680933591
981.0,0.12402078491755844
982.0,0.1248560674423315
983.0,0.12480235796364263
984.0,0.1250935454809042
985.0,0.12584706926687675
986.0,0.1245887264155929
987.0,0.12448554283483707
988.0,0.1249313922957117
989.0,0.12520804626603993
990.0,0.12571680293676504
991.0,0.12530045928186553
992.0,0.12543071915261667
993.0,0.12654263003399463
994.0,0.12698700652508396
995.0,0.1266385032986332
996.0,0.12622050545084068
997.0,0.12652369244656253
998.0,0.12784949510070207
999.0,0.1272185898733989
1000.0,0.12734488306823236
1001.0,0.12632692855921876
1002.0,0.12883082270780433
1003.0,0.1299616896195555
1004.0,0.13033222370130487
1005.0,0.12782037257551476
1006.0,0.12656626803419718
1007.0,0.12725194738951368
1008.0,0.12841241014526156
1009.0,0.12798308459047422
1010.0,0.12633391548690337
1011.0,0.1271909930806763
1012.0,0.12845147215053007
1013.0,0.1291567367148307
1014.0,0.1293971481086273
1015.0,0.129529871764871
1016.0,0.1298081588089967
1017.0,0.1290946905837823
1018.0,0.13005994326320744
1019.0,0.1302181941872944
1020.0,0.1301445783362842
1021.0,0.13015717209474986
1022.0,0.12835454691241038
1023.0,0.12815385764013523
1024.0,0.1303582780562366
1025.0,0.13038308807913654
1026.0,0.12998446327146254
1027.0,0.13089647680858416
1028.0,0.12957443479316247
1029.0,0.12931394863790852
1030.0,0.1288198081711243
1031.0,0.13130473957236335
1032.0,0.13262541533387306
1033.0,0.13384107668342063
1034.0,0.1376371132901196
1035.0,0.1376441604239675
1036.0,0.13569453496253164
1037.0,0.13672596728697176
1038.0,0.13574582933717014
1039.0,0.13452964174643112
1040.0,0.13501074961334933
1041.0,0.1356730898525818
1042.0,0.13679931218039748
1043.0,0.13703918308883517
1044.0,0.1374270309312821
1045.0,0.1374964800736994
1046.0,0.13635034454451878
1047.0,0.13455674521354508
1048.0,0.13440759677626757
1049.0,0.1354758742769441
1050.0,0.13509478884263273
1051.0,0.1358188245461677
1052.0,0.13749604340903077
1053.0,0.13606791355498082
1054.0,0.13588765164105487
1055.0,0.13726774532482636
1056.0,0.13763471079069717
1057.0,0.13694546433445587
1058.0,0.13724048283236293
1059.0,0.1379494202494777
1060.0,0.13744493643670083
1061.0,0.13666188609891894
1062.0,0.13720516898434415
1063.0,0.13749428727184304
1064.0,0.13792695211797912
1065.0,0.13940946280594788
1066.0,0.13933191327233066
1067.0,0.13813953646442648
1068.0,0.13816879177203298
1069.0,0.13728652230183863
1070.0,0.1364045527259585
1071.0,0.13682724694508233
1072.0,0.1392226345801209
1073.0,0.13983619634512054
1074.0,0.1403418005115904
1075.0,0.14164558099738217
1076.0,0.14163464763748526
1077.0,0.1416290339802084
1078.0,0.14139223343758844
1079.0,0.1419361084944282
1080.0,0.1426886925868246
1081.0,0.14235511890590835
1082.0,0.14308610632446214
1083.0,0.1441804083398261
1084.0,0.1446684894451996
1085.0,0.1453597142659851
1086.0,0.14593816556352854
1087.0,0.1466091599330623
1088.0,0.14554006155669752
1089.0,0.14496777532824098
1090.0,0.1453497256901712
1091.0,0.14591469151747985
1092.0,0.14644860023200287
1093.0,0.14656367377307752
1094.0,0.14593991004017898
1095.0,0.1454954116208218
1096.0,0.14598477016055966
1097.0,0.14670809999592868
1098.0,0.14714079624977935
1099.0,0.14731647999832098
1100.0,0.146895732912155
1101.0,0.1465546460973761
1102.0,0.14569609258372176
1103.0,0.1458817382023143
1104.0,0.146981707338296
1105.0,0.14776130528686424
1106.0,0.14897603595923664
1107.0,0.1500630563533434
1108.0,0.15036343289963508
1109.0,0.14998254986169743
1110.0,0.14948808902152635
1111.0,0.15017372762836878
1112.0,0.15048573972552542
1113.0,0.15081931505848584
1114.0,0.1508504862911913
1115.0,0.15072522589130613
1116.0,0.15051675708159015
1117.0,0.1497304740005257
1118.0,0.1498595243114505
1119.0,0.1503672661281569
1120.0,0.15129611029201645
1121.0,0.1524480253952467
1122.0,0.15306905171043134
1123.0,0.15326401466940945
1124.0,0.15329194235901855
1125.0,0.15360144650126803
1126.0,0.1542413783378368
1127.0,0.15421655344088642
1128.0,0.15377946183811925
1129.0,0.15379204035120936
1130.0,0.15319452661797325
1131.0,0.15340021521806232
1132.0,0.15483294929303662
1133.0,0.15566963846413479
1134.0,0.15676151772833052
1135.0,0.15701084373283797
1136.0,0.15675526475350093
1137.0,0.15655161269727344
1138.0,0.15627107352424194
1139.0,0.1563014322552998
1140.0,0.15661417868809357
1141.0,0.1567950642926402
1142.0,0.15725464705140765
1143.0,0.1580567413017353
1144.0,0.1581780230503731
1145.0,0.1580061582746108
1146.0,0.15835049487649702
1147.0,0.15844534047629472
1148.0,0.1586087351369479
1149.0,0.15917596786284657
1150.0,0.16000207334258107
1151.0,0.16000849596748037
1152.0,0.16004198184889926
1153.0,0.16048699381843382
1154.0,0.1603921513925579
1155.0,0.15995064287637725
1156.0,0.15933720434405022
1157.0,0.1595699383298661
1158.0,0.16042360131938319
1159.0,0.16069771580698747
1160.0,0.16139434252740023
1161.0,0.16190573577931858
1162.0,0.161684983361906
1163.0,0.16181056229415366
1164.0,0.1624186483024761
1165.0,0.16269815610068528
1166.0,0.16254223302920445
1167.0,0.16281700685173092
1168.0,0.16334408786926657
1169.0,0.16431349425579714
1170.0,0.16530409206941984
1171.0,0.1659471310243024
1172.0,0.1665487552878983
1173.0,0.16695599565062716
1174.0,0.16727152071550208
1175.0,0.16734043493868747
1176.0,0.1676687403458854
1177.0,0.1682363623202066
1178.0,0.1683022045446762
1179.0,0.16806194958897502
1180.0,0.16824490931538405
1181.0,0.1686554207557729
1182.0,0.1682535158049221
1183.0,0.16801638589639623
1184.0,0.16837569640366315
1185.0,0.16824155089013024
1186.0,0.16826700758467458
1187.0,0.16869543193081654
1188.0,0.16990667087851738
1189.0,0.17042564321857898
1190.0,0.1706424598731304
1191.0,0.17115913132922625
1192.0,0.17172779595587298
1193.0,0.1720378467869757
1194.0,0.17277877924162385
1195.0,0.17286648943703703
1196.0,0.17205793704170994
1197.0,0.1718699697745087
1198.0,0.1718160452271846
1199.0,0.17138477740906857
1200.0,0.17170070387191477
1201.0,0.17194462404671165
1202.0,0.17200746102797598
1203.0,0.17234330242093956
1204.0,0.1728703323436828
1205.0,0.17371304086402392
1206.0,0.17432390249147373
1207.0,0.17504851544029773
1208.0,0.17569384916208236
1209.0,0.1762429501948473
1210.0,0.17668813320343002
1211.0,0.17722717768288582
1212.0,0.17753069718940787
1213.0,0.17749255778545475
1214.0,0.1775991048257243
1215.0,0.17726150842485552
1216.0,0.17772362379824844
1217.0,0.17857237544950835
1218.0,0.17903193044255053
1219.0,0.17949360167687733
1220.0,0.18032294235502216
1221.0,0.1804010655092752
1222.0,0.17989252277383533
1223.0,0.17965149871948505
1224.0,0.17911069160148246
1225.0,0.17886834820959954
1226.0,0.17852435862199603
1227.0,0.17868495913857327
1228.0,0.17934243663395216
1229.0,0.17972595182358614
1230.0,0.1802070099921911
1231.0,0.18084703555302792
1232.0,0.18151854819003596
1233.0,0.1821074142811317
1234.0,0.18275033237373037
1235.0,0.1836043548251585
1236.0,0.18400036102663594
1237.0,0.18405647571816794
1238.0,0.18410100974037227
1239.0,0.18381341134440557
1240.0,0.18401361330698573
1241.0,0.18422808655858594
1242.0,0.18451786774944526
1243.0,0.18535857590352792
1244.0,0.1856763214685858
1245.0,0.18584749905386583
1246.0,0.18581598304662028
1247.0,0.18513409661534713
1248.0,0.18508493117228023
1249.0,0.18512488097281796
1250.0,0.18526812440903848
1251.0,0.18583280602494748
1252.0,0.18649062542167702
1253.0,0.18703533552264123
1254.0,0.1874893981178748
1255.0,0.1880500027118155
1256.0,0.18890016598013434
1257.0,0.18917802288502353
1258.0,0.18900821058833345
1259.0,0.1892960420231968
1260.0,0.1893023153299321
1261.0,0.189766493478226
1262.0,0.19113617808290445
1263.0,0.19167692118042076
1264.0,0.19196995216130874
1265.0,0.19218369752439354
1266.0,0.19165537113977604
1267.0,0.1916824491758682
1268.0,0.19187723704800053
1269.0,0.19231753423973796
1270.0,0.1927877124623596
1271.0,0.1936116110708082
1272.0,0.19407509538664483
1273.0,0.19447311954239593
1274.0,0.19476960686467018
1275.0,0.19477655000461605
1276.0,0.1951926977272306
1277.0,0.19573739700532727
1278.0,0.19627613335450367
1279.0,0.1973038709328229
1280.0,0.1977069289618299
1281.0,0.19764571139741127
1282.0,0.19781495758268308
1283.0,0.19771849304442282
1284.0,0.19781795169585176
1285.0,0.1982762957167265
1286.0,0.19848149100559387
1287.0,0.19859902155078815
1288.0,0.19851229354048625
1289.0,0.19884468586351478
1290.0,0.19926220762452299
1291.0,0.1996350490136717
1292.0,0.20022666825986263
1293.0,0.20077581017514615
1294.0,0.20134490534765115
1295.0,0.20165211386994258
1296.0,0.2018547889190229
1297.0,0.20225353044045918
1298.0,0.20247480313613903
1299.0,0.20276994251281233
1300.0,0.20343238469743954
1301.0,0.20385172196172552
1302.0,0.20391623413676516
1303.0,0.20419440662896432
1304.0,0.2049459769275802
1305.0,0.20510718363841007
1306.0,0.20502385766222792
1307.0,0.20464531760496826
1308.0,0.20468301490084415
1309.0,0.2042906222222266
1310.0,0.20467923505676988
1311.0,0.20592129206500284
1312.0,0.20644126822179046
1313.0,0.20688158686170785
1314.0,0.20733138538982432
1315.0,0.20761822038325672
1316.0,0.20785807408145304
1317.0,0.2079484738927451
1318.0,0.20835927874093518
1319.0,0.20888100012866767
1320.0,0.2092764687878688
1321.0,0.20985949034591095
1322.0,0.21042299578874132
1323.0,0.2108228313067656
1324.0,0.2112160233883854
1325.0,0.21163352055585097
1326.0,0.21218736112867478
1327.0,0.21277289109411154
1328.0,0.21338220713091577
1329.0,0.21373479491856479
1330.0,0.21407202478384896
1331.0,0.2145146897681507
1332.0,0.21488623767861686
1333.0,0.21500279768080022
1334.0,0.21522093892226002
1335.0,0.21525295837524674
1336.0,0.21456753327412068
1337.0,0.21460629726002384
1338.0,0.2150888207336621
1339.0,0.21546285659893036
1340.0,0.21614738660285174
1341.0,0.21658043710835434
1342.0,0.2167660530053488
1343.0,0.21719086650660768
1344.0,0.21764038781977793
1345.0,0.21815157167341065
1346.0,0.21893321833556134
1347.0,0.2196172624827688
1348.0,0.22005635048459507
1349.0,0.22027992183459386
1350.0,0.22069767344396315
1351.0,0.22092284481305138
1352.0,0.22145649148487018
1353.0,0.22248372476808367
1354.0,0.22289312488288307
1355.0,0.2232231690275898
1356.0,0.22329716398149307
1357.0,0.2227052982540413
1358.0,0.22263013245412716
1359.0,0.22236684978956112
1360.0,0.222725667566703
1361.0,0.22377796469356617
1362.0,0.2245077999007256
1363.0,0.22573943311598627
1364.0,0.22644426937156978
1365.0,0.22650552314292563
1366.0,0.22687628494190823
1367.0,0.22743520778610538
1368.0,0.2275284590102304
1369.0,0.22787841411846435
1370.0,0.22837863820543672
1371.0,0.2288373409762283
1372.0,0.22940694821621527
1373.0,0.22949707670968966
1374.0,0.22921095899708407
1375.0,0.2295447275009976
1376.0,0.22975729013487023
1377.0,0.2301975364825673
1378.0,0.23152401903776176
1379.0,0.23199743075796142
1380.0,0.23178559669605997
1381.0,0.232018002653135
1382.0,0.2321575329307613
1383.0,0.23246409936415452
1384.0,0.23338927057075937
1385.0,0.2336123854428037
1386.0,0.2332766495926542
1387.0,0.23326915564184914
1388.0,0.2329111274166839
1389.0,0.23287372426896513
1390.0,0.23315925714407643
1391.0,0.23361439012577115
1392.0,0.23408971446866733
1393.0,0.23460549159658392
1394.0,0.23522512721975175
1395.0,0.2362407227298937
1396.0,0.2365335023803076
1397.0,0.23650166131500944
1398.0,0.23663544197555061
1399.0,0.2363110446945127
1400.0,0.23644838797200374
1401.0,0.23701580998766772
1402.0,0.23733312530489764
1403.0,0.23760227380273605
1404.0,0.23790981345219517
1405.0,0.23819936536643865
1406.0,0.2385013693603494
1407.0,0.23879673415908972
1408.0,0.23912364309986
1409.0,0.2394870415120805
1410.0,0.23981948711289033
1411.0,0.24016079413320127
1412.0,0.24055495597057722
1413.0,0.24108648181280246
1414.0,0.24134812044894707
1415.0,0.2416970717789738
1416.0,0.2419955363567706
1417.0,0.24228512912016278
1418.0,0.2424367346234044
1419.0,0.24278457968166656
1420.0,0.24327169189413517
1421.0,0.24359163464750702
1422.0,0.2438506492010942
1423.0,0.24429452267481114
1424.0,0.244762906306461
1425.0,0.24519151199730113
1426.0,0.24580125586085588
1427.0,0.24618229469593964
1428.0,0.24639749097835825
1429.0,0.24663133306539364
1430.0,0.2466933991510259
1431.0,0.24703026714126314
1432.0,0.24750801165112496
1433.0,0.24788864155578738
1434.0,0.24842352997819658
1435.0,0.24884928458338385
1436.0,0.2490514612076931
1437.0,0.24941014721615964
1438.0,0.24976631041633718
1439.0,0.25033264479905776
1440.0,0.2510545956494434
1441.0,0.25147170719632944
1442.0,0.2516714159665088
1443.0,0.25183407568404176
1444.0,0.2520876931316818
1445.0,0.25214496948530324
1446.0,0.2524670036644401
1447.0,0.2531060278138164
1448.0,0.25343095704238094
1449.0,0.25354759874219407
1450.0,0.2539694273950377
1451.0,0.25447771660620117
1452.0,0.2548991499696145
1453.0,0.2555574420553646
1454.0,0.2559466521694049
1455.0,0.2558924044886415
1456.0,0.25631691258896094
1457.0,0.25705083554953156
1458.0,0.2575225930202043
1459.0,0.2582038553523054
1460.0,0.25861609109657413
1461.0,0.2583886716258261
1462.0,0.2587767149218195
1463.0,0.25956089411540534
1464.0,0.2601462676359614
1465.0,0.26107679048196375
1466.0,0.2617211570216233
1467.0,0.2622232742961833
1468.0,0.26229252099375716
1469.0,0.26246403660273987
1470.0,0.26308933524993766
1471.0,0.26367111181674036
1472.0,0.26438546012883735
1473.0,0.2650269811380779
1474.0,0.2657217702291433
1475.0,0.26644546991803697
1476.0,0.26723691785525155
1477.0,0.2678769367290701
1478.0,0.26869403994350516
1479.0,0.2689678521595213
1480.0,0.2687278082891834
1481.0,0.26885840504205005
1482.0,0.2687097492129475
1483.0,0.2690179474423032
1484.0,0.26974043698329186
1485.0,0.2703235973320984
1486.0,0.2710487071571997
1487.0,0.27170714798766765
1488.0,0.27259219430339915
1489.0,0.2730062360331577
1490.0,0.2731216781433936
1491.0,0.2732875642201815
1492.0,0.27290638191574806
1493.0,0.2730658880583878
1494.0,0.2735323117919459
1495.0,0.27404319816311745
1496.0,0.275061934047286
1497.0,0.275647038613336
1498.0,0.2760177514664144
1499.0,0.2764639477720563
1500.0,0.27667707434134897
1501.0,0.276931632990946
1502.0,0.2775188959695801
1503.0,0.2779709653548217
1504.0,0.2785942213522685
1505.0,0.27929616758635745
1506.0,0.2800676138647779
1507.0,0.28102152029656363
1508.0,0.2817405971895879
1509.0,0.282496083585049
1510.0,0.28300786340448947
1511.0,0.2832915691897601
1512.0,0.2836599704337388
1513.0,0.28392434386847404
1514.0,0.2842178007198562
1515.0,0.2844887219419833
1516.0,0.28482699683602236
1517.0,0.28511082007815053
1518.0,0.2855494255162427
1519.0,0.28606468600672064
1520.0,0.2866845516336797
1521.0,0.2875829974541446
1522.0,0.2881909362900674
1523.0,0.28879436500627986
1524.0,0.28926831186328195
1525.0,0.2893184332265673
1526.0,0.2897564073722047
1527.0,0.2904145676298127
1528.0,0.29099114365194984
1529.0,0.29188517407785336
1530.0,0.29242705359739274
1531.0,0.29262923989015055
1532.0,0.29297594455379644
1533.0,0.2931384940909713
1534.0,0.2934607224819168
1535.0,0.29392686160454806
1536.0,0.2944278200702608
1537.0,0.2950525540036291
1538.0,0.2956334540907972
1539.0,0.29616592985571516
1540.0,0.296766339988622
1541.0,0.29718821928184314
1542.0,0.29743710036530413
1543.0,0.2978800257905341
1544.0,0.2983313095148835
1545.0,0.2987905805925731
1546.0,0.2992670094071448
1547.0,0.29994378569298713
1548.0,0.3007347318257746
1549.0,0.30136629919247687
1550.0,0.3021905694534778
1551.0,0.30275207679739136
1552.0,0.3029059823992509
1553.0,0.3034924781827097
1554.0,0.3042194581746592
1555.0,0.30495453725601784
1556.0,0.3061113250984922
1557.0,0.30663608338036497
1558.0,0.3068164442960018
1559.0,0.30713681139028703
1560.0,0.3070841711273539
1561.0,0.3073121686619911
1562.0,0.3078089097978932
1563.0,0.3081630314498261
1564.0,0.30842095378433815
1565.0,0.308801743487979
1566.0,0.3091178334083032
1567.0,0.3096825097801631
1568.0,0.31056055377753644
1569.0,0.3112227500010917
1570.0,0.3121829364753277
1571.0,0.3126497138588018
1572.0,0.31245469331983117
1573.0,0.3127560048987244
1574.0,0.3129089316517759
1575.0,0.31338330726289065
1576.0,0.3147354214551651
1577.0,0.31531991818199073
1578.0,0.31535210734878594
1579.0,0.31576150399813496
1580.0,0.3159295182059767
1581.0,0.31625035480684566
1582.0,0.31700213663523075
1583.0,0.31765231575078784
1584.0,0.31821213939678317
1585.0,0.31873836360488594
1586.0,0.31922927141826907
1587.0,0.31984392579682613
1588.0,0.32062726033660105
1589.0,0.3211561579683543
1590.0,0.32160858534417325
1591.0,0.3221085318827648
1592.0,0.32251012111498284
1593.0,0.32258520980962463
1594.0,0.3230469731260942
1595.0,0.3237073500080029
1596.0,0.3243421236978985
1597.0,0.3251034489656831
1598.0,0.325682002227996
1599.0,0.32620247832253313
1600.0,0.3268401104972039
1601.0,0.3273355665307928
1602.0,0.32816097055251814
1603.0,0.32944555339942727
1604.0,0.33005714319606233
1605.0,0.33056227534384786
1606.0,0.3308925500688124
1607.0,0.3307140735351204
1608.0,0.3308496134199424
1609.0,0.3310637155247006
1610.0,0.33129130217468433
1611.0,0.33145130556464025
1612.0,0.3318119022643519
1613.0,0.3323265133082428
1614.0,0.33281920025985756
1615.0,0.33336571067822823
1616.0,0.33399996701245616
1617.0,0.3348033053493813
1618.0,0.3353462023064021
1619.0,0.3358916376245619
1620.0,0.33633752168910985
1621.0,0.33654274155745734
1622.0,0.3368324849610575
1623.0,0.33698108049678976
1624.0,0.3375160029639645
1625.0,0.3382788790858491
1626.0,0.33887002486191314
1627.0,0.33982604137363587
1628.0,0.3403499332304733
1629.0,0.3404676980087619
1630.0,0.3407288267011096
1631.0,0.3408265079113759
1632.0,0.34111467994041506
1633.0,0.3413408312109866
1634.0,0.3418459777601314
1635.0,0.3426973612417806
1636.0,0.3433860713796577
1637.0,0.34426122029964973
1638.0,0.34491733099050287
1639.0,0.3453451845727505
1640.0,0.3458726336020157
1641.0,0.3463260927623917
1642.0,0.3468879818842167
1643.0,0.34761695345924715
1644.0,0.34816208018020234
1645.0,0.34879348580091984
1646.0,0.3491220315874288
1647.0,0.3491093949206435
1648.0,0.34925300948477817
1649.0,0.34916386479100536
1650.0,0.3493761184973278
1651.0,0.3497312046866718
1652.0,0.35020781198323386
1653.0,0.3509040253227508
1654.0,0.3515657561266308
1655.0,0.35246361011955285
1656.0,0.3531339528169668
1657.0,0.3536976949078676
1658.0,0.35426417571725155
1659.0,0.35483440531020977
1660.0,0.35516733260929506
1661.0,0.35532375200594835
1662.0,0.3555251826202416
1663.0,0.3554612339792211
1664.0,0.3555809463218406
1665.0,0.3559472258121806
1666.0,0.35612598443770355
1667.0,0.35610224594296275
1668.0,0.3562989468549039
1669.0,0.3565700680948983
1670.0,0.35682644441798533
1671.0,0.35698622837615324
1672.0,0.35758842641010546
1673.0,0.358506371618298
1674.0,0.3592637130303806
1675.0,0.3606440897753433
1676.0,0.3613817810650123
1677.0,0.3612341911792902
1678.0,0.3617551590918631
1679.0,0.36235484343949653
1680.0,0.36297581078761876
1681.0,0.36425876126506807
1682.0,0.36497685052494094
1683.0,0.36505714561162844
1684.0,0.3656119403180142
1685.0,0.3661894878429397
1686.0,0.36686411566096355
1687.0,0.36807139067527794
1688.0,0.3688065228742275
1689.0,0.3691872684155399
1690.0,0.369675609025924
1691.0,0.36986226113182175
1692.0,0.37037818819925716
1693.0,0.37122399803991823
1694.0,0.3719136983124235
1695.0,0.3726181103348787
1696.0,0.3734307999864178
1697.0,0.37438655662766507
1698.0,0.3750933394710681
1699.0,0.37579377326469393
1700.0,0.37636313651780295
1701.0,0.3765053300710662
1702.0,0.3769236006508014
1703.0,0.37755771832790597
1704.0,0.37801662238147415
1705.0,0.37839479556947914
1706.0,0.37892852032651225
1707.0,0.37959126651459396
1708.0,0.3800528348731468
1709.0,0.380522420352351
1710.0,0.3809024197849354
1711.0,0.3807843574779307
1712.0,0.3812131889489784
1713.0,0.38207150723656724
1714.0,0.38280720610116975
1715.0,0.38391510960113473
1716.0,0.38461040151198805
1717.0,0.3850424563337741
1718.0,0.38540017668801274
1719.0,0.3854193847036192
1720.0,0.38564406158631404
1721.0,0.3858903304796121
1722.0,0.3862475299000348
1723.0,0.38670757622550306
1724.0,0.38733404066056326
1725.0,0.3880302767861794
1726.0,0.38868632195571773
1727.0,0.3897121325439556
1728.0,0.39018489334632056
1729.0,0.39025662049268045
1730.0,0.3905674868766569
1731.0,0.3905432950134981
1732.0,0.390917797484989
1733.0,0.39169994745895315
1734.0,0.3923163297144819
1735.0,0.39306572441058824
1736.0,0.39359920051690556
1737.0,0.39402901519820116
1738.0,0.3945416355403101
1739.0,0.3949727166523241
1740.0,0.395464419608235
1741.0,0.3960086862683484
1742.0,0.39635201307487045
1743.0,0.39642843536369765
1744.0,0.3968798189204331
1745.0,0.39744702308128027
1746.0,0.3981155101219263
1747.0,0.3992690602243985
1748.0,0.39991231760001483
1749.0,0.40026446254554243
1750.0,0.4007327457558024
1751.0,0.4010441367296297
1752.0,0.4014490297854585
1753.0,0.4019225999889694
1754.0,0.4024635913901096
1755.0,0.40297740075435073
1756.0,0.4033869942018669
1757.0,0.4032992258890453
1758.0,0.40341047942134006
1759.0,0.4037606062628038
1760.0,0.4042315367384572
1761.0,0.40535726852200177
1762.0,0.4057406417693782
1763.0,0.4056330252169794
1764.0,0.40617155791616916
1765.0,0.4064606711668246
1766.0,0.40660381028505427
1767.0,0.40711231853928226
1768.0,0.40758959881977513
1769.0,0.40766788936388126
1770.0,0.4081828042292943
1771.0,0.40913967281047675
1772.0,0.4091894649877983
1773.0,0.409289191461962
1774.0,0.41008893418252795
1775.0,0.4109948566865325
1776.0,0.4121338830415914
1777.0,0.41300661229046365
1778.0,0.4134361869457952
1779.0,0.4135042093711586
1780.0,0.4133773172569232
1781.0,0.413610707053532
1782.0,0.4140796877289606
1783.0,0.41464372047747466
1784.0,0.41513458553562
1785.0,0.4159886345225063
1786.0,0.4171659927960806
1787.0,0.4178782617966045
1788.0,0.41844303126518356
1789.0,0.4190819331945991
1790.0,0.4201354123073514
1791.0,0.4210095944557208
1792.0,0.4226954211146065
1793.0,0.4232927058905442
1794.0,0.4228300758733281
1795.0,0.42274907262278605
1796.0,0.4221622631631779
1797.0,0.4221721140196256
1798.0,0.42254931264513507
1799.0,0.42236612894538844
1800.0,0.42296132299101546
1801.0,0.42947383559789276
1802.0,0.4311088902836597
1803.0,0.4330303945755277
1804.0,0.43375494120026514
1805.0,0.4348895092577569
1806.0,0.43528688128145093
1807.0,0.4343758249522121
1808.0,0.4340808693298044
1809.0,0.43361018156116504
1810.0,0.433928603523575
1811.0,0.4347732957410458
1812.0,0.4350412950655447
1813.0,0.43593295537356547
1814.0,0.43679114198551133
1815.0,0.4372658214613265
1816.0,0.43700694522083655
1817.0,0.4377266130571694
1818.0,0.4388785110344307
1819.0,0.43970995241721306
1820.0,0.4404231670773414
1821.0,0.44125238726357846
1822.0,0.44116863079981
1823.0,0.4434620022502624
1824.0,0.4446223175133063
1825.0,0.4462042879476547
1826.0,0.4472794292697178
1827.0,0.4481405701059565
1828.0,0.4483781955575223
1829.0,0.4477163622448291
1830.0,0.44775778323756393
1831.0,0.4482525689248467
1832.0,0.4472831524547139
1833.0,0.4470822703961654
1834.0,0.4484164912895001
1835.0,0.44872073932915374
1836.0,0.44866800060242623
1837.0,0.4492623071081651
1838.0,0.4500365379480944
1839.0,0.4504395236796709
1840.0,0.45119415543535596
1841.0,0.45119706222120654
1842.0,0.45081656244043367
1843.0,0.4515816636402439
1844.0,0.4523543990363846
1845.0,0.4521045549530516
1846.0,0.4523954861726816
1847.0,0.4525167697085392
1848.0,0.45282462162531006
1849.0,0.45378337486797743
1850.0,0.45440670080934614
1851.0,0.455196981971597
1852.0,0.4553128208219048
1853.0,0.45494553940701093
1854.0,0.4541661923865722
1855.0,0.4536867170710035
1856.0,0.45401280612627354
1857.0,0.4547136047844266
1858.0,0.4569943656760979
1859.0,0.45735213848654377
1860.0,0.4569790101439329
1861.0,0.4569501308087271
1862.0,0.45648145005737384
1863.0,0.45654087645604535
1864.0,0.45799428141091414
1865.0,0.45957024658197615
1866.0,0.46011746236062534
1867.0,0.46056519633660936
1868.0,0.46076131037058893
1869.0,0.4600921120948721
1870.0,0.45980316240435465
1871.0,0.459668126530478
1872.0,0.4595437338049073
1873.0,0.45837435784937197
1874.0,0.45833675853748185
1875.0,0.4587584488843943
1876.0,0.45807255183310763
1877.0,0.4589487243569403
1878.0,0.45985121995703293
1879.0,0.45969106601465526
1880.0,0.45881844234865404
1881.0,0.4580615241168331
1882.0,0.4565795290000253
1883.0,0.45526712997966085
1884.0,0.4543212786166575
1885.0,0.4544028407442875
1886.0,0.45459964012733173
1887.0,0.4538284724988903
1888.0,0.4528692657873768
1889.0,0.4522824512797595
1890.0,0.45144210239674454
1891.0,0.4503942939981584
1892.0,0.4494033858319346
1893.0,0.44874298918369065
1894.0,0.44683596191500297
1895.0,0.44484398598132174
1896.0,0.4431228544560097
1897.0,0.4417220540622393
1898.0,0.44119628291230495
1899.0,0.4402267408607881
1900.0,0.4397114457870072
1901.0,0.4388142945357663
1902.0,0.4378136519200029
1903.0,0.4357756021196503
1904.0,0.43390007404134723
1905.0,0.432265634896472
1906.0,0.43013670164712364
1907.0,0.42737569756036153
1908.0,0.42611226181312944
1909.0,0.42553902360600754
1910.0,0.4239569481852524
1911.0,0.4234521505244457
1912.0,0.4238798385897472
1913.0,0.4239926530236477
1914.0,0.42361094387570475
1915.0,0.4242645509399912
1916.0,0.42571355089523527
1917.0,0.42610184044739796
1918.0,0.42576874411702426
1919.0,0.4261704334063097
1920.0,0.42661454001454246
1921.0,0.4262607585518241
1922.0,0.4263328226352857
1923.0,0.42576948642546897
1924.0,0.42542766092958784
1925.0,0.4244503129118044
1926.0,0.4249718124581027
1927.0,0.425638021589819
1928.0,0.42676407516219267
1929.0,0.4282320093262446
1930.0,0.4281449553864481
1931.0,0.4288033447215325
1932.0,0.43032304621005985
1933.0,0.43022754072109276
1934.0,0.43040838400661885
1935.0,0.4308608334635256
1936.0,0.43108557373214595
1937.0,0.43187317555685145
1938.0,0.4335621570715735
1939.0,0.43558258743807776
1940.0,0.4377864666912321
1941.0,0.43908892408428496
1942.0,0.43981932752848724
1943.0,0.44060811614303813
1944.0,0.43995021637220244
1945.0,0.43882980404305044
1946.0,0.43777372766443695
1947.0,0.4379589222279365
1948.0,0.4389007803419471
1949.0,0.4407921475945765
1950.0,0.4428905775876246
1951.0,0.4458794896288881
1952.0,0.4475050414257573
1953.0,0.4476790751296435
1954.0,0.44843871373761324
1955.0,0.4487295914176211
1956.0,0.4481229134096303
1957.0,0.44874793445991973
1958.0,0.44859033997636366
1959.0,0.44871946853470845
1960.0,0.44922378897361476
1961.0,0.4496792192512177
1962.0,0.4497645144684519
1963.0,0.4508482971488951
1964.0,0.45156789655699
1965.0,0.4521030750281286
1966.0,0.4539267142449218
1967.0,0.4543856108531381
1968.0,0.45383597321310043
1969.0,0.45491019246342135
1970.0,0.4553573160013255
1971.0,0.4552746768370694
1972.0,0.4562666712318643
1973.0,0.45831915198551126
1974.0,0.4597034225364472
1975.0,0.461099723102994
1976.0,0.4633075697403361
1977.0,0.4645325734345464
1978.0,0.4654672469944954
1979.0,0.46579501145125224
1980.0,0.4659570635867665
1981.0,0.4663001359748218
1982.0,0.4671928237874789
1983.0,0.46814365650566325
1984.0,0.4692224051390821
1985.0,0.4695683473936251
1986.0,0.4691344940163036
1987.0,0.4690110947322633
1988.0,0.46835658726107515
1989.0,0.46802440213241586
1990.0,0.46864101472088515
1991.0,0.47026195257245196
1992.0,0.47298216738847926
1993.0,0.4745540110161344
1994.0,0.4753612281480074
1995.0,0.47641996691036453
1996.0,0.47709656258189104
1997.0,0.47676842095489735
1998.0,0.47747407957648264
1999.0,0.47855269906279885
2000.0,0.4793603420217907
2001.0,0.48033623739655007
2002.0,0.48126168156810917
2003.0,0.48163390329727995
2004.0,0.4825877448112973
2005.0,0.48333713010671503
2006.0,0.4840328162360968
2007.0,0.4847765217973468
2008.0,0.48528745149706537
2009.0,0.48652661299687566
2010.0,0.48842668205101736
2011.0,0.48963252999259077
2012.0,0.4911295543475815
2013.0,0.4922095461575267
2014.0,0.49278960775987796
2015.0,0.49321592178468027
2016.0,0.4937299299148748
2017.0,0.4951124633038085
2018.0,0.4956449773636707
2019.0,0.4954797314368701
2020.0,0.49653545411722416
2021.0,0.4986215894666527
2022.0,0.5011178104347027
2023.0,0.503086912826434
2024.0,0.5044268759996919
2025.0,0.5047035262209504
2026.0,0.5051351523473897
2027.0,0.5055979056601728
2028.0,0.5057129579100798
2029.0,0.5056854935687599
2030.0,0.504864807211635
2031.0,0.5041148072627971
2032.0,0.5030570372741264
2033.0,0.5029182849972883
2034.0,0.5036977062594236
2035.0,0.5044993555772387
2036.0,0.5059978702201468
2037.0,0.5072885659255932
2038.0,0.5089358634172924
2039.0,0.5099835174785646
2040.0,0.5107564901211704
2041.0,0.5115017555410787
2042.0,0.5120152652217381
2043.0,0.5123744688932865
2044.0,0.5121935884570863
2045.0,0.5133787125539704
2046.0,0.5134700004913995
2047.0,0.5129239671131317
2048.0,0.5145816857874812
2049.0,0.5146271817595227
2050.0,0.515579829385558
2051.0,0.5179185016868664
2052.0,0.5187828245758994
2053.0,0.5188820608763915
2054.0,0.5195379232112902
2055.0,0.5196323024488706
2056.0,0.5200239864535432
2057.0,0.5205515002519598
2058.0,0.5211255046348041
2059.0,0.521809015901111
2060.0,0.5227951891212783
2061.0,0.5222753505554332
2062.0,0.523131339498866
2063.0,0.5238932698691542
2064.0,0.5225822583164248
2065.0,0.5242717241735815
2066.0,0.5252820861815037
2067.0,0.5257221920360764
2068.0,0.5259565949318572
2069.0,0.5267517201858504
2070.0,0.5272949406281582
2071.0,0.5279011127672811
2072.0,0.5293093232546555
2073.0,0.529560089915148
2074.0,0.5288179775556097
2075.0,0.5280368365155221
2076.0,0.5278303497965
2077.0,0.5282609662308136
2078.0,0.528678836927124
2079.0,0.5287426916940912
2080.0,0.5296351300029098
2081.0,0.5308500122698269
2082.0,0.5322752960725881
2083.0,0.5353001879184707
2084.0,0.5368896348635752
2085.0,0.5379958236451481
2086.0,0.538452691738382
2087.0,0.5374979400364278
2088.0,0.5376777364416042
2089.0,0.5377585804946842
2090.0,0.538289122994171
2091.0,0.5391105727190397
2092.0,0.5410107043401791
2093.0,0.540964120999448
2094.0,0.5397914200674687
2095.0,0.53920097401172
2096.0,0.5383858735767059
2097.0,0.5378909731197669
2098.0,0.5373941083871813
2099.0,0.5377646891587745
2100.0,0.5386889154934926
2101.0,0.5395309510599439
2102.0,0.5415813263562428
2103.0,0.5427298734459824
2104.0,0.5430513764373865
2105.0,0.543665538012223
2106.0,0.5442764567444112
2107.0,0.5445034111334793
2108.0,0.5454638008199043
2109.0,0.5465561390233998
2110.0,0.5472594763063193
2111.0,0.5474871988303007
2112.0,0.5481909251142161
2113.0,0.548560852732871
2114.0,0.5488609099464532
2115.0,0.5491585936566166
2116.0,0.550116215024964
2117.0,0.5516219609615024
2118.0,0.5520810221135152
2119.0,0.552584612088348
2120.0,0.5527448859633057
2121.0,0.5517533746489446
2122.0,0.5509776431420967
2123.0,0.5497119864894982
2124.0,0.5498936612326246
2125.0,0.5508843366654247
2126.0,0.5510527354745506
2127.0,0.5530494408318013
2128.0,0.5555592896417545
2129.0,0.5561933186281122
2130.0,0.5575841245937317
2131.0,0.5577222470494896
2132.0,0.5582274736621454
2133.0,0.5587687488140082
2134.0,0.5589757069907608
2135.0,0.5593526341929295
2136.0,0.5604985311637656
2137.0,0.5603264984273202
2138.0,0.5595244161353664
2139.0,0.5588295951035266
2140.0,0.5568620409170758
2141.0,0.5560491239694477
2142.0,0.5558067249643243
2143.0,0.5556660452905283
2144.0,0.5550789442758977
2145.0,0.5564189067906797
2146.0,0.5574629173362613
2147.0,0.5586643391333805
2148.0,0.5612183901222654
2149.0,0.5623607174227377
2150.0,0.5626864702555452
2151.0,0.5622761242374239
2152.0,0.5619620028870557
2153.0,0.5606311750771086
2154.0,0.5606704541281571
2155.0,0.5612201723611571
2156.0,0.5620573540187088
2157.0,0.5643091659427009
2158.0,0.5645746393478969
2159.0,0.5645607892858001
2160.0,0.5636421570790299
2161.0,0.5604231573537137
2162.0,0.5588388134250448
2163.0,0.5570152726258925
2164.0,0.5558138519150919
2165.0,0.5577134290671417
2166.0,0.5590029570941988
2167.0,0.5616500837205095
2168.0,0.5644037450061596
2169.0,0.5644315560766001
2170.0,0.5658349651189889
2171.0,0.5659225035021067
2172.0,0.5642294034397589
2173.0,0.5644307299514824
2174.0,0.5646727973696556
2175.0,0.5651400014338062
2176.0,0.567210757294119
2177.0,0.5680654519167604
2178.0,0.5687262197881865
2179.0,0.5688752035019894
2180.0,0.568355555285603
2181.0,0.5676717756126539
2182.0,0.5652865894399641
2183.0,0.5651015034210897
2184.0,0.566152695941325
2185.0,0.567260848434998
2186.0,0.5680077152429818
2187.0,0.5687455734781738
2188.0,0.5686475921500457
2189.0,0.5675848560020955
2190.0,0.5671006455796653
2191.0,0.566239158203471
2192.0,0.5644713725727315
2193.0,0.5631239138303107
2194.0,0.5629369596447353
2195.0,0.563893937733869
2196.0,0.5647218410473105
2197.0,0.566817777813788
2198.0,0.5672963744388447
2199.0,0.5680003427447169
2200.0,0.567429247325597
2201.0,0.564825976492176
2202.0,0.563401171720374
2203.0,0.5601037649343035
2204.0,0.5596104293062186
2205.0,0.5603794479450681
2206.0,0.563202840029171
2207.0,0.5674780912029208
2208.0,0.5700249463605468
2209.0,0.5717570721266648
2210.0,0.5727998397761658
2211.0,0.571729590275058
2212.0,0.5713706120521291
2213.0,0.5705271548474148
2214.0,0.5684514057241574
2215.0,0.5675636733334183
2216.0,0.5675262237754864
2217.0,0.5676582344947549
2218.0,0.5685151651745406
2219.0,0.569282526539566
2220.0,0.5701988114111571
2221.0,0.5711171774543964
2222.0,0.5727132869125802
2223.0,0.5735475986085498
2224.0,0.574298032020324
2225.0,0.5748211359979598
2226.0,0.5747919526066881
2227.0,0.5741633363675251
2228.0,0.5716624986953983
2229.0,0.5711613424467495
2230.0,0.5712099996508
2231.0,0.571955060073451
2232.0,0.5730670937414974
2233.0,0.5782146768003097
2234.0,0.5821155859475157
2235.0,0.5844088883998036
2236.0,0.5857715607659859
2237.0,0.585642799883681
2238.0,0.5831222852185514
2239.0,0.5810410601296798
2240.0,0.5809250045927836
2241.0,0.5803170234863495
2242.0,0.5805468684250356
2243.0,0.5804675773936282
2244.0,0.5789619489753117
2245.0,0.5787408238621026
2246.0,0.578838791774479
2247.0,0.5795110834180208
2248.0,0.5799085475043354
2249.0,0.5808734259690067
2250.0,0.5809148878324334
2251.0,0.5804017357908341
2252.0,0.5795356473369346
2253.0,0.5779304828991987
2254.0,0.5771736575228004
2255.0,0.5763264732250178
2256.0,0.5758619243267583
2257.0,0.5764564639172767
2258.0,0.5769996195194306
2259.0,0.5771706226998848
2260.0,0.5776948622014071
2261.0,0.5796784527014737
2262.0,0.5788508743198703
2263.0,0.5779242212913647
2264.0,0.5789894545334112
2265.0,0.5792242649445947
2266.0,0.5802885237688242
2267.0,0.5832637547006305
2268.0,0.5824847999685264
2269.0,0.5818459954574354
2270.0,0.5839127165651741
2271.0,0.5838641739881927
2272.0,0.5854385430007218
2273.0,0.5891881141992371
2274.0,0.5905806374073714
2275.0,0.5908209891173346
2276.0,0.5921424463088009
2277.0,0.5915463798481582
2278.0,0.5874223816298674
2279.0,0.5872216428303573
2280.0,0.5887125573657681
2281.0,0.5883838898895393
2282.0,0.5895146458422985
2283.0,0.5890744431443644
2284.0,0.5857343205235658
2285.0,0.5850525924964017
2286.0,0.5842952945592887
2287.0,0.5841276158627692
2288.0,0.5861468148645415
2289.0,0.5873062955585754
2290.0,0.5886273428712465
2291.0,0.5921599621781392
2292.0,0.597579397374055
2293.0,0.5995947009135362
2294.0,0.6031987898097311
2295.0,0.6019125784389826
2296.0,0.5945700814747436
2297.0,0.5890496976265303
2298.0,0.5867383694331315
2299.0,0.584576523555863
2300.0,0.5854638364654446
2301.0,0.5857513149350981
2302.0,0.5833687460355097
2303.0,0.5831050283447047
2304.0,0.581903811958462
2305.0,0.5820880691355975
2306.0,0.5856868987180798
2307.0,0.5881428335544585
2308.0,0.5897336252518564
2309.0,0.5935252455491529
2310.0,0.5942991985487875
2311.0,0.5903757165179914
2312.0,0.5873130279075524
2313.0,0.5828776714157964
2314.0,0.5799807201512567
2315.0,0.5799432162948972
2316.0,0.5815064745936623
2317.0,0.5861377314821697
2318.0,0.5891163054728805
2319.0,0.5885557453448926
2320.0,0.5885740776781575
2321.0,0.5862783555183115
2322.0,0.5881117456315229
2323.0,0.5918030420780006
2324.0,0.5950004273225805
2325.0,0.6024895833018769
2326.0,0.6037288824680058
2327.0,0.6007475513115541
2328.0,0.599380371476281
2329.0,0.5937828201584004
2330.0,0.591858353416247
2331.0,0.5930069772688147
2332.0,0.5941980568738924
2333.0,0.5974310089357492
2334.0,0.6002510670646228
2335.0,0.6015371995587289
2336.0,0.604567733908179
2337.0,0.6081078097930102
2338.0,0.6131171825280987
2339.0,0.6257712602573045
2340.0,0.628776146905275
2341.0,0.6279449132863788
2342.0,0.6243574068288231
2343.0,0.6083022197113117
2344.0,0.6022130428233479
2345.0,0.6008238372523648
2346.0,0.5987317436223444
2347.0,0.6001873935389336
2348.0,0.6023431351358409
2349.0,0.5998975317093916
2350.0,0.5966059653821245
2351.0,0.6005530314114494
2352.0,0.6043532782510828
2353.0,0.6083194796395687
2354.0,0.6181614748591443
2355.0,0.6199331109434292
2356.0,0.6196476986834727
2357.0,0.6241155915635371
2358.0,0.6241710189638943
2359.0,0.6265215135399055
2360.0,0.6283923364889203
2361.0,0.6226758678860593
2362.0,0.6181087300108665
2363.0,0.613264543348502
2364.0,0.6079152411342469
2365.0,0.6074452115781902
2366.0,0.6015479619520578
2367.0,0.5969067200238923
2368.0,0.5994751042676154
2369.0,0.6024180306223914
2370.0,0.6105075653861843
2371.0,0.6163461717030494
2372.0,0.6145070184173731
2373.0,0.608709386949686
2374.0,0.6055813746436726
2375.0,0.6055118451744225
2376.0,0.6077071442531871
2377.0,0.6171184548879514
2378.0,0.6169474381531953
2379.0,0.6136442360760096
2380.0,0.6118953895674747
2381.0,0.6042166310888167
2382.0,0.6060713892241648
2383.0,0.6096273855034463
2384.0,0.6125659881586817
2385.0,0.6145784068844244
2386.0,0.6064505788856401
2387.0,0.5988277376711632
2388.0,0.5942357255843729
2389.0,0.5899457951159744
2390.0,0.5884903131336945
2391.0,0.5954135883657684
2392.0,0.5971528386946058
2393.0,0.5910826116431428
2394.0,0.5968335632219389
2395.0,0.6014825207443542
2396.0,0.6004901419983871
2397.0,0.6045806223906482
2398.0,0.6023972463751651
2399.0,0.5953593836463502
2400.0,0.588101151708941
2401.0,0.5847925226375736
2402.0,0.5944337572898241
2403.0,0.5975724488709339
2404.0,0.5969366432067769
2405.0,0.6007297770689991
2406.0,0.5951638315111114
2407.0,0.5905869703290639
2408.0,0.5920669052027945
2409.0,0.5957900969017429
2410.0,0.5986472922894572
2411.0,0.602019901911759
2412.0,0.5997548332149347
2413.0,0.5870550902802848
2414.0,0.5823418481723102
2415.0,0.5819088267304536
2416.0,0.5857033588104171
2417.0,0.5940532219772499
2418.0,0.602537648359985
2419.0,0.6143627298766787
2420.0,0.6157876263541057
2421.0,0.6205177829284121
2422.0,0.6200760691902261
2423.0,0.6049242854819341
2424.0,0.5973180221882923
2425.0,0.5854890154373745
2426.0,0.5767644033464022
2427.0,0.5864976991317343
2428.0,0.6000645102422033
2429.0,0.6113637708329709
2430.0,0.6202602376333272
2431.0,0.6238501089390195
2432.0,0.6277744392388092
2433.0,0.633016814221039
2434.0,0.6425044196690165
2435.0,0.6382186665354452
2436.0,0.6200037858287535
2437.0,0.6144588055021635
2438.0,0.6001942737012251
2439.0,0.5851425100024471
2440.0,0.5822509234109462
2441.0,0.5585230118140968
2442.0,0.5349927147930122
2443.0,0.537161384292512
2444.0,0.5425977665509081
2445.0,0.5549286114217749
2446.0,0.5868074956030847
2447.0,0.6052776635557775
2448.0,0.6096523386322786
2449.0,0.6279659108731745
2450.0,0.632501672859125
2451.0,0.6249339865147079
2452.0,0.6179184275507037
2453.0,0.6001598940539675
2454.0,0.5991573874633545
2455.0,0.6140429881032058
2456.0,0.6195583785763743
2457.0,0.6212826805242154
2458.0,0.6255069247763334
2459.0,0.6146212107999585
2460.0,0.604788107850584
2461.0,0.606122735023592
2462.0,0.6026873094874918
2463.0,0.6006730315748661
2464.0,0.5898605050973529
2465.0,0.5716826912195018
2466.0,0.5486546765714435
2467.0,0.543857286075886
2468.0,0.5643100595942067
2469.0,0.594156791453101
2470.0,0.6308174193223445
2471.0,0.636193656101941
2472.0,0.6278428538065705
2473.0,0.5935706895190705
2474.0,0.5705844305103213
2475.0,0.5308755202433817
2476.0,0.5153091439267481
2477.0,0.5207231379428542
2478.0,0.5232825108892554
2479.0,0.5407584487229619
2480.0,0.5549835393958256
2481.0,0.5721002366276072
2482.0,0.5662984171153534
2483.0,0.5422813876513637
2484.0,0.538768559660172
2485.0,0.5281010866634007
2486.0,0.538191546807241
2487.0,0.5773083639976252
2488.0,0.5988330008431214
2489.0,0.6267821145862112
2490.0,0.638866441467054
2491.0,0.6419203226296261
2492.0,0.6496050198950993
2493.0,0.6451436499877979
2494.0,0.6316568062377353
2495.0,0.6184173991589765
2496.0,0.5972066535390473
2497.0,0.5569127274780136
2498.0,0.5420493178348231
2499.0,0.5337462788878896
2500.0,0.5397864831742335
