350.0,-0.14113389186278558
351.0,-0.09385122601997019
352.0,-0.10376547998548034
353.0,-0.07386790465626046
354.0,-0.06713562975371387
355.0,-0.06679914234632221
356.0,-0.05659776395452852
357.0,-0.07895227086554471
358.0,-0.03663559427379196
359.0,0.004625893173378386
360.0,-0.02420123971827433
361.0,-0.031152286035552274
362.0,-0.01500983815642137
363.0,4.0386819834741296e-05
364.0,-0.012810271742334137
365.0,-0.01774151436838663
366.0,0.007445904327433983
367.0,0.03456704339503818
368.0,0.016417404744957693
369.0,0.007516717696501769
370.0,-0.010973656007588694
371.0,-0.02766457157618105
372.0,0.009632022161731132
373.0,0.013310817653799803
374.0,0.007359266861303717
375.0,0.014893203870165345
376.0,0.02370917858969616
377.0,0.012094539713950097
378.0,0.0010272722569199494
379.0,0.006997902707156775
380.0,0.005563225640271379
381.0,0.011107767205924716
382.0,0.02571628421266823
383.0,0.04165445799958161
384.0,0.03220260218381084
385.0,0.01895597921658054
386.0,0.01690886799988353
387.0,0.02915346187439795
388.0,0.023494547704484513
389.0,0.020876470609791687
390.0,0.02854233044231921
391.0,0.03625620705563821
392.0,0.03424345333559791
393.0,0.02891032719107337
394.0,0.028061682483882737
395.0,0.03828463942390277
396.0,0.03029135089781279
397.0,0.024494496242321494
398.0,0.03325107649980596
399.0,0.021445938862661575
400.0,0.02476820830485991
401.0,0.034668909673029366
402.0,0.03486713802449428
403.0,0.042620039061465366
404.0,0.03475579475594791
405.0,0.024167917191937182
406.0,0.03743172332279157
407.0,0.03671782224091512
408.0,0.03601963212375045
409.0,0.03945057079779368
410.0,0.037604137971170314
411.0,0.03167142032792879
412.0,0.030411708890391593
413.0,0.03607745313606081
414.0,0.038777842048961134
415.0,0.0386086615320868
416.0,0.036467453979542604
417.0,0.03518373968560713
418.0,0.04283145086997378
419.0,0.041582817979168636
420.0,0.037684332708968066
421.0,0.04393401630816162
422.0,0.04527116984708858
423.0,0.0433797031152981
424.0,0.04101046294888685
425.0,0.04047093043211299
426.0,0.03907526686615923
427.0,0.03886342547568665
428.0,0.04041039144731885
429.0,0.041087258861183126
430.0,0.04347203362400624
431.0,0.045483900656205015
432.0,0.04503573652335444
433.0,0.04299432098216116
434.0,0.04271294282869582
435.0,0.04374505503099223
436.0,0.044041797756706164
437.0,0.043629759817845726
438.0,0.04476975425578675
439.0,0.0462309564359911
440.0,0.043956921160059656
441.0,0.04116900981613543
442.0,0.04134086061525925
443.0,0.044767452691729374
444.0,0.046429499058785316
445.0,0.0460226072769499
446.0,0.04423690389675246
447.0,0.04232941596099183
448.0,0.041630097536334086
449.0,0.04227034940595003
450.0,0.04356068250548028
451.0,0.04444362606169996
452.0,0.045043296266426856
453.0,0.045053723385877785
454.0,0.04439279604809625
455.0,0.04329272794707237
456.0,0.042630657045132136
457.0,0.04261057826828888
458.0,0.04330872657654106
459.0,0.04513599521832951
460.0,0.04631184550282832
461.0,0.04627311464636973
462.0,0.045189323216543974
463.0,0.0435683749978818
464.0,0.043773036556252316
465.0,0.04561570308981099
466.0,0.04664233270552504
467.0,0.046353641259934776
468.0,0.04511898052358797
469.0,0.043896903902446244
470.0,0.04443450739301949
471.0,0.043648024875519525
472.0,0.04356508961213431
473.0,0.04606729279612748
474.0,0.0459786599902014
475.0,0.046313550708591
476.0,0.04663937197201677
477.0,0.044620163045785276
478.0,0.04375885127452139
479.0,0.04461626344906344
480.0,0.04591537444490229
481.0,0.04432893796819664
482.0,0.04509817241610889
483.0,0.04704855161135411
484.0,0.0475791422106418
485.0,0.04501024737686935
486.0,0.04444519349201275
487.0,0.04539901638363144
488.0,0.0447334222813479
489.0,0.04547248799701971
490.0,0.04698106017128563
491.0,0.04782728610361756
492.0,0.04612607417919714
493.0,0.04489740066153507
494.0,0.044531642338112284
495.0,0.04487791490733897
496.0,0.046387291119147016
497.0,0.04729426340901483
498.0,0.04719792346955929
499.0,0.046586986895708934
500.0,0.04665972085698108
501.0,0.04675628223491476
502.0,0.04651818177931703
503.0,0.04615326077208211
504.0,0.046327811530176344
505.0,0.04677838413040379
506.0,0.047062414573088115
507.0,0.046905009974321135
508.0,0.04626402470511576
509.0,0.0458913002864409
510.0,0.04657752041248076
511.0,0.0467170680607062
512.0,0.04732873795285781
513.0,0.048141362975039965
514.0,0.04725313557401313
515.0,0.04675858206287218
516.0,0.04699289673258928
517.0,0.04743114187519624
518.0,0.04619343896079912
519.0,0.04610372867641153
520.0,0.04696534594498632
521.0,0.0471848042349706
522.0,0.046654913181495714
523.0,0.04675481712476963
524.0,0.04742780979053763
525.0,0.04677961414092527
526.0,0.046760002365066784
527.0,0.04698817008454994
528.0,0.04693902941954836
529.0,0.0473543094267379
530.0,0.047606262480056956
531.0,0.04772438089930417
532.0,0.047995249554736
533.0,0.04765987495763811
534.0,0.04737296291417425
535.0,0.04756116200673012
536.0,0.04815987773646114
537.0,0.0480097114297819
538.0,0.047649438884053735
539.0,0.04777226377383709
540.0,0.047907924089261644
541.0,0.04816655264408992
542.0,0.04817435766399657
543.0,0.04745794410098358
544.0,0.04768657518899212
545.0,0.04831457275549184
546.0,0.04868265408769091
547.0,0.048427982594603604
548.0,0.048060737462751905
549.0,0.04798760975510628
550.0,0.0483163921457622
551.0,0.048079195369326935
552.0,0.04810827990555807
553.0,0.0484175060295565
554.0,0.04838298951979684
555.0,0.048799117515014395
556.0,0.04899790197671299
557.0,0.04864457460345516
558.0,0.04852802386009245
559.0,0.04878123385909153
560.0,0.049050549642997446
561.0,0.04889054612621284
562.0,0.04857190773691217
563.0,0.04859317258262853
564.0,0.04891500206871283
565.0,0.04896072231900823
566.0,0.04938261499281524
567.0,0.04959319149311429
568.0,0.04923200724985516
569.0,0.049214312808041775
570.0,0.04918865852814006
571.0,0.049168203142896806
572.0,0.04931106569805046
573.0,0.04953296420246619
574.0,0.04959676227609257
575.0,0.04949400320907574
576.0,0.0495455511716219
577.0,0.04956916742880642
578.0,0.04969215768583454
579.0,0.04996826351232487
580.0,0.049895637255203636
581.0,0.04987624014625278
582.0,0.04993778844292772
583.0,0.04985817606876106
584.0,0.04979831782527739
585.0,0.05002640766790733
586.0,0.050419011829684876
587.0,0.050063119209645617
588.0,0.05009576338220595
589.0,0.050277853216428504
590.0,0.050108691625740574
591.0,0.050286404920838176
592.0,0.050630836079629524
593.0,0.050854050032062746
594.0,0.050641025595825534
595.0,0.05059597008599551
596.0,0.0507017337810564
597.0,0.05086614971579562
598.0,0.05120488143192567
599.0,0.05126009679626031
600.0,0.05120116946579176
601.0,0.051419153715100814
602.0,0.05135429539385938
603.0,0.051143546534777706
604.0,0.05091090313088663
605.0,0.050647949121884125
606.0,0.05112445507995813
607.0,0.05176221179613065
608.0,0.051878507641706095
609.0,0.051931256772398245
610.0,0.05186791677474283
611.0,0.05171121392031843
612.0,0.05156385842173025
613.0,0.05177295275235842
614.0,0.05206788005529251
615.0,0.05219611693965418
616.0,0.05207971958462769
617.0,0.05257833650932846
618.0,0.052961612590893124
619.0,0.05232850350882725
620.0,0.05238484524987478
621.0,0.05273841622055349
622.0,0.05294708738813094
623.0,0.052690554464437545
624.0,0.052907380028820665
625.0,0.05308958046789046
626.0,0.05283057204093884
627.0,0.05298214043842022
628.0,0.053115051479899936
629.0,0.05322328105443987
630.0,0.05348062437212999
631.0,0.053505384093551704
632.0,0.053672922250797825
633.0,0.05400104760887057
634.0,0.05381295148996856
635.0,0.05366928025618632
636.0,0.05378914550856226
637.0,0.05416480160223502
638.0,0.0543431225540097
639.0,0.054326761469280574
640.0,0.05433839146312898
641.0,0.05470863561610507
642.0,0.05458290674115945
643.0,0.05454159101905707
644.0,0.05496463256592904
645.0,0.05522177363177626
646.0,0.05529171444605808
647.0,0.05523084791817532
648.0,0.05514210496782298
649.0,0.05493255125282092
650.0,0.05513157697258013
651.0,0.05570687811426746
652.0,0.055914389575803664
653.0,0.05609410969638821
654.0,0.05621454300468403
655.0,0.05622056492530316
656.0,0.05619946745557479
657.0,0.056458614121357255
658.0,0.05673281086673728
659.0,0.056496839654987585
660.0,0.056540375752369136
661.0,0.05672418107012961
662.0,0.05689117855474411
663.0,0.057065528870677944
664.0,0.05734391554466081
665.0,0.05746665335489436
666.0,0.057250903312613635
667.0,0.057400336733523176
668.0,0.05772455937644581
669.0,0.05802843018370143
670.0,0.058155468410984366
671.0,0.057995061964665744
672.0,0.05812854431075545
673.0,0.05877779116962677
674.0,0.058981550550541884
675.0,0.05916782900136378
676.0,0.059307879078034434
677.0,0.05922209130657457
678.0,0.0590109761054046
679.0,0.05911877108510725
680.0,0.05948929604159307
681.0,0.05940857659381327
682.0,0.0596824554672166
683.0,0.0599593484528488
684.0,0.0598614129569824
685.0,0.05993100525219535
686.0,0.06004215088210631
687.0,0.06022063168493296
688.0,0.06056233652751847
689.0,0.06087235495899772
690.0,0.06096053093018987
691.0,0.06088189321185781
692.0,0.06111584677541529
693.0,0.06132618163444875
694.0,0.06140204290171649
695.0,0.061410826795258174
696.0,0.06192222421680376
697.0,0.06218324331103365
698.0,0.06212211536256042
699.0,0.0623093541087428
700.0,0.06257078963866451
701.0,0.06280301241650946
702.0,0.06296709286964763
703.0,0.06318175482046488
704.0,0.063177042041195
705.0,0.06317309339462987
706.0,0.06350835974185161
707.0,0.06382897968120796
708.0,0.06415915652540248
709.0,0.06436717597689759
710.0,0.06412801520528519
711.0,0.06449612229849086
712.0,0.06493054453752303
713.0,0.06490898348937105
714.0,0.06514968825075804
715.0,0.0653098336371002
716.0,0.06539267620049112
717.0,0.065578012249786
718.0,0.06581065877930418
719.0,0.06606352372812045
720.0,0.06627365573269385
721.0,0.06631321133119547
722.0,0.0667885200541763
723.0,0.06719865794240101
724.0,0.06706708736751613
725.0,0.06721683489046591
726.0,0.06756681313344638
727.0,0.06786627256896009
728.0,0.06782386420863401
729.0,0.06798705011503038
730.0,0.06837200718245248
731.0,0.06883074122396465
732.0,0.06906670242022421
733.0,0.06924414996095177
734.0,0.06950917046270791
735.0,0.06990448013631327
736.0,0.07003221223030372
737.0,0.07016890124341772
738.0,0.07038374809550568
739.0,0.07054800936994464
740.0,0.07056013782277343
741.0,0.07079454563578087
742.0,0.07135284291824179
743.0,0.07163453086339167
744.0,0.07168653908626695
745.0,0.07173800297312977
746.0,0.07203721077214612
747.0,0.07247587003991825
748.0,0.07275802366438046
749.0,0.07288704953506807
750.0,0.07314518671429705
751.0,0.07344146583209632
752.0,0.0737727393717227
753.0,0.0740964997265723
754.0,0.07423839829038076
755.0,0.07446305059507276
756.0,0.07477036876965502
757.0,0.07506799949403098
758.0,0.07537850856461362
759.0,0.07572220452365765
760.0,0.07602185323415109
761.0,0.07613359663935865
762.0,0.07650603334228176
763.0,0.07690144591783617
764.0,0.07714176438156561
765.0,0.07750812011827381
766.0,0.07784354764794112
767.0,0.07809239653889956
768.0,0.07829496489621235
769.0,0.07882991766268434
770.0,0.07915441937439799
771.0,0.07924514558736176
772.0,0.07960987485400292
773.0,0.07997595888995401
774.0,0.08030950338330008
775.0,0.08059320778557277
776.0,0.08074488734653393
777.0,0.08091494506795469
778.0,0.08122672203307835
779.0,0.08172159876407928
780.0,0.08212987432286953
781.0,0.0824601528209213
782.0,0.082748690057013
783.0,0.08304170546043538
784.0,0.08335176065041613
785.0,0.08362286579852359
786.0,0.08387194307548043
787.0,0.08427466983365466
788.0,0.08486877349172842
789.0,0.08534298808626611
790.0,0.0854411556878263
791.0,0.08568176732900744
792.0,0.08609610047926043
793.0,0.08656648262845883
794.0,0.08690007851865657
795.0,0.08728843603837837
796.0,0.08764637800542568
797.0,0.08793911354625243
798.0,0.08827509731283553
799.0,0.08864759071595456
800.0,0.08897965405053254
801.0,0.0892565722614331
802.0,0.08975978910960095
803.0,0.09035808621605279
804.0,0.09084824819198507
805.0,0.09104380484724106
806.0,0.09114566387127832
807.0,0.0914609754333332
808.0,0.09198542053593028
809.0,0.09232629906569853
810.0,0.09272426170724724
811.0,0.09319519567011576
812.0,0.09363779661043245
813.0,0.09373428128588587
814.0,0.09409122379446526
815.0,0.09465010033369779
816.0,0.09510560463900408
817.0,0.09557203974916806
818.0,0.0960150839834856
819.0,0.09645017109264485
820.0,0.0969196844927811
821.0,0.09710314456873323
822.0,0.09751206243278941
823.0,0.09823313579236044
824.0,0.09836556624413273
825.0,0.09875824469308979
826.0,0.09935642143528185
827.0,0.09988729953579573
828.0,0.10032986017147734
829.0,0.10066408135598419
830.0,0.10102574375556757
831.0,0.10155848779477826
832.0,0.10178565355119165
833.0,0.10217354655956647
834.0,0.10282125031161049
835.0,0.10333872287903156
836.0,0.10373281886755724
837.0,0.10409009032883508
838.0,0.10447223406581904
839.0,0.10481563795428961
840.0,0.10557944823507771
841.0,0.10635085283759889
842.0,0.10664367757507522
843.0,0.10687451199208965
844.0,0.10731048780752704
845.0,0.10789196647915497
846.0,0.10839782462292426
847.0,0.10913118476121686
848.0,0.10962965655111151
849.0,0.1098383786037469
850.0,0.11022262732007519
851.0,0.11074855867589843
852.0,0.1113064543353471
853.0,0.11176149416786543
854.0,0.11194997051361466
855.0,0.11265701953976358
856.0,0.1134695149784568
857.0,0.11380523087580255
858.0,0.11390725441732762
859.0,0.11433311083523771
860.0,0.1150019090762244
861.0,0.11554896184894432
862.0,0.11634057798813853
863.0,0.11696009468193283
864.0,0.11735424178170648
865.0,0.11785761657751077
866.0,0.11861729443430372
867.0,0.11918149298625269
868.0,0.11944985586620992
869.0,0.11998834919314288
870.0,0.12078302182095815
871.0,0.12154133422763697
872.0,0.1220006194763384
873.0,0.12213227240055065
874.0,0.1227652024995695
875.0,0.12359302189231453
876.0,0.12405211593284703
877.0,0.12451584224369384
878.0,0.1252339638989703
879.0,0.12596056675091796
880.0,0.1262818771492052
881.0,0.12688037035252225
882.0,0.12738218674610485
883.0,0.12783040457635664
884.0,0.12868322732958626
885.0,0.1292804538893395
886.0,0.12963088643345969
887.0,0.12996948669599798
888.0,0.1306750134131213
889.0,0.13138046576720402
890.0,0.13197453766656142
891.0,0.13249046270519874
892.0,0.13316289936621256
893.0,0.13358504758604156
894.0,0.13383653739598222
895.0,0.13424862855440223
896.0,0.13543733443549913
897.0,0.1362935922404071
898.0,0.13682931566990092
899.0,0.13751578116666133
900.0,0.13792395207981267
901.0,0.13849280328279953
902.0,0.1392495569776794
903.0,0.1399235853618308
904.0,0.140660535199322
905.0,0.14143761092229457
906.0,0.14210891354590888
907.0,0.14246972800795107
908.0,0.14285872017500675
909.0,0.1437282031722611
910.0,0.14476150342853408
911.0,0.14467704927038233
912.0,0.14550156691767097
913.0,0.1464415251178915
914.0,0.1468767525229922
915.0,0.14770251031222448
916.0,0.1486547386361323
917.0,0.1492402663226253
918.0,0.14936496384549866
919.0,0.15019379311102807
920.0,0.15054526113094618
921.0,0.15100358943185066
922.0,0.15223809577931502
923.0,0.15303890418518387
924.0,0.15386792873058525
925.0,0.1544477384594747
926.0,0.15458640000081236
927.0,0.15593978807519693
928.0,0.15679986376632404
929.0,0.15711098122741854
930.0,0.15774309434787961
931.0,0.15840725138471726
932.0,0.15922285776145315
933.0,0.16013674618956023
934.0,0.16093812092592855
935.0,0.16135503950290705
936.0,0.16179815666149136
937.0,0.1624490766820702
938.0,0.16323409788909662
939.0,0.1643756438496044
940.0,0.1652093899655344
941.0,0.1656531901032913
942.0,0.1663235268223075
943.0,0.16734845080765737
944.0,0.1682391030254602
945.0,0.16893246882948645
946.0,0.16990618531007687
947.0,0.16973018931853345
948.0,0.17041114932792967
949.0,0.1720664656202322
950.0,0.17167527277943584
951.0,0.1725254437331538
952.0,0.1737692033841914
953.0,0.17438770968609654
954.0,0.17446294012781463
955.0,0.17552191623042607
956.0,0.1767594646546736
957.0,0.17748175966212282
958.0,0.1781356706368942
959.0,0.17904127132338693
960.0,0.17983524897200415
961.0,0.18052262479736905
962.0,0.18205660780708302
963.0,0.18323719757696957
964.0,0.18350407136973626
965.0,0.1833496488447837
966.0,0.18478041482729168
967.0,0.18609927085310518
968.0,0.1862071797180577
969.0,0.1856078061758466
970.0,0.1873791835349452
971.0,0.18825662090834633
972.0,0.18861432438824918
973.0,0.18931660596053387
974.0,0.19026093817472148
975.0,0.19155682724192372
976.0,0.19232915457376318
977.0,0.1924397703601071
978.0,0.19348485003078256
979.0,0.1943621652972776
980.0,0.195108836598356
981.0,0.19598402708283055
982.0,0.1971235072448351
983.0,0.19717982432901174
984.0,0.19781205177868164
985.0,0.19950492216750332
986.0,0.19969798443306894
987.0,0.20130763917097994
988.0,0.20205896947772953
989.0,0.2012409906483756
990.0,0.2021388787639408
991.0,0.20420601507461678
992.0,0.20541777543418807
993.0,0.20533089756482875
994.0,0.20603985137652883
995.0,0.20737334151539638
996.0,0.20793169974962988
997.0,0.20816662984716547
998.0,0.21054744039319473
999.0,0.21173494979964344
1000.0,0.21294662705802564
1001.0,0.22121474724093076
1002.0,0.22452814530040896
1003.0,0.22629728234149532
1004.0,0.22747977863859775
1005.0,0.22572873740116683
1006.0,0.227682451291015
1007.0,0.23152101188103869
1008.0,0.23102356350201392
1009.0,0.23331046593740498
1010.0,0.23487321035870132
1011.0,0.2314105821023285
1012.0,0.22928162232799432
1013.0,0.22897951264205824
1014.0,0.22952917947973614
1015.0,0.2321568229330348
1016.0,0.23298634385155922
1017.0,0.23292549919678018
1018.0,0.2356633066452546
1019.0,0.23882617970095993
1020.0,0.23958174863893253
1021.0,0.24301277804556246
1022.0,0.24488507958705577
1023.0,0.24404294962171247
1024.0,0.2460219926334536
1025.0,0.24769316655976678
1026.0,0.24760903184922048
1027.0,0.2471574698133757
1028.0,0.24610713721560157
1029.0,0.24558277203232232
1030.0,0.24516830196921854
1031.0,0.24554737340762964
1032.0,0.24563451587824317
1033.0,0.24623148473341744
1034.0,0.24645183557031025
1035.0,0.24521358271622434
1036.0,0.24745774265006598
1037.0,0.25151415100670965
1038.0,0.2541510253395223
1039.0,0.25824830516012937
1040.0,0.2607542088973718
1041.0,0.25895248965754203
1042.0,0.25777490904752154
1043.0,0.2580325413169643
1044.0,0.2591894760773128
1045.0,0.25892007278063367
1046.0,0.26001786293323154
1047.0,0.261583664002113
1048.0,0.2631828743071385
1049.0,0.2665761042857698
1050.0,0.26727594046536474
1051.0,0.26881850682800723
1052.0,0.2702225753872751
1053.0,0.26836883012461976
1054.0,0.2706354778639717
1055.0,0.2726074838182234
1056.0,0.2734236363681006
1057.0,0.2730324171527959
1058.0,0.2753663111941969
1059.0,0.2756226367275821
1060.0,0.275723484511483
1061.0,0.2779572485981301
1062.0,0.2786718720507094
1063.0,0.28008842308699516
1064.0,0.28232145836594963
1065.0,0.2830039869538099
1066.0,0.2833907463498336
1067.0,0.28390836263717356
1068.0,0.28417057155046155
1069.0,0.28462650186580885
1070.0,0.2859414561724855
1071.0,0.2869895713275672
1072.0,0.28807296834960533
1073.0,0.28878000828717726
1074.0,0.2891246136328476
1075.0,0.28880283552801833
1076.0,0.28854195298595586
1077.0,0.28897675843587634
1078.0,0.29075388993129975
1079.0,0.29332585285160095
1080.0,0.29543171492683395
1081.0,0.29783939015540045
1082.0,0.2992524058937942
1083.0,0.2990200472811413
1084.0,0.29938565974650394
1085.0,0.2992215798300733
1086.0,0.2996177511845296
1087.0,0.299946712833563
1088.0,0.30110326839860846
1089.0,0.3033481386485285
1090.0,0.30494394928661817
1091.0,0.30585998147949733
1092.0,0.30755778194478345
1093.0,0.3081480951272188
1094.0,0.30901458817649885
1095.0,0.3112045206807373
1096.0,0.313104181163589
1097.0,0.3140763878361684
1098.0,0.31462130827806756
1099.0,0.31551040998482965
1100.0,0.3157832294781871
1101.0,0.3163145777971097
1102.0,0.3171324709534675
1103.0,0.31838183964695904
1104.0,0.31951361155504054
1105.0,0.3214718420822779
1106.0,0.32322282458087137
1107.0,0.3248425409245906
1108.0,0.32606026393770504
1109.0,0.3267621083533363
1110.0,0.327757559789785
1111.0,0.32837862840252424
1112.0,0.32915250089571546
1113.0,0.3292660693345945
1114.0,0.33037065627944506
1115.0,0.3326212863766395
1116.0,0.334006019926303
1117.0,0.335386692520909
1118.0,0.33666533757128503
1119.0,0.33764398223667286
1120.0,0.3379551685473657
1121.0,0.3389233733843074
1122.0,0.34026763633685514
1123.0,0.34130360590316655
1124.0,0.34271418161645656
1125.0,0.34417465820029414
1126.0,0.34536096526868937
1127.0,0.3467067954387998
1128.0,0.34832130070735084
1129.0,0.3493001944455131
1130.0,0.3497953377897594
1131.0,0.3507609777567728
1132.0,0.3514503286086238
1133.0,0.35241624368814894
1134.0,0.35336383665926746
1135.0,0.3556550488690592
1136.0,0.357295374491382
1137.0,0.35835658019594624
1138.0,0.35989165685260494
1139.0,0.3600161634949052
1140.0,0.36087971708136646
1141.0,0.3625869743930427
1142.0,0.36389940606561655
1143.0,0.3658431952072664
1144.0,0.36728197043214744
1145.0,0.3680557244925003
1146.0,0.36912668964558637
1147.0,0.3701531412157777
1148.0,0.3713400376751036
1149.0,0.3725752648581294
1150.0,0.37404464017253486
1151.0,0.37542915908442626
1152.0,0.37712193373138436
1153.0,0.378684239415345
1154.0,0.3802997983060158
1155.0,0.3815599797307853
1156.0,0.38227160062245535
1157.0,0.3835132961740865
1158.0,0.3849169697427788
1159.0,0.385892002933473
1160.0,0.3871358336903144
1161.0,0.38791348544653953
1162.0,0.38766388367526244
1163.0,0.38827787506463285
1164.0,0.38902256492203413
1165.0,0.3901245435668405
1166.0,0.3918237516510427
1167.0,0.3933182698201753
1168.0,0.39511876770205157
1169.0,0.39716175179146834
1170.0,0.3982518713855207
1171.0,0.39936233474850985
1172.0,0.40036164484104697
1173.0,0.40065443149720475
1174.0,0.4016025706246923
1175.0,0.4028897385753762
1176.0,0.4040330011688225
1177.0,0.4054768330358404
1178.0,0.406420323029145
1179.0,0.4070907898545113
1180.0,0.4080693039280059
1181.0,0.4089566035002963
1182.0,0.40970948944414026
1183.0,0.4106059645574295
1184.0,0.41138480588203147
1185.0,0.412001301227415
1186.0,0.4131257382469443
1187.0,0.4148890203066142
1188.0,0.41781565171027735
1189.0,0.41935295084111235
1190.0,0.4209252598004017
1191.0,0.4221337563605595
1192.0,0.42206690963848303
1193.0,0.4231169041613744
1194.0,0.42469144050954766
1195.0,0.4261863467276434
1196.0,0.42826698859664075
1197.0,0.4298360362518798
1198.0,0.4312903352529409
1199.0,0.43253799033342083
1200.0,0.4334484394784612
1201.0,0.43428926985995253
1202.0,0.4350163703024957
1203.0,0.4357685739294521
1204.0,0.43681482968583885
1205.0,0.43794446380671026
1206.0,0.43918436064443805
1207.0,0.4409366676223666
1208.0,0.4420950722878201
1209.0,0.4430722689999264
1210.0,0.44397013509469313
1211.0,0.4439863337579331
1212.0,0.44515156282292623
1213.0,0.4473040982400098
1214.0,0.4486935320008169
1215.0,0.450301533777294
1216.0,0.45181389390528753
1217.0,0.45313904260814697
1218.0,0.4537223660615718
1219.0,0.4550352596390647
1220.0,0.4570090565833114
1221.0,0.45847107501912954
1222.0,0.459842312852595
1223.0,0.461153738918721
1224.0,0.4623013175977251
1225.0,0.46350097008380303
1226.0,0.46475728727884225
1227.0,0.4657693277658823
1228.0,0.4664148336069014
1229.0,0.46751398713929404
1230.0,0.46859668918663766
1231.0,0.46981988419000825
1232.0,0.4713000986637577
1233.0,0.47316185803658334
1234.0,0.47457613808739835
1235.0,0.47595366787072907
1236.0,0.47718989474463597
1237.0,0.47836752923493553
1238.0,0.47928762077017095
1239.0,0.4798170762897307
1240.0,0.4808183192580803
1241.0,0.4816976933858636
1242.0,0.483024188812662
1243.0,0.4849055564160588
1244.0,0.4864732714882629
1245.0,0.4882405258920776
1246.0,0.4897220282656567
1247.0,0.4912518943624483
1248.0,0.49238498873037556
1249.0,0.4929211227670342
1250.0,0.4937709248627309
1251.0,0.4944636088452712
1252.0,0.49500226323100693
1253.0,0.49632239821650853
1254.0,0.4984214856359601
1255.0,0.4997357114813651
1256.0,0.5010929797369332
1257.0,0.502423605377916
1258.0,0.5030642291219765
1259.0,0.5045522741657514
1260.0,0.5071633567591356
1261.0,0.5085626418839275
1262.0,0.5096711337700768
1263.0,0.5106795623279596
1264.0,0.5105140837655806
1265.0,0.5112938451260942
1266.0,0.5125409337578015
1267.0,0.5139316622200802
1268.0,0.5159050066709259
1269.0,0.5178012341904086
1270.0,0.5191702450963194
1271.0,0.520380421996046
1272.0,0.5216158536892361
1273.0,0.5224383480655967
1274.0,0.5234884340727344
1275.0,0.524600509300162
1276.0,0.5259320268215122
1277.0,0.5273684215327681
1278.0,0.5286602786694365
1279.0,0.530328031658617
1280.0,0.5315798340664859
1281.0,0.5322429624949728
1282.0,0.5332983680584599
1283.0,0.5344795988787785
1284.0,0.5355972637866606
1285.0,0.5368008241214876
1286.0,0.5380317382726129
1287.0,0.5390562509900317
1288.0,0.5403744940919125
1289.0,0.5417647867534143
1290.0,0.5432649960613305
1291.0,0.5449265853814581
1292.0,0.5469302374753383
1293.0,0.5484993373917671
1294.0,0.5501592657501374
1295.0,0.5514586238523069
1296.0,0.5521279959274666
1297.0,0.5533399995854272
1298.0,0.5547890582506805
1299.0,0.5559862208601261
1300.0,0.5571062658775866
1301.0,0.5584798334295884
1302.0,0.5598735213517001
1303.0,0.5611756362234304
1304.0,0.5625813812312491
1305.0,0.5641388973418777
1306.0,0.5657201077833637
1307.0,0.5671881485160998
1308.0,0.5685919430202078
1309.0,0.57030955896775
1310.0,0.5715096483697889
1311.0,0.5722916458571204
1312.0,0.5731344436300566
1313.0,0.5735095631064997
1314.0,0.5747210271359917
1315.0,0.5761929989480234
1316.0,0.5777079002570181
1317.0,0.5801168863773906
1318.0,0.5816974450336685
1319.0,0.5825698873901425
1320.0,0.5839352685920587
1321.0,0.5853726060154155
1322.0,0.5866993881829551
1323.0,0.5884439967202852
1324.0,0.5897281289466422
1325.0,0.5902626763326821
1326.0,0.5912771491585854
1327.0,0.5924060265300917
1328.0,0.5936107381385778
1329.0,0.5946901949537314
1330.0,0.5959453353338607
1331.0,0.5971605014128809
1332.0,0.5981227673387592
1333.0,0.5993394060166131
1334.0,0.6008979321637575
1335.0,0.6022273264954595
1336.0,0.6035174720876841
1337.0,0.6046958109349426
1338.0,0.6057771939569327
1339.0,0.6068781362299319
1340.0,0.6077762363543783
1341.0,0.6088832914851594
1342.0,0.6101931377138029
1343.0,0.6113693072562596
1344.0,0.6125496512238806
1345.0,0.6137563419519041
1346.0,0.6148247865974906
1347.0,0.616011485083578
1348.0,0.6173179589037918
1349.0,0.6187452452898201
1350.0,0.6201812317901768
1351.0,0.6217155314103137
1352.0,0.62323306169334
1353.0,0.6247703279130832
1354.0,0.6263083842814413
1355.0,0.6279451733928575
1356.0,0.6294535784035735
1357.0,0.631065270869174
1358.0,0.6323384023258107
1359.0,0.6331325947726597
1360.0,0.6343475181415771
1361.0,0.6356502405027654
1362.0,0.6368845920574662
1363.0,0.6383995913012454
1364.0,0.6397306950341326
1365.0,0.640875511785302
1366.0,0.6418859740955053
1367.0,0.6427741698292498
1368.0,0.6437360861376075
1369.0,0.644617261356814
1370.0,0.6452185069120192
1371.0,0.6462947769097049
1372.0,0.6478040635005542
1373.0,0.6486811687231692
1374.0,0.6492226043390682
1375.0,0.6503942505522685
1376.0,0.6514039458624498
1377.0,0.6527284749811733
1378.0,0.6548500634824734
1379.0,0.6565158935573121
1380.0,0.657940583155946
1381.0,0.6594570988414523
1382.0,0.6612802330951655
1383.0,0.6626196727027327
1384.0,0.6635245107472018
1385.0,0.6645913765219621
1386.0,0.665437476839285
1387.0,0.666347725258173
1388.0,0.6673831242699731
1389.0,0.6684087153510855
1390.0,0.6693684884045717
1391.0,0.6703400319362763
1392.0,0.6714496984379092
1393.0,0.6726895277021138
1394.0,0.6738546245232088
1395.0,0.6752117205986311
1396.0,0.6761596563255192
1397.0,0.6767407366625625
1398.0,0.6777485649506869
1399.0,0.6787167175357826
1400.0,0.679732044553129
1401.0,0.6811094797805508
1402.0,0.6822288317189624
1403.0,0.6832039775034835
1404.0,0.6841539047386733
1405.0,0.6851491548361529
1406.0,0.6859484782043999
1407.0,0.6864682448262122
1408.0,0.6870828768424675
1409.0,0.6874508539031424
1410.0,0.6882237837921578
1411.0,0.689309909725361
1412.0,0.690313096614069
1413.0,0.6916152153488934
1414.0,0.6926680932905884
1415.0,0.6936038902357066
1416.0,0.694776923791101
1417.0,0.6958938920297951
1418.0,0.6970288557397927
1419.0,0.698285208803484
1420.0,0.6996278014348764
1421.0,0.7008505557779762
1422.0,0.7022365512166019
1423.0,0.7033751378008689
1424.0,0.7043383441918668
1425.0,0.7052900663224861
1426.0,0.7060346430107826
1427.0,0.7069096604176685
1428.0,0.7077328180325274
1429.0,0.7087190771095138
1430.0,0.7099009907667438
1431.0,0.711026268249057
1432.0,0.7120212592323114
1433.0,0.7133344618001913
1434.0,0.7148886763476696
1435.0,0.7163058981977173
1436.0,0.7182490728573022
1437.0,0.7195222432710466
1438.0,0.7201850920652041
1439.0,0.721067063759718
1440.0,0.7214269262238752
1441.0,0.7217895569088711
1442.0,0.7229941101059556
1443.0,0.724290209181157
1444.0,0.7256028854326129
1445.0,0.727478137445692
1446.0,0.7287122948351901
1447.0,0.7296205454385528
1448.0,0.7305543843167219
1449.0,0.73113334772324
1450.0,0.7322165817512915
1451.0,0.7334594648513125
1452.0,0.7346454302084038
1453.0,0.7361608886000113
1454.0,0.7374750093407895
1455.0,0.7386455231473397
1456.0,0.739809615903382
1457.0,0.7410418765790893
1458.0,0.7421163794612677
1459.0,0.7428553072123226
1460.0,0.7439346434094033
1461.0,0.7452152115037876
1462.0,0.7463306519288142
1463.0,0.747426265173434
1464.0,0.7486745343396929
1465.0,0.7500565327657733
1466.0,0.7512105829835956
1467.0,0.75229932143348
1468.0,0.7536327509131066
1469.0,0.7545713600558197
1470.0,0.7551031743273238
1471.0,0.7561196927690726
1472.0,0.7572398430506486
1473.0,0.7584935524620176
1474.0,0.7599424762468631
1475.0,0.7614638690037577
1476.0,0.7631449966830125
1477.0,0.7647223331617535
1478.0,0.7665055509312708
1479.0,0.7678862171953781
1480.0,0.7690953492156196
1481.0,0.7702076845374368
1482.0,0.770907888876484
1483.0,0.7719910942562741
1484.0,0.7730827685831281
1485.0,0.7743609860567816
1486.0,0.7759312636668977
1487.0,0.7774473018192375
1488.0,0.7791908942834919
1489.0,0.7806258172175051
1490.0,0.7819323288031091
1491.0,0.783222579443132
1492.0,0.7842484775638473
1493.0,0.7853979940205432
1494.0,0.7864641994297936
1495.0,0.7878080859957801
1496.0,0.7894962830900698
1497.0,0.7909471078591518
1498.0,0.7925940731782546
1499.0,0.7940002146958272
1500.0,0.7950828569394907
1501.0,0.7961135835111839
1502.0,0.7971987813517377
1503.0,0.7982769681761949
1504.0,0.7992505422036607
1505.0,0.8001131071408372
1506.0,0.801116299246196
1507.0,0.8020493873783472
1508.0,0.8032037449792683
1509.0,0.8045847643815724
1510.0,0.8058184047896768
1511.0,0.8071530540481342
1512.0,0.8082423289357825
1513.0,0.8090295156321304
1514.0,0.8102209975258914
1515.0,0.8115473866999521
1516.0,0.8127788227238044
1517.0,0.8142240098487
1518.0,0.8155389002513083
1519.0,0.8167309826796308
1520.0,0.8178187250089209
1521.0,0.8187601620148391
1522.0,0.81996892994067
1523.0,0.8211354566434008
1524.0,0.8223674138336817
1525.0,0.8239937164531907
1526.0,0.8253543882039482
1527.0,0.8264064821261505
1528.0,0.8276889176210054
1529.0,0.8289937687095456
1530.0,0.8304086259092
1531.0,0.8322114888779647
1532.0,0.8336186551111824
1533.0,0.8349252254173073
1534.0,0.8360815755752459
1535.0,0.8369462038542747
1536.0,0.8377482541616305
1537.0,0.8383462244237371
1538.0,0.8389680867777459
1539.0,0.8401132157868014
1540.0,0.8410368478747446
1541.0,0.8423439800104853
1542.0,0.8441668443400605
1543.0,0.8457288152942706
1544.0,0.8473586216514916
1545.0,0.8486137373699492
1546.0,0.8497946514853691
1547.0,0.8508076066946143
1548.0,0.8513959716614025
1549.0,0.8523238634219484
1550.0,0.8533059809056255
1551.0,0.8544425411201064
1552.0,0.8557428662720734
1553.0,0.8568625420215945
1554.0,0.8579938282268336
1555.0,0.8591853603159645
1556.0,0.8602984437830826
1557.0,0.8614876965812445
1558.0,0.8628561888087666
1559.0,0.8641271718121699
1560.0,0.8653212162926396
1561.0,0.8664816097273235
1562.0,0.8676432732418197
1563.0,0.86878715688765
1564.0,0.8697669079878428
1565.0,0.8709646256173919
1566.0,0.8722485897641791
1567.0,0.8736135494410354
1568.0,0.8754652417416151
1569.0,0.8766557621756568
1570.0,0.8774769100498265
1571.0,0.8784200810688484
1572.0,0.8787279992272004
1573.0,0.8796231797878143
1574.0,0.881057091492619
1575.0,0.8822993380812314
1576.0,0.8836619298722221
1577.0,0.8850191498071757
1578.0,0.8864008680890147
1579.0,0.8876751607555969
1580.0,0.8889182979469785
1581.0,0.8901887982661845
1582.0,0.891295239450129
1583.0,0.8925243285111155
1584.0,0.8940200531414457
1585.0,0.8952844244663558
1586.0,0.8962875999619432
1587.0,0.8975271278156038
1588.0,0.8987639766887767
1589.0,0.9000553447750442
1590.0,0.9014516208806955
1591.0,0.9031629066968093
1592.0,0.9044599167183492
1593.0,0.9056329418913095
1594.0,0.9067013807380828
1595.0,0.9075343648453178
1596.0,0.9086092229233977
1597.0,0.9097808011924596
1598.0,0.9106564731660501
1599.0,0.9114593192442337
1600.0,0.9123661001703427
1601.0,0.913029907699985
1602.0,0.9139770733293684
1603.0,0.9153183141250334
1604.0,0.9162035678846069
1605.0,0.9167622081901211
1606.0,0.9177842766356481
1607.0,0.9187573046252671
1608.0,0.9200338213464038
1609.0,0.9219364467599152
1610.0,0.9231707430953221
1611.0,0.9241353553165046
1612.0,0.9252931665663953
1613.0,0.9263246727798812
1614.0,0.9272933391011517
1615.0,0.9283355291366291
1616.0,0.9293749983541002
1617.0,0.9301598378338772
1618.0,0.9311998635319199
1619.0,0.9327150392007915
1620.0,0.9336311250671431
1621.0,0.9342074786077317
1622.0,0.9349643376821183
1623.0,0.9353996330837878
1624.0,0.9361566742566609
1625.0,0.9372869223263355
1626.0,0.938141605955415
1627.0,0.938854421513179
1628.0,0.9397533383440582
1629.0,0.9407495423004547
1630.0,0.9415700915990598
1631.0,0.9423479316889978
1632.0,0.9432686942469898
1633.0,0.9441397066626546
1634.0,0.9449630841219983
1635.0,0.9459120389256559
1636.0,0.9468702275401217
1637.0,0.9475400287019432
1638.0,0.9485929242449291
1639.0,0.9504156297034856
1640.0,0.9513092433745829
1641.0,0.9515938023173696
1642.0,0.9523525714625815
1643.0,0.9527582200610746
1644.0,0.9533684572552055
1645.0,0.9545394985178551
1646.0,0.9555041353023109
1647.0,0.9563398547098997
1648.0,0.9570578816282882
1649.0,0.9580000022413642
1650.0,0.9585191935499234
1651.0,0.9583283625771385
1652.0,0.9586280192001085
1653.0,0.9588906123160229
1654.0,0.959405368066834
1655.0,0.960257403749416
1656.0,0.9611638329483561
1657.0,0.9624488578559517
1658.0,0.9633307096679806
1659.0,0.9643054676107014
1660.0,0.9649009247614242
1661.0,0.9646801025132598
1662.0,0.965069131735469
1663.0,0.9652401737374797
1664.0,0.9661094542085698
1665.0,0.9681962714646934
1666.0,0.9694045809312916
1667.0,0.9702721593549939
1668.0,0.9715374826608957
1669.0,0.9724212242354163
1670.0,0.9736220417527879
1671.0,0.9757561112563939
1672.0,0.9772263464430136
1673.0,0.9782558686614216
1674.0,0.9793946862110698
1675.0,0.9802268589149788
1676.0,0.9812533954968758
1677.0,0.9824202641683499
1678.0,0.98356668072271
1679.0,0.9847848689280932
1680.0,0.9860458088687669
1681.0,0.9874742903815221
1682.0,0.988615204549208
1683.0,0.9895447442755667
1684.0,0.9904692281010914
1685.0,0.9911344156278484
1686.0,0.9920996672791507
1687.0,0.9933318171256716
1688.0,0.9944684752572891
1689.0,0.9957014377585172
1690.0,0.9967674941010849
1691.0,0.9974451510055586
1692.0,0.9985107814595752
1693.0,0.9999804834782334
1694.0,1.0011475101409115
1695.0,1.0023085892408399
1696.0,1.00361198203044
1697.0,1.0044925134243938
1698.0,1.0057708818231954
1699.0,1.0077729313811237
1700.0,1.0091075842058346
1701.0,1.0102782385877058
1702.0,1.011595192534455
1703.0,1.0123720848639741
1704.0,1.0136912960050464
1705.0,1.0157671585581058
1706.0,1.0171091452911143
1707.0,1.018220798584154
1708.0,1.0193340784958347
1709.0,1.0198247202976385
1710.0,1.020764958736144
1711.0,1.0221907659620082
1712.0,1.023244101616116
1713.0,1.0243602208784868
1714.0,1.0253320687192615
1715.0,1.0259328726198083
1716.0,1.0266529856408098
1717.0,1.0272734500984158
1718.0,1.028133684054126
1719.0,1.0292538929223494
1720.0,1.0301824460837665
1721.0,1.0313950914764387
1722.0,1.0319240797180793
1723.0,1.0316856734585924
1724.0,1.0320802508541755
1725.0,1.0323414295922895
1726.0,1.032928373072886
1727.0,1.0341915229918308
1728.0,1.0349985050358161
1729.0,1.0355273955698077
1730.0,1.0363645522767264
1731.0,1.037030696029009
1732.0,1.038132943875944
1733.0,1.0399320370968406
1734.0,1.0412407348014625
1735.0,1.0426997254838997
1736.0,1.0436546489699885
1737.0,1.043667119984244
1738.0,1.044476853171958
1739.0,1.0456664928033133
1740.0,1.0466321606484632
1741.0,1.0483140620835754
1742.0,1.0489523248031172
1743.0,1.048702891137396
1744.0,1.0488950987376573
1745.0,1.0484043771071552
1746.0,1.0487865573849886
1747.0,1.0497652204574623
1748.0,1.0505898024423126
1749.0,1.0518516984006439
1750.0,1.0529573636761158
1751.0,1.0541173096931755
1752.0,1.0550853351724476
1753.0,1.0560063043324166
1754.0,1.0563615828489097
1755.0,1.056706083160707
1756.0,1.0577093727438174
1757.0,1.0586030675239628
1758.0,1.059297774957388
1759.0,1.0603191389565896
1760.0,1.0607007270121482
1761.0,1.0610545335729982
1762.0,1.062479592765937
1763.0,1.0636151123616393
1764.0,1.0639069221321855
1765.0,1.0644982919360853
1766.0,1.0651764191329554
1767.0,1.065552119941011
1768.0,1.0664368782635933
1769.0,1.0677147139413818
1770.0,1.068082983568557
1771.0,1.0681792507168817
1772.0,1.0690491514706941
1773.0,1.070012065072801
1774.0,1.0712108276757784
1775.0,1.0723885109370725
1776.0,1.0726935702481177
1777.0,1.0727153235226152
1778.0,1.0734794608323057
1779.0,1.0743129797653612
1780.0,1.0745594541231214
1781.0,1.0756428956057233
1782.0,1.0764180488427888
1783.0,1.0767125680398872
1784.0,1.0773611147901374
1785.0,1.0770470559816494
1786.0,1.0772710167349837
1787.0,1.0787774440267368
1788.0,1.0810817656536744
1789.0,1.0836731017722125
1790.0,1.084685767945408
1791.0,1.085605945252042
1792.0,1.086412916001003
1793.0,1.0868523925012
1794.0,1.0869985295141875
1795.0,1.0875994853820896
1796.0,1.0876046177042737
1797.0,1.0883859358535504
1798.0,1.0898545456023683
1799.0,1.0904335661634599
1800.0,1.091841298492782
1801.0,1.0904657194187712
1802.0,1.0933358881530086
1803.0,1.0931978882140818
1804.0,1.0936114688655727
1805.0,1.0930716939143983
1806.0,1.0932501305094149
1807.0,1.092915978623792
1808.0,1.0932396724852538
1809.0,1.0943523746403583
1810.0,1.094766779498747
1811.0,1.093968182927814
1812.0,1.0956569269207508
1813.0,1.096382790493473
1814.0,1.0961672872160968
1815.0,1.0966410399997744
1816.0,1.0970483733103462
1817.0,1.0979315431497543
1818.0,1.099374290741364
1819.0,1.1005122689694609
1820.0,1.101819307204616
1821.0,1.1029987747982342
1822.0,1.1035127543079455
1823.0,1.1056866894012245
1824.0,1.106069946425527
1825.0,1.1061239885147165
1826.0,1.1062362402431967
1827.0,1.104670841305192
1828.0,1.104635501525567
1829.0,1.1057385702149154
1830.0,1.1067736548863263
1831.0,1.1082926844815888
1832.0,1.110003671306579
1833.0,1.1113954730315
1834.0,1.1122241108357138
1835.0,1.1136660866132049
1836.0,1.1155454417383013
1837.0,1.1166752788872953
1838.0,1.1180576479670858
1839.0,1.11903096478813
1840.0,1.1192335894682441
1841.0,1.119272491011789
1842.0,1.1205628620361574
1843.0,1.120920524938162
1844.0,1.1203185545441388
1845.0,1.1208400143320747
1846.0,1.12174284870763
1847.0,1.1226052165946054
1848.0,1.1236830131802784
1849.0,1.1263080222745254
1850.0,1.1272683475992635
1851.0,1.1268867739649144
1852.0,1.1279426420935599
1853.0,1.1278296985350702
1854.0,1.127426314701885
1855.0,1.128531445992526
1856.0,1.1280549851451445
1857.0,1.1288451175321457
1858.0,1.130996583592262
1859.0,1.131897994899122
1860.0,1.1323981138935713
1861.0,1.13383306293318
1862.0,1.1336326663118026
1863.0,1.1329245763288545
1864.0,1.1324462104701492
1865.0,1.1321072952420819
1866.0,1.1323589319525342
1867.0,1.1324831107668127
1868.0,1.1327372341018405
1869.0,1.1338739523256767
1870.0,1.133917794344164
1871.0,1.13297305268968
1872.0,1.1331989067936596
1873.0,1.133653050698755
1874.0,1.1319538011029804
1875.0,1.1307151499116443
1876.0,1.128785892120562
1877.0,1.126475761375583
1878.0,1.1248792735707203
1879.0,1.1227571505703167
1880.0,1.1205163084296859
1881.0,1.1187322609653634
1882.0,1.1168378372951642
1883.0,1.1146328707011164
1884.0,1.1136151878323433
1885.0,1.1119059847590274
1886.0,1.1076200220795056
1887.0,1.1031652435496522
1888.0,1.0986601665164115
1889.0,1.0925108984832037
1890.0,1.087848169066678
1891.0,1.0841710985178812
1892.0,1.0808328855602183
1893.0,1.0760047044211598
1894.0,1.0717924032743134
1895.0,1.0673278807910034
1896.0,1.0616746699849595
1897.0,1.0553736652574865
1898.0,1.0490614201440487
1899.0,1.0421873607933783
1900.0,1.0349579601548338
1901.0,1.0292369392403087
1902.0,1.0247274528217547
1903.0,1.02015248989956
1904.0,1.015606246395062
1905.0,1.0127868957851343
1906.0,1.0081854321614045
1907.0,1.0039868376940515
1908.0,1.0004794144603955
1909.0,0.9958171283118971
1910.0,0.9929774024293726
1911.0,0.9899996138445204
1912.0,0.9874040281284034
1913.0,0.9848077370849945
1914.0,0.9823733924223919
1915.0,0.9785648628057513
1916.0,0.9773585189601831
1917.0,0.9771910629268493
1918.0,0.9769319313756627
1919.0,0.9769563082560037
1920.0,0.9755937888453392
1921.0,0.9740601928431758
1922.0,0.9734976890769701
1923.0,0.9743021403333887
1924.0,0.9750029003180453
1925.0,0.9767397015392207
1926.0,0.9776304861038599
1927.0,0.9784529252229824
1928.0,0.9790020422353416
1929.0,0.978331321749678
1930.0,0.9780221042716353
1931.0,0.9779273724361262
1932.0,0.9773727044752235
1933.0,0.9787132420067749
1934.0,0.9806386620725573
1935.0,0.9808375223119511
1936.0,0.9816599751338904
1937.0,0.9830920195038781
1938.0,0.9845672293246326
1939.0,0.9859523299659743
1940.0,0.9890498467244773
1941.0,0.9925935261538802
1942.0,0.9954055543543918
1943.0,0.9979620452611835
1944.0,1.0000095960777564
1945.0,1.0010768715203204
1946.0,1.0018532050267794
1947.0,1.0020873790856761
1948.0,1.0025257844143105
1949.0,1.0027831775445335
1950.0,1.0033845529863958
1951.0,1.0038815414229163
1952.0,1.004882645391871
1953.0,1.0061613681122767
1954.0,1.0080145960069977
1955.0,1.010347015899028
1956.0,1.012916061921577
1957.0,1.01582750890418
1958.0,1.0174254628468367
1959.0,1.0190566227976248
1960.0,1.0205494005496345
1961.0,1.0217519828226296
1962.0,1.0219696724063314
1963.0,1.0233712702966877
1964.0,1.0267275904766235
1965.0,1.0282261949432283
1966.0,1.029510224689955
1967.0,1.0324051815065622
1968.0,1.0326921678945333
1969.0,1.033275514582147
1970.0,1.0363201665269743
1971.0,1.0392288856284961
1972.0,1.0416059109856017
1973.0,1.0447157811305876
1974.0,1.0465678816309907
1975.0,1.0475813144725157
1976.0,1.0471698173967527
1977.0,1.049027880121689
1978.0,1.051440331866591
1979.0,1.0538282911956878
1980.0,1.0568910452796265
1981.0,1.057587965552548
1982.0,1.0576836178709512
1983.0,1.0574716385056797
1984.0,1.057332598544842
1985.0,1.0583350031324181
1986.0,1.0604640113750006
1987.0,1.0620127184546
1988.0,1.0639930552953374
1989.0,1.0664815044172837
1990.0,1.067427849719585
1991.0,1.068140810287801
1992.0,1.0705447261688583
1993.0,1.0728119249204702
1994.0,1.0750572281800694
1995.0,1.0763302482593997
1996.0,1.077232153738213
1997.0,1.075723138460895
1998.0,1.0770419213465086
1999.0,1.0802707825573599
2000.0,1.082732309987692
2001.0,1.0859726597984123
2002.0,1.0889592412668248
2003.0,1.0910580656092324
2004.0,1.0923172135989603
2005.0,1.0950369179326143
2006.0,1.097724513216485
2007.0,1.1001634766070176
2008.0,1.1010168510155116
2009.0,1.1019122647324158
2010.0,1.1012781859865142
2011.0,1.1027285528671678
2012.0,1.1050589390222567
2013.0,1.1073768932720356
2014.0,1.1106889175590169
2015.0,1.1138379709628918
2016.0,1.1155961756284143
2017.0,1.1169438387395174
2018.0,1.1191586080911924
2019.0,1.120500287686032
2020.0,1.1222166687920214
2021.0,1.1239387714200473
2022.0,1.1248919350340107
2023.0,1.1256321119979737
2024.0,1.1271681500572805
2025.0,1.1295239796535474
2026.0,1.131347991280786
2027.0,1.133859314827933
2028.0,1.1353325116455166
2029.0,1.1358758529143265
2030.0,1.1362080532293257
2031.0,1.1368281855875617
2032.0,1.1387791775932652
2033.0,1.1409529207826141
2034.0,1.1435839284786493
2035.0,1.1464308687622775
2036.0,1.1461672493505717
2037.0,1.1475352701540842
2038.0,1.1489393193964506
2039.0,1.1502716248902103
2040.0,1.1529883482770689
2041.0,1.1545721910424316
2042.0,1.1551378315188843
2043.0,1.1561825319323058
2044.0,1.1570506287336642
2045.0,1.156839583339166
2046.0,1.158135924131633
2047.0,1.1583341992316332
2048.0,1.1592722468456174
2049.0,1.16051768399172
2050.0,1.1621250953899789
2051.0,1.1648996046205833
2052.0,1.1658689277154177
2053.0,1.1657083506133705
2054.0,1.166084289869264
2055.0,1.165213229031914
2056.0,1.165545588481689
2057.0,1.1669819552799239
2058.0,1.168152032727523
2059.0,1.169297700413747
2060.0,1.1709871337703217
2061.0,1.1723837392771648
2062.0,1.1739733091693796
2063.0,1.1764777860157614
2064.0,1.1770363654510767
2065.0,1.176900640893719
2066.0,1.178593112805952
2067.0,1.1797678358055574
2068.0,1.1809208265994595
2069.0,1.1812706338183538
2070.0,1.1813216745698936
2071.0,1.181730201199839
2072.0,1.1815327905100033
2073.0,1.1819607872482523
2074.0,1.1839658956725512
2075.0,1.1842639228096705
2076.0,1.1816889798131769
2077.0,1.1820438392552843
2078.0,1.1837082829464003
2079.0,1.183876141580071
2080.0,1.1867970369665704
2081.0,1.1882072295429722
2082.0,1.1889534736431286
2083.0,1.1876748108369384
2084.0,1.1884457280340341
2085.0,1.190126603485659
2086.0,1.1912189699144418
2087.0,1.1928018056996423
2088.0,1.194247944876197
2089.0,1.1958683243880988
2090.0,1.1959155618652644
2091.0,1.1967138261429047
2092.0,1.196447593654389
2093.0,1.1950889289856976
2094.0,1.194139382544076
2095.0,1.1936888131640107
2096.0,1.19454307126976
2097.0,1.1960449380201563
2098.0,1.199304641244608
2099.0,1.2012959140362045
2100.0,1.2045540131836803
2101.0,1.2049392432609671
2102.0,1.2025786734383883
2103.0,1.2017976609644136
2104.0,1.1992951154954339
2105.0,1.1989696391012181
2106.0,1.199780206225689
2107.0,1.2027687424585298
2108.0,1.2049092611061196
2109.0,1.2060228432845481
2110.0,1.2077696999519882
2111.0,1.2083366293128188
2112.0,1.2082667693756037
2113.0,1.2087942353808552
2114.0,1.2095800370946335
2115.0,1.2096503861580497
2116.0,1.2111915956948702
2117.0,1.2147062842042873
2118.0,1.2168450031833526
2119.0,1.2191010451547084
2120.0,1.2205873610885813
2121.0,1.2210661484286736
2122.0,1.2214727256848057
2123.0,1.221743717905809
2124.0,1.2219953463520474
2125.0,1.221783981720261
2126.0,1.2218474809624211
2127.0,1.2219390344967451
2128.0,1.2214959002801082
2129.0,1.2231460225727364
2130.0,1.2240771048120773
2131.0,1.2251190953627504
2132.0,1.2266577082797459
2133.0,1.2270767010999597
2134.0,1.2267123884256599
2135.0,1.2263494610812034
2136.0,1.2253154880605281
2137.0,1.2244554252800444
2138.0,1.222136153129526
2139.0,1.2220916567134623
2140.0,1.224562748365383
2141.0,1.2245545975015792
2142.0,1.2246714065238322
2143.0,1.2244986105057298
2144.0,1.2222981040686849
2145.0,1.2198068538954592
2146.0,1.2163145838702547
2147.0,1.214140364639731
2148.0,1.2143240178077173
2149.0,1.2153229812145947
2150.0,1.2191419860749138
2151.0,1.2220047917911794
2152.0,1.2226181117773727
2153.0,1.2196034905843878
2154.0,1.2197878464278469
2155.0,1.2194707914909695
2156.0,1.2206479162926296
2157.0,1.2253293636133913
2158.0,1.2270453190498556
2159.0,1.2282886940092907
2160.0,1.228663006428296
2161.0,1.2263408934823314
2162.0,1.2257803747967684
2163.0,1.2253372142808956
2164.0,1.224965497374143
2165.0,1.227016602529422
2166.0,1.2276270183252744
2167.0,1.2291611040619999
2168.0,1.2322953054182746
2169.0,1.2342472904911812
2170.0,1.2361322231865888
2171.0,1.2364862414079352
2172.0,1.2351156196041588
2173.0,1.2339993337840474
2174.0,1.2319206513716543
2175.0,1.2304027755359122
2176.0,1.2283851566996116
2177.0,1.2273848650712484
2178.0,1.226192654939482
2179.0,1.2267352725070204
2180.0,1.2297137402739473
2181.0,1.2309644195556313
2182.0,1.234007312363072
2183.0,1.2339485598962245
2184.0,1.2305375903514393
2185.0,1.2281558518096436
2186.0,1.2263182418701963
2187.0,1.224030614413343
2188.0,1.2241212910925787
2189.0,1.225861544983836
2190.0,1.2280336626643502
2191.0,1.2295288359934329
2192.0,1.2301227901738785
2193.0,1.229356007723741
2194.0,1.2294991885471986
2195.0,1.2281959860911162
2196.0,1.2285881296089056
2197.0,1.23116305958555
2198.0,1.2328350824475172
2199.0,1.2344683681042632
2200.0,1.235182561016467
2201.0,1.2354140059177994
2202.0,1.235823148056702
2203.0,1.2357895872921298
2204.0,1.2354163573006678
2205.0,1.2352116826178623
2206.0,1.2348114972339794
2207.0,1.2336359525643878
2208.0,1.2331712196166251
2209.0,1.2343177484809031
2210.0,1.2345328123546337
2211.0,1.2326731675860925
2212.0,1.2331971836867208
2213.0,1.2328665076530776
2214.0,1.2312845016756104
2215.0,1.2339115563783016
2216.0,1.2352720789160287
2217.0,1.2376546278307854
2218.0,1.2425265106362298
2219.0,1.2456306979810015
2220.0,1.2480588555431436
2221.0,1.2504522413709471
2222.0,1.2526112322452114
2223.0,1.2540953169455535
2224.0,1.2560409570235822
2225.0,1.2550793040767185
2226.0,1.2513123016876562
2227.0,1.2489021163192235
2228.0,1.2438168650490222
2229.0,1.2421642484094657
2230.0,1.244514566238448
2231.0,1.2447215427166463
2232.0,1.2450446597341995
2233.0,1.245384533759118
2234.0,1.243513657807467
2235.0,1.2404394472856972
2236.0,1.2404413515996224
2237.0,1.2425688077244599
2238.0,1.2452537910070383
2239.0,1.2463288978270877
2240.0,1.2459104732086013
2241.0,1.2441420691268654
2242.0,1.2428615269165595
2243.0,1.2433079365668205
2244.0,1.2427367666108613
2245.0,1.2431840469849849
2246.0,1.2443578739579164
2247.0,1.246526698649075
2248.0,1.2477295248785638
2249.0,1.2491134064714167
2250.0,1.25007194580265
2251.0,1.2497950749894737
2252.0,1.2502798494631475
2253.0,1.2535018491363263
2254.0,1.2529268430621394
2255.0,1.2500417505593202
2256.0,1.2475864332374125
2257.0,1.2404016125299484
2258.0,1.2390381234147976
2259.0,1.2417431870488749
2260.0,1.2420295829742276
2261.0,1.243973415253833
2262.0,1.2471236542239024
2263.0,1.2441978593537615
2264.0,1.2419943614147204
2265.0,1.2424793189149026
2266.0,1.2423306444510238
2267.0,1.2410968516793
2268.0,1.2433380476035307
2269.0,1.2454636761807387
2270.0,1.2449706771680076
2271.0,1.244291872593633
2272.0,1.2433628489194837
2273.0,1.2418452499180412
2274.0,1.2397690399972916
2275.0,1.2405157133239215
2276.0,1.2413024187749466
2277.0,1.2420167592580522
2278.0,1.242656326196479
2279.0,1.2434688265695446
2280.0,1.2450494532646368
2281.0,1.2453102098428361
2282.0,1.246210958504562
2283.0,1.2440150274173716
2284.0,1.2375660790868392
2285.0,1.2365204220927608
2286.0,1.2357004197838826
2287.0,1.2365983643634006
2288.0,1.2426311031406676
2289.0,1.2449354562447188
2290.0,1.2460806980458032
2291.0,1.2464966731607712
2292.0,1.2456240890815244
2293.0,1.2455064877832702
2294.0,1.244614397053109
2295.0,1.2433610142709435
2296.0,1.242221301116009
2297.0,1.241155526367876
2298.0,1.2401482239279773
2299.0,1.2377530867110198
2300.0,1.2383275797071047
2301.0,1.2421921404460334
2302.0,1.2447144870197768
2303.0,1.2497575459666035
2304.0,1.2529666798789307
2305.0,1.2517590803782566
2306.0,1.2503491578225112
2307.0,1.2500299469898926
2308.0,1.2495888002914997
2309.0,1.246190135904939
2310.0,1.2419425240117519
2311.0,1.2409575245436621
2312.0,1.2398224123133383
2313.0,1.238757981398866
2314.0,1.2391008733005258
2315.0,1.2357417825361157
2316.0,1.2327822580594188
2317.0,1.2342186957540078
2318.0,1.2372258019570601
2319.0,1.2402727997175085
2320.0,1.2401721088511093
2321.0,1.2393165659721446
2322.0,1.2367209938478176
2323.0,1.2273192935511406
2324.0,1.2246431409990415
2325.0,1.2258743546187558
2326.0,1.2247858602522732
2327.0,1.2254648324613393
2328.0,1.227797614099089
2329.0,1.228950765294945
2330.0,1.2317203906834755
2331.0,1.238256199689973
2332.0,1.241814579021087
2333.0,1.246868284188029
2334.0,1.2451045067317967
2335.0,1.2371676594143612
2336.0,1.232582331300052
2337.0,1.2238872178620352
2338.0,1.218689436949679
2339.0,1.2174169165098427
2340.0,1.2169194827782457
2341.0,1.2176639732189147
2342.0,1.2178623344112545
2343.0,1.2180727751049572
2344.0,1.2210721988820812
2345.0,1.2246341770401565
2346.0,1.2270439190454765
2347.0,1.231358307397428
2348.0,1.2382965179879504
2349.0,1.2394256429476564
2350.0,1.2383275668178628
2351.0,1.23417901735286
2352.0,1.2254311644568987
2353.0,1.215758334715175
2354.0,1.2136172327701502
2355.0,1.215015822458007
2356.0,1.2148000400701053
2357.0,1.2135162940433635
2358.0,1.2082285417712992
2359.0,1.2072034446471012
2360.0,1.2073299975218976
2361.0,1.2048842626282898
2362.0,1.2023956131320819
2363.0,1.1985253928970776
2364.0,1.1986460728005524
2365.0,1.193392737292106
2366.0,1.1904452193769102
2367.0,1.192202700086195
2368.0,1.1852427029228545
2369.0,1.1897850816022852
2370.0,1.1999550828701828
2371.0,1.2034439543776294
2372.0,1.210346839556525
2373.0,1.214378323197417
2374.0,1.218423491679467
2375.0,1.2256983334252394
2376.0,1.2240309179177193
2377.0,1.206563028700514
2378.0,1.1909815748319363
2379.0,1.1816404353591143
2380.0,1.1716464691145452
2381.0,1.1752254862649787
2382.0,1.1753114024246454
2383.0,1.1701579145352436
2384.0,1.1677082872826252
2385.0,1.1603126886792867
2386.0,1.16447951481207
2387.0,1.169127597295375
2388.0,1.1723177858428424
2389.0,1.1897954384898692
2390.0,1.2063058436873104
2391.0,1.205504488572559
2392.0,1.2041742501952317
2393.0,1.2015996136153522
2394.0,1.186630264134515
2395.0,1.185900502640447
2396.0,1.18897420571192
2397.0,1.1853835726104915
2398.0,1.180771512702772
2399.0,1.165730388198679
2400.0,1.1557202376927043
2401.0,1.1467616686849134
2402.0,1.1369774568846753
2403.0,1.1385500758143465
2404.0,1.1351880849514178
2405.0,1.127383503373998
2406.0,1.1217845355660023
2407.0,1.112606532190974
2408.0,1.1105089535039214
2409.0,1.1138186198918505
2410.0,1.1290387860991202
2411.0,1.1417973141394977
2412.0,1.1426135754554827
2413.0,1.1487765073190088
2414.0,1.1355049567596918
2415.0,1.116844438646932
2416.0,1.1051677763342518
2417.0,1.0919726983449987
2418.0,1.086930485694301
2419.0,1.1006631960465603
2420.0,1.1182754681300424
2421.0,1.1170107726064833
2422.0,1.1226639863671453
2423.0,1.1281630302491557
2424.0,1.1272910955101814
2425.0,1.125977962696493
2426.0,1.1161169559135868
2427.0,1.1019257258382278
2428.0,1.0790612397473067
2429.0,1.0753251290742256
2430.0,1.093604742770619
2431.0,1.1092622522711024
2432.0,1.1332729775103596
2433.0,1.1563437584733491
2434.0,1.1592899925244051
2435.0,1.1426362431141535
2436.0,1.115308687912652
2437.0,1.0991844635692276
2438.0,1.0955494472420997
2439.0,1.1037882936503425
2440.0,1.1283079613928388
2441.0,1.1205565058896927
2442.0,1.0957044304012353
2443.0,1.0872371540089185
2444.0,1.0711178435703277
2445.0,1.0794957006899915
2446.0,1.091177013982875
2447.0,1.08625400696113
2448.0,1.0910797525000346
2449.0,1.084064437025637
2450.0,1.0866353125610164
2451.0,1.080829100599874
2452.0,1.0697202256100524
2453.0,1.0757983659838721
2454.0,1.0615187986007724
2455.0,1.055110163894768
2456.0,1.048682212130145
2457.0,1.0204829431347326
2458.0,1.0035490373771652
2459.0,1.0025291426177787
2460.0,0.9912812826175336
2461.0,0.9786854770086416
2462.0,0.9774408575563103
2463.0,0.9664189098439911
2464.0,0.9709668550809629
2465.0,1.0037385600237336
2466.0,1.0301070861771704
2467.0,1.0345059789567088
2468.0,1.0488705125021398
2469.0,1.069520048881634
2470.0,1.07116700568135
2471.0,1.0682008680529878
2472.0,1.0610209874287542
2473.0,1.0145827797247826
2474.0,1.0098444935136657
2475.0,1.04511412678552
2476.0,1.057899382460568
2477.0,1.074602291648913
2478.0,1.0783479520860395
2479.0,1.069101831435063
2480.0,1.069447067575355
2481.0,1.071483709675693
2482.0,1.0692810006376174
2483.0,1.0512968507568319
2484.0,1.0483526142733044
2485.0,1.0715339041781804
2486.0,1.0646969050712103
2487.0,1.03962140599567
2488.0,1.0405500499250362
2489.0,1.0253497890077787
2490.0,1.0237328226653968
2491.0,1.0689219077005598
2492.0,1.0750472462563463
2493.0,1.0444996700916647
2494.0,1.045982801596489
2495.0,1.0526308123613362
2496.0,1.056983467713747
2497.0,1.0839825381193213
2498.0,1.0854148161798811
2499.0,1.077333509334057
2500.0,1.0439413304117984
