350.0,-0.056587837990863595
351.0,-0.05718536882511517
352.0,-0.12039826515360039
353.0,-0.006447469389627053
354.0,-0.043988188039370275
355.0,-0.08389562942155365
356.0,0.006774990344232866
357.0,-0.0063789900700155
358.0,0.01028360814400816
359.0,0.01675376321210355
360.0,-0.03564258474385035
361.0,0.000923782227849197
362.0,-0.003170398210115422
363.0,-0.036806092651009495
364.0,-0.027731816551751616
365.0,-0.02953564174534498
366.0,-0.006420228647148244
367.0,0.015356125182061767
368.0,-0.020107794253298658
369.0,-0.011113871187368599
370.0,-0.0035394063935910275
371.0,-0.008315380444163654
372.0,0.020919987376186396
373.0,0.048968513690382354
374.0,0.052675345010780715
375.0,0.02798247377091683
376.0,4.904743500966392e-05
377.0,-0.0012809592095719873
378.0,0.012504740579465915
379.0,0.021767446272656452
380.0,0.026023476112832525
381.0,0.027212745492808246
382.0,0.028233346785949857
383.0,0.02971099886601329
384.0,0.020294290724142138
385.0,0.01876840993280001
386.0,0.02905968147456827
387.0,0.04277772719628843
388.0,0.044124879019373446
389.0,0.03919820132177493
390.0,0.03441629097476619
391.0,0.03400688801550685
392.0,0.03359393157153512
393.0,0.03184684377469564
394.0,0.03061518520301367
395.0,0.03529687149152147
396.0,0.03273956204190008
397.0,0.039508404009578835
398.0,0.0575526855333788
399.0,0.03701491614729205
400.0,0.026414488853971244
401.0,0.02743783178042806
402.0,0.02929961470784899
403.0,0.04510710401486657
404.0,0.0449467330389071
405.0,0.033209662637577804
406.0,0.03217268623683869
407.0,0.03789331835247792
408.0,0.03699952365273657
409.0,0.03099369308472613
410.0,0.03544105150418108
411.0,0.0401117844021826
412.0,0.04171291830311405
413.0,0.04119678571225678
414.0,0.04484261471908404
415.0,0.044475593962522986
416.0,0.03987443937018556
417.0,0.035725647662157765
418.0,0.045819929580799224
419.0,0.046615575189184646
420.0,0.0435411657553152
421.0,0.05025651164886208
422.0,0.0485704837757706
423.0,0.041636348741979516
424.0,0.03630167636773384
425.0,0.039877240403245
426.0,0.043389414720997346
427.0,0.04478723088440531
428.0,0.04404115933254867
429.0,0.04202372521944705
430.0,0.04416535092210095
431.0,0.04632683233402588
432.0,0.044813038168076864
433.0,0.04429451858203597
434.0,0.04573149444496003
435.0,0.04809743566457154
436.0,0.04923199243870694
437.0,0.04645320175314863
438.0,0.04468157463600014
439.0,0.045068116056419895
440.0,0.04488684713518959
441.0,0.045239290211028904
442.0,0.04627788336775332
443.0,0.047285035300952204
444.0,0.04610874232162383
445.0,0.04628024140968652
446.0,0.0467412194936361
447.0,0.046009731719176446
448.0,0.04636476515358526
449.0,0.04596543700855552
450.0,0.04593862268908219
451.0,0.048274987023074964
452.0,0.04739912027030009
453.0,0.045883124989910325
454.0,0.04545874477757114
455.0,0.04576707857273311
456.0,0.04594593059904087
457.0,0.04651266490086487
458.0,0.047379519347765305
459.0,0.04596529648747896
460.0,0.045580402378676305
461.0,0.04594743310577665
462.0,0.04569389400982375
463.0,0.04595172708254895
464.0,0.04689475406264174
465.0,0.04800744939238016
466.0,0.04821837250428576
467.0,0.04618115543605561
468.0,0.04525959298949924
469.0,0.046840623026022626
470.0,0.047356922536038626
471.0,0.047655741068702094
472.0,0.04781265265196065
473.0,0.047666440326550666
474.0,0.04669539647272113
475.0,0.04562244830290882
476.0,0.04538683578040119
477.0,0.04668700419355087
478.0,0.047187103227161076
479.0,0.04756401117358396
480.0,0.048010738952125
481.0,0.04747118661971934
482.0,0.046288945172738814
483.0,0.04544169017370298
484.0,0.045845338685206315
485.0,0.047962515799587185
486.0,0.048395680978962845
487.0,0.04743155423161806
488.0,0.04734076498505783
489.0,0.04785662277650987
490.0,0.04764577922805811
491.0,0.04686712586151258
492.0,0.04763312219267852
493.0,0.04733044420192249
494.0,0.047095525863487836
495.0,0.04813807509120536
496.0,0.04964405991977822
497.0,0.048787222416233504
498.0,0.046805229144794916
499.0,0.04664845150599728
500.0,0.04743851559829308
501.0,0.048386230860951215
502.0,0.04887541129067653
503.0,0.04855364362215326
504.0,0.04839180859575272
505.0,0.0478891612113015
506.0,0.04692715109734642
507.0,0.04732677603505356
508.0,0.048002790146803816
509.0,0.04847099619253411
510.0,0.04863520599319196
511.0,0.04897644153662388
512.0,0.04932900482473484
513.0,0.049205049257626726
514.0,0.04788128904395226
515.0,0.04803688088602441
516.0,0.048495832251016856
517.0,0.048150654418316396
518.0,0.04862430610660909
519.0,0.04855094937082114
520.0,0.048320342715649944
521.0,0.048928076399239
522.0,0.049345268641285786
523.0,0.04916069738412272
524.0,0.04856821583674347
525.0,0.04838429615110397
526.0,0.04878375154361202
527.0,0.049063400703922774
528.0,0.04879302129187016
529.0,0.04900050942546011
530.0,0.049129799570821565
531.0,0.04911593284100936
532.0,0.04917382902003637
533.0,0.04954546537419804
534.0,0.04948909120349037
535.0,0.04905643174822644
536.0,0.04950520452429749
537.0,0.049619201154871485
538.0,0.04927209197165411
539.0,0.04877418669187963
540.0,0.048779799143428414
541.0,0.04951946589195618
542.0,0.050246323798684704
543.0,0.0497987287667775
544.0,0.049412195795316784
545.0,0.049624709009990685
546.0,0.0501657282701397
547.0,0.04956633651535264
548.0,0.04959614609707267
549.0,0.050147938546265244
550.0,0.05053831224129584
551.0,0.05029166446553137
552.0,0.05016368528701579
553.0,0.05018062899316059
554.0,0.049840611917796505
555.0,0.05042548586662903
556.0,0.05094073262459079
557.0,0.050742395613309364
558.0,0.050649911773910684
559.0,0.050696495108264
560.0,0.050579752754919334
561.0,0.050081800825037055
562.0,0.05033913816706715
563.0,0.05049264947919936
564.0,0.05041488828329555
565.0,0.050826087953687135
566.0,0.051146127922073605
567.0,0.051357496030459374
568.0,0.05144145597688655
569.0,0.05096184401729744
570.0,0.050941358074543135
571.0,0.05114451429676703
572.0,0.05088007837268809
573.0,0.05139334238694266
574.0,0.051632245576722816
575.0,0.05120635917756074
576.0,0.050931173911684766
577.0,0.05111996094039972
578.0,0.051497759721485924
579.0,0.05168341570066954
580.0,0.05166848362847704
581.0,0.05153405100689558
582.0,0.051476687515968025
583.0,0.0517082550360212
584.0,0.05169699963265819
585.0,0.051907590708067664
586.0,0.052395332319387616
587.0,0.052194691417766795
588.0,0.05182944650254533
589.0,0.05174404281341342
590.0,0.052178193138409185
591.0,0.05249625824426186
592.0,0.05259306193747217
593.0,0.05245007737271463
594.0,0.052131675324408905
595.0,0.05226983990841626
596.0,0.05247556109251677
597.0,0.052518820013591073
598.0,0.05331212173562321
599.0,0.05322608807100937
600.0,0.05270040597666318
601.0,0.05298636148437737
602.0,0.05277811895962982
603.0,0.05285319565931681
604.0,0.05330455782365515
605.0,0.05301256429188596
606.0,0.05313001977828402
607.0,0.05341633328248408
608.0,0.053409039477135205
609.0,0.0532834103554635
610.0,0.05330534691577332
611.0,0.0535127557566724
612.0,0.05376392844738763
613.0,0.054040565248330355
614.0,0.05408077836330607
615.0,0.05387868055240908
616.0,0.05399550774142129
617.0,0.05418646678641576
618.0,0.05424207406760206
619.0,0.05407260944895985
620.0,0.054210892654929274
621.0,0.054515976027385636
622.0,0.05479182997740782
623.0,0.05484259136036777
624.0,0.05484145382500345
625.0,0.05480255422090045
626.0,0.05478500894963963
627.0,0.055138982847474934
628.0,0.05503573804989002
629.0,0.054899421050477105
630.0,0.05561027092987752
631.0,0.05546488454489584
632.0,0.05513267209506264
633.0,0.055148641579176254
634.0,0.05542055507651015
635.0,0.055587217884439516
636.0,0.05569718115584245
637.0,0.05586007649371854
638.0,0.05579687585935146
639.0,0.05594573449418506
640.0,0.05626808336336578
641.0,0.05632754573645393
642.0,0.056300920436343854
643.0,0.056361946221223584
644.0,0.05662665791368913
645.0,0.05715706739633778
646.0,0.05716337550976208
647.0,0.05690950955349937
648.0,0.05701946192870173
649.0,0.05712134093320553
650.0,0.057357405348715196
651.0,0.05769651436572205
652.0,0.05786504741691713
653.0,0.058051372971576976
654.0,0.05805879677433449
655.0,0.057793137037616904
656.0,0.05773176168236735
657.0,0.05796872712689723
658.0,0.05835919967502562
659.0,0.058609451351321104
660.0,0.058695281485690476
661.0,0.05872636717695859
662.0,0.05873633573268366
663.0,0.05854807054605417
664.0,0.058957532695318074
665.0,0.05940963507735278
666.0,0.059237721801640796
667.0,0.05956690610442191
668.0,0.05961407540566389
669.0,0.05939732997313767
670.0,0.0596845588663243
671.0,0.05973157204297097
672.0,0.05981996934783144
673.0,0.06015675973515954
674.0,0.060274596970512816
675.0,0.060625791825203335
676.0,0.06086310471830327
677.0,0.06049258108772748
678.0,0.06062177108050213
679.0,0.06089333092367936
680.0,0.061199640332573975
681.0,0.06192029439757823
682.0,0.06214695812592515
683.0,0.061993768763308595
684.0,0.061843778463565334
685.0,0.061998543230027445
686.0,0.06198339899364404
687.0,0.06201464108409826
688.0,0.06264661428374674
689.0,0.06294195886664589
690.0,0.0629615639223583
691.0,0.06288762962879502
692.0,0.06284580583314685
693.0,0.06303933525772465
694.0,0.06332426593194061
695.0,0.06350373702301405
696.0,0.06378005561501297
697.0,0.06400678512140537
698.0,0.06411769341274556
699.0,0.06413756950595749
700.0,0.06412786495359975
701.0,0.06428358258917724
702.0,0.06465573770179439
703.0,0.06495263101996984
704.0,0.06497653230830856
705.0,0.0650303746046143
706.0,0.06547409138428097
707.0,0.06548777101197595
708.0,0.06541925577613707
709.0,0.0655444971428273
710.0,0.06593840617811848
711.0,0.06645736917192627
712.0,0.06670036601986658
713.0,0.06652848624288367
714.0,0.06672926853566934
715.0,0.06689593304892757
716.0,0.06699722168856337
717.0,0.0672049178630447
718.0,0.06753457432711367
719.0,0.0679238364400465
720.0,0.06826813869934732
721.0,0.06841837693510837
722.0,0.06864327610038781
723.0,0.06878402682235317
724.0,0.06872772512277604
725.0,0.06898619150443538
726.0,0.06935494229138603
727.0,0.0696131509959189
728.0,0.06960655342471478
729.0,0.06992987105097484
730.0,0.07027390848846665
731.0,0.07037858829614113
732.0,0.07027308354648401
733.0,0.07050201011688308
734.0,0.07086452755952526
735.0,0.07101460518448943
736.0,0.07119642879251362
737.0,0.07152425085072939
738.0,0.07187498514656272
739.0,0.07196809669424856
740.0,0.07221160911613289
741.0,0.07253172843667484
742.0,0.07278211692326217
743.0,0.07279739313079564
744.0,0.0731460760409146
745.0,0.07357130238767977
746.0,0.07368111431427828
747.0,0.07410917809723071
748.0,0.07441827893050365
749.0,0.07450659223078693
750.0,0.0746323739562984
751.0,0.07477081872087746
752.0,0.07494750753035172
753.0,0.07521180682321664
754.0,0.07570420026966398
755.0,0.07596559231870584
756.0,0.07605415875972238
757.0,0.07621913410667233
758.0,0.07646916238756689
759.0,0.07685207450010068
760.0,0.07727872914517425
761.0,0.07754642425614938
762.0,0.07788653562931208
763.0,0.07817379165454945
764.0,0.07833185149184287
765.0,0.07855858813141069
766.0,0.0786888318306929
767.0,0.07888007451165442
768.0,0.0793238214622779
769.0,0.0797071652655775
770.0,0.08000752428547611
771.0,0.08025547188476236
772.0,0.08051546689383585
773.0,0.08074210501821835
774.0,0.08095078382301711
775.0,0.0811882671654643
776.0,0.08156464576274235
777.0,0.08185278358333889
778.0,0.08211429278443158
779.0,0.08247735792801346
780.0,0.08280596834236355
781.0,0.08305152420428194
782.0,0.08326790196774318
783.0,0.0835864661208871
784.0,0.08394990259353237
785.0,0.08434733819052324
786.0,0.08470682928165064
787.0,0.08478776120582353
788.0,0.08516052675105477
789.0,0.08571904222721316
790.0,0.0861333194018552
791.0,0.08622545961573866
792.0,0.08634478080869294
793.0,0.08668697975124232
794.0,0.0872539100012788
795.0,0.08755560207902072
796.0,0.08781085074945989
797.0,0.08816397900480452
798.0,0.08845992989179632
799.0,0.08870085469888357
800.0,0.08900313260792454
801.0,0.08942773703212809
802.0,0.08969751688595134
803.0,0.09013539051495759
804.0,0.0906355922624152
805.0,0.09088132388025003
806.0,0.09108254162394264
807.0,0.09144638997911979
808.0,0.09197445167208146
809.0,0.09241640269999502
810.0,0.09263370970736183
811.0,0.09293582674721025
812.0,0.09348388701987306
813.0,0.09376932933755484
814.0,0.09389492482239076
815.0,0.09415787615211794
816.0,0.09478731051374267
817.0,0.09512237586559437
818.0,0.09544879610918194
819.0,0.09585092904784168
820.0,0.09618891684403523
821.0,0.09651111405181254
822.0,0.0968651470346816
823.0,0.09729182677721146
824.0,0.09783444435892913
825.0,0.09791986520646019
826.0,0.09815111871502369
827.0,0.09899453742082359
828.0,0.09912026640304873
829.0,0.09945180355469316
830.0,0.10012737932498227
831.0,0.10077110481133503
832.0,0.10093712697528988
833.0,0.10096526179863467
834.0,0.10125008321045849
835.0,0.1020858143503465
836.0,0.10255467738101147
837.0,0.10284955104963024
838.0,0.1032610159805405
839.0,0.10382128071732989
840.0,0.10414936830408056
841.0,0.10436010312742303
842.0,0.10468030837671008
843.0,0.10502091884883265
844.0,0.10561098414161266
845.0,0.10627302299528839
846.0,0.10666022769089947
847.0,0.10714969517360357
848.0,0.10765517412181533
849.0,0.1080495953985409
850.0,0.10824348510431184
851.0,0.1087063197992241
852.0,0.1094251326801525
853.0,0.11011323640299883
854.0,0.11012705735592475
855.0,0.110722817440922
856.0,0.11135337921194226
857.0,0.1113838139062718
858.0,0.11202407911573306
859.0,0.11246530597132215
860.0,0.11280993186627453
861.0,0.11351298975075304
862.0,0.1139504940720814
863.0,0.11437183270984393
864.0,0.1148271220558037
865.0,0.11516190163830684
866.0,0.11585699672172468
867.0,0.11637076309237358
868.0,0.1165359119731373
869.0,0.11698399335152967
870.0,0.11761656843575989
871.0,0.11826675859334523
872.0,0.11880116498977103
873.0,0.1192477130396471
874.0,0.11968148114651293
875.0,0.12015821082580079
876.0,0.12068881743885522
877.0,0.12115589216284423
878.0,0.12158129428469948
879.0,0.12207472594389365
880.0,0.12275546251301239
881.0,0.1234974251419391
882.0,0.1238431747064907
883.0,0.12392563150086561
884.0,0.12442229185316785
885.0,0.12496459077385356
886.0,0.12567864206458335
887.0,0.12644537010140552
888.0,0.12671452920962825
889.0,0.12747207250529277
890.0,0.12801823030436432
891.0,0.12795761588499213
892.0,0.12852212924580025
893.0,0.12939407793078808
894.0,0.13003200004912935
895.0,0.13017682760508387
896.0,0.130904422413845
897.0,0.1315903392132609
898.0,0.13197477533317284
899.0,0.13213395261183972
900.0,0.13272813412586534
901.0,0.13362960920927763
902.0,0.13455402901654825
903.0,0.1351540094388775
904.0,0.135181398952118
905.0,0.13558754588001012
906.0,0.13644338631247488
907.0,0.1368799054527696
908.0,0.13751488208778198
909.0,0.13829291099144667
910.0,0.13892961965423206
911.0,0.1390228227479796
912.0,0.13980121348301228
913.0,0.14052558571531076
914.0,0.14073409742753298
915.0,0.14131454137830543
916.0,0.14219781847648055
917.0,0.1430946861811158
918.0,0.14368309343867744
919.0,0.14377520972761781
920.0,0.14370883100311738
921.0,0.14406419156356456
922.0,0.14513319960179508
923.0,0.14605125518118295
924.0,0.14673823597137833
925.0,0.14726000289559651
926.0,0.14778999969629136
927.0,0.14853932564463632
928.0,0.14899527096599477
929.0,0.1492985896832058
930.0,0.14995324698063778
931.0,0.15113408293626016
932.0,0.15192279326590996
933.0,0.15232741841198685
934.0,0.15291938644278685
935.0,0.1526591725178094
936.0,0.1529169540982499
937.0,0.15406372663045173
938.0,0.1553561957339011
939.0,0.1564717556118657
940.0,0.15707498317534072
941.0,0.15725419577349165
942.0,0.1575259462885632
943.0,0.15832737648082887
944.0,0.15896654637598884
945.0,0.15945057750185282
946.0,0.16070154681040774
947.0,0.1611025236128391
948.0,0.1614996707117516
949.0,0.16220601876787694
950.0,0.16229641395441227
951.0,0.16331275748701918
952.0,0.16427819589942294
953.0,0.1646786784635842
954.0,0.16545858864245844
955.0,0.16581352489522563
956.0,0.16640188729959315
957.0,0.16751313128742734
958.0,0.1682990573677755
959.0,0.16787286125848955
960.0,0.16829181065279028
961.0,0.1704069444379465
962.0,0.17166611571019877
963.0,0.17244997906317328
964.0,0.17239581646369415
965.0,0.1718018195173243
966.0,0.17231747593543334
967.0,0.17341221819420577
968.0,0.17493069208884054
969.0,0.1763444857415363
970.0,0.1763943273415263
971.0,0.17707990524990547
972.0,0.17806628781448225
973.0,0.17858674185928128
974.0,0.17828918350135292
975.0,0.17979285324839853
976.0,0.1810071462458397
977.0,0.18076726586669314
978.0,0.18196569484616099
979.0,0.18196607019326846
980.0,0.18228039915046723
981.0,0.18411495975381972
982.0,0.1862279922891725
983.0,0.18656327649222307
984.0,0.186142274429946
985.0,0.18640805176789027
986.0,0.187912401286577
987.0,0.18768793376606485
988.0,0.18759082298284316
989.0,0.1890252086233292
990.0,0.19086340619729997
991.0,0.19143711218937795
992.0,0.19144205649769186
993.0,0.1916781765498386
994.0,0.19229967998266834
995.0,0.19365615349342244
996.0,0.19501035218039833
997.0,0.19614923431576534
998.0,0.19761111797244393
999.0,0.19823020003211447
1000.0,0.19940866890390974
1001.0,0.21564928673817035
1002.0,0.21452650480118768
1003.0,0.21472290492121157
1004.0,0.21482513516387533
1005.0,0.21378333950826503
1006.0,0.21616788546645838
1007.0,0.2188783075603252
1008.0,0.21760877679840632
1009.0,0.2160739321879188
1010.0,0.21348885929767977
1011.0,0.21075633921872183
1012.0,0.21080775715428138
1013.0,0.21274737214752543
1014.0,0.21520866207719827
1015.0,0.21973281812206988
1016.0,0.22106025822240477
1017.0,0.2223082614579161
1018.0,0.22224399266681577
1019.0,0.22159228481752563
1020.0,0.22284992382504853
1021.0,0.2239586008087682
1022.0,0.22633648513989194
1023.0,0.22587624651417598
1024.0,0.22281930892601925
1025.0,0.2230282055943357
1026.0,0.22439097168699942
1027.0,0.226070146192119
1028.0,0.228758975796279
1029.0,0.23109414792134633
1030.0,0.23390504570204662
1031.0,0.23480668690675657
1032.0,0.2349126756613973
1033.0,0.23418887378058406
1034.0,0.23323791033824992
1035.0,0.2351680556000765
1036.0,0.23710736989428913
1037.0,0.23904573696251685
1038.0,0.24174311621133904
1039.0,0.2411590385984111
1040.0,0.23974150185933057
1041.0,0.24084756266002497
1042.0,0.24123142253499805
1043.0,0.24082079466433634
1044.0,0.23957951454710089
1045.0,0.2403193896001527
1046.0,0.24086484802217945
1047.0,0.24072406859556236
1048.0,0.2438079478328978
1049.0,0.24579670331192666
1050.0,0.24655909862125935
1051.0,0.24868208354031224
1052.0,0.24778971558844218
1053.0,0.2464790171539253
1054.0,0.24715505121731363
1055.0,0.24792076332192456
1056.0,0.24877333910302873
1057.0,0.250680497770825
1058.0,0.25283690297631806
1059.0,0.253955956446334
1060.0,0.2543044698328527
1061.0,0.2537169758112599
1062.0,0.2543758829898682
1063.0,0.25642954427053605
1064.0,0.25794561118629433
1065.0,0.2601278526404214
1066.0,0.26197901329532775
1067.0,0.26149719529105414
1068.0,0.2616582670184017
1069.0,0.26289910325299914
1070.0,0.26430815208602326
1071.0,0.2662626127749912
1072.0,0.26959900516843033
1073.0,0.27122871100375723
1074.0,0.27196082522937537
1075.0,0.27282531124586595
1076.0,0.2722234153426661
1077.0,0.2725771389822162
1078.0,0.27341294033937924
1079.0,0.27322298415877005
1080.0,0.27419501374316085
1081.0,0.27521395872937765
1082.0,0.27568258625662806
1083.0,0.27773749629861033
1084.0,0.27835400184538983
1085.0,0.276824184150863
1086.0,0.2778412460894819
1087.0,0.2798525281370737
1088.0,0.2810952394385339
1089.0,0.2831183338058195
1090.0,0.28600648935923134
1091.0,0.28608660467709707
1092.0,0.2857274028833465
1093.0,0.2865865471363274
1094.0,0.28680863010181107
1095.0,0.2877568777517447
1096.0,0.28887852232840944
1097.0,0.28928119404425057
1098.0,0.2895876809187839
1099.0,0.2903623107037374
1100.0,0.2913189986914466
1101.0,0.29231961895512903
1102.0,0.29350960357190853
1103.0,0.2950981293507838
1104.0,0.2961922257421092
1105.0,0.29685553102067486
1106.0,0.29787351490300856
1107.0,0.2991423800757799
1108.0,0.3011777994222819
1109.0,0.3032589074829323
1110.0,0.30484971771872005
1111.0,0.3055976152391868
1112.0,0.30665562320137113
1113.0,0.30717633289077334
1114.0,0.30820868201354373
1115.0,0.309902197100896
1116.0,0.3109608734544709
1117.0,0.31157674044829914
1118.0,0.3121974121837189
1119.0,0.31197076648774386
1120.0,0.3133097490851532
1121.0,0.3154601390377967
1122.0,0.3165814094730811
1123.0,0.3180542845320068
1124.0,0.31976208404614304
1125.0,0.3202112625452031
1126.0,0.32052045825208875
1127.0,0.3214624940636311
1128.0,0.3226833453852341
1129.0,0.32362881648664793
1130.0,0.32520020270137334
1131.0,0.32625746432068364
1132.0,0.32636734103317533
1133.0,0.3272998707810755
1134.0,0.32875011440032115
1135.0,0.32967523850574604
1136.0,0.33043068422730665
1137.0,0.33180153076286273
1138.0,0.3320051995464766
1139.0,0.3319272791465509
1140.0,0.33306254775042393
1141.0,0.33392873317857197
1142.0,0.33504009184154326
1143.0,0.3367773345201384
1144.0,0.3381011209771695
1145.0,0.339466052077764
1146.0,0.34043724966481925
1147.0,0.34077934854780556
1148.0,0.34171074363066334
1149.0,0.34247047031370703
1150.0,0.3436570981484171
1151.0,0.34564428160000615
1152.0,0.3474665105123005
1153.0,0.34877984835268666
1154.0,0.3500614327747306
1155.0,0.35068891704134
1156.0,0.3516157372327613
1157.0,0.3528029520174656
1158.0,0.35406143742183144
1159.0,0.35536208095663974
1160.0,0.35731824753355207
1161.0,0.35848621095111927
1162.0,0.359221016559052
1163.0,0.3603024759342748
1164.0,0.36095189398853766
1165.0,0.362042754250878
1166.0,0.363874239425668
1167.0,0.3650223697765941
1168.0,0.36616464844105884
1169.0,0.3668158716526118
1170.0,0.3669889247357993
1171.0,0.367928115664504
1172.0,0.3687583566360934
1173.0,0.36979570395237804
1174.0,0.37072529126997833
1175.0,0.3715755682714222
1176.0,0.372562098587087
1177.0,0.3736229966610816
1178.0,0.3746993357211592
1179.0,0.37594109554613425
1180.0,0.37719861351098444
1181.0,0.37868349826961817
1182.0,0.3795252760249891
1183.0,0.380954183037246
1184.0,0.3825235469606827
1185.0,0.38353510459478474
1186.0,0.3851672488180735
1187.0,0.3865599389290295
1188.0,0.3879455123510157
1189.0,0.38888878206789057
1190.0,0.38949080354474463
1191.0,0.390573214033139
1192.0,0.3915696816902588
1193.0,0.39264785919101086
1194.0,0.3941469941722221
1195.0,0.3955450610786764
1196.0,0.39669071311938414
1197.0,0.39786788754932345
1198.0,0.3992041271704709
1199.0,0.40067019413672494
1200.0,0.40155226870479677
1201.0,0.4025933728562552
1202.0,0.4038818218214407
1203.0,0.404685851190083
1204.0,0.4058910933725763
1205.0,0.40754117263491885
1206.0,0.4087153611810202
1207.0,0.40972142771637826
1208.0,0.41077591550705955
1209.0,0.4114339508877949
1210.0,0.41245274653402497
1211.0,0.4136874298356746
1212.0,0.4149604787010011
1213.0,0.41663276501754626
1214.0,0.4179383508411592
1215.0,0.41901331944902975
1216.0,0.42013453295316094
1217.0,0.42168552575405543
1218.0,0.4225138520526537
1219.0,0.42366891788847544
1220.0,0.42504631106026075
1221.0,0.4263265702739701
1222.0,0.4275665986840462
1223.0,0.42864620169495565
1224.0,0.429657400395585
1225.0,0.43076813298024225
1226.0,0.4315110730141943
1227.0,0.4327257187010423
1228.0,0.43480571302090193
1229.0,0.43599419080832635
1230.0,0.43654915560086555
1231.0,0.437604668082511
1232.0,0.4386493683678025
1233.0,0.43939625439372293
1234.0,0.4403842209708082
1235.0,0.4415371700012352
1236.0,0.4428000398230979
1237.0,0.4438031086906131
1238.0,0.4450763744850414
1239.0,0.44699486899810914
1240.0,0.44833822274604734
1241.0,0.44943769147920365
1242.0,0.45044166310490663
1243.0,0.451129575331681
1244.0,0.45204362742635873
1245.0,0.45237564086460835
1246.0,0.4536704337333343
1247.0,0.45619437557733705
1248.0,0.45781692173765237
1249.0,0.45951650891512996
1250.0,0.4611734229247077
1251.0,0.46242758283525615
1252.0,0.46304865664594425
1253.0,0.46455184863012994
1254.0,0.4668522989787904
1255.0,0.4681546060050598
1256.0,0.4693697289999456
1257.0,0.47022557720871416
1258.0,0.4701151914512569
1259.0,0.4709485186825633
1260.0,0.47200908279260434
1261.0,0.4732034475011659
1262.0,0.4748860780248591
1263.0,0.4764253826134244
1264.0,0.47821517295155974
1265.0,0.4795696656208033
1266.0,0.48059933705198155
1267.0,0.48186065361921654
1268.0,0.482912669707369
1269.0,0.4840180908817652
1270.0,0.48527234961770394
1271.0,0.4870294280584439
1272.0,0.48800696701849994
1273.0,0.48851780587598215
1274.0,0.489446084821844
1275.0,0.4899902392668279
1276.0,0.49122368319467313
1277.0,0.493105634225343
1278.0,0.4946486093162206
1279.0,0.49650879990114644
1280.0,0.49796967235231854
1281.0,0.4993497397692642
1282.0,0.5003962099985361
1283.0,0.5007222671690241
1284.0,0.5016539524553293
1285.0,0.5025474105593507
1286.0,0.5036545713881525
1287.0,0.5051520195764803
1288.0,0.5069507968164071
1289.0,0.5084087131852996
1290.0,0.5098926466643046
1291.0,0.5109959727342274
1292.0,0.5116279302224409
1293.0,0.5129449446069547
1294.0,0.5144421952958732
1295.0,0.5156598940740377
1296.0,0.5171410337623442
1297.0,0.5185548055349729
1298.0,0.5197834202904335
1299.0,0.520792297354665
1300.0,0.5215017286709984
1301.0,0.5228525979179786
1302.0,0.5242367357399201
1303.0,0.5256112874509619
1304.0,0.5280351078583355
1305.0,0.5296653326734935
1306.0,0.5308916693352466
1307.0,0.5313854327417317
1308.0,0.5324353683705
1309.0,0.533337758765823
1310.0,0.5344369508689342
1311.0,0.535736073079848
1312.0,0.5369817382633426
1313.0,0.5380752515953338
1314.0,0.5395552684481482
1315.0,0.5414530811530213
1316.0,0.542962749704863
1317.0,0.5445853826572762
1318.0,0.5459910971931683
1319.0,0.5469058588350229
1320.0,0.5481813135257703
1321.0,0.5497416455063664
1322.0,0.5510541143928049
1323.0,0.5525054046304739
1324.0,0.5536654607596325
1325.0,0.5542462758589383
1326.0,0.5552119624821419
1327.0,0.5562737319249597
1328.0,0.5573292503521772
1329.0,0.5585241756663292
1330.0,0.5600708623463715
1331.0,0.5612858033633067
1332.0,0.5623192708487289
1333.0,0.5634965538568284
1334.0,0.5644930230427144
1335.0,0.5659062459642467
1336.0,0.5676713271097419
1337.0,0.569241052965345
1338.0,0.5710817279249487
1339.0,0.5726259129942667
1340.0,0.5741843261451227
1341.0,0.5752713691271885
1342.0,0.5758841579642002
1343.0,0.5766643597167792
1344.0,0.5766306445597579
1345.0,0.5774788312960095
1346.0,0.5787817660057303
1347.0,0.5805241821661837
1348.0,0.5822821052457623
1349.0,0.5846634182035314
1350.0,0.5864198746388009
1351.0,0.5881446167456498
1352.0,0.5895311901582491
1353.0,0.5904449111847494
1354.0,0.5918407004252074
1355.0,0.5932236863128371
1356.0,0.5945733407863869
1357.0,0.5964011139994958
1358.0,0.5976456867716899
1359.0,0.5982057059199609
1360.0,0.5993186424518477
1361.0,0.600341625899054
1362.0,0.6016657516436509
1363.0,0.603654652850845
1364.0,0.6052128557716471
1365.0,0.6067449666165898
1366.0,0.6080764139468575
1367.0,0.6090902618023265
1368.0,0.6099880813293014
1369.0,0.611333722180731
1370.0,0.6128788890302872
1371.0,0.6142138160366194
1372.0,0.6158764772987351
1373.0,0.6169989756511356
1374.0,0.6175510813814105
1375.0,0.6185782514708698
1376.0,0.619508920278968
1377.0,0.620769460890117
1378.0,0.6225451969479331
1379.0,0.623949936176252
1380.0,0.6255371799233355
1381.0,0.6266841336367879
1382.0,0.6272484827452024
1383.0,0.628166846291566
1384.0,0.6289091348633923
1385.0,0.6299430847242075
1386.0,0.6313439346621494
1387.0,0.6326404037402642
1388.0,0.6342788229282278
1389.0,0.6354228058277663
1390.0,0.6363117618940581
1391.0,0.6369977695092464
1392.0,0.6379703624954671
1393.0,0.6387158049658924
1394.0,0.6397160764791264
1395.0,0.6411320182774346
1396.0,0.6422324466943132
1397.0,0.6430953605790516
1398.0,0.6441489922916679
1399.0,0.645216445161477
1400.0,0.646418004404835
1401.0,0.6478668215467611
1402.0,0.6490096893342183
1403.0,0.6501456888830095
1404.0,0.6511732263363239
1405.0,0.651828547477807
1406.0,0.6527592570365326
1407.0,0.6537272889382386
1408.0,0.6548642810785569
1409.0,0.6563096691823909
1410.0,0.6575253772695199
1411.0,0.6586749067475788
1412.0,0.659898571808503
1413.0,0.6610890971553635
1414.0,0.6621641379318166
1415.0,0.6633966938472895
1416.0,0.6649197628694032
1417.0,0.6661463039784792
1418.0,0.6672389305200285
1419.0,0.6684574511137126
1420.0,0.6696003448077845
1421.0,0.6708909628009607
1422.0,0.6723063788561554
1423.0,0.6737202348261767
1424.0,0.6752272341377976
1425.0,0.6766055123041752
1426.0,0.6779247200092371
1427.0,0.6792983872019243
1428.0,0.6807958809698328
1429.0,0.6820116390240515
1430.0,0.6830403498553006
1431.0,0.6842526397677302
1432.0,0.6854061180597282
1433.0,0.686432929556918
1434.0,0.6875819760081967
1435.0,0.6885876562274418
1436.0,0.6891003981289056
1437.0,0.6900851387132779
1438.0,0.6911701251791647
1439.0,0.6926317424987783
1440.0,0.6942346975996158
1441.0,0.6957783466275571
1442.0,0.6975690924574297
1443.0,0.6990548419037943
1444.0,0.7003542066334134
1445.0,0.7015921882515833
1446.0,0.7026196641768417
1447.0,0.7031069832970493
1448.0,0.7042222400680973
1449.0,0.7055853192539475
1450.0,0.7068088160939604
1451.0,0.7081813578373402
1452.0,0.7095503568262057
1453.0,0.7108363677491626
1454.0,0.7121492813522008
1455.0,0.7136247453318304
1456.0,0.715055677895435
1457.0,0.7164718029729473
1458.0,0.7177212968350709
1459.0,0.7189452732634468
1460.0,0.7200954747874656
1461.0,0.7209804916308563
1462.0,0.7220322389483943
1463.0,0.723350120158142
1464.0,0.7243467800853082
1465.0,0.7249200811124825
1466.0,0.7259463364232905
1467.0,0.7269474405757241
1468.0,0.7281837321679543
1469.0,0.729871168545455
1470.0,0.7312746527521456
1471.0,0.7324849086777858
1472.0,0.7333364790368597
1473.0,0.7346552859940134
1474.0,0.7360478239047081
1475.0,0.7374316569793897
1476.0,0.73913664978415
1477.0,0.7404877513948908
1478.0,0.7415703325334352
1479.0,0.7427890559302457
1480.0,0.7440390384185205
1481.0,0.7451828296265415
1482.0,0.7461032065313403
1483.0,0.7474645602388454
1484.0,0.7491152063274537
1485.0,0.7503979072351673
1486.0,0.7518058200963196
1487.0,0.7531102286995159
1488.0,0.7539431406442904
1489.0,0.7551459535621706
1490.0,0.7567372683467346
1491.0,0.7580819743098068
1492.0,0.759372482543609
1493.0,0.760649433575459
1494.0,0.7617143194617273
1495.0,0.7630087904820002
1496.0,0.7644913863138352
1497.0,0.7658832851246948
1498.0,0.7674048931992126
1499.0,0.7688326728167082
1500.0,0.7703192345490179
1501.0,0.7713714593863357
1502.0,0.772499487342999
1503.0,0.774149588831423
1504.0,0.7755828858355449
1505.0,0.777066455802753
1506.0,0.7785671110823019
1507.0,0.7801101498699939
1508.0,0.7814699233583455
1509.0,0.7829033645501122
1510.0,0.7840326850705672
1511.0,0.7847981934469263
1512.0,0.7859001148359281
1513.0,0.7869230710433582
1514.0,0.7881184448697087
1515.0,0.7895719846674956
1516.0,0.7909359194184483
1517.0,0.7924072217863535
1518.0,0.7936556097038268
1519.0,0.7947351658798087
1520.0,0.7960000964142558
1521.0,0.7971188597476347
1522.0,0.798459608722871
1523.0,0.8002630501773275
1524.0,0.8016160026256318
1525.0,0.8027151677009235
1526.0,0.803974787441109
1527.0,0.8049675419266097
1528.0,0.8062559764218326
1529.0,0.8079581665264177
1530.0,0.8093987859564404
1531.0,0.8109527998366338
1532.0,0.8122526385801321
1533.0,0.8130881339400144
1534.0,0.814233687720037
1535.0,0.8153167727624695
1536.0,0.8165596432017033
1537.0,0.8177902922177182
1538.0,0.8197038871521921
1539.0,0.821394005843444
1540.0,0.8228433487438023
1541.0,0.8242040296247557
1542.0,0.825374417781972
1543.0,0.8268404500478729
1544.0,0.8282933566357076
1545.0,0.8297813995838108
1546.0,0.8315767320448911
1547.0,0.832995160389298
1548.0,0.8341997431534568
1549.0,0.8354129592886624
1550.0,0.8364415167546717
1551.0,0.8376969759835893
1552.0,0.8390945025667804
1553.0,0.8401818369667318
1554.0,0.8412165777635507
1555.0,0.8423299543181835
1556.0,0.8431635702030704
1557.0,0.8442900594975468
1558.0,0.8457916429862831
1559.0,0.8469792588174392
1560.0,0.8478664776822392
1561.0,0.8491811234128435
1562.0,0.8509047551353308
1563.0,0.8520419931552319
1564.0,0.8530045220192832
1565.0,0.8541737909762525
1566.0,0.8548072553556751
1567.0,0.8559851193238192
1568.0,0.8579067519374187
1569.0,0.8594287374767807
1570.0,0.8608970056379407
1571.0,0.8623018585463829
1572.0,0.8636374137390714
1573.0,0.8648886311582528
1574.0,0.8661157365405524
1575.0,0.8671993185044552
1576.0,0.8679572713891754
1577.0,0.8690034739458062
1578.0,0.8699336263139387
1579.0,0.8711826869862221
1580.0,0.8730346435940187
1581.0,0.8744836620953661
1582.0,0.8759584914552472
1583.0,0.877269609049471
1584.0,0.8779592982071242
1585.0,0.8791344249412406
1586.0,0.8807421968492729
1587.0,0.8820767580253266
1588.0,0.8836465715297162
1589.0,0.8849857851061501
1590.0,0.8861218630890645
1591.0,0.8867847720071255
1592.0,0.8880181550321704
1593.0,0.8894938988672442
1594.0,0.8905081134290643
1595.0,0.8914864108064988
1596.0,0.8926020805541824
1597.0,0.893393610485543
1598.0,0.8945346984839814
1599.0,0.8960527955641369
1600.0,0.897457729783596
1601.0,0.8988509417584049
1602.0,0.9001347567676145
1603.0,0.9015661487659985
1604.0,0.902772024038137
1605.0,0.9036681321322466
1606.0,0.9047806242935769
1607.0,0.9059099930369217
1608.0,0.9071520059468585
1609.0,0.9087089823626401
1610.0,0.9095986831568919
1611.0,0.910129914736861
1612.0,0.9110164597576743
1613.0,0.9115203032917432
1614.0,0.91244681104651
1615.0,0.9140686468833042
1616.0,0.9150649777705836
1617.0,0.9156531417817102
1618.0,0.9166152933336206
1619.0,0.9174779398808398
1620.0,0.9186375235724619
1621.0,0.9201148014586549
1622.0,0.921556895370213
1623.0,0.9232451758472572
1624.0,0.9246283546477307
1625.0,0.9257889515879033
1626.0,0.9272819840833812
1627.0,0.9287929894310981
1628.0,0.9302872918965707
1629.0,0.9323168500577499
1630.0,0.9336404515116856
1631.0,0.9344984335273435
1632.0,0.9353808501702603
1633.0,0.9357556094580078
1634.0,0.9365970364507699
1635.0,0.9376948228090634
1636.0,0.9385561065374923
1637.0,0.9394343221436294
1638.0,0.9404217782064903
1639.0,0.9415033654420432
1640.0,0.9422427507592872
1641.0,0.9427704194127579
1642.0,0.9436155341319549
1643.0,0.9443999259976313
1644.0,0.9450560650034513
1645.0,0.9460156967599057
1646.0,0.9468307159734418
1647.0,0.946952130888221
1648.0,0.9477768169582764
1649.0,0.9495000093364796
1650.0,0.9504513469189992
1651.0,0.9512103329909881
1652.0,0.9520324404512479
1653.0,0.9523155894131419
1654.0,0.9529118329737767
1655.0,0.9538591424134563
1656.0,0.9547026984039
1657.0,0.9555717901378522
1658.0,0.9563747754295475
1659.0,0.9573397022770893
1660.0,0.9579627430672537
1661.0,0.958108963137863
1662.0,0.9585777773455726
1663.0,0.9588085136947527
1664.0,0.9595443722731015
1665.0,0.9608747117523786
1666.0,0.9620186616499149
1667.0,0.9633239064442062
1668.0,0.9644988499819699
1669.0,0.9657314340620069
1670.0,0.9667542990308625
1671.0,0.9674191357629202
1672.0,0.9685161927429945
1673.0,0.9697456140738011
1674.0,0.9708362676929845
1675.0,0.972105369876791
1676.0,0.9734158775314868
1677.0,0.9743928630676446
1678.0,0.9757387680784133
1679.0,0.9776096192963151
1680.0,0.979286075187158
1681.0,0.9810633310244781
1682.0,0.9826609783297887
1683.0,0.9844202034088294
1684.0,0.9855542682583422
1685.0,0.9859168987436304
1686.0,0.9869704654243578
1687.0,0.9879750948591773
1688.0,0.9889868397553147
1689.0,0.9905366212423277
1690.0,0.9917633664752132
1691.0,0.9923671101406777
1692.0,0.9935056178983772
1693.0,0.995089905215055
1694.0,0.9965425070908661
1695.0,0.99815617442191
1696.0,0.9997750275149789
1697.0,1.0014187478980137
1698.0,1.0029187012977911
1699.0,1.0045356423523026
1700.0,1.0058064664878745
1701.0,1.0064314261822769
1702.0,1.0075981359193467
1703.0,1.0091488121081509
1704.0,1.0103820914052868
1705.0,1.011581219928776
1706.0,1.0130571441670466
1707.0,1.0143450853628972
1708.0,1.0156932751716468
1709.0,1.0178624138123271
1710.0,1.0190956747000552
1711.0,1.0195246379428582
1712.0,1.0203377205980502
1713.0,1.020632881476765
1714.0,1.0216002887967632
1715.0,1.023402042436827
1716.0,1.024437137798573
1717.0,1.0252827525164987
1718.0,1.0260418270419314
1719.0,1.0261468165217331
1720.0,1.0269432293830512
1721.0,1.0283805597397304
1722.0,1.0294886532636833
1723.0,1.0306162539745278
1724.0,1.0316430458971073
1725.0,1.032434591544489
1726.0,1.0333871296372572
1727.0,1.0344222910784844
1728.0,1.0356981127512563
1729.0,1.0370665429349548
1730.0,1.0381701683170974
1731.0,1.039370616992912
1732.0,1.0403815969054424
1733.0,1.0413124377889726
1734.0,1.0423528134335556
1735.0,1.043588155172424
1736.0,1.0442907726997
1737.0,1.0441892305422875
1738.0,1.044799999492487
1739.0,1.0456933435380906
1740.0,1.046465221097069
1741.0,1.0477852173269568
1742.0,1.0486259863744942
1743.0,1.048646923419878
1744.0,1.0492515670542237
1745.0,1.0500873275874896
1746.0,1.051039665400033
1747.0,1.052355060841674
1748.0,1.053417050052417
1749.0,1.0548173555917304
1750.0,1.055487604039205
1751.0,1.0554293064289892
1752.0,1.0560553518783389
1753.0,1.0563455212078425
1754.0,1.0573846103100233
1755.0,1.0589383697592654
1756.0,1.0600724932320178
1757.0,1.061019937280346
1758.0,1.0613802858265178
1759.0,1.0617698575224033
1760.0,1.0626122850386668
1761.0,1.0630309406110596
1762.0,1.0633187696081787
1763.0,1.0636622647145086
1764.0,1.0635195138898912
1765.0,1.063895974947836
1766.0,1.0654873653050347
1767.0,1.06745173285787
1768.0,1.0695501298948282
1769.0,1.071039521944484
1770.0,1.0715537739024974
1771.0,1.0724990101169416
1772.0,1.0732295892928978
1773.0,1.0736190515880737
1774.0,1.0747963185943459
1775.0,1.0751058723586995
1776.0,1.075171645199358
1777.0,1.0766831602348426
1778.0,1.0782105924723777
1779.0,1.0790324892081142
1780.0,1.0799241652411027
1781.0,1.0805667996888473
1782.0,1.0805903389877152
1783.0,1.0815541406781297
1784.0,1.0828428387982674
1785.0,1.0827576743454441
1786.0,1.0835904309373254
1787.0,1.0851628320214228
1788.0,1.0858946192625827
1789.0,1.0883090803483575
1790.0,1.089689335325606
1791.0,1.0903425524483168
1792.0,1.0907875540195557
1793.0,1.0913505371088392
1794.0,1.091228616990941
1795.0,1.0926487643424372
1796.0,1.0951687022560554
1797.0,1.0970500397402791
1798.0,1.0998017177082013
1799.0,1.1018362689632513
1800.0,1.102317694046701
1801.0,1.0931791689494923
1802.0,1.094621163655624
1803.0,1.0955834540373253
1804.0,1.09757025034184
1805.0,1.1004257710011336
1806.0,1.1024146035012343
1807.0,1.1049333819250449
1808.0,1.1070812467020354
1809.0,1.1089384027804046
1810.0,1.1097674643730662
1811.0,1.1104085911725399
1812.0,1.1104614374668356
1813.0,1.1097814537464885
1814.0,1.1100401706503167
1815.0,1.110236428073916
1816.0,1.11108496980061
1817.0,1.1115071217251449
1818.0,1.1112855108576976
1819.0,1.1121531190402698
1820.0,1.1142305801303436
1821.0,1.115139783568993
1822.0,1.1157860152716856
1823.0,1.116352748923582
1824.0,1.1167639653450232
1825.0,1.1182904898187573
1826.0,1.1199489751208906
1827.0,1.1234248721867954
1828.0,1.1249818915808714
1829.0,1.1260857194245626
1830.0,1.1265957362022887
1831.0,1.1256040230430706
1832.0,1.1255210694063809
1833.0,1.1265886621553227
1834.0,1.1267177404718498
1835.0,1.1276495575128973
1836.0,1.129575136298789
1837.0,1.1313691790337637
1838.0,1.1338440473117781
1839.0,1.1350547121539731
1840.0,1.135952631239789
1841.0,1.1369039504662541
1842.0,1.1371175392518624
1843.0,1.1376705147767094
1844.0,1.1395114573637053
1845.0,1.1396556851387347
1846.0,1.1400002174603525
1847.0,1.1395602063239045
1848.0,1.1397543109499115
1849.0,1.1412389363072528
1850.0,1.1408744476756725
1851.0,1.1394447580437308
1852.0,1.1378296782067137
1853.0,1.136169998003861
1854.0,1.13586584623642
1855.0,1.1384155740453579
1856.0,1.1407324230296223
1857.0,1.1419274508612203
1858.0,1.1425240439608797
1859.0,1.1433428891551163
1860.0,1.1436838522694315
1861.0,1.143685475350253
1862.0,1.1445104297617392
1863.0,1.14582569073234
1864.0,1.1449398530454356
1865.0,1.1456466065578819
1866.0,1.1459375599792547
1867.0,1.1438980377342762
1868.0,1.1438864768862131
1869.0,1.145262952301782
1870.0,1.145279899957233
1871.0,1.1452293265410134
1872.0,1.1461117663384284
1873.0,1.1450480233347184
1874.0,1.1432945154684178
1875.0,1.141104719188929
1876.0,1.13966663866578
1877.0,1.1395353318451682
1878.0,1.1378370745783433
1879.0,1.136361564256335
1880.0,1.135263895525273
1881.0,1.1339405839317134
1882.0,1.1318325981489448
1883.0,1.130939889506125
1884.0,1.1297816248775645
1885.0,1.1274590155726012
1886.0,1.1233006238806358
1887.0,1.1186784710458433
1888.0,1.115513295845453
1889.0,1.1118282048850925
1890.0,1.1077346784445594
1891.0,1.1042872117057714
1892.0,1.100013682934659
1893.0,1.0941885908966933
1894.0,1.0883491775828253
1895.0,1.082793569998969
1896.0,1.0780083799199414
1897.0,1.0722285699019476
1898.0,1.0667158192245965
1899.0,1.0619051244161097
1900.0,1.0573229310276386
1901.0,1.0529301049173387
1902.0,1.0493970867628508
1903.0,1.0446260761010102
1904.0,1.0395238689504214
1905.0,1.0344648729720887
1906.0,1.0297876779774287
1907.0,1.0272939581408445
1908.0,1.0253606340782473
1909.0,1.0232943862627204
1910.0,1.0210315285010005
1911.0,1.019254738168111
1912.0,1.0177694778808892
1913.0,1.016440188411942
1914.0,1.0155820828548
1915.0,1.0151467976652786
1916.0,1.0138963750058287
1917.0,1.0136980837462823
1918.0,1.0131888549868384
1919.0,1.0117734781964351
1920.0,1.010810008558761
1921.0,1.009478142770419
1922.0,1.0083965870432097
1923.0,1.0077765235321037
1924.0,1.0075622458766165
1925.0,1.007702426173186
1926.0,1.0078336675960289
1927.0,1.0096831202350107
1928.0,1.0108894133778683
1929.0,1.0121031021406663
1930.0,1.0147222344805913
1931.0,1.0149734257223026
1932.0,1.0171316651650164
1933.0,1.0199197634663275
1934.0,1.0204876996911603
1935.0,1.0221886558412758
1936.0,1.0238452151724209
1937.0,1.0250803828697805
1938.0,1.025724912542538
1939.0,1.0273429553823257
1940.0,1.028825726064892
1941.0,1.0293620077291037
1942.0,1.0309346223462643
1943.0,1.0328156854665476
1944.0,1.0334380082101957
1945.0,1.035288007503514
1946.0,1.0376135233609847
1947.0,1.038974131339704
1948.0,1.040833525727419
1949.0,1.043574001059022
1950.0,1.0458511344349588
1951.0,1.0469953341855236
1952.0,1.0490748260114893
1953.0,1.0506927554078982
1954.0,1.0511085110993488
1955.0,1.0518159753894507
1956.0,1.0521576753422666
1957.0,1.0526267030669045
1958.0,1.0552681455896737
1959.0,1.0574314187886569
1960.0,1.06030474246595
1961.0,1.0622319470022872
1962.0,1.0642098570433043
1963.0,1.0651706057460937
1964.0,1.0664499997789711
1965.0,1.0673466814302255
1966.0,1.068366787232139
1967.0,1.0686189496364582
1968.0,1.0672117825967422
1969.0,1.068099258243112
1970.0,1.0710666218168243
1971.0,1.0737047682918754
1972.0,1.0760433967305245
1973.0,1.0796050039418723
1974.0,1.081912920325841
1975.0,1.0829897625220628
1976.0,1.0840489638976214
1977.0,1.0856898747063126
1978.0,1.087747974282309
1979.0,1.0880200252543086
1980.0,1.088228479362256
1981.0,1.090008018348974
1982.0,1.091712532142526
1983.0,1.0938741083241024
1984.0,1.0968347485657048
1985.0,1.0988914781507726
1986.0,1.1000595692474864
1987.0,1.1012665465124958
1988.0,1.101946664318945
1989.0,1.1030323282878671
1990.0,1.104966436270006
1991.0,1.1059350539509063
1992.0,1.1084609240117511
1993.0,1.1117041510112078
1994.0,1.113702716860644
1995.0,1.1167347831453367
1996.0,1.1185629196792835
1997.0,1.1187576409313706
1998.0,1.1207580387828928
1999.0,1.1231506417175743
2000.0,1.1249722678871654
2001.0,1.1278981010790505
2002.0,1.1298652021798097
2003.0,1.129314826255593
2004.0,1.130125252017802
2005.0,1.1319975250476417
2006.0,1.1333342246594449
2007.0,1.1353996867043794
2008.0,1.1380578567615
2009.0,1.1398411844152978
2010.0,1.1404702104530144
2011.0,1.1420927173908264
2012.0,1.1446885334941008
2013.0,1.1457594573401595
2014.0,1.1460982325697027
2015.0,1.146838641840886
2016.0,1.1466611856970919
2017.0,1.1474556084254173
2018.0,1.1506419798949663
2019.0,1.1533196247983082
2020.0,1.157577164802584
2021.0,1.160473034054475
2022.0,1.1613267723555225
2023.0,1.1646034169578343
2024.0,1.1663953238176774
2025.0,1.1664644548253915
2026.0,1.1680864753328808
2027.0,1.1701967097668018
2028.0,1.1713868088677326
2029.0,1.1726268078821094
2030.0,1.1749374876732697
2031.0,1.1737563450351365
2032.0,1.1747371487897875
2033.0,1.1765875743094996
2034.0,1.1766709551528716
2035.0,1.1779263450844502
2036.0,1.1793749153500392
2037.0,1.1803992909540681
2038.0,1.1799259372331306
2039.0,1.181296648930789
2040.0,1.1842577680161925
2041.0,1.1859247798471722
2042.0,1.1878342454381678
2043.0,1.189643728469246
2044.0,1.1911503564094903
2045.0,1.1917428019934646
2046.0,1.1927884587270832
2047.0,1.1940022274474695
2048.0,1.1944778643126628
2049.0,1.1943310994457879
2050.0,1.194097278174008
2051.0,1.1932834853974554
2052.0,1.192689486990878
2053.0,1.19142049859391
2054.0,1.1916608393092778
2055.0,1.192301555421606
2056.0,1.193246466012105
2057.0,1.1960333889320764
2058.0,1.197299323506731
2059.0,1.1974503846805238
2060.0,1.1991218743725165
2061.0,1.200466553163852
2062.0,1.1995756583350916
2063.0,1.1992441844626935
2064.0,1.1994988047577158
2065.0,1.1996594185979117
2066.0,1.2009945953507424
2067.0,1.2028770157653175
2068.0,1.206275068626997
2069.0,1.2088796402717095
2070.0,1.212849508450461
2071.0,1.2142660835743853
2072.0,1.2142378108761438
2073.0,1.2141015782004996
2074.0,1.21168505374625
2075.0,1.2105013339405213
2076.0,1.2112498565812728
2077.0,1.2125970069373513
2078.0,1.2147694382952867
2079.0,1.21685073943305
2080.0,1.2175941038331253
2081.0,1.2187275350951527
2082.0,1.2207933049016844
2083.0,1.2237756110788924
2084.0,1.2255229121443312
2085.0,1.228201142243431
2086.0,1.2292832996416818
2087.0,1.228429118500105
2088.0,1.2283443972943637
2089.0,1.2279029488072488
2090.0,1.227606269673272
2091.0,1.2280633203172955
2092.0,1.2293828232451427
2093.0,1.229477163678646
2094.0,1.229208037869813
2095.0,1.2289488636868173
2096.0,1.2290528834810064
2097.0,1.2300693190042455
2098.0,1.2329631183210308
2099.0,1.234123632651122
2100.0,1.2352209749909606
2101.0,1.235233392272448
2102.0,1.2334244992686765
2103.0,1.2337279131738699
2104.0,1.2349012105605754
2105.0,1.2352099495504214
2106.0,1.2371808452687274
2107.0,1.236383227650897
2108.0,1.2329270610318799
2109.0,1.2328642550897708
2110.0,1.2334339249798616
2111.0,1.2350857317486041
2112.0,1.2389430038240938
2113.0,1.241937805690193
2114.0,1.2440528072519823
2115.0,1.2458219378938629
2116.0,1.2464686628487724
2117.0,1.2458547916130818
2118.0,1.2457288858557538
2119.0,1.2442994258467197
2120.0,1.243628025946916
2121.0,1.243613840580292
2122.0,1.2435467449265079
2123.0,1.2433810403737797
2124.0,1.2438462339253915
2125.0,1.245273786515592
2126.0,1.2453478330375674
2127.0,1.2469717826748419
2128.0,1.2484509901364453
2129.0,1.2492735167699456
2130.0,1.251463360253545
2131.0,1.252650326786367
2132.0,1.2533474407479042
2133.0,1.2537131166151039
2134.0,1.2540186132692743
2135.0,1.253512942051166
2136.0,1.2525118808287787
2137.0,1.2508028975204464
2138.0,1.2473365760720245
2139.0,1.2463435400689344
2140.0,1.2455087313240774
2141.0,1.2448931606193332
2142.0,1.2468800378266771
2143.0,1.2468561991239642
2144.0,1.2444222928604105
2145.0,1.2439311486771518
2146.0,1.2409998953638741
2147.0,1.2392646593871528
2148.0,1.2404869800232787
2149.0,1.2401020594800107
2150.0,1.242601315381475
2151.0,1.2474943996150567
2152.0,1.2497120866430818
2153.0,1.2523597153577828
2154.0,1.2523173622737074
2155.0,1.2489393978316212
2156.0,1.2468322322878809
2157.0,1.2421792179495001
2158.0,1.2409546828193567
2159.0,1.2422784179162323
2160.0,1.2433897519981405
2161.0,1.2469326378131207
2162.0,1.248412753695822
2163.0,1.2499713378590172
2164.0,1.2488501487948187
2165.0,1.2469968843453987
2166.0,1.246072996227535
2167.0,1.2449379251510608
2168.0,1.2433515824340466
2169.0,1.2428570180064542
2170.0,1.2420711078680597
2171.0,1.242169205400705
2172.0,1.2436741644136586
2173.0,1.2439558113170501
2174.0,1.2444624619584672
2175.0,1.2440973568127687
2176.0,1.2418610931339467
2177.0,1.2414680562063194
2178.0,1.2412946361772632
2179.0,1.2419901869142953
2180.0,1.2446465373573985
2181.0,1.246132384057537
2182.0,1.2470579211667725
2183.0,1.2482729096511704
2184.0,1.2502213211729918
2185.0,1.250916039099831
2186.0,1.2490026026631118
2187.0,1.2483498679010196
2188.0,1.2472670758628293
2189.0,1.2447284177368245
2190.0,1.243499830964818
2191.0,1.2445911152238476
2192.0,1.2439675423579142
2193.0,1.243276601993667
2194.0,1.2447858851040943
2195.0,1.2492633782805012
2196.0,1.2499773871651103
2197.0,1.2503020929168394
2198.0,1.2510642194525483
2199.0,1.2490451925607848
2200.0,1.249209058548281
2201.0,1.2528795070083962
2202.0,1.2528945310324024
2203.0,1.250988793483157
2204.0,1.250196427770028
2205.0,1.2480557411901048
2206.0,1.2468450386569987
2207.0,1.2473666633559595
2208.0,1.2437815656142763
2209.0,1.2421770443501423
2210.0,1.2401675754871717
2211.0,1.238907947715993
2212.0,1.2410088778987756
2213.0,1.2413527106331619
2214.0,1.24568557004592
2215.0,1.2490064879270468
2216.0,1.249248988092842
2217.0,1.2510462674844218
2218.0,1.2528307898772686
2219.0,1.2530442134427249
2220.0,1.2529273319604832
2221.0,1.2540749805539202
2222.0,1.2556074454495258
2223.0,1.2552328038923037
2224.0,1.2556589772688103
2225.0,1.2538457714019293
2226.0,1.2451432983425985
2227.0,1.2437146591630037
2228.0,1.247587503218857
2229.0,1.2477723583109683
2230.0,1.2512673191496513
2231.0,1.2529953324063712
2232.0,1.2509289572773574
2233.0,1.2484764924968936
2234.0,1.2513013669030493
2235.0,1.2502055235492266
2236.0,1.249419952708504
2237.0,1.2488642040749343
2238.0,1.2473956298696125
2239.0,1.2472771948113919
2240.0,1.248420943208333
2241.0,1.2496803699623158
2242.0,1.2491998006539116
2243.0,1.249725640990006
2244.0,1.2506393181154036
2245.0,1.2496670292456757
2246.0,1.2491498015882887
2247.0,1.2485787596073161
2248.0,1.2472407993364671
2249.0,1.2447680380958235
2250.0,1.2447451728863312
2251.0,1.2482329427688803
2252.0,1.2471296287462041
2253.0,1.243962774736021
2254.0,1.2408226349790268
2255.0,1.2319966275267042
2256.0,1.2285568517100476
2257.0,1.2296666548830948
2258.0,1.2300999635123895
2259.0,1.2317338744551722
2260.0,1.2331366875261132
2261.0,1.2356725556976298
2262.0,1.2364303291184437
2263.0,1.2359277850992525
2264.0,1.2422726293580033
2265.0,1.2428547973700876
2266.0,1.24195745140402
2267.0,1.2405214413544967
2268.0,1.2345735024684483
2269.0,1.2303103545908547
2270.0,1.2278735770694007
2271.0,1.228734326275496
2272.0,1.228989710792366
2273.0,1.2331396482302477
2274.0,1.238812639705539
2275.0,1.2405383314014884
2276.0,1.2431207814087877
2277.0,1.2428556139216327
2278.0,1.237251989839135
2279.0,1.2360051040252535
2280.0,1.235474287012596
2281.0,1.2362806081940556
2282.0,1.2398491597281025
2283.0,1.241783255269335
2284.0,1.2444433105432842
2285.0,1.2450502138926731
2286.0,1.2441670031042413
2287.0,1.243642587851174
2288.0,1.2418336418299551
2289.0,1.239409795953239
2290.0,1.2366619270974581
2291.0,1.2346284264160001
2292.0,1.2310404648624502
2293.0,1.2305537640799582
2294.0,1.232334475479125
2295.0,1.2326107624099956
2296.0,1.233941353562736
2297.0,1.235041640642478
2298.0,1.2350136023956235
2299.0,1.2396473709917084
2300.0,1.2418450443671722
2301.0,1.2452883242733257
2302.0,1.2442105070999565
2303.0,1.2418198611286297
2304.0,1.2408819398482624
2305.0,1.2384029005068142
2306.0,1.2348684166604778
2307.0,1.2292979364750858
2308.0,1.2257825222234147
2309.0,1.22124820473942
2310.0,1.224081142360735
2311.0,1.2313263114495152
2312.0,1.2364401015613427
2313.0,1.2432815429652662
2314.0,1.2439398021889845
2315.0,1.2418869166459081
2316.0,1.2434774739340626
2317.0,1.2416376188452984
2318.0,1.2397337262221015
2319.0,1.239839714362622
2320.0,1.2424193467377718
2321.0,1.2468020294609183
2322.0,1.2492260136372562
2323.0,1.257741558029464
2324.0,1.257891795696248
2325.0,1.2485085126044493
2326.0,1.2446278840457112
2327.0,1.2362514168458665
2328.0,1.2356617404552248
2329.0,1.24415772261014
2330.0,1.2460991819291232
2331.0,1.2500066948261985
2332.0,1.251857119208066
2333.0,1.2451915298763199
2334.0,1.2471898429969799
2335.0,1.2604526013550497
2336.0,1.2620315181806459
2337.0,1.2594312382455513
2338.0,1.2578756099174508
2339.0,1.2444187033636493
2340.0,1.2405447232683673
2341.0,1.2473311688220086
2342.0,1.2491839048928044
2343.0,1.2541981424488164
2344.0,1.254173540406185
2345.0,1.2475774815308343
2346.0,1.2446686460747252
2347.0,1.2378266725292566
2348.0,1.2401007946653968
2349.0,1.2426383628715756
2350.0,1.2439339081774694
2351.0,1.2429784879588355
2352.0,1.2310544935318226
2353.0,1.226809762324977
2354.0,1.223736089798828
2355.0,1.2254710086691987
2356.0,1.2359830601945232
2357.0,1.2470879555335868
2358.0,1.2585535054763346
2359.0,1.25952920208439
2360.0,1.2577282360390047
2361.0,1.2464537034714944
2362.0,1.2316562908810293
2363.0,1.2357039819437161
2364.0,1.2397106255547319
2365.0,1.2487601768747194
2366.0,1.2567523169893806
2367.0,1.246046988933432
2368.0,1.2406315235397252
2369.0,1.231810245233496
2370.0,1.225180828033114
2371.0,1.2289695890466106
2372.0,1.2225783491194806
2373.0,1.2160226453757512
2374.0,1.21601132885567
2375.0,1.2205369078359196
2376.0,1.2292815144107598
2377.0,1.2405899596936538
2378.0,1.2469733549204418
2379.0,1.2291562381117183
2380.0,1.2080085378951306
2381.0,1.1943516594734496
2382.0,1.1764779132420542
2383.0,1.1736863872584171
2384.0,1.1842849642329671
2385.0,1.1931703960933417
2386.0,1.2021714533473835
2387.0,1.2089173783584157
2388.0,1.2172437574126012
2389.0,1.2239021335397209
2390.0,1.2283838407015089
2391.0,1.2438299369582495
2392.0,1.2539339434265728
2393.0,1.2568999077518428
2394.0,1.2505330409860518
2395.0,1.2388331452321562
2396.0,1.22406533008233
2397.0,1.2108868480806247
2398.0,1.2111145058116517
2399.0,1.1911776076365568
2400.0,1.170724560242197
2401.0,1.1589130191164192
2402.0,1.1454487357886112
2403.0,1.1562549340792325
2404.0,1.1790808514828146
2405.0,1.198826533278429
2406.0,1.2160379872653193
2407.0,1.2180411286128723
2408.0,1.2068151107546083
2409.0,1.1920256627938433
2410.0,1.1815501178637955
2411.0,1.193346419063964
2412.0,1.212334348072431
2413.0,1.221841423864964
2414.0,1.2318489717888657
2415.0,1.217466229722512
2416.0,1.187749991074466
2417.0,1.1791106369718782
2418.0,1.1633850726513837
2419.0,1.1501266237656023
2420.0,1.1620525467420202
2421.0,1.1627228077343905
2422.0,1.1731364617136473
2423.0,1.1899798675628328
2424.0,1.1873011341483743
2425.0,1.1757322901080052
2426.0,1.1483929612361443
2427.0,1.1215726854743302
2428.0,1.0999978361017968
2429.0,1.1060836864184922
2430.0,1.125332532580458
2431.0,1.1281184398207698
2432.0,1.1325227472771076
2433.0,1.1208956898191547
2434.0,1.0916967422037263
2435.0,1.0910307690742551
2436.0,1.1000919498131516
2437.0,1.1044445851303206
2438.0,1.1170930712583385
2439.0,1.112907970161964
2440.0,1.119618404928021
2441.0,1.1329267872148796
2442.0,1.1425584033725045
2443.0,1.1376033996664785
2444.0,1.1144408422304601
2445.0,1.0963211735729363
2446.0,1.0804299748073276
2447.0,1.1009014870778542
2448.0,1.124072967914652
2449.0,1.1235069387703087
2450.0,1.1279033887169587
2451.0,1.109343435231529
2452.0,1.0984341543389755
2453.0,1.1104117468617316
2454.0,1.1189126470581592
2455.0,1.1387206521077178
2456.0,1.138395237299849
2457.0,1.1281565143672374
2458.0,1.137712980085616
2459.0,1.1299240596772955
2460.0,1.1316129129873556
2461.0,1.1322558213475296
2462.0,1.080522902814171
2463.0,1.0470453968852662
2464.0,1.047410199136884
2465.0,1.0610803798837756
2466.0,1.1010046515912844
2467.0,1.1349703047719992
2468.0,1.142905221201541
2469.0,1.1345208060716814
2470.0,1.1231545511380456
2471.0,1.1119695460254901
2472.0,1.1079894236137906
2473.0,1.1138794481984815
2474.0,1.1051013567238337
2475.0,1.0743703005796437
2476.0,1.0695235059853694
2477.0,1.072541476686755
2478.0,1.0762103949375934
2479.0,1.1266890188595702
2480.0,1.1315366173107093
2481.0,1.0831408664196829
2482.0,1.0666653858599164
2483.0,1.04540810031288
2484.0,1.0358248925858735
2485.0,1.051092204023175
2486.0,1.0524814380235383
2487.0,1.0408747309397886
2488.0,1.0422918042405886
2489.0,1.0589365530065276
2490.0,1.0676821272256667
2491.0,1.07552922931666
2492.0,1.0917670966270745
2493.0,1.1087650750848286
2494.0,1.1257607134246455
2495.0,1.1524853835815727
2496.0,1.163476538790647
2497.0,1.1567382900079626
2498.0,1.1567489184603565
2499.0,1.1562490513581698
2500.0,1.1438236152415022
