350.0,-0.1797965400508923
351.0,-0.07779273978955432
352.0,0.035083205711850154
353.0,-0.00888011210575617
354.0,-0.028198495102950683
355.0,-0.014988629129296167
356.0,-0.00945294163346111
357.0,-0.024233536312083886
358.0,0.02396516686996831
359.0,0.05523436587122694
360.0,0.005063765550039549
361.0,-0.002518689892213174
362.0,-0.0013136840898809554
363.0,-0.004834567991306647
364.0,-0.009187125704240422
365.0,-0.007507924445044882
366.0,0.011308617831171144
367.0,0.02446621868930191
368.0,-0.0019089562132281951
369.0,0.0011534992043574146
370.0,-0.002763689971803187
371.0,-0.013982061287434273
372.0,0.01827700201665049
373.0,0.032910659868891946
374.0,0.023331147362429763
375.0,0.0016072517929086633
376.0,-0.009151889376125114
377.0,-0.00033038016647583265
378.0,0.016622908728760315
379.0,0.027876615264563243
380.0,0.02964906595645953
381.0,0.028641521512234137
382.0,0.02442820927462114
383.0,0.01674981804126782
384.0,0.017378515048523138
385.0,0.01985307218854199
386.0,0.023697640083170136
387.0,0.03099147656570325
388.0,0.03988851255733765
389.0,0.030455850349737117
390.0,0.0102806241491332
391.0,0.009957718320338597
392.0,0.025911986769738875
393.0,0.03732169096531582
394.0,0.03537845212166261
395.0,0.03290926800840224
396.0,0.03233345969880552
397.0,0.027534267033799464
398.0,0.01694461692413084
399.0,0.013316735920637458
400.0,0.021009194784882966
401.0,0.0324917905166754
402.0,0.0383174797606542
403.0,0.03822009415664917
404.0,0.026867087964956203
405.0,0.016319594012729245
406.0,0.023113384242669677
407.0,0.026488293979306327
408.0,0.029957268222397266
409.0,0.03312281343913934
410.0,0.030461530663102414
411.0,0.02993765006196242
412.0,0.0329098218744776
413.0,0.036311750576671284
414.0,0.03156622892885426
415.0,0.03611138471770307
416.0,0.04250796042076726
417.0,0.04112109733038226
418.0,0.03512188964524322
419.0,0.033462874984358314
420.0,0.03622006615906485
421.0,0.03900041510938123
422.0,0.038901486671047134
423.0,0.03752606177065241
424.0,0.036377775977739314
425.0,0.03637368914809683
426.0,0.036751759128658086
427.0,0.03681344288743768
428.0,0.03631381600314516
429.0,0.035520740817296774
430.0,0.03768932060690064
431.0,0.0396965325208139
432.0,0.03903250616631928
433.0,0.039952202811134326
434.0,0.03843301308206021
435.0,0.03658785848160758
436.0,0.03806201865014294
437.0,0.03823296059800181
438.0,0.038824547076518445
439.0,0.039550053602514186
440.0,0.03820284016291856
441.0,0.03696232321718494
442.0,0.037823779975352426
443.0,0.0406137542494611
444.0,0.041612011381650556
445.0,0.042503835419955095
446.0,0.04207873452769825
447.0,0.0395910914982726
448.0,0.03845674412613696
449.0,0.03868820175613556
450.0,0.04009605597801134
451.0,0.042091803070971615
452.0,0.042407892651727376
453.0,0.04156696597189942
454.0,0.040739084997345944
455.0,0.04134136131274047
456.0,0.040179437951544585
457.0,0.03919464993504467
458.0,0.04022949629349251
459.0,0.04222068661713026
460.0,0.04338410983871535
461.0,0.04287320827429092
462.0,0.04081793235489013
463.0,0.039052377223261305
464.0,0.0398669976597122
465.0,0.0422392945521849
466.0,0.04255721576122123
467.0,0.0429148755542025
468.0,0.042362447607559944
469.0,0.04104692743581596
470.0,0.04194312258708028
471.0,0.04247698659757723
472.0,0.04216853108772303
473.0,0.0416133795670258
474.0,0.04297923189869083
475.0,0.04344932359504567
476.0,0.042875363265053625
477.0,0.04295012689463932
478.0,0.043603745276402525
479.0,0.044779651511147184
480.0,0.04568349446922667
481.0,0.04452062563648365
482.0,0.04336744309146565
483.0,0.04343132716200876
484.0,0.04476035010275595
485.0,0.04466304372085357
486.0,0.044508330489996216
487.0,0.044826051148562696
488.0,0.04555010885414312
489.0,0.04608729801054447
490.0,0.04616927515406068
491.0,0.04598603745063667
492.0,0.04621477552940418
493.0,0.04567193242708051
494.0,0.045029689928565764
495.0,0.045311894939068086
496.0,0.04761823779948482
497.0,0.047819171663567334
498.0,0.046565318868104756
499.0,0.046609620992361316
500.0,0.0470496470031303
501.0,0.04737441996689459
502.0,0.04759976163729828
503.0,0.04830315387431244
504.0,0.04834039609907279
505.0,0.04819428819921195
506.0,0.04838006424310202
507.0,0.048533489460794686
508.0,0.048177684096562055
509.0,0.04832076563470706
510.0,0.05003384121383305
511.0,0.04992796048178028
512.0,0.049914790822211355
513.0,0.05048907838725546
514.0,0.05006235606515286
515.0,0.05020520404400943
516.0,0.050490124389846985
517.0,0.050530074612859
518.0,0.05130464450969473
519.0,0.05214609646179665
520.0,0.05227642863031575
521.0,0.05129634371421667
522.0,0.05157219601218832
523.0,0.05253065632029598
524.0,0.05323110776720255
525.0,0.05268268987436147
526.0,0.05300431135312727
527.0,0.05369277086361504
528.0,0.053962234839572056
529.0,0.05414808148225063
530.0,0.05407866305084887
531.0,0.0540982075816249
532.0,0.054667029899222945
533.0,0.05486784462811856
534.0,0.05501739491778427
535.0,0.05537284716362852
536.0,0.0559376099338175
537.0,0.05627985083289096
538.0,0.05633337434448419
539.0,0.056292506741871265
540.0,0.05683607308883117
541.0,0.05733561719515853
542.0,0.057618565704043154
543.0,0.057831391429101896
544.0,0.05795941348080185
545.0,0.05833469754829669
546.0,0.05894784828110167
547.0,0.05916293663627345
548.0,0.059553046664484126
549.0,0.059997642434160094
550.0,0.06026164925521907
551.0,0.06056535526468185
552.0,0.0608276335119527
553.0,0.06094959311007913
554.0,0.06088751659775535
555.0,0.06143341127225033
556.0,0.062296705117094786
557.0,0.06298303130675786
558.0,0.06285890709177804
559.0,0.06335481693846143
560.0,0.06402012381226231
561.0,0.063939417593372
562.0,0.06384417223412082
563.0,0.0640986295469731
564.0,0.06471434267768947
565.0,0.06536022265295684
566.0,0.06584490950424324
567.0,0.06631801112825363
568.0,0.06684329229149549
569.0,0.06701763673334626
570.0,0.0670687956026426
571.0,0.06724455759405006
572.0,0.06778657051466884
573.0,0.06883624788423362
574.0,0.06949322434758892
575.0,0.06951067143839969
576.0,0.06966657595171573
577.0,0.07004530301939697
578.0,0.07058583429321144
579.0,0.07117641364739133
580.0,0.07179852064905687
581.0,0.07237082207118416
582.0,0.07288433510103128
583.0,0.07335644494696647
584.0,0.07343815715443046
585.0,0.07365783886540103
586.0,0.07430310232732372
587.0,0.07503797320749234
588.0,0.07550351619672585
589.0,0.07588371489165804
590.0,0.07646121403121589
591.0,0.07685199764946811
592.0,0.0774180074092437
593.0,0.07815723287373857
594.0,0.07868729483800936
595.0,0.0790742244671693
596.0,0.07945414038866337
597.0,0.07994242607457792
598.0,0.08056259049686783
599.0,0.08109943387699965
600.0,0.08164539273286098
601.0,0.08237557777553017
602.0,0.0828314290491421
603.0,0.08336705473008407
604.0,0.08403719180801834
605.0,0.08437913625587615
606.0,0.0847650516237768
607.0,0.08536326207589036
608.0,0.08617879361731626
609.0,0.08685946304111858
610.0,0.08750349005106171
611.0,0.08811651053210812
612.0,0.08866342333513826
613.0,0.08953187924461853
614.0,0.09041702637257415
615.0,0.09103669935469676
616.0,0.09129958888836984
617.0,0.09217486657591285
618.0,0.09312505613409021
619.0,0.09333892163573711
620.0,0.09395307185349885
621.0,0.09469895464053191
622.0,0.09541611685210279
623.0,0.09614293536086231
624.0,0.09664198867508018
625.0,0.09712524908393325
626.0,0.0978257914257242
627.0,0.09880297760219602
628.0,0.0993688985263312
629.0,0.09989099961878206
630.0,0.10115773375721505
631.0,0.10204802711787224
632.0,0.10260960577323941
633.0,0.10302219603955948
634.0,0.10343910191991527
635.0,0.10412983918207115
636.0,0.10499678346501753
637.0,0.10588202490236849
638.0,0.10704509021154592
639.0,0.10775785313339967
640.0,0.10808187898342593
641.0,0.10874135877817957
642.0,0.10955891310806642
643.0,0.11039189504943586
644.0,0.11124779278738364
645.0,0.11257887508314696
646.0,0.1135595027771156
647.0,0.11412162726812887
648.0,0.11456901417417856
649.0,0.11516923687810741
650.0,0.11617145047943454
651.0,0.11734729173164982
652.0,0.11793158672025293
653.0,0.11888321944960976
654.0,0.12004416828240132
655.0,0.12098701367396805
656.0,0.12131571322262645
657.0,0.12186667818520742
658.0,0.12274886804290086
659.0,0.12361245349915848
660.0,0.12461665266056914
661.0,0.1259017099894448
662.0,0.12721748320229806
663.0,0.12758183321886105
664.0,0.1282574131146362
665.0,0.12914621731864628
666.0,0.1298464217454154
667.0,0.1307531749298589
668.0,0.13184193716275183
669.0,0.13303495156395936
670.0,0.13420805564103472
671.0,0.13495043521446407
672.0,0.13573215036565403
673.0,0.13686884082856765
674.0,0.13786627213756084
675.0,0.13887870766832905
676.0,0.13997745983829804
677.0,0.14116138066714087
678.0,0.14212294777513362
679.0,0.1430230718422666
680.0,0.1439321513654571
681.0,0.144752977575938
682.0,0.14602013954107917
683.0,0.14736668444168896
684.0,0.14840521094395973
685.0,0.1495394336992255
686.0,0.15046860469556728
687.0,0.15121877646926907
688.0,0.15204697198966882
689.0,0.1531860886086621
690.0,0.15426566883062565
691.0,0.15520510944916055
692.0,0.1566063353441413
693.0,0.15785430482910223
694.0,0.1588578341825743
695.0,0.1597339694995238
696.0,0.16064007311431472
697.0,0.16169199432881676
698.0,0.16292044334711966
699.0,0.164269142138149
700.0,0.16560435936167228
701.0,0.1667003029671548
702.0,0.16756789835244715
703.0,0.1688106715447957
704.0,0.16978153850019326
705.0,0.17077984435282467
706.0,0.1723207128423323
707.0,0.17366635673114533
708.0,0.17473224990038802
709.0,0.175682727240513
710.0,0.17688764977835442
711.0,0.1779601611497441
712.0,0.17913931752892492
713.0,0.18058552659352578
714.0,0.1818140969118797
715.0,0.18297289702480002
716.0,0.18410852536774774
717.0,0.1852160501268457
718.0,0.1862867885803783
719.0,0.1875295003535388
720.0,0.18898710639083202
721.0,0.19044294979219728
722.0,0.19180949585748328
723.0,0.19305519522363873
724.0,0.19423547341165362
725.0,0.19563858774860005
726.0,0.1968711613548043
727.0,0.19794571647005751
728.0,0.199167197811872
729.0,0.20051026978553282
730.0,0.2019783174301322
731.0,0.20346371447432623
732.0,0.20464362910455636
733.0,0.2059207576062427
734.0,0.20726915856904488
735.0,0.2085609259409997
736.0,0.20990174497282785
737.0,0.21134243494388746
738.0,0.21287288283987013
739.0,0.21441774203973646
740.0,0.21580370250082087
741.0,0.21717265857341758
742.0,0.2185920648872785
743.0,0.21983929131414887
744.0,0.2212343915529955
745.0,0.22279973840085723
746.0,0.22441659911256032
747.0,0.22592123945245804
748.0,0.2272716480851851
749.0,0.2284874427496766
750.0,0.22965735162299333
751.0,0.23104859010892653
752.0,0.2325831626357543
753.0,0.23413455892311108
754.0,0.23566194702495766
755.0,0.23704448483629992
756.0,0.23840119363081877
757.0,0.23989126600118832
758.0,0.24127378537573138
759.0,0.24276226537554704
760.0,0.24435095955647915
761.0,0.24581423124380083
762.0,0.24742489574024593
763.0,0.24888053409771912
764.0,0.2500901625552582
765.0,0.251730574867872
766.0,0.25317301484707766
767.0,0.25455063903823205
768.0,0.25621525959060887
769.0,0.25807365787914704
770.0,0.25979617037769387
771.0,0.26134091359434364
772.0,0.2629543995994229
773.0,0.26427929672041667
774.0,0.2657278163970672
775.0,0.26751833499220123
776.0,0.26914111995173157
777.0,0.2706880477280444
778.0,0.27227009370391214
779.0,0.2739190920762709
780.0,0.27510227557637684
781.0,0.2764799297297865
782.0,0.2782324729857852
783.0,0.28003425351966027
784.0,0.2816749006780567
785.0,0.2833609355808972
786.0,0.2851819699071488
787.0,0.2868079001073901
788.0,0.2883547239051329
789.0,0.289938891804389
790.0,0.2916509390226582
791.0,0.293438856546619
792.0,0.2951417184284692
793.0,0.29681571916561644
794.0,0.2986569108789834
795.0,0.3003100832046522
796.0,0.30199267261632484
797.0,0.30379986589823893
798.0,0.3054885533097595
799.0,0.3073191272224789
800.0,0.30917911646406643
801.0,0.31088224529593445
802.0,0.3123428225712449
803.0,0.3140769245828579
804.0,0.31608845123190016
805.0,0.31804382245006985
806.0,0.31975525834145097
807.0,0.32130169648094126
808.0,0.3229176126652697
809.0,0.3249772904120457
810.0,0.32679907620769777
811.0,0.3284342609278082
812.0,0.330082222595076
813.0,0.3318478195113517
814.0,0.3337467319765955
815.0,0.3355577781249253
816.0,0.3370944884252398
817.0,0.339006150511163
818.0,0.34090518679307447
819.0,0.34268179103146956
820.0,0.34451313139498635
821.0,0.34625413713235254
822.0,0.34810478033697484
823.0,0.3500740442717838
824.0,0.3517385461157913
825.0,0.3535148194868256
826.0,0.35546247453204927
827.0,0.3574948079246927
828.0,0.3594649668225417
829.0,0.36126655998925133
830.0,0.3630460902797361
831.0,0.3650345202066686
832.0,0.36688465335158194
833.0,0.3688473358709204
834.0,0.37088446087590055
835.0,0.3726331635014269
836.0,0.3748009809468969
837.0,0.37683958820558133
838.0,0.37850578021593645
839.0,0.3807362383370978
840.0,0.38259768467342936
841.0,0.3843286310209656
842.0,0.38636590918364605
843.0,0.3883448577314948
844.0,0.3902258029708816
845.0,0.3921971851825314
846.0,0.39446101610975426
847.0,0.3962073541111846
848.0,0.39803417971424887
849.0,0.4000751258829796
850.0,0.4018273085618453
851.0,0.4037173905229284
852.0,0.4056663448735194
853.0,0.4075969088560027
854.0,0.4096320652131305
855.0,0.41145816598570584
856.0,0.4134011124217983
857.0,0.41567071313690795
858.0,0.41732387109000324
859.0,0.41930529865008
860.0,0.42163238844684203
861.0,0.4238137691641387
862.0,0.4257672395891401
863.0,0.42754432358626565
864.0,0.4294027639113661
865.0,0.43168084569886356
866.0,0.43368426666329807
867.0,0.43558198109758917
868.0,0.43759530129301605
869.0,0.4397817058874708
870.0,0.44192504693845575
871.0,0.4438375208798126
872.0,0.4455543494326364
873.0,0.44763266889354986
874.0,0.449845883950075
875.0,0.4519406158496408
876.0,0.4538330021940655
877.0,0.4562737223255037
878.0,0.4586999485582457
879.0,0.4607842323247328
880.0,0.46252202710291984
881.0,0.46460970549108266
882.0,0.4667949101342162
883.0,0.4689480952097938
884.0,0.4711407738885405
885.0,0.47351090260020035
886.0,0.47562854960839845
887.0,0.4773943816311139
888.0,0.47933307464597613
889.0,0.48177824386650203
890.0,0.4842060086301449
891.0,0.48620981784413275
892.0,0.48818877342059624
893.0,0.4899117966831547
894.0,0.4919679424215145
895.0,0.49474191477445
896.0,0.4970237074457469
897.0,0.4989322905189399
898.0,0.5009969477047209
899.0,0.5036586888869213
900.0,0.5057925656651358
901.0,0.507745159570977
902.0,0.5098453644542339
903.0,0.5122302212705738
904.0,0.5141597114607237
905.0,0.5160315960110986
906.0,0.518160040627046
907.0,0.5205663073904632
908.0,0.5224608444220139
909.0,0.5243013355909553
910.0,0.5264766574913419
911.0,0.5289501024542886
912.0,0.531327775435222
913.0,0.53346676575777
914.0,0.535472116437681
915.0,0.5377708818869124
916.0,0.5400243130515346
917.0,0.5419565157169247
918.0,0.5436022580621256
919.0,0.5457491044114706
920.0,0.5479720934923751
921.0,0.5501619014578893
922.0,0.5524254587165287
923.0,0.5553424962516795
924.0,0.5572403495332751
925.0,0.5586922551105838
926.0,0.561057580294487
927.0,0.5641229200996295
928.0,0.5667516887467574
929.0,0.5687398612470411
930.0,0.5705707099203735
931.0,0.5727343384754043
932.0,0.5754039679413355
933.0,0.5779786962171833
934.0,0.5796346585347187
935.0,0.581843806229877
936.0,0.5838854621707034
937.0,0.5859142618170142
938.0,0.5888020676320316
939.0,0.5912063796464285
940.0,0.593422303516177
941.0,0.5957296032992871
942.0,0.5981125740748288
943.0,0.6000585119446185
944.0,0.6018371320211412
945.0,0.6039261659541548
946.0,0.6067755017952203
947.0,0.6095236541126702
948.0,0.6116007027862445
949.0,0.6131891595033679
950.0,0.6153689290830527
951.0,0.6177255320965247
952.0,0.6200540911840285
953.0,0.6223811213026895
954.0,0.6249768575716541
955.0,0.6258312915588354
956.0,0.6273012940352375
957.0,0.630726496301358
958.0,0.634064010575757
959.0,0.636413779280327
960.0,0.6379933280114786
961.0,0.6395099637898914
962.0,0.6418373073272537
963.0,0.6443958638119156
964.0,0.6469978065605384
965.0,0.6493911869572584
966.0,0.6510831217123433
967.0,0.6541342334713898
968.0,0.6569820307881099
969.0,0.6584309297232364
970.0,0.6598315995124268
971.0,0.6620628983696115
972.0,0.6647136907437468
973.0,0.6674799384903634
974.0,0.6710498282499725
975.0,0.6725673814410498
976.0,0.6735453831066548
977.0,0.6757914955460561
978.0,0.6792575869263563
979.0,0.6803784402831725
980.0,0.6826438550209031
981.0,0.6872734736530011
982.0,0.6883388368173051
983.0,0.6903379740657296
984.0,0.6923979812748507
985.0,0.6936131359191207
986.0,0.6951436481796034
987.0,0.6984632364912573
988.0,0.7020146371634829
989.0,0.7042347894046773
990.0,0.7049491812962404
991.0,0.7069296345983638
992.0,0.7089196702718495
993.0,0.7109516537461821
994.0,0.7155384838254393
995.0,0.7178809925416739
996.0,0.7191779491054717
997.0,0.720633706448559
998.0,0.7220828828293298
999.0,0.7240407008480058
1000.0,0.7272924022925488
1001.0,0.7393739311199099
1002.0,0.7435962620716028
1003.0,0.7454638777871341
1004.0,0.74574467167912
1005.0,0.7456283000816608
1006.0,0.7503137167058396
1007.0,0.7558923862036389
1008.0,0.7590018939297632
1009.0,0.7648860203223197
1010.0,0.7663750783573591
1011.0,0.7629827634596967
1012.0,0.7624707448827203
1013.0,0.763704691868432
1014.0,0.7663175910049025
1015.0,0.7709983163569227
1016.0,0.7749380093856546
1017.0,0.7804083460541786
1018.0,0.7852349857877764
1019.0,0.7869881604021123
1020.0,0.788236425637961
1021.0,0.7912377662896174
1022.0,0.7921345028260843
1023.0,0.7929354345711671
1024.0,0.7967163287056034
1025.0,0.7990421022916934
1026.0,0.8024006613419915
1027.0,0.806899915977941
1028.0,0.8083760684205799
1029.0,0.8099246884268463
1030.0,0.8104382672148784
1031.0,0.8116475907207819
1032.0,0.8145377068559354
1033.0,0.817393383643504
1034.0,0.8206210615249647
1035.0,0.823231360265456
1036.0,0.8244571946263974
1037.0,0.8241474566251261
1038.0,0.8257611224952097
1039.0,0.8306870804291356
1040.0,0.8314803544841581
1041.0,0.8338065902262066
1042.0,0.8370033726700515
1043.0,0.8385399631508921
1044.0,0.8369235840218379
1045.0,0.839408342816126
1046.0,0.8426828104756108
1047.0,0.8437959124871023
1048.0,0.8451322110019159
1049.0,0.846220178439113
1050.0,0.8478711595807086
1051.0,0.8508497804629146
1052.0,0.8554624931920218
1053.0,0.859827579442086
1054.0,0.8604030799431801
1055.0,0.8601539544292345
1056.0,0.8613279567823505
1057.0,0.862109935082127
1058.0,0.8625153620776356
1059.0,0.8662986018103164
1060.0,0.8712373499586024
1061.0,0.8761465787236309
1062.0,0.880074535545095
1063.0,0.8801277926918549
1064.0,0.8805733074187634
1065.0,0.8824952541086863
1066.0,0.8847399465100036
1067.0,0.8866907460193431
1068.0,0.8903541548408328
1069.0,0.8940355968774976
1070.0,0.8943331843870339
1071.0,0.8956834811812736
1072.0,0.8982616284344074
1073.0,0.901090377453829
1074.0,0.9029453074372223
1075.0,0.9054381772054655
1076.0,0.9084171617901093
1077.0,0.9110759251056973
1078.0,0.9119569093074896
1079.0,0.9150032249873306
1080.0,0.9182824586164223
1081.0,0.9184621813604277
1082.0,0.9211345820049154
1083.0,0.9237981024142672
1084.0,0.9252618187023256
1085.0,0.927193473591166
1086.0,0.9299041919154556
1087.0,0.9321897692354224
1088.0,0.9326295142323547
1089.0,0.9361641080144238
1090.0,0.9390720360460125
1091.0,0.9408948302674004
1092.0,0.9431023714269782
1093.0,0.9452346802385687
1094.0,0.9480530795634736
1095.0,0.9508228740959765
1096.0,0.9535550720439505
1097.0,0.955758541143977
1098.0,0.9569344831447707
1099.0,0.9589379537962764
1100.0,0.9607950162557714
1101.0,0.9631885903358426
1102.0,0.9660258639825708
1103.0,0.9697514593313762
1104.0,0.9721425174734228
1105.0,0.9740827598629207
1106.0,0.9764265313336754
1107.0,0.9781009285088795
1108.0,0.97996020684448
1109.0,0.982058573612637
1110.0,0.9834945038832044
1111.0,0.9844136849078307
1112.0,0.9865984190257535
1113.0,0.9897566412417489
1114.0,0.9922719278794966
1115.0,0.9955587315452962
1116.0,0.9980599510004765
1117.0,0.9997953991973851
1118.0,1.0015072163130352
1119.0,1.0028472105723996
1120.0,1.0045381090298924
1121.0,1.0065866432753665
1122.0,1.008374568758701
1123.0,1.0101300742801504
1124.0,1.012478550666433
1125.0,1.0137183641819465
1126.0,1.0150666570720965
1127.0,1.0172680867071318
1128.0,1.0200282728703343
1129.0,1.0223869408235189
1130.0,1.0253378427120958
1131.0,1.0279187415834683
1132.0,1.030224898354129
1133.0,1.032375468594046
1134.0,1.0341374547592679
1135.0,1.0368958610858139
1136.0,1.0387657608032128
1137.0,1.0403665542150962
1138.0,1.043763600428537
1139.0,1.0455588040900945
1140.0,1.0466320007163346
1141.0,1.0489027882499562
1142.0,1.0504939289675792
1143.0,1.050899268856983
1144.0,1.05275045721003
1145.0,1.0552100389567263
1146.0,1.0576906495880067
1147.0,1.0609557783624064
1148.0,1.0636715771993637
1149.0,1.0664685308293715
1150.0,1.0689713679373274
1151.0,1.071304451890204
1152.0,1.0728240002467286
1153.0,1.0745017877169072
1154.0,1.0767979350248142
1155.0,1.0780362745278287
1156.0,1.0793980018893514
1157.0,1.0815874733993265
1158.0,1.0840835148432344
1159.0,1.086248111213232
1160.0,1.0899666960158554
1161.0,1.09174732173806
1162.0,1.0911259668080198
1163.0,1.0925094313858128
1164.0,1.094022648576121
1165.0,1.0956783158031276
1166.0,1.0982953777812738
1167.0,1.101318281631376
1168.0,1.103523004206964
1169.0,1.105831855138634
1170.0,1.107420324887843
1171.0,1.1093912099972818
1172.0,1.1110832461236753
1173.0,1.1120947579163625
1174.0,1.113632153055117
1175.0,1.115456814585406
1176.0,1.1170584491598623
1177.0,1.1184439773789345
1178.0,1.1204317576717557
1179.0,1.1230429803182487
1180.0,1.1250249661374825
1181.0,1.127028227556602
1182.0,1.1289446362291284
1183.0,1.130533742214179
1184.0,1.1319683074995748
1185.0,1.134297691141334
1186.0,1.1362199455741302
1187.0,1.1380460559115106
1188.0,1.139615421900389
1189.0,1.1415484746190858
1190.0,1.1433567823947275
1191.0,1.1456372654601317
1192.0,1.1487572982518788
1193.0,1.1509388616357863
1194.0,1.1530164128880631
1195.0,1.154732217108567
1196.0,1.1553162924505425
1197.0,1.15673071941554
1198.0,1.158559055250497
1199.0,1.160495915467391
1200.0,1.161685360254609
1201.0,1.1625267541809725
1202.0,1.1637180926133632
1203.0,1.1652392248672896
1204.0,1.1668400122092162
1205.0,1.1691494119177475
1206.0,1.1713297815523918
1207.0,1.1732159881864523
1208.0,1.175235624211717
1209.0,1.1780293893153113
1210.0,1.1803240910512889
1211.0,1.1822399154467282
1212.0,1.1841125773839372
1213.0,1.1858878150220147
1214.0,1.1874694371152688
1215.0,1.1882906470789745
1216.0,1.1901833008284006
1217.0,1.192111055498724
1218.0,1.1933939483942606
1219.0,1.1950126594604131
1220.0,1.1966151567642491
1221.0,1.1986351289123998
1222.0,1.2011854059636295
1223.0,1.2029455839575045
1224.0,1.2046482397459526
1225.0,1.206162054594604
1226.0,1.206593720878548
1227.0,1.2081113623371145
1228.0,1.2106645319167368
1229.0,1.2124950254674618
1230.0,1.2140592815024318
1231.0,1.2159937854563605
1232.0,1.2181187127327953
1233.0,1.2196566894862317
1234.0,1.2215416755926891
1235.0,1.2235892599364406
1236.0,1.2249676097240607
1237.0,1.2254914779961366
1238.0,1.2267316255704301
1239.0,1.2278587822069886
1240.0,1.229451264308167
1241.0,1.2314387080384983
1242.0,1.233426684839883
1243.0,1.236322603198669
1244.0,1.2378747261354661
1245.0,1.2383576422147367
1246.0,1.2397503866579778
1247.0,1.2408028224405616
1248.0,1.242035141895491
1249.0,1.2441266996071096
1250.0,1.2458540755398322
1251.0,1.246908220431777
1252.0,1.2482913108366396
1253.0,1.2502269541063715
1254.0,1.2528887558389934
1255.0,1.2547436039097513
1256.0,1.2566527431109145
1257.0,1.2584283289436924
1258.0,1.2596492282720544
1259.0,1.2612438103305499
1260.0,1.2631340051971067
1261.0,1.2648851886721868
1262.0,1.2663259408803302
1263.0,1.268180391054855
1264.0,1.270788522650995
1265.0,1.2725485895360906
1266.0,1.2741144254764352
1267.0,1.2755538201131862
1268.0,1.2764877598678965
1269.0,1.277071545190895
1270.0,1.2781408813793882
1271.0,1.2794634748794078
1272.0,1.2805993869414505
1273.0,1.2815329826465276
1274.0,1.28303437937609
1275.0,1.2850197369457372
1276.0,1.2864102601047662
1277.0,1.2876900110583491
1278.0,1.2893318318287184
1279.0,1.2909724955079298
1280.0,1.2922687393257533
1281.0,1.2939996083507608
1282.0,1.2952792341166675
1283.0,1.295266014488127
1284.0,1.2963252394830092
1285.0,1.2980784440052482
1286.0,1.299644310780401
1287.0,1.3017316232406184
1288.0,1.3036626299952327
1289.0,1.3051018850791118
1290.0,1.306086360080423
1291.0,1.3073691692710725
1292.0,1.3081899174673834
1293.0,1.3098115278895788
1294.0,1.3121979165380357
1295.0,1.3138064076937355
1296.0,1.3154153861697877
1297.0,1.3169786385003786
1298.0,1.317751506622647
1299.0,1.3193347090630982
1300.0,1.3220184252643454
1301.0,1.323642319344557
1302.0,1.324715414454956
1303.0,1.326194294047319
1304.0,1.327096793364819
1305.0,1.3284180315478105
1306.0,1.3300454036001403
1307.0,1.3324647313015061
1308.0,1.334042969229712
1309.0,1.3354324252201546
1310.0,1.336724776254947
1311.0,1.3373303122225186
1312.0,1.33915371767061
1313.0,1.3417054631744159
1314.0,1.343578000989407
1315.0,1.346096758304666
1316.0,1.3477853047401323
1317.0,1.3483409507098365
1318.0,1.3495615466229935
1319.0,1.351037426718654
1320.0,1.352306211712317
1321.0,1.3536502812140103
1322.0,1.354858852136511
1323.0,1.3558437572598254
1324.0,1.356872985637374
1325.0,1.3576513398505
1326.0,1.3587511544969
1327.0,1.359998230119404
1328.0,1.3616096494559646
1329.0,1.362430708565178
1330.0,1.3630013066598679
1331.0,1.363912510107396
1332.0,1.3640903603027499
1333.0,1.3653984577197595
1334.0,1.3681844007426864
1335.0,1.3694564018243163
1336.0,1.3703626928852786
1337.0,1.3712584993316337
1338.0,1.3709187554354392
1339.0,1.3718027875237182
1340.0,1.3739061455213026
1341.0,1.3750915724475732
1342.0,1.37624112272828
1343.0,1.377293922097214
1344.0,1.3773852117402103
1345.0,1.3782103987212961
1346.0,1.3793967554949012
1347.0,1.3812035102382811
1348.0,1.3821789052839495
1349.0,1.3830821431350144
1350.0,1.3840992497067828
1351.0,1.3846233981993423
1352.0,1.3855716121955646
1353.0,1.3868892696280481
1354.0,1.388247487214934
1355.0,1.3898787347640473
1356.0,1.3910094773291877
1357.0,1.391904314474406
1358.0,1.3931594202737814
1359.0,1.3943808454079771
1360.0,1.395341359716008
1361.0,1.3968345975265921
1362.0,1.3976775517739863
1363.0,1.397290391427208
1364.0,1.3977491414978644
1365.0,1.3985715513082706
1366.0,1.3993198580796415
1367.0,1.4006056156847624
1368.0,1.4015647081446931
1369.0,1.4020752803225554
1370.0,1.402129213845894
1371.0,1.4025134162443802
1372.0,1.4028223562237225
1373.0,1.4028792564871924
1374.0,1.4026062230921996
1375.0,1.4031437301713783
1376.0,1.403777874125337
1377.0,1.4044907800290534
1378.0,1.4060373663687504
1379.0,1.407091854145917
1380.0,1.4077439293138323
1381.0,1.4084464356451767
1382.0,1.409513255104426
1383.0,1.4099812767138498
1384.0,1.4101977830811085
1385.0,1.4100287211902
1386.0,1.4093602977324073
1387.0,1.4086426243964334
1388.0,1.4072388150348702
1389.0,1.4063347874739807
1390.0,1.4052858057170106
1391.0,1.404896980181204
1392.0,1.4046249650070854
1393.0,1.4049203663013892
1394.0,1.4045917010029272
1395.0,1.4044567282400264
1396.0,1.4035770921548345
1397.0,1.4019246747143792
1398.0,1.4009116671405015
1399.0,1.3999092322856383
1400.0,1.3987712566158552
1401.0,1.397907005131537
1402.0,1.396760458906774
1403.0,1.3952146572994166
1404.0,1.3937921586245654
1405.0,1.3921475918335697
1406.0,1.3910293724595137
1407.0,1.3898847511762795
1408.0,1.3891568135667596
1409.0,1.3896358758113572
1410.0,1.3890784406227707
1411.0,1.3877265798452498
1412.0,1.3870997909864644
1413.0,1.3865744481375681
1414.0,1.385623813683413
1415.0,1.3852201459136146
1416.0,1.3853561413207494
1417.0,1.3855669225494998
1418.0,1.3859758371178033
1419.0,1.385816335740417
1420.0,1.385846069823096
1421.0,1.3856174156535888
1422.0,1.3844888045632575
1423.0,1.3842354760476643
1424.0,1.3844836294469973
1425.0,1.3847186765778827
1426.0,1.3851651597994612
1427.0,1.3855289304276606
1428.0,1.3861110816590327
1429.0,1.386523613568926
1430.0,1.3870075563755353
1431.0,1.3870751039714488
1432.0,1.3864141696076655
1433.0,1.386631324870795
1434.0,1.3871859240863758
1435.0,1.3875455534212227
1436.0,1.3886392159857444
1437.0,1.3892160576724122
1438.0,1.389113337925036
1439.0,1.3890371702249116
1440.0,1.3896672708780857
1441.0,1.3904704049063774
1442.0,1.391634054312884
1443.0,1.3928619913775573
1444.0,1.3937975128790334
1445.0,1.3945156499300753
1446.0,1.395401847455061
1447.0,1.3963420897269203
1448.0,1.3971254808130578
1449.0,1.3978468898437497
1450.0,1.39861998767015
1451.0,1.3991843111438924
1452.0,1.399910160825902
1453.0,1.4011818329430905
1454.0,1.4016385572860641
1455.0,1.4015155437105042
1456.0,1.4018235077423458
1457.0,1.4016260908042757
1458.0,1.4020136932799954
1459.0,1.403355774620344
1460.0,1.4039209710181901
1461.0,1.4038372360569336
1462.0,1.4044706238868536
1463.0,1.4050855060156842
1464.0,1.405919679816606
1465.0,1.4078213730552014
1466.0,1.4090354013751767
1467.0,1.41010653879178
1468.0,1.4105280996673133
1469.0,1.4110224299538499
1470.0,1.4112047875937037
1471.0,1.4119970705363192
1472.0,1.4129366343307255
1473.0,1.4140863198576046
1474.0,1.4156638464893352
1475.0,1.417027358589128
1476.0,1.4185796275359952
1477.0,1.419619898780307
1478.0,1.4205834089700007
1479.0,1.4212839964033699
1480.0,1.421257220261762
1481.0,1.4220187167390468
1482.0,1.4228797007650154
1483.0,1.423965474024141
1484.0,1.4253569598526754
1485.0,1.426980072425346
1486.0,1.4292603779434232
1487.0,1.4307889358423793
1488.0,1.4324258922501085
1489.0,1.4336332251309214
1490.0,1.4340340740680353
1491.0,1.4346308542860982
1492.0,1.4348335069560398
1493.0,1.4356185707478848
1494.0,1.4364332433895746
1495.0,1.4376409653136726
1496.0,1.4398057969996698
1497.0,1.4414808301003976
1498.0,1.4432814619235173
1499.0,1.4447369738721603
1500.0,1.4455731056083767
1501.0,1.4466973429151408
1502.0,1.448045656447113
1503.0,1.4491981525321123
1504.0,1.4507090918475682
1505.0,1.4527365781081598
1506.0,1.4541289806044346
1507.0,1.455383185774225
1508.0,1.4565444317984348
1509.0,1.4572310542742442
1510.0,1.4585072465426976
1511.0,1.4601296208208343
1512.0,1.46138654270298
1513.0,1.4628210044764158
1514.0,1.4640315382489935
1515.0,1.464897693617292
1516.0,1.4658178649740696
1517.0,1.466893904091727
1518.0,1.4676037868587384
1519.0,1.4679017155369516
1520.0,1.4684592475044778
1521.0,1.4688864334867298
1522.0,1.4694725344124286
1523.0,1.4702382373734573
1524.0,1.4709993937369241
1525.0,1.4718726486180116
1526.0,1.472651975569251
1527.0,1.47313818245412
1528.0,1.4741556256826482
1529.0,1.475500952805652
1530.0,1.4767390213514768
1531.0,1.478547186667757
1532.0,1.4798480270208019
1533.0,1.4808514085333944
1534.0,1.4816405602643377
1535.0,1.4819529122714874
1536.0,1.4825448828206111
1537.0,1.4829370907245591
1538.0,1.4835912169673409
1539.0,1.484696912719717
1540.0,1.485397237589425
1541.0,1.4862631431005635
1542.0,1.4872146773423056
1543.0,1.487908846918857
1544.0,1.4884790050015808
1545.0,1.4891414526441349
1546.0,1.4895994508243937
1547.0,1.4905357729515956
1548.0,1.4918595861408073
1549.0,1.4927104464513854
1550.0,1.4935500302409042
1551.0,1.4943808197051496
1552.0,1.4948604868326962
1553.0,1.4957251695906895
1554.0,1.4968356303256103
1555.0,1.49797216899927
1556.0,1.4994549165983226
1557.0,1.5003156862547877
1558.0,1.5010114819918843
1559.0,1.5016596709989396
1560.0,1.501665339264499
1561.0,1.502220413020342
1562.0,1.5032570844105475
1563.0,1.5039218329332964
1564.0,1.5044104922418435
1565.0,1.5051280791065866
1566.0,1.5056983590693716
1567.0,1.506521813098358
1568.0,1.5077912782330798
1569.0,1.5088110458232218
1570.0,1.5101151212907513
1571.0,1.5107879700978237
1572.0,1.510607008347374
1573.0,1.511218255458746
1574.0,1.511982210743674
1575.0,1.5125788740189676
1576.0,1.5138939356973031
1577.0,1.514598052502898
1578.0,1.5142799674159475
1579.0,1.5146494370788015
1580.0,1.515461107913693
1581.0,1.5159768689862914
1582.0,1.5167886992591801
1583.0,1.517263604141235
1584.0,1.516855480351279
1585.0,1.5171741941808954
1586.0,1.5180629318180565
1587.0,1.5186229719890962
1588.0,1.5193846195498404
1589.0,1.520141676352067
1590.0,1.5207968866503312
1591.0,1.5210931007323274
1592.0,1.5216147701677212
1593.0,1.5224507343498646
1594.0,1.5227435976088342
1595.0,1.5226139834440182
1596.0,1.5229609441700023
1597.0,1.5232321721374769
1598.0,1.5237948905441496
1599.0,1.524817765874023
1600.0,1.525363211431938
1601.0,1.5257565251167338
1602.0,1.5262792587111005
1603.0,1.5266159452668668
1604.0,1.5272500601732317
1605.0,1.5283406919195293
1606.0,1.528702602831401
1607.0,1.5288662555573078
1608.0,1.5289282953225427
1609.0,1.5282538742424938
1610.0,1.5285121817938878
1611.0,1.529245599049627
1612.0,1.5297660562656064
1613.0,1.5309055222873307
1614.0,1.5310945924691735
1615.0,1.530828025159373
1616.0,1.5303913991257454
1617.0,1.529248905586942
1618.0,1.5286213652311327
1619.0,1.5276387127103277
1620.0,1.5276561007489238
1621.0,1.5286509052436938
1622.0,1.5288854171219473
1623.0,1.5295125083261907
1624.0,1.5296276502082458
1625.0,1.5285957356037934
1626.0,1.5287447388987467
1627.0,1.529625574669787
1628.0,1.5300615939965916
1629.0,1.531042676288737
1630.0,1.5313137256372307
1631.0,1.530690464905559
1632.0,1.530775621824861
1633.0,1.5308776296503006
1634.0,1.5311773612519888
1635.0,1.5322776283698847
1636.0,1.5325049830473327
1637.0,1.5323948305775104
1638.0,1.5321435651148665
1639.0,1.531088616760198
1640.0,1.5306777278452959
1641.0,1.5304867370143063
1642.0,1.5303234862348847
1643.0,1.530602386312613
1644.0,1.530582380133672
1645.0,1.5303901256633947
1646.0,1.5302046009570396
1647.0,1.530268739065272
1648.0,1.5296392812854793
1649.0,1.5281403372542988
1650.0,1.5275646217004955
1651.0,1.5269279272150542
1652.0,1.5265183794935875
1653.0,1.5272406090068813
1654.0,1.527150234610322
1655.0,1.5264897607613215
1656.0,1.5259705181768908
1657.0,1.525453378699722
1658.0,1.5246918459617107
1659.0,1.5236559398519163
1660.0,1.522734535763598
1661.0,1.5216719247607402
1662.0,1.520539432795724
1663.0,1.51909861011371
1664.0,1.5184027180894655
1665.0,1.5178196078406812
1666.0,1.5176677094312958
1667.0,1.5186296947692344
1668.0,1.5190226187774691
1669.0,1.5195231618221525
1670.0,1.5196055254039744
1671.0,1.5186067765691704
1672.0,1.5187850781582135
1673.0,1.5196297723368124
1674.0,1.5201586496484707
1675.0,1.5217961895617709
1676.0,1.5223131273927026
1677.0,1.521338297573677
1678.0,1.5213592849918693
1679.0,1.521921024697112
1680.0,1.5218050064285868
1681.0,1.521921804052342
1682.0,1.5215698988916702
1683.0,1.519608991517262
1684.0,1.5190342950659246
1685.0,1.5194498154594138
1686.0,1.519581820157381
1687.0,1.520491322262224
1688.0,1.5208377585313633
1689.0,1.5203816984815344
1690.0,1.5203706627416242
1691.0,1.5202067085339572
1692.0,1.5205538839283388
1693.0,1.5216170859893368
1694.0,1.5223603216308412
1695.0,1.5232752396517923
1696.0,1.5241608992394262
1697.0,1.5250651874241714
1698.0,1.5256593632438984
1699.0,1.5259165531867473
1700.0,1.5263819110784158
1701.0,1.5264822642555917
1702.0,1.5270420311640271
1703.0,1.5286361169733889
1704.0,1.5293514571937163
1705.0,1.5296209823049893
1706.0,1.5298533213123733
1707.0,1.529246212302947
1708.0,1.5292640778568523
1709.0,1.5300009635165035
1710.0,1.5302296197385266
1711.0,1.5305954030369056
1712.0,1.530557545672037
1713.0,1.529713850226834
1714.0,1.5293054969545434
1715.0,1.528993761184026
1716.0,1.5286183378570943
1717.0,1.5288216700376227
1718.0,1.5282365102848932
1719.0,1.52701954357843
1720.0,1.5258125360815704
1721.0,1.5234435426955355
1722.0,1.5225926110688346
1723.0,1.5229363128494957
1724.0,1.5227737283708944
1725.0,1.5234054953978555
1726.0,1.5232698435904357
1727.0,1.521940107881715
1728.0,1.5215532427556175
1729.0,1.5216870110791103
1730.0,1.5215833777465186
1731.0,1.5221079598665923
1732.0,1.521723157993501
1733.0,1.5203946342163963
1734.0,1.5199275283714317
1735.0,1.5190718011429145
1736.0,1.518851254262286
1737.0,1.5198963225948368
1738.0,1.5199862289820532
1739.0,1.5199410387034615
1740.0,1.5198245171159859
1741.0,1.5188657735045101
1742.0,1.5187855590283361
1743.0,1.5189221718265022
1744.0,1.5192719739501948
1745.0,1.5205283926468693
1746.0,1.5211884472433184
1747.0,1.5218318616274773
1748.0,1.5219806294951452
1749.0,1.5214818156473569
1750.0,1.521489482706185
1751.0,1.521607892254474
1752.0,1.521689481943169
1753.0,1.5221677120964032
1754.0,1.5223453493441543
1755.0,1.5214291693870596
1756.0,1.521674840319294
1757.0,1.5215609561720456
1758.0,1.520816902330127
1759.0,1.5214934690067197
1760.0,1.5221161336363465
1761.0,1.5227236754683533
1762.0,1.5231647695026438
1763.0,1.5229391630048383
1764.0,1.5231220006850834
1765.0,1.523613896779547
1766.0,1.5239741894256063
1767.0,1.5250022493735473
1768.0,1.526205925785603
1769.0,1.5263303855534174
1770.0,1.5276026717290028
1771.0,1.5288573302351176
1772.0,1.5293695947821466
1773.0,1.5302140762504626
1774.0,1.5302863650556109
1775.0,1.5306453467085366
1776.0,1.5311802569144393
1777.0,1.5310981254139882
1778.0,1.5304829352823877
1779.0,1.5311791432481106
1780.0,1.5317991934972814
1781.0,1.5316277274074777
1782.0,1.532753871568956
1783.0,1.532921210854095
1784.0,1.532249222952973
1785.0,1.5318347866052522
1786.0,1.5322970577538988
1787.0,1.5328172189395062
1788.0,1.5324515768374198
1789.0,1.533533690630363
1790.0,1.5348935812095004
1791.0,1.5353920341879361
1792.0,1.5362869410056421
1793.0,1.5367301929666888
1794.0,1.536158343634233
1795.0,1.5362175417491164
1796.0,1.5368976956458513
1797.0,1.536811096142253
1798.0,1.536017786198603
1799.0,1.5357957807890505
1800.0,1.5351962449473762
1801.0,1.5208400587111484
1802.0,1.5205611854338257
1803.0,1.5212712817647438
1804.0,1.5222552313205868
1805.0,1.5249906556735155
1806.0,1.5264081056811467
1807.0,1.5289363048863478
1808.0,1.5282264165871315
1809.0,1.5248731991908477
1810.0,1.523549541709127
1811.0,1.5209249690327795
1812.0,1.5180784870210766
1813.0,1.5189780834833702
1814.0,1.5216334860930445
1815.0,1.5231573648454986
1816.0,1.5254591785779814
1817.0,1.526993717413357
1818.0,1.5282380952932784
1819.0,1.5292590394514307
1820.0,1.5296468528810188
1821.0,1.5301356308670186
1822.0,1.5301419510093102
1823.0,1.5313373588326833
1824.0,1.5312181051298164
1825.0,1.5320483612704867
1826.0,1.5327594433671379
1827.0,1.5334885924967823
1828.0,1.5339011948034973
1829.0,1.5343973998157094
1830.0,1.5349674025964948
1831.0,1.5358832838277232
1832.0,1.5357496641334438
1833.0,1.5350389899422445
1834.0,1.5349178454699521
1835.0,1.5344462643110333
1836.0,1.532670585507187
1837.0,1.5324288396209507
1838.0,1.5335557715357853
1839.0,1.5337846126110473
1840.0,1.533701351260425
1841.0,1.5343615893092075
1842.0,1.5351373265404096
1843.0,1.5343788532060896
1844.0,1.5338520114483343
1845.0,1.5327051551101667
1846.0,1.5327440960963326
1847.0,1.5331835614842162
1848.0,1.5332022984888394
1849.0,1.53477575689755
1850.0,1.5350166894831188
1851.0,1.5338043864044804
1852.0,1.5329324881310833
1853.0,1.5332120816252117
1854.0,1.530962439191928
1855.0,1.531474311696959
1856.0,1.5326502961203363
1857.0,1.5322294925065543
1858.0,1.5319249305664309
1859.0,1.531123635170722
1860.0,1.5290823653246428
1861.0,1.5267930974561357
1862.0,1.526030278495168
1863.0,1.524833960964565
1864.0,1.5228040439486958
1865.0,1.5211864244202622
1866.0,1.5185303053961317
1867.0,1.5164635356619638
1868.0,1.513999932388987
1869.0,1.5118514730019827
1870.0,1.5080018462553182
1871.0,1.5030900891903411
1872.0,1.4985045966478265
1873.0,1.4931987677753191
1874.0,1.4892149312040432
1875.0,1.4858457876633953
1876.0,1.4807162679660373
1877.0,1.474853419261173
1878.0,1.4687103076732162
1879.0,1.4629594375409956
1880.0,1.4572983589089674
1881.0,1.4519285922881924
1882.0,1.4471158774303392
1883.0,1.4416361099045496
1884.0,1.436037656617978
1885.0,1.427228515027899
1886.0,1.4162400661708894
1887.0,1.4051393529763292
1888.0,1.3958092616247895
1889.0,1.3861788035017957
1890.0,1.3758424873005184
1891.0,1.3656684316494514
1892.0,1.3572662232041177
1893.0,1.3461411003497694
1894.0,1.3337749004250874
1895.0,1.3243058930380263
1896.0,1.3124920087686331
1897.0,1.2993198638258656
1898.0,1.2884051735862132
1899.0,1.2776932938242156
1900.0,1.2681297271812255
1901.0,1.2585968478348144
1902.0,1.2501999465288525
1903.0,1.241427659274359
1904.0,1.2322010426866572
1905.0,1.2229152196550337
1906.0,1.2137407601035881
1907.0,1.2045636066758016
1908.0,1.19768259436968
1909.0,1.1913684334792254
1910.0,1.1845447873257673
1911.0,1.1790660079605881
1912.0,1.1740201166405781
1913.0,1.1695900461887163
1914.0,1.164991551016924
1915.0,1.162866360819339
1916.0,1.162039577180766
1917.0,1.160154530034925
1918.0,1.1582684676067558
1919.0,1.156044713915088
1920.0,1.1543238658937458
1921.0,1.1528296101818838
1922.0,1.1515823950241793
1923.0,1.1515916590791317
1924.0,1.1502987332946428
1925.0,1.14808222831268
1926.0,1.145825660738464
1927.0,1.145016468735877
1928.0,1.1444231476711264
1929.0,1.144135404353102
1930.0,1.144230174410067
1931.0,1.1438702061947401
1932.0,1.1441815773169297
1933.0,1.1455189772415073
1934.0,1.1473423036824262
1935.0,1.1498904929595297
1936.0,1.1514813296921071
1937.0,1.1531549404819348
1938.0,1.1544127959626602
1939.0,1.1567743747949517
1940.0,1.158930734676383
1941.0,1.1607440677593015
1942.0,1.1635961398042833
1943.0,1.1657316207961008
1944.0,1.1668016749883459
1945.0,1.1684554491491204
1946.0,1.1684768480557473
1947.0,1.1680857475448219
1948.0,1.1700932075831016
1949.0,1.173511519799269
1950.0,1.1775823034583135
1951.0,1.1817394894914222
1952.0,1.1869872732881164
1953.0,1.1901929279260928
1954.0,1.1904173060857057
1955.0,1.1918103662055206
1956.0,1.1921853563570919
1957.0,1.1915906418947524
1958.0,1.1937354950012893
1959.0,1.1955503648383508
1960.0,1.1974182510535574
1961.0,1.1996861941866763
1962.0,1.2030632697582302
1963.0,1.2052480710122506
1964.0,1.2071603910853264
1965.0,1.2096372463851108
1966.0,1.2113114798647062
1967.0,1.2130771724195593
1968.0,1.2152165025778656
1969.0,1.21871554899796
1970.0,1.2222064953490803
1971.0,1.224551988339051
1972.0,1.2261238485974346
1973.0,1.2253830701072086
1974.0,1.2263652363910778
1975.0,1.2275822612877108
1976.0,1.2290690206705266
1977.0,1.2304290501545718
1978.0,1.2327743242316287
1979.0,1.2337586065537076
1980.0,1.2350012457646498
1981.0,1.2375014767106831
1982.0,1.2411135658852592
1983.0,1.2442032358014334
1984.0,1.2460009284617737
1985.0,1.2482786806755997
1986.0,1.2501944132811438
1987.0,1.2521579214235996
1988.0,1.2540542140722812
1989.0,1.256686183817631
1990.0,1.2585560057380332
1991.0,1.260157383984393
1992.0,1.262382035409979
1993.0,1.2635565175618073
1994.0,1.2654290627880198
1995.0,1.2691307359955095
1996.0,1.271303299851321
1997.0,1.273066651151824
1998.0,1.2753959643026243
1999.0,1.2764699368319754
2000.0,1.278645561095187
2001.0,1.2819754943022392
2002.0,1.2845331148979162
2003.0,1.2880688851631774
2004.0,1.2912435779070957
2005.0,1.2930469141985532
2006.0,1.2965822845816626
2007.0,1.2983445037398975
2008.0,1.29779188642619
2009.0,1.29820910749704
2010.0,1.2976158033865326
2011.0,1.297979867069852
2012.0,1.298806639862431
2013.0,1.3005911041547389
2014.0,1.303290505477446
2015.0,1.3054451253358035
2016.0,1.3079851523319415
2017.0,1.3111390865793964
2018.0,1.3141031698021761
2019.0,1.3161709700994872
2020.0,1.3187915724179131
2021.0,1.32143959042064
2022.0,1.3240851875654776
2023.0,1.3267382006882653
2024.0,1.328344569292346
2025.0,1.3288739679290882
2026.0,1.3296948986568333
2027.0,1.3301702303363283
2028.0,1.3307977756582268
2029.0,1.3313439452680522
2030.0,1.332198288102959
2031.0,1.3334362620843618
2032.0,1.3331567761442535
2033.0,1.3346862790945528
2034.0,1.336915972067461
2035.0,1.3393511564412184
2036.0,1.34196097537061
2037.0,1.3435204630525117
2038.0,1.3442461271049106
2039.0,1.3459656462064549
2040.0,1.3470746203234658
2041.0,1.348724858682346
2042.0,1.3519491595612652
2043.0,1.3533505921801257
2044.0,1.3534458042419422
2045.0,1.3546642593995095
2046.0,1.3551136741588126
2047.0,1.3562608319671177
2048.0,1.3579862589052485
2049.0,1.3583940287921514
2050.0,1.358950252414462
2051.0,1.3588031040040671
2052.0,1.3596177712757567
2053.0,1.3613063341839562
2054.0,1.3626309023418777
2055.0,1.3650270541433576
2056.0,1.3657607115192736
2057.0,1.364579996241285
2058.0,1.3647188293874823
2059.0,1.3643221432201247
2060.0,1.3645288383348357
2061.0,1.366875049227551
2062.0,1.3703845125109453
2063.0,1.3723499626104754
2064.0,1.3728782598878064
2065.0,1.3726001793988738
2066.0,1.3711873519802673
2067.0,1.3702857313981993
2068.0,1.3687096118696613
2069.0,1.3687925444371876
2070.0,1.3700183045448262
2071.0,1.3709309015226323
2072.0,1.3735015004913493
2073.0,1.374181313617108
2074.0,1.3746735676295987
2075.0,1.3721156523057196
2076.0,1.3704174998332168
2077.0,1.3694742307782748
2078.0,1.3688715047462376
2079.0,1.3711958739787486
2080.0,1.3728076010140473
2081.0,1.3738480923385001
2082.0,1.3753352810067996
2083.0,1.3769828072973083
2084.0,1.3777902981195038
2085.0,1.3794105924530602
2086.0,1.3798689804079645
2087.0,1.3775930836799495
2088.0,1.378036900522712
2089.0,1.380252856966195
2090.0,1.3803160496869085
2091.0,1.3808054104920993
2092.0,1.38324664036311
2093.0,1.3827524356552265
2094.0,1.3801001342829669
2095.0,1.3779986963519428
2096.0,1.3744008156653784
2097.0,1.3730358846223887
2098.0,1.3717087489055395
2099.0,1.3719205413343807
2100.0,1.3751652851206906
2101.0,1.3771792053306227
2102.0,1.379096478568028
2103.0,1.3806268512501478
2104.0,1.3820055091947812
2105.0,1.3826986124431437
2106.0,1.3822402515908252
2107.0,1.3835805293189394
2108.0,1.384047840003363
2109.0,1.3836861591219636
2110.0,1.383718351155693
2111.0,1.3836008802362427
2112.0,1.3836301770199777
2113.0,1.384380598892887
2114.0,1.3845827922473137
2115.0,1.3846817579605595
2116.0,1.3847907039439196
2117.0,1.3843875682526754
2118.0,1.384645815405516
2119.0,1.3848558017689543
2120.0,1.38575600014913
2121.0,1.388042563917429
2122.0,1.3891190903634894
2123.0,1.3907318916282196
2124.0,1.3911740409862612
2125.0,1.3903664635375046
2126.0,1.3885637909669624
2127.0,1.388872169977031
2128.0,1.3894384503522976
2129.0,1.3893421472932073
2130.0,1.390869826413053
2131.0,1.389787128510547
2132.0,1.3880862011122286
2133.0,1.3870578481177063
2134.0,1.3855838851248246
2135.0,1.385145533099868
2136.0,1.3856356882674765
2137.0,1.3854090384097106
2138.0,1.3855441762416674
2139.0,1.3850712074934093
2140.0,1.3846058420761702
2141.0,1.3832954989158104
2142.0,1.3802862558469498
2143.0,1.3800054698336144
2144.0,1.3769875810362209
2145.0,1.3751945327485777
2146.0,1.377659557972288
2147.0,1.379404657445047
2148.0,1.3836708432017422
2149.0,1.3886130707790094
2150.0,1.38980542015897
2151.0,1.3889245736746998
2152.0,1.3880103117187508
2153.0,1.3846910462319966
2154.0,1.3825520493757304
2155.0,1.3803278206883753
2156.0,1.3791132777209172
2157.0,1.3780798007362947
2158.0,1.3777319444046283
2159.0,1.3787143736881882
2160.0,1.3789283448555756
2161.0,1.380007858310123
2162.0,1.37926482374836
2163.0,1.3765486197903112
2164.0,1.375486170208441
2165.0,1.373322811830056
2166.0,1.3725034734418133
2167.0,1.37527331321238
2168.0,1.3767969727489522
2169.0,1.3765086147250507
2170.0,1.3785615622448029
2171.0,1.3789710285800885
2172.0,1.3770586437346588
2173.0,1.3775060601470361
2174.0,1.3784972538630127
2175.0,1.379205520900065
2176.0,1.3819761117531177
2177.0,1.382633816153839
2178.0,1.3826567112749355
2179.0,1.3823857174820924
2180.0,1.3796017610122129
2181.0,1.3787497832979083
2182.0,1.3781469567495699
2183.0,1.3783014918189662
2184.0,1.380258974685654
2185.0,1.3820653504953102
2186.0,1.3809494107716926
2187.0,1.3815308926693506
2188.0,1.3804954970747165
2189.0,1.3782911911123399
2190.0,1.377970691635038
2191.0,1.37572615064676
2192.0,1.3734573931851919
2193.0,1.3717483413629188
2194.0,1.3712231388415155
2195.0,1.3719217571061408
2196.0,1.3722661500042925
2197.0,1.3739506926060892
2198.0,1.3744264395471961
2199.0,1.3739014325486032
2200.0,1.3740475954742015
2201.0,1.374470953037237
2202.0,1.3743165071762953
2203.0,1.3746493930524664
2204.0,1.3739400662229861
2205.0,1.3716266235030288
2206.0,1.3703566552360658
2207.0,1.3709176565464605
2208.0,1.3683251466496433
2209.0,1.3688658766074084
2210.0,1.3699273639115381
2211.0,1.3699299023654277
2212.0,1.3714378683777573
2213.0,1.3691385486905032
2214.0,1.3678065105510928
2215.0,1.3679354982796577
2216.0,1.3667294678933641
2217.0,1.3657062879336963
2218.0,1.3662768332699904
2219.0,1.3654357807492952
2220.0,1.3611349756790128
2221.0,1.361656443783624
2222.0,1.3671588085163833
2223.0,1.367910572890696
2224.0,1.3691389365520144
2225.0,1.3685493523085435
2226.0,1.3616139287076796
2227.0,1.3601394057512015
2228.0,1.361227140532889
2229.0,1.3616471401671502
2230.0,1.3649139763871514
2231.0,1.3665763054485809
2232.0,1.3669930199851519
2233.0,1.3688989618871619
2234.0,1.368356771000751
2235.0,1.3682430938338221
2236.0,1.3649853983506184
2237.0,1.3606721947794893
2238.0,1.357454748056735
2239.0,1.3543611249744845
2240.0,1.355431338256246
2241.0,1.3592654872541303
2242.0,1.3620988937656888
2243.0,1.3638278979383713
2244.0,1.3622285436729304
2245.0,1.357390807234833
2246.0,1.3532885194810316
2247.0,1.3480067731411698
2248.0,1.3428320647778387
2249.0,1.335543339787999
2250.0,1.3313317285556614
2251.0,1.3280282287902299
2252.0,1.326178109840348
2253.0,1.329401181905396
2254.0,1.3278817636819273
2255.0,1.3221522876760392
2256.0,1.3198461811183775
2257.0,1.3175302472418937
2258.0,1.3162647557485803
2259.0,1.320659272751696
2260.0,1.3203981612089963
2261.0,1.3177076957654805
2262.0,1.3113973619793622
2263.0,1.3079651331377835
2264.0,1.305983407440559
2265.0,1.3111061866363396
2266.0,1.3149130201243795
2267.0,1.313491375023305
2268.0,1.309757670235367
2269.0,1.3013955333014664
2270.0,1.2954125819630729
2271.0,1.2939350090370816
2272.0,1.293615270380838
2273.0,1.2924249746964105
2274.0,1.291602695446063
2275.0,1.2891347324387945
2276.0,1.2856842729128235
2277.0,1.285734162560148
2278.0,1.2872729333094983
2279.0,1.2885780289857753
2280.0,1.2943954549426036
2281.0,1.294546720499308
2282.0,1.2911405144038606
2283.0,1.289837490476001
2284.0,1.2856132609427189
2285.0,1.2852120422513562
2286.0,1.2884201680685061
2287.0,1.2886098347752701
2288.0,1.2900978384843609
2289.0,1.2887009070415882
2290.0,1.2831710282746023
2291.0,1.2822404274008845
2292.0,1.281149340856316
2293.0,1.2815424080876452
2294.0,1.2868412649548457
2295.0,1.2878737787099481
2296.0,1.2855801341380624
2297.0,1.2874567500251939
2298.0,1.2891731922579963
2299.0,1.2864100658061683
2300.0,1.28798511761945
2301.0,1.2844447507643653
2302.0,1.275053063794567
2303.0,1.27368125998824
2304.0,1.2729049822751302
2305.0,1.2744505009635672
2306.0,1.2795788740815914
2307.0,1.2818160848361966
2308.0,1.2812461698266884
2309.0,1.2796712789077833
2310.0,1.276877972988687
2311.0,1.2731307983143105
2312.0,1.270649648972703
2313.0,1.2689252968797347
2314.0,1.2709467961156495
2315.0,1.275995800672232
2316.0,1.2852087284465317
2317.0,1.2943611475744663
2318.0,1.2977405438522638
2319.0,1.2979887224689044
2320.0,1.295751552157844
2321.0,1.2845120488117485
2322.0,1.2812540749889005
2323.0,1.280448797009095
2324.0,1.2784785624154782
2325.0,1.2789172963770274
2326.0,1.2783961648567497
2327.0,1.2769027794784846
2328.0,1.2769027721297461
2329.0,1.2773185729531356
2330.0,1.2759651940904606
2331.0,1.2749163494388216
2332.0,1.2739883496014535
2333.0,1.2703024489798909
2334.0,1.2726892931310796
2335.0,1.277989887390777
2336.0,1.2807870026740862
2337.0,1.286676687205745
2338.0,1.2926588522240385
2339.0,1.3031278987027899
2340.0,1.304393602737678
2341.0,1.3042429073334643
2342.0,1.298125138859906
2343.0,1.271433182988038
2344.0,1.2622054967798941
2345.0,1.2607252296267113
2346.0,1.2570181015867747
2347.0,1.2601022526745675
2348.0,1.2648124918793167
2349.0,1.260697430782667
2350.0,1.2629967380679694
2351.0,1.2653432385637298
2352.0,1.2661163079902387
2353.0,1.2715889193564087
2354.0,1.2770872726369544
2355.0,1.2834390525870758
2356.0,1.2934098017463984
2357.0,1.2960302439171696
2358.0,1.2922464400908433
2359.0,1.2830817755343022
2360.0,1.2721956000752392
2361.0,1.2676725987746476
2362.0,1.2676925882998484
2363.0,1.27314044302671
2364.0,1.2789361527357317
2365.0,1.2812737681842572
2366.0,1.270227167072263
2367.0,1.2515887655480817
2368.0,1.2421109408757065
2369.0,1.2352343586883843
2370.0,1.2374089823342438
2371.0,1.2431169778031395
2372.0,1.2360374278065622
2373.0,1.2280517954497447
2374.0,1.2211320213011636
2375.0,1.2139650362413408
2376.0,1.218658574441507
2377.0,1.2281322120656293
2378.0,1.2256403701191874
2379.0,1.2249052796315423
2380.0,1.2247510126351429
2381.0,1.2169756532519673
2382.0,1.2247086395213576
2383.0,1.2461440938289818
2384.0,1.2549552697421569
2385.0,1.2592395048621652
2386.0,1.2605470514734345
2387.0,1.245716943717474
2388.0,1.2387253190395142
2389.0,1.2334050952562043
2390.0,1.2235756823870747
2391.0,1.2205710577227413
2392.0,1.2123719576616354
2393.0,1.2048838391996233
2394.0,1.2031358648159152
2395.0,1.2021062422953555
2396.0,1.1919360790179399
2397.0,1.1854466145872002
2398.0,1.18763322310389
2399.0,1.1852244410930357
2400.0,1.1879914383851797
2401.0,1.1929336767536152
2402.0,1.1930219888992104
2403.0,1.1929227629011967
2404.0,1.2035137781899907
2405.0,1.2169408662742769
2406.0,1.2265241865144973
2407.0,1.2210351533767982
2408.0,1.2070332104080082
2409.0,1.2015586727180705
2410.0,1.189718383957175
2411.0,1.1920778282316755
2412.0,1.1872222061953759
2413.0,1.1662831654820522
2414.0,1.15100795352519
2415.0,1.1353024941052197
2416.0,1.1459544053181856
2417.0,1.155462183741464
2418.0,1.1688944540785717
2419.0,1.196137625368387
2420.0,1.1935532359711403
2421.0,1.1996160688682576
2422.0,1.2036710104028516
2423.0,1.1888170213333051
2424.0,1.179266672533224
2425.0,1.1597622853341751
2426.0,1.1461500086990972
2427.0,1.1420588357651382
2428.0,1.136828709224462
2429.0,1.1405914003710733
2430.0,1.1392167154114954
2431.0,1.1360987053775946
2432.0,1.1532283596952995
2433.0,1.1612393449533212
2434.0,1.1632159325604365
2435.0,1.1660013008581178
2436.0,1.1488244345906111
2437.0,1.1285956792111533
2438.0,1.1176590544336371
2439.0,1.103474331877348
2440.0,1.0813798845635922
2441.0,1.0624927905145598
2442.0,1.051148222640761
2443.0,1.0569535803924304
2444.0,1.065463321884957
2445.0,1.074016878689498
2446.0,1.0889204911049701
2447.0,1.1029530255622755
2448.0,1.12206923849056
2449.0,1.1391620861848195
2450.0,1.1403209686447773
2451.0,1.1132456883384365
2452.0,1.090838537534142
2453.0,1.0876942161325598
2454.0,1.0935022041034381
2455.0,1.1212339527732198
2456.0,1.1353415549211587
2457.0,1.1245932638694511
2458.0,1.1301453924027005
2459.0,1.1111619129634915
2460.0,1.0782229063635183
2461.0,1.0870946129048502
2462.0,1.0939439395624357
2463.0,1.1081277626974737
2464.0,1.1424244191852293
2465.0,1.1191153648408867
2466.0,1.0716435673544609
2467.0,1.052502300050451
2468.0,1.030698649010337
2469.0,1.0477625577910235
2470.0,1.0888312569908312
2471.0,1.092094158027557
2472.0,1.0940904640356588
2473.0,1.0707456186220008
2474.0,1.0606043972497476
2475.0,1.0610286250251675
2476.0,1.0602812050600467
2477.0,1.0571459176997557
2478.0,1.0621858185780984
2479.0,1.077113916613802
2480.0,1.0863853001115586
2481.0,1.1116889291518182
2482.0,1.100662340436653
2483.0,1.0614842542670144
2484.0,1.035063369600222
2485.0,0.9784142151246279
2486.0,0.9647533303576663
2487.0,0.976043703125251
2488.0,0.993704139949784
2489.0,1.05303274920553
2490.0,1.083520923666633
2491.0,1.1034534258799262
2492.0,1.1363326039925337
2493.0,1.1686362966952928
2494.0,1.172504597156307
2495.0,1.1805135812189345
2496.0,1.1572669754490952
2497.0,1.0843301340803475
2498.0,1.045808777956685
2499.0,1.0169507256872623
2500.0,0.9704379401893403
