350.0,-0.10099674903399462
351.0,-0.11926285110631725
352.0,-0.08348853658480344
353.0,-0.08708428576397133
354.0,-0.06716618422574977
355.0,-0.03882980829870065
356.0,-0.026331081256076475
357.0,-0.023117175739506966
358.0,0.008009713658991766
359.0,0.029626560869310155
360.0,0.011348270447598662
361.0,0.019111576073476477
362.0,0.028103488945522653
363.0,0.014545886017551638
364.0,-0.028878228035899314
365.0,-0.031682399862766
366.0,-0.0014080795853139284
367.0,0.02188944951644874
368.0,0.00044186597795309296
369.0,0.020729630132995995
370.0,0.024431745360326322
371.0,0.003911941086315288
372.0,0.025242316629799626
373.0,0.02330277959648064
374.0,0.022629975478532044
375.0,0.033791390302077805
376.0,0.01722384633013216
377.0,0.013053865159850802
378.0,0.016431881092688783
379.0,0.014706265279534699
380.0,0.00645524166645135
381.0,0.017368360198847972
382.0,0.035997118459317114
383.0,0.0422848097876312
384.0,0.0400409043635962
385.0,0.032893362137401023
386.0,0.029423365873988756
387.0,0.03600076945060843
388.0,0.029840386493732985
389.0,0.02776927809348171
390.0,0.03458914838492048
391.0,0.04067844810069866
392.0,0.03945508403542366
393.0,0.03474727226602557
394.0,0.028027078568638515
395.0,0.015436199257125296
396.0,0.023319940880320838
397.0,0.04066947009083458
398.0,0.04989099932301758
399.0,0.03829684015707939
400.0,0.03462164810633555
401.0,0.03570441994801147
402.0,0.03288613342142384
403.0,0.044084733527676556
404.0,0.04455808405747372
405.0,0.040378220032598215
406.0,0.050186041338933805
407.0,0.04559557904568221
408.0,0.04098914094134929
409.0,0.04115277607811795
410.0,0.038685367534802145
411.0,0.04011001186301675
412.0,0.04462685800760586
413.0,0.048584186841395635
414.0,0.04597477702992878
415.0,0.04228623272382747
416.0,0.038509946193923505
417.0,0.03609003781668651
418.0,0.04257740393260687
419.0,0.04190192160535429
420.0,0.040094661817550545
421.0,0.04816137589892342
422.0,0.04579671242741662
423.0,0.042917386001229844
424.0,0.04279072945379134
425.0,0.04171316168304601
426.0,0.041974421187484595
427.0,0.04463971050908215
428.0,0.04780192432634059
429.0,0.04529154526945298
430.0,0.04585499658440044
431.0,0.048095784979054874
432.0,0.04868992060864546
433.0,0.04626780631899295
434.0,0.04599080181882536
435.0,0.04717222876750159
436.0,0.047029817967228466
437.0,0.04812469563581055
438.0,0.0484252887409747
439.0,0.047858910701334134
440.0,0.048188883923903796
441.0,0.04660811803999261
442.0,0.046158255825622684
443.0,0.047796901681076816
444.0,0.0472067022954178
445.0,0.046543358935974125
446.0,0.046809080482113095
447.0,0.04797174423543738
448.0,0.047470062012773144
449.0,0.047010357083820974
450.0,0.04686043731817834
451.0,0.04655513385730471
452.0,0.047443428128119136
453.0,0.047746909973684054
454.0,0.04720873448855799
455.0,0.047695662339378816
456.0,0.04689831128334644
457.0,0.04651832139656372
458.0,0.047718887374082815
459.0,0.048165554446646254
460.0,0.04890858520928822
461.0,0.04891579467182385
462.0,0.04713083137859985
463.0,0.046514092955064944
464.0,0.04661538947087485
465.0,0.04739252156078713
466.0,0.04909614257641239
467.0,0.04860321634853991
468.0,0.04757461790382974
469.0,0.04746584071087984
470.0,0.04787300477945429
471.0,0.04837108213524396
472.0,0.04846001855062369
473.0,0.04804017311482642
474.0,0.0486795070925194
475.0,0.04764302606811519
476.0,0.046385739351758826
477.0,0.04837751795497129
478.0,0.047371311863499806
479.0,0.047227898670717396
480.0,0.04900375304401888
481.0,0.04794930339149531
482.0,0.0463339551375327
483.0,0.0461335963355451
484.0,0.04794743941602693
485.0,0.04830741127661724
486.0,0.04827129480807966
487.0,0.04825006850782306
488.0,0.04829207131615561
489.0,0.048606110098564255
490.0,0.04802836142663786
491.0,0.04704268396047246
492.0,0.04827032126587928
493.0,0.04815672947241567
494.0,0.047272197138967784
495.0,0.04722185338187841
496.0,0.05012139884642663
497.0,0.04981140959354718
498.0,0.04786738453335586
499.0,0.04875761251342674
500.0,0.04757796632501095
501.0,0.047959094633478666
502.0,0.050066103052004256
503.0,0.04942453261022907
504.0,0.04938183218586539
505.0,0.0491609295920635
506.0,0.048153465862322095
507.0,0.048645044633077505
508.0,0.04897468342385319
509.0,0.04906061009537377
510.0,0.049474928622036354
511.0,0.049956179965484675
512.0,0.04983825961487681
513.0,0.0492019770408493
514.0,0.048985919415937135
515.0,0.04932719566921356
516.0,0.04957338700965361
517.0,0.04931605492204981
518.0,0.04939854801890833
519.0,0.048714012997664355
520.0,0.048170928358310286
521.0,0.04914560235869176
522.0,0.04899291089829483
523.0,0.049203805940843746
524.0,0.04983463519981904
525.0,0.048827267872966415
526.0,0.04938592154090192
527.0,0.04997367604653419
528.0,0.049181491886926915
529.0,0.04931742397119931
530.0,0.04964841997019826
531.0,0.04992260481155413
532.0,0.05012159522483111
533.0,0.0500142776256659
534.0,0.049864438719290055
535.0,0.049758019052883164
536.0,0.04945499057922127
537.0,0.04960013488030734
538.0,0.05010948369984438
539.0,0.050571753550349215
540.0,0.0501587581931434
541.0,0.04993506498325996
542.0,0.05004135093879822
543.0,0.04997650268452095
544.0,0.0493146781163106
545.0,0.04936926783346671
546.0,0.05037883672898043
547.0,0.05049576925973486
548.0,0.05030627304724127
549.0,0.05022053822952558
550.0,0.050400293444793985
551.0,0.050020651294778354
552.0,0.04969984427254365
553.0,0.049739862440439896
554.0,0.05011684220568269
555.0,0.050619130782361445
556.0,0.050965831857114306
557.0,0.05101296785683813
558.0,0.05088824568714418
559.0,0.05053082036569933
560.0,0.050247892673214285
561.0,0.05037786782468795
562.0,0.05069180128746072
563.0,0.05084519065557235
564.0,0.050735361583167556
565.0,0.05052772308376217
566.0,0.05062289598902077
567.0,0.0509252854630021
568.0,0.05120386302263476
569.0,0.051183281909249305
570.0,0.051178338470235785
571.0,0.05118979142200207
572.0,0.05110545632570739
573.0,0.05126377367000325
574.0,0.05132153753011564
575.0,0.051099227405039964
576.0,0.05071932305057366
577.0,0.05112514315382313
578.0,0.051739382865769436
579.0,0.05180575748342138
580.0,0.05156274798766995
581.0,0.0514824281412544
582.0,0.051544220189632964
583.0,0.051423003670253764
584.0,0.051612013882099426
585.0,0.05204525846040394
586.0,0.05240929661009609
587.0,0.05203940295115649
588.0,0.0519265171687812
589.0,0.05199820954163598
590.0,0.051882842022664175
591.0,0.0516730998111895
592.0,0.051708688612805184
593.0,0.051990708806098226
594.0,0.05218628808003057
595.0,0.05241990871121922
596.0,0.05255236190447199
597.0,0.052509177266708
598.0,0.0524808456920909
599.0,0.0525955861618147
600.0,0.05277505722213736
601.0,0.052858161132692316
602.0,0.05302203053263103
603.0,0.053049348319107355
604.0,0.052844093233530315
605.0,0.052516235426355445
606.0,0.05264179144057436
607.0,0.0528781351975871
608.0,0.05288939758448335
609.0,0.05347515975670191
610.0,0.05377365419113929
611.0,0.053611517798930586
612.0,0.05338120597470257
613.0,0.05351617402716931
614.0,0.053716175687532335
615.0,0.053745728854220395
616.0,0.053731920805257835
617.0,0.053863993191392415
618.0,0.053970878495323275
619.0,0.05388099495620498
620.0,0.05429419210409605
621.0,0.05444477897495978
622.0,0.05419428153705878
623.0,0.054153095515656544
624.0,0.054217146095569116
625.0,0.05425715709801618
626.0,0.05426472486738594
627.0,0.0546848670292712
628.0,0.054776083343591714
629.0,0.054692280913782025
630.0,0.05500466623769997
631.0,0.05519457619406814
632.0,0.055212948923370246
633.0,0.05516939147848214
634.0,0.05534261590169448
635.0,0.055392395112494344
636.0,0.05536467111012975
637.0,0.055399148943062526
638.0,0.055498474881822614
639.0,0.05559336597314096
640.0,0.05561962569935092
641.0,0.055561505128406616
642.0,0.05607090905557904
643.0,0.05656534683459283
644.0,0.056559406047008855
645.0,0.0562417572826952
646.0,0.05610904236471914
647.0,0.05622397015977513
648.0,0.05639847888392885
649.0,0.05622438237380859
650.0,0.056681553219274615
651.0,0.05752423617327785
652.0,0.05695521983397674
653.0,0.05703677868283812
654.0,0.05726722775328861
655.0,0.05697217937429136
656.0,0.056996061155827324
657.0,0.05725472886535417
658.0,0.05755909020770546
659.0,0.057667232408973076
660.0,0.05760847363971355
661.0,0.05767105556509989
662.0,0.05795662531479375
663.0,0.05820035323872521
664.0,0.05832447473502826
665.0,0.05839257219910112
666.0,0.05850293564841312
667.0,0.058618973664192275
668.0,0.0586452315393945
669.0,0.05875336644900076
670.0,0.0592993445646751
671.0,0.059273016654464834
672.0,0.0592339946700479
673.0,0.05961812968037916
674.0,0.05981199445252728
675.0,0.05999517433393974
676.0,0.060088170823611696
677.0,0.05996072789986769
678.0,0.05981819912995676
679.0,0.06000417395499173
680.0,0.06047769837762562
681.0,0.06071254119428311
682.0,0.06071550897092012
683.0,0.060719110333988684
684.0,0.0609235083640348
685.0,0.061231966445584145
686.0,0.061055256531662785
687.0,0.06080106719335218
688.0,0.061388521518195745
689.0,0.061728584393482076
690.0,0.061878900416247454
691.0,0.06195676795574488
692.0,0.06187736873957011
693.0,0.062138861219187394
694.0,0.06252798126535827
695.0,0.06267593641208363
696.0,0.06272540585074995
697.0,0.06278135200600723
698.0,0.06292613624344488
699.0,0.06320343758084565
700.0,0.06339121766053038
701.0,0.06352780350922602
702.0,0.06370567212905527
703.0,0.06406009786046173
704.0,0.06415002587275732
705.0,0.0640776344145936
706.0,0.06417308388404232
707.0,0.06453983034297886
708.0,0.06492512340314224
709.0,0.06514864909598633
710.0,0.06515764256187274
711.0,0.0652475076305934
712.0,0.06544382207107097
713.0,0.06568426309494414
714.0,0.06586727081180432
715.0,0.0660404403067793
716.0,0.06623358975174175
717.0,0.0664459311741632
718.0,0.06649518171025798
719.0,0.06659504030074542
720.0,0.06680943507078425
721.0,0.06691411296573262
722.0,0.06730703486768382
723.0,0.0677175286760409
724.0,0.06785635229168506
725.0,0.06813254925286681
726.0,0.06818687368792216
727.0,0.06812202631020667
728.0,0.06834053644189911
729.0,0.0685982038199198
730.0,0.06899997500903556
731.0,0.06948538692068636
732.0,0.06961514317324818
733.0,0.0696729780491299
734.0,0.06975616770623294
735.0,0.06990113719064749
736.0,0.07011762611746336
737.0,0.07046274454452911
738.0,0.07089520003298362
739.0,0.07127773612639698
740.0,0.07132962893795408
741.0,0.07142455638600788
742.0,0.07174711060895803
743.0,0.07183943710676527
744.0,0.07213253995479235
745.0,0.07250391566503807
746.0,0.07270895684179882
747.0,0.07297904858414485
748.0,0.0731905958130539
749.0,0.07332078972284976
750.0,0.07346294429771927
751.0,0.07377887145610006
752.0,0.07406503021146761
753.0,0.07422005175823952
754.0,0.0745386161863268
755.0,0.07483732288014898
756.0,0.07511866915956451
757.0,0.075405856917164
758.0,0.07542622116886721
759.0,0.07559042813928198
760.0,0.07598534846911635
761.0,0.07634986670779143
762.0,0.07682056782098935
763.0,0.07717859412199375
764.0,0.07733143163043539
765.0,0.07762991886966919
766.0,0.07781095708675438
767.0,0.07794455499307887
768.0,0.078213425447844
769.0,0.07868725519365168
770.0,0.07906004371121049
771.0,0.07933632455407645
772.0,0.0798085968593812
773.0,0.07986413530230764
774.0,0.07990234857048853
775.0,0.08023909604285533
776.0,0.08059411672657442
777.0,0.08087316247983105
778.0,0.08117398584108669
779.0,0.08160090428052127
780.0,0.08185030950649999
781.0,0.0819487102720522
782.0,0.08212185931328193
783.0,0.08269810391462062
784.0,0.08307539350410245
785.0,0.08342719656466831
786.0,0.08388318023060524
787.0,0.0842141699312126
788.0,0.08446620825790446
789.0,0.08461663979823064
790.0,0.08472426121578404
791.0,0.08526686831073567
792.0,0.08578737783137963
793.0,0.08614203660543157
794.0,0.08646376373131721
795.0,0.08677740778299989
796.0,0.08707582188205358
797.0,0.08733444817938596
798.0,0.08750200270439216
799.0,0.08800202295741867
800.0,0.0884858253011902
801.0,0.088627711689376
802.0,0.08902298833811287
803.0,0.08955724779029306
804.0,0.09001792743538925
805.0,0.09019217040494609
806.0,0.0902848825137263
807.0,0.0906728809289563
808.0,0.0913370345794863
809.0,0.09175600493857113
810.0,0.09193693804969459
811.0,0.09215425374883315
812.0,0.09255089516181594
813.0,0.09269548579889793
814.0,0.09314765368867632
815.0,0.09374630214741078
816.0,0.09410828070791595
817.0,0.09450556727617948
818.0,0.09486893817710183
819.0,0.09520058602286882
820.0,0.09556848200719485
821.0,0.09580581609080313
822.0,0.09625040476618357
823.0,0.09691703419665455
824.0,0.0971075943382197
825.0,0.0975980211344512
826.0,0.09815267715236957
827.0,0.0984034437023985
828.0,0.09859733784052221
829.0,0.0990038787663978
830.0,0.09962995386798118
831.0,0.10027052892752059
832.0,0.10047420020491622
833.0,0.10084243320593561
834.0,0.10152961138082373
835.0,0.10208912337741599
836.0,0.1023557366946289
837.0,0.10267656933901685
838.0,0.10323307602788985
839.0,0.10364494592896283
840.0,0.10400699028790207
841.0,0.1043860127003727
842.0,0.10481840889800724
843.0,0.10521254495641745
844.0,0.10573002343301773
845.0,0.10626393585192732
846.0,0.10660539063295946
847.0,0.10709814902947586
848.0,0.10763065678800418
849.0,0.10807092501989338
850.0,0.10833969493113656
851.0,0.10871432491590738
852.0,0.10922737275530797
853.0,0.10971552106510966
854.0,0.10970722047095502
855.0,0.11026077136681563
856.0,0.11105248939015831
857.0,0.11152842593918066
858.0,0.1120221621724805
859.0,0.11242855957419318
860.0,0.11278363040965907
861.0,0.11322247135449226
862.0,0.11404063394065872
863.0,0.11452027453874014
864.0,0.11465738213099955
865.0,0.11515768785496244
866.0,0.11610441013916958
867.0,0.11669801521070206
868.0,0.11676955628780224
869.0,0.11730416516252741
870.0,0.11783689862637951
871.0,0.11836070310457662
872.0,0.11892993699249532
873.0,0.11950845042796449
874.0,0.11995993990720084
875.0,0.12046795897663894
876.0,0.12121297826421776
877.0,0.12181992948812617
878.0,0.1224244034892324
879.0,0.1230430249926241
880.0,0.12359907379976438
881.0,0.12392943946890672
882.0,0.12440636298000987
883.0,0.12506397862375537
884.0,0.12556953727263148
885.0,0.1260172865578478
886.0,0.12667996438322204
887.0,0.1274350487032315
888.0,0.12756462640127866
889.0,0.12815742613060582
890.0,0.1288238104273087
891.0,0.12920221283817354
892.0,0.1298379772664464
893.0,0.13063281139288857
894.0,0.13123267550156956
895.0,0.13148340225067082
896.0,0.1322757311656085
897.0,0.13289076024326255
898.0,0.1332788618321878
899.0,0.13370575320918893
900.0,0.13410233207291264
901.0,0.1348623877162675
902.0,0.1357692292278384
903.0,0.1362795492565051
904.0,0.13703590477111877
905.0,0.13765438965972837
906.0,0.1380205243406271
907.0,0.13840839947789096
908.0,0.13906932451377824
909.0,0.139783603914006
910.0,0.14036972378409765
911.0,0.14083379573381483
912.0,0.14158383851755466
913.0,0.14245488148719324
914.0,0.14319674719969358
915.0,0.14366162941096175
916.0,0.14430081117852314
917.0,0.1448108203246288
918.0,0.14500172004049497
919.0,0.14553970671621363
920.0,0.14618793729642554
921.0,0.1471569805212919
922.0,0.14842179913129777
923.0,0.14867060002363944
924.0,0.1492199510246054
925.0,0.14985057264765214
926.0,0.1500205595130524
927.0,0.15111622059462934
928.0,0.1519818753372291
929.0,0.1523817186666914
930.0,0.1527467921399718
931.0,0.15356072136324564
932.0,0.15452078441238065
933.0,0.15514158653006557
934.0,0.1550950919111786
935.0,0.1556084705245518
936.0,0.15642789965530118
937.0,0.15747208717309452
938.0,0.15880629333935392
939.0,0.15931064164505768
940.0,0.15963916664260625
941.0,0.16011263049728583
942.0,0.16052736497916212
943.0,0.1618545516368825
944.0,0.16277860967968444
945.0,0.16294902047830684
946.0,0.16354268240606662
947.0,0.16403994317947881
948.0,0.1645785036587574
949.0,0.16539395253081113
950.0,0.16666333630889238
951.0,0.1674043343007181
952.0,0.16791236349643396
953.0,0.16855167465491844
954.0,0.16932623164790342
955.0,0.1693685112880947
956.0,0.17007175657925577
957.0,0.17166745263803623
958.0,0.17172342054930853
959.0,0.1723472492504962
960.0,0.173682274780369
961.0,0.17507372964101495
962.0,0.17539527426373908
963.0,0.1759571992030334
964.0,0.1764445184872155
965.0,0.17686532104123107
966.0,0.17853784155436336
967.0,0.17949966049739502
968.0,0.17989739764940726
969.0,0.1802557032236481
970.0,0.18066321628830384
971.0,0.18149684449569467
972.0,0.1826467995049283
973.0,0.18375727281930293
974.0,0.18429469028493245
975.0,0.18532408313321233
976.0,0.18626166799328112
977.0,0.18654303732494013
978.0,0.18645236006059962
979.0,0.18663170964456002
980.0,0.1878409945685304
981.0,0.18969006197487745
982.0,0.1899099173064035
983.0,0.19077171636020204
984.0,0.191728600259648
985.0,0.1923725466511701
986.0,0.19359110697605958
987.0,0.19391950249175438
988.0,0.19364596094816422
989.0,0.19367140756979234
990.0,0.19503190407880905
991.0,0.1966405706318519
992.0,0.19840106491996257
993.0,0.19981325127454802
994.0,0.1998023180087854
995.0,0.20020871512970476
996.0,0.20102983456289014
997.0,0.20220776707018542
998.0,0.20386300380828695
999.0,0.20448824151950573
1000.0,0.20520335262127132
1001.0,0.2188028891933615
1002.0,0.22063322855972717
1003.0,0.22064344008974318
1004.0,0.21985534767996362
1005.0,0.22130708976133953
1006.0,0.22022964964810018
1007.0,0.21857750534310574
1008.0,0.22035584110911643
1009.0,0.22199501643217787
1010.0,0.22217540864598506
1011.0,0.2230153310139938
1012.0,0.2226517275310184
1013.0,0.22122196538924543
1014.0,0.22236329168290764
1015.0,0.22703402567389397
1016.0,0.229511557598287
1017.0,0.23138293835758902
1018.0,0.23534027523598428
1019.0,0.23761899669205516
1020.0,0.2362884668312805
1021.0,0.23802466290246693
1022.0,0.23768219435600976
1023.0,0.23741170023255667
1024.0,0.24009778262619413
1025.0,0.2410521572940236
1026.0,0.2431831388542015
1027.0,0.24402536518378376
1028.0,0.24247847832732108
1029.0,0.24230671445023888
1030.0,0.24176919096373362
1031.0,0.24178643929304008
1032.0,0.2437586002869259
1033.0,0.24593467864428908
1034.0,0.24687570325121092
1035.0,0.24653424525089246
1036.0,0.2462065716131306
1037.0,0.24732845978176365
1038.0,0.24878203725135492
1039.0,0.25201681862303754
1040.0,0.25613063444309797
1041.0,0.2576806293295345
1042.0,0.25804939477505023
1043.0,0.2590041339611262
1044.0,0.25937268173814587
1045.0,0.2587254124036098
1046.0,0.25894421498617914
1047.0,0.2608320044475881
1048.0,0.261962027599423
1049.0,0.2621128845985953
1050.0,0.2627615126592775
1051.0,0.2621563286241213
1052.0,0.26183366822658494
1053.0,0.26305532280542254
1054.0,0.2634349817507525
1055.0,0.26487275605800137
1056.0,0.2658714766973451
1057.0,0.2670248578829293
1058.0,0.2664665277984064
1059.0,0.26678406802499505
1060.0,0.26779488979744
1061.0,0.2688750262134946
1062.0,0.270369326700301
1063.0,0.2726707852358913
1064.0,0.2726936119917946
1065.0,0.27286065456812403
1066.0,0.2742012568894262
1067.0,0.27410531935628796
1068.0,0.2763307259646895
1069.0,0.2777814854937325
1070.0,0.27804348184881317
1071.0,0.27917300793458555
1072.0,0.2807858578916635
1073.0,0.2809208664804494
1074.0,0.28242687653268267
1075.0,0.28430825996438386
1076.0,0.28397175181858075
1077.0,0.28375980529421874
1078.0,0.2835750096120602
1079.0,0.2839865081859959
1080.0,0.28522952469786034
1081.0,0.2866013917735076
1082.0,0.28822766845818765
1083.0,0.28915255812035506
1084.0,0.2901085301030975
1085.0,0.2908564840940259
1086.0,0.29181832279233855
1087.0,0.29287878042244553
1088.0,0.2936937628979802
1089.0,0.29418827192730906
1090.0,0.29611015249888734
1091.0,0.298107342729928
1092.0,0.2998803738232918
1093.0,0.30184746228850573
1094.0,0.30307531963812023
1095.0,0.3035749285115377
1096.0,0.30413039595797076
1097.0,0.3050094190123373
1098.0,0.30583056770601486
1099.0,0.3069413964507687
1100.0,0.308721840026711
1101.0,0.3097400635787542
1102.0,0.3105757526984873
1103.0,0.31118550120963373
1104.0,0.31156427558125516
1105.0,0.31289199664234774
1106.0,0.3147452603807956
1107.0,0.31682819467256573
1108.0,0.31859098957897874
1109.0,0.31900475429367514
1110.0,0.3196593511664129
1111.0,0.3207130872850193
1112.0,0.32185102475192146
1113.0,0.32367739582603533
1114.0,0.32525492172795
1115.0,0.3268575913523562
1116.0,0.3279515880304618
1117.0,0.32863108560085363
1118.0,0.3294063448918213
1119.0,0.329784059960239
1120.0,0.33057313224018275
1121.0,0.331401333886504
1122.0,0.3330216222916502
1123.0,0.3348188336428204
1124.0,0.33603753783795676
1125.0,0.33721032565661385
1126.0,0.3383836358130031
1127.0,0.3393726965644662
1128.0,0.3401084584246577
1129.0,0.34077132586883097
1130.0,0.34100465854626405
1131.0,0.3418343404536365
1132.0,0.34275041502749176
1133.0,0.3438455822594342
1134.0,0.3452506795365748
1135.0,0.3470793568938022
1136.0,0.3490149310966597
1137.0,0.3499849945163684
1138.0,0.3508131971472611
1139.0,0.35187640756839733
1140.0,0.3526713926109897
1141.0,0.3540040216676537
1142.0,0.35549671100823815
1143.0,0.35745609880228324
1144.0,0.3592037618426634
1145.0,0.3614144615172366
1146.0,0.3629166705409697
1147.0,0.36435992298705683
1148.0,0.36543532308434373
1149.0,0.366045844144418
1150.0,0.3659656579619529
1151.0,0.3668320680874324
1152.0,0.36796546080009235
1153.0,0.3690879671461845
1154.0,0.370220040402407
1155.0,0.3707930884196664
1156.0,0.37195455628881247
1157.0,0.37359790468372284
1158.0,0.37614225270209156
1159.0,0.3777471790596753
1160.0,0.3796062998968568
1161.0,0.3808608148514817
1162.0,0.38103060131881206
1163.0,0.3819764115919813
1164.0,0.3832638176931082
1165.0,0.3843606238590986
1166.0,0.3858372368160245
1167.0,0.3867092264308448
1168.0,0.3873047288673817
1169.0,0.3872196928749127
1170.0,0.387480908806268
1171.0,0.3890857023871779
1172.0,0.3905036249412383
1173.0,0.3927863814267445
1174.0,0.39463938876164967
1175.0,0.3963645406406243
1176.0,0.39793516389509503
1177.0,0.3996888831434978
1178.0,0.400909738310509
1179.0,0.4016076140606955
1180.0,0.40272662109415197
1181.0,0.40361728441051425
1182.0,0.4049492202204407
1183.0,0.406468853777372
1184.0,0.4069330400784623
1185.0,0.4075627472892944
1186.0,0.408630095051182
1187.0,0.4095094152382909
1188.0,0.41047163734543396
1189.0,0.4115142712128377
1190.0,0.4122057053714105
1191.0,0.4136868280096666
1192.0,0.4159387591962502
1193.0,0.4176927123591059
1194.0,0.41995197697051334
1195.0,0.4214202509327507
1196.0,0.42183319065449104
1197.0,0.4230741616582429
1198.0,0.42470183803684886
1199.0,0.425923073856021
1200.0,0.4268607956902667
1201.0,0.4284042705050461
1202.0,0.4293100169444105
1203.0,0.429765266099978
1204.0,0.4306778865849343
1205.0,0.4317118000332491
1206.0,0.43306713003679526
1207.0,0.43496499706966135
1208.0,0.43621650832148545
1209.0,0.43724609401133696
1210.0,0.4386692800463688
1211.0,0.43980544092470897
1212.0,0.44109867681229703
1213.0,0.44343253014628886
1214.0,0.4448141343857148
1215.0,0.4453259614292446
1216.0,0.4460044801478217
1217.0,0.4469784709743917
1218.0,0.44814128594419295
1219.0,0.44973517276542635
1220.0,0.4523512103711752
1221.0,0.4537630962331258
1222.0,0.45480687639395245
1223.0,0.4560093302600747
1224.0,0.45664775251279194
1225.0,0.4577750532835893
1226.0,0.4592835512041894
1227.0,0.46064455121378894
1228.0,0.46210482834068695
1229.0,0.4634107046878718
1230.0,0.4644642135290577
1231.0,0.46581007325642415
1232.0,0.46721759537972596
1233.0,0.4686840697446884
1234.0,0.4703057150210097
1235.0,0.4720568546781827
1236.0,0.4734605300999829
1237.0,0.4747221796938273
1238.0,0.47575626855388603
1239.0,0.4764326855991002
1240.0,0.4774995598949536
1241.0,0.4784507746563237
1242.0,0.47968543780631034
1243.0,0.48117614003052894
1244.0,0.48264790993134393
1245.0,0.48417186156543024
1246.0,0.4858291298977792
1247.0,0.48793432181857954
1248.0,0.4896322458565663
1249.0,0.49126074444865997
1250.0,0.49268198577834427
1251.0,0.49363399767478683
1252.0,0.49473112312408074
1253.0,0.49587230213270533
1254.0,0.4970996185730539
1255.0,0.4980779896931519
1256.0,0.49881284874747506
1257.0,0.5000009563330534
1258.0,0.5012337583170883
1259.0,0.5025251499927135
1260.0,0.5040913780843473
1261.0,0.5057009432776802
1262.0,0.5076671100976475
1263.0,0.508948359740348
1264.0,0.5098476038946324
1265.0,0.5110919060492127
1266.0,0.5115274989769968
1267.0,0.5127811766223735
1268.0,0.5148491548895481
1269.0,0.5172415184391749
1270.0,0.5187992598702681
1271.0,0.5203314281221594
1272.0,0.5215559972820657
1273.0,0.5221286100325049
1274.0,0.5230487286012846
1275.0,0.5239592206519348
1276.0,0.525079864785382
1277.0,0.5261389238942847
1278.0,0.527433805524709
1279.0,0.5291821002214406
1280.0,0.530603289376556
1281.0,0.5319894351874095
1282.0,0.533316064828047
1283.0,0.5343276098036189
1284.0,0.5356571461329376
1285.0,0.5371052940023487
1286.0,0.5386184856944849
1287.0,0.5402217772935831
1288.0,0.542216460133665
1289.0,0.543656094044654
1290.0,0.5449864927636967
1291.0,0.5461663395271229
1292.0,0.5468018785131947
1293.0,0.5481551454291551
1294.0,0.5499065966977374
1295.0,0.5512638706797962
1296.0,0.552583657846891
1297.0,0.55420927446793
1298.0,0.5555484718749946
1299.0,0.5573395104252086
1300.0,0.5600855299706867
1301.0,0.5621026071773845
1302.0,0.5641084686528637
1303.0,0.5656493045550819
1304.0,0.566421276689142
1305.0,0.5675328595171822
1306.0,0.568625605191076
1307.0,0.5693941428782126
1308.0,0.5707903110207057
1309.0,0.5725473229829819
1310.0,0.5742773710534153
1311.0,0.5764315379648018
1312.0,0.5780099398902385
1313.0,0.5794646839429779
1314.0,0.5808015887954127
1315.0,0.5816436068687129
1316.0,0.5829157120902718
1317.0,0.5843654633111632
1318.0,0.5857635344613645
1319.0,0.587526848846507
1320.0,0.5887894590169857
1321.0,0.5895770895062415
1322.0,0.5906975828421284
1323.0,0.5917703681853034
1324.0,0.5927902052792103
1325.0,0.5940457308514664
1326.0,0.5951979633378482
1327.0,0.5962569423913623
1328.0,0.5968934490288244
1329.0,0.5983231497845515
1330.0,0.6000578275670865
1331.0,0.6018015092381906
1332.0,0.6042813085345053
1333.0,0.605727560485327
1334.0,0.6066580074292655
1335.0,0.6078291289523442
1336.0,0.608472624271256
1337.0,0.6095828489478221
1338.0,0.6110258413145067
1339.0,0.6124033769618112
1340.0,0.6139908027102728
1341.0,0.6153339699054291
1342.0,0.616401797077607
1343.0,0.6178081703419217
1344.0,0.6194075614418325
1345.0,0.6207943395954604
1346.0,0.6220897403557444
1347.0,0.6237654509461614
1348.0,0.6253313705806217
1349.0,0.6267190933458986
1350.0,0.6281012899899387
1351.0,0.6296930145341562
1352.0,0.6311262039950628
1353.0,0.632181110025201
1354.0,0.633664900548776
1355.0,0.6356146466907615
1356.0,0.637043918896907
1357.0,0.6382524646768689
1358.0,0.6396167749543881
1359.0,0.6405379957654154
1360.0,0.6420641095610803
1361.0,0.6444663751989408
1362.0,0.646079042263892
1363.0,0.6476076287069219
1364.0,0.6489180192669178
1365.0,0.649263440067404
1366.0,0.6502735658586568
1367.0,0.6516885102369284
1368.0,0.6530509731426445
1369.0,0.6543608683334374
1370.0,0.6559829352727863
1371.0,0.6571293218438785
1372.0,0.6578796201371151
1373.0,0.6589741128352351
1374.0,0.6599896264625481
1375.0,0.6612790808267829
1376.0,0.6627736787749675
1377.0,0.6642947382844064
1378.0,0.6661217526104669
1379.0,0.6675960345552828
1380.0,0.6691633722957239
1381.0,0.6703504570718329
1382.0,0.6709189124335078
1383.0,0.6719736825146524
1384.0,0.6730609656272666
1385.0,0.6741649348940203
1386.0,0.6756717934303753
1387.0,0.6768585906790361
1388.0,0.6777924893779358
1389.0,0.6787320652816294
1390.0,0.6794280110207469
1391.0,0.680251609204593
1392.0,0.6815374020798437
1393.0,0.6830861207102218
1394.0,0.6845287260209294
1395.0,0.6864866817856198
1396.0,0.6877958999660009
1397.0,0.6885809222234853
1398.0,0.6897705356495565
1399.0,0.6909450968846826
1400.0,0.692167634984869
1401.0,0.6935502911530275
1402.0,0.6948673133667363
1403.0,0.696326474964758
1404.0,0.6974116320988742
1405.0,0.6982559637999876
1406.0,0.699283693471658
1407.0,0.6999987102641814
1408.0,0.7009715485406646
1409.0,0.70241127376513
1410.0,0.7034893175741239
1411.0,0.704387806278265
1412.0,0.7053093588610089
1413.0,0.7060762788720856
1414.0,0.7069042549608178
1415.0,0.7076515873856796
1416.0,0.7085701997764332
1417.0,0.7095625555029484
1418.0,0.7104355549674057
1419.0,0.7118619112516698
1420.0,0.7136268153096564
1421.0,0.7154173391398744
1422.0,0.7179384204832638
1423.0,0.719297993653946
1424.0,0.7203218490883657
1425.0,0.7210945466828189
1426.0,0.7206723384931695
1427.0,0.7214410428468525
1428.0,0.722526091211592
1429.0,0.7238597400913137
1430.0,0.7259763811540673
1431.0,0.7277072739167163
1432.0,0.7295538814814385
1433.0,0.7311036109457172
1434.0,0.7324724833997454
1435.0,0.7337613147173137
1436.0,0.7347027891233666
1437.0,0.7358708191820716
1438.0,0.7370342531085853
1439.0,0.7383680333462637
1440.0,0.7394754778936873
1441.0,0.7408311694437895
1442.0,0.7424581380009234
1443.0,0.7438367539472965
1444.0,0.7455204692325111
1445.0,0.7477576709875929
1446.0,0.7491372686560405
1447.0,0.7501821600886881
1448.0,0.751348411215715
1449.0,0.752046891859975
1450.0,0.7531743338000964
1451.0,0.7545024832673428
1452.0,0.7558765447197587
1453.0,0.7575018197842972
1454.0,0.7588389279600571
1455.0,0.7600862487846684
1456.0,0.7614136872548292
1457.0,0.7627461626184544
1458.0,0.76384619627035
1459.0,0.7648828117188694
1460.0,0.7660195502863871
1461.0,0.7668272526632814
1462.0,0.7678846744331981
1463.0,0.7692039208832386
1464.0,0.7705169748995051
1465.0,0.7717820182277014
1466.0,0.7732155141867117
1467.0,0.7746710428397984
1468.0,0.7765286144740168
1469.0,0.7782805011617039
1470.0,0.7799342384152856
1471.0,0.7814268395648462
1472.0,0.7827937770015525
1473.0,0.7840526866985734
1474.0,0.7851000656944308
1475.0,0.7864217284390153
1476.0,0.787719305092317
1477.0,0.7891600191388704
1478.0,0.7907751277759892
1479.0,0.7923099200542892
1480.0,0.7940417529943388
1481.0,0.795365759044813
1482.0,0.7964810384619765
1483.0,0.7976810458522281
1484.0,0.7984677598848049
1485.0,0.7996974907503899
1486.0,0.8012323526341221
1487.0,0.8027757365046297
1488.0,0.804616588038301
1489.0,0.8061845752892995
1490.0,0.8076266670321616
1491.0,0.8091269075133164
1492.0,0.8105678480252984
1493.0,0.8119412541759916
1494.0,0.8131866358270283
1495.0,0.8146964110480314
1496.0,0.8163240693046686
1497.0,0.8179047682194649
1498.0,0.8197712139962169
1499.0,0.8214487046302379
1500.0,0.8230039516199363
1501.0,0.8243995890233756
1502.0,0.8258718263930531
1503.0,0.8271480240701212
1504.0,0.8281052973256536
1505.0,0.8286141173848647
1506.0,0.8296838122928227
1507.0,0.8306246896509015
1508.0,0.8319561863679702
1509.0,0.833890731035702
1510.0,0.8354128005919892
1511.0,0.83682277368573
1512.0,0.838273726313031
1513.0,0.8396267672462605
1514.0,0.8411152360983986
1515.0,0.8427759267710957
1516.0,0.8442747750576701
1517.0,0.8458173600244049
1518.0,0.8472039893777262
1519.0,0.8484806958019188
1520.0,0.849601829936259
1521.0,0.8504410905619005
1522.0,0.8515753138262618
1523.0,0.8525643111912913
1524.0,0.8538438888114882
1525.0,0.8554739845031464
1526.0,0.8571016565348119
1527.0,0.8590092441563776
1528.0,0.8606418560679446
1529.0,0.8621612754798066
1530.0,0.8637352974408442
1531.0,0.8651111601974654
1532.0,0.8666437821529449
1533.0,0.8685860552093189
1534.0,0.8700957984418677
1535.0,0.8713676597299199
1536.0,0.8726127727925298
1537.0,0.8735779278511729
1538.0,0.874436754366497
1539.0,0.8760318499661156
1540.0,0.8773387116294052
1541.0,0.8783443179049937
1542.0,0.8792008149088824
1543.0,0.880496984482882
1544.0,0.8815451614453725
1545.0,0.8829202775105509
1546.0,0.8850508074615061
1547.0,0.8863373084938279
1548.0,0.8870745804110143
1549.0,0.8882717074232309
1550.0,0.8894371867570061
1551.0,0.8907229739791074
1552.0,0.8921352615554465
1553.0,0.8936905564111135
1554.0,0.8952983049581968
1555.0,0.8969851865687072
1556.0,0.8991129606933699
1557.0,0.9006975932444278
1558.0,0.9021626641076725
1559.0,0.9033652403727755
1560.0,0.9040639464608635
1561.0,0.9050360619693872
1562.0,0.9058097253158539
1563.0,0.9069100359630945
1564.0,0.9081360029724767
1565.0,0.9096195113142302
1566.0,0.9115823257730322
1567.0,0.9131496419824562
1568.0,0.9147948968122724
1569.0,0.916288533207684
1570.0,0.9175566871753837
1571.0,0.9187230647513195
1572.0,0.9197638124403228
1573.0,0.9208425363502015
1574.0,0.9216024554211818
1575.0,0.9226737685830155
1576.0,0.9238870778179689
1577.0,0.9252867801848641
1578.0,0.9271759602215714
1579.0,0.9286513733071563
1580.0,0.9300213775649482
1581.0,0.9314077762974386
1582.0,0.9323176565245936
1583.0,0.9336074344069955
1584.0,0.9354423014717448
1585.0,0.9369041437524221
1586.0,0.9383390749702125
1587.0,0.9396816902694923
1588.0,0.940738463079214
1589.0,0.9418001593588793
1590.0,0.942834978340418
1591.0,0.9438622113917762
1592.0,0.9449344422387521
1593.0,0.9458639849757109
1594.0,0.9471565893879265
1595.0,0.9486648997230166
1596.0,0.9501209303759347
1597.0,0.9517677795657193
1598.0,0.9532378907472644
1599.0,0.9547642815408982
1600.0,0.955903967423524
1601.0,0.9568290914099327
1602.0,0.9578144719914334
1603.0,0.9584480382431018
1604.0,0.9594870045458402
1605.0,0.9606434199554331
1606.0,0.962072651209272
1607.0,0.9639372384404978
1608.0,0.9652293982579275
1609.0,0.9665849081467275
1610.0,0.9676630342862867
1611.0,0.9680043438296033
1612.0,0.9691596364084869
1613.0,0.9708388221269644
1614.0,0.971991926332086
1615.0,0.973180843116288
1616.0,0.9743546436724478
1617.0,0.9750210016671175
1618.0,0.9762881768369265
1619.0,0.9782085563003327
1620.0,0.9795381339016731
1621.0,0.9809326104752495
1622.0,0.981914326882223
1623.0,0.9822707475829179
1624.0,0.9830370743246037
1625.0,0.9837479183192175
1626.0,0.984583614160906
1627.0,0.9856171477308425
1628.0,0.9866307887270546
1629.0,0.9876614830365417
1630.0,0.9886904489657519
1631.0,0.989840547027603
1632.0,0.9908829761081496
1633.0,0.9920027604261278
1634.0,0.9927863907018398
1635.0,0.9932563283539321
1636.0,0.9939180982680971
1637.0,0.9941869005881779
1638.0,0.9950112901278401
1639.0,0.9964423716504593
1640.0,0.9975144386918939
1641.0,0.9985042518622094
1642.0,0.9997769937776754
1643.0,1.0009541790763892
1644.0,1.00234022675885
1645.0,1.0043412036322863
1646.0,1.005862872356191
1647.0,1.0074609421154619
1648.0,1.0085086402018775
1649.0,1.0088995496399222
1650.0,1.0095782223545335
1651.0,1.0099616353384626
1652.0,1.01047646454468
1653.0,1.0113241574950032
1654.0,1.011937677256335
1655.0,1.0121847284373373
1656.0,1.0127955364121162
1657.0,1.0136501048906257
1658.0,1.014307047980264
1659.0,1.014853525679009
1660.0,1.0157220864746577
1661.0,1.0166220990932386
1662.0,1.0175975026813464
1663.0,1.018947902191484
1664.0,1.0202412963878897
1665.0,1.0218477128164192
1666.0,1.0227634654853242
1667.0,1.0230544073873966
1668.0,1.023872638517443
1669.0,1.0239558241363433
1670.0,1.0250791973664148
1671.0,1.0277934672010651
1672.0,1.029459972003119
1673.0,1.030893973909781
1674.0,1.0324897325195836
1675.0,1.0337854803280944
1676.0,1.0349381440960723
1677.0,1.0363242343541912
1678.0,1.0374695263113387
1679.0,1.0380352894626639
1680.0,1.0388833765583125
1681.0,1.0396986939662423
1682.0,1.0408848903971843
1683.0,1.042318574461662
1684.0,1.043643379493706
1685.0,1.0455982799569261
1686.0,1.0469291828500442
1687.0,1.0474937679718372
1688.0,1.048657681809394
1689.0,1.0499971330242794
1690.0,1.0510525430752329
1691.0,1.0520563640159135
1692.0,1.0532781537718148
1693.0,1.0545015148768588
1694.0,1.0557396355526543
1695.0,1.0576267338200112
1696.0,1.058895084105222
1697.0,1.0592082098224223
1698.0,1.060053123794792
1699.0,1.060643428283751
1700.0,1.061897763070384
1701.0,1.0643690541400213
1702.0,1.06602545816643
1703.0,1.0675527901177706
1704.0,1.0690863518298213
1705.0,1.0698583003042883
1706.0,1.0710637888533874
1707.0,1.0729777232069757
1708.0,1.0741569925365444
1709.0,1.0749012157996531
1710.0,1.076111294754894
1711.0,1.07700035105927
1712.0,1.0781585105596985
1713.0,1.0802090655813816
1714.0,1.0813938191302537
1715.0,1.0819103436365873
1716.0,1.0828945689306932
1717.0,1.0835334767002185
1718.0,1.0845533837042696
1719.0,1.086546967559895
1720.0,1.0876364157790663
1721.0,1.0883849981387825
1722.0,1.0888723955210933
1723.0,1.0884224353518612
1724.0,1.0885781904669152
1725.0,1.0890205797220984
1726.0,1.0894527429821572
1727.0,1.0899484434171347
1728.0,1.0906168074741982
1729.0,1.09143021800259
1730.0,1.092132817161142
1731.0,1.0927093351553137
1732.0,1.0939121525418396
1733.0,1.0956816170529364
1734.0,1.0968020415889428
1735.0,1.0982529474535805
1736.0,1.098986167160598
1737.0,1.0983313908478387
1738.0,1.0988801262619428
1739.0,1.1001480739717648
1740.0,1.100997012833517
1741.0,1.102278230897729
1742.0,1.1029747769151095
1743.0,1.1028035939785805
1744.0,1.1035345020270415
1745.0,1.1043639773275693
1746.0,1.1056578485401438
1747.0,1.1075230862035623
1748.0,1.1092387718503094
1749.0,1.1114734579463923
1750.0,1.1129060555936081
1751.0,1.1141751598221818
1752.0,1.1153215199691635
1753.0,1.1158293772048093
1754.0,1.1167459671881252
1755.0,1.1174978706536622
1756.0,1.1181747904279706
1757.0,1.1188113889706113
1758.0,1.1191197232277004
1759.0,1.1197837054776807
1760.0,1.1204095884338043
1761.0,1.1208675889893096
1762.0,1.1224351346961743
1763.0,1.1239459689892233
1764.0,1.1241986466083187
1765.0,1.1249038693042122
1766.0,1.1261036330637026
1767.0,1.12618808071939
1768.0,1.1272153156206057
1769.0,1.1294674173715133
1770.0,1.1298702583878961
1771.0,1.1301556772210282
1772.0,1.1313397249031667
1773.0,1.1316106949143245
1774.0,1.1325060125123296
1775.0,1.1339066408438248
1776.0,1.1341356037113373
1777.0,1.1345821772228377
1778.0,1.135708712076886
1779.0,1.136052875444516
1780.0,1.136423491656918
1781.0,1.1380389941089215
1782.0,1.13887172460687
1783.0,1.1398453277402532
1784.0,1.1412188355417818
1785.0,1.1405455395942925
1786.0,1.1399900147530315
1787.0,1.1407894962480967
1788.0,1.1420347760404574
1789.0,1.14379352366377
1790.0,1.1455157297662948
1791.0,1.146956718777879
1792.0,1.148959897846341
1793.0,1.1498077774702014
1794.0,1.1500008031197055
1795.0,1.150717614620507
1796.0,1.150409558899088
1797.0,1.1513454724903092
1798.0,1.153272815056602
1799.0,1.153618151354888
1800.0,1.15527640516481
1801.0,1.1490153473161988
1802.0,1.1517725235277587
1803.0,1.151651631078137
1804.0,1.1525331604297946
1805.0,1.1525873196276528
1806.0,1.152949308781685
1807.0,1.1534347579918838
1808.0,1.154237055547658
1809.0,1.1550110424212938
1810.0,1.1554449250135777
1811.0,1.155397906872826
1812.0,1.1567701428722494
1813.0,1.156649459993389
1814.0,1.1574712648044874
1815.0,1.1592083209800448
1816.0,1.162547874313424
1817.0,1.1640080839670854
1818.0,1.1657196156636678
1819.0,1.1666913504595557
1820.0,1.166454815697225
1821.0,1.1664529724563437
1822.0,1.1649500511782904
1823.0,1.1661029145708992
1824.0,1.1682942048122458
1825.0,1.1694490465208758
1826.0,1.1699301088217675
1827.0,1.170257404788346
1828.0,1.1708160275671216
1829.0,1.16923795175324
1830.0,1.170116479820897
1831.0,1.1728666958213327
1832.0,1.1763727033073454
1833.0,1.178702583476415
1834.0,1.1814286848443334
1835.0,1.1831819967004673
1836.0,1.1840316979113863
1837.0,1.1845376806704624
1838.0,1.1846604378128178
1839.0,1.184807697648903
1840.0,1.1837289133606488
1841.0,1.1841348261502036
1842.0,1.185093044012757
1843.0,1.1852512997485594
1844.0,1.1851361621198986
1845.0,1.1853922686728204
1846.0,1.1864120538590905
1847.0,1.1881976867195019
1848.0,1.1886452792999862
1849.0,1.189309343617128
1850.0,1.1896405231720504
1851.0,1.188058588147763
1852.0,1.1886849325487185
1853.0,1.1905996132083398
1854.0,1.1924603165648402
1855.0,1.1945345142733685
1856.0,1.195609254710875
1857.0,1.1967377223567706
1858.0,1.1975565022729564
1859.0,1.1978221328434444
1860.0,1.1980236935345316
1861.0,1.197584942326083
1862.0,1.1965223771964344
1863.0,1.1959434473190491
1864.0,1.195212667506726
1865.0,1.1962143972164023
1866.0,1.1975191865710693
1867.0,1.1978686838553865
1868.0,1.1979959490756347
1869.0,1.1988186402300565
1870.0,1.1977170836736073
1871.0,1.1946403324670154
1872.0,1.1926305642531274
1873.0,1.192035817525652
1874.0,1.1907883913009552
1875.0,1.18960585252
1876.0,1.187891909381985
1877.0,1.1847935121970212
1878.0,1.1815944586038762
1879.0,1.1789877005010678
1880.0,1.1774738158118456
1881.0,1.1750717245830398
1882.0,1.17265847191821
1883.0,1.1694547535242574
1884.0,1.165643141042151
1885.0,1.161896853747128
1886.0,1.1578607289963583
1887.0,1.1539170568400563
1888.0,1.1494494198125882
1889.0,1.1439637549198558
1890.0,1.1380018735783308
1891.0,1.1310312080026184
1892.0,1.124087121009377
1893.0,1.1170906435276082
1894.0,1.1107844280914416
1895.0,1.1064451619249205
1896.0,1.1005105678323708
1897.0,1.0935016467275087
1898.0,1.0858063269711442
1899.0,1.0767573090040616
1900.0,1.0682895709747027
1901.0,1.0608897455357402
1902.0,1.0542722065514318
1903.0,1.0492209999303845
1904.0,1.043580153056986
1905.0,1.038320761691717
1906.0,1.0340606266518564
1907.0,1.028820236699197
1908.0,1.0241926205586025
1909.0,1.0204092371129612
1910.0,1.0160927384245764
1911.0,1.0122751558013172
1912.0,1.0102495204529913
1913.0,1.007584031928444
1914.0,1.0045270737147143
1915.0,1.002178226175185
1916.0,1.0020366597619057
1917.0,1.0000920123962507
1918.0,0.9990077054094356
1919.0,0.9991754589622456
1920.0,0.9971584412085277
1921.0,0.9969881081778533
1922.0,0.9980866416219623
1923.0,0.997697580328469
1924.0,0.9988038671460541
1925.0,1.0014689605552305
1926.0,1.0028687465792048
1927.0,1.0032862666461888
1928.0,1.0056446654523037
1929.0,1.0050091061318982
1930.0,1.0048282951680305
1931.0,1.0057207978693377
1932.0,1.0061733807887696
1933.0,1.0084029765894156
1934.0,1.0098264478798316
1935.0,1.0110121433845898
1936.0,1.0120097503996823
1937.0,1.0129561319894318
1938.0,1.0135038614011254
1939.0,1.0141220894101322
1940.0,1.0145994877014046
1941.0,1.0165978130798219
1942.0,1.0187880623183856
1943.0,1.0213213620147763
1944.0,1.0248591892123093
1945.0,1.0277074196252238
1946.0,1.0294137357990667
1947.0,1.03090685064671
1948.0,1.0325359405286738
1949.0,1.0339480969609665
1950.0,1.0350452474116105
1951.0,1.0367407511216713
1952.0,1.038225489574951
1953.0,1.0387080260652544
1954.0,1.0398052059125988
1955.0,1.0418389902390437
1956.0,1.0437358907570664
1957.0,1.0459280121636911
1958.0,1.0477164417245477
1959.0,1.0489107893291567
1960.0,1.0485307780061863
1961.0,1.0496224716645322
1962.0,1.050952847631149
1963.0,1.0524849208979683
1964.0,1.0556412035771847
1965.0,1.0583492206665182
1966.0,1.0611457561752713
1967.0,1.064454703622604
1968.0,1.0655192668845104
1969.0,1.067134453842749
1970.0,1.0691980083663013
1971.0,1.0712845289053319
1972.0,1.0735911200016224
1973.0,1.0772905008739395
1974.0,1.0789045074927504
1975.0,1.07953773992557
1976.0,1.0795087048260565
1977.0,1.0809376484071618
1978.0,1.0833751365542006
1979.0,1.0858573625110033
1980.0,1.0906671537517618
1981.0,1.0931301351425668
1982.0,1.0941991773435706
1983.0,1.0955587373610798
1984.0,1.0961516170534895
1985.0,1.0972102979753866
1986.0,1.0977508123612962
1987.0,1.098827378917212
1988.0,1.1007005608583758
1989.0,1.1025522761331474
1990.0,1.1020580109392653
1991.0,1.1041938247951697
1992.0,1.1063612684461595
1993.0,1.1071070842032509
1994.0,1.1100868724583461
1995.0,1.1111666338184545
1996.0,1.112692485807386
1997.0,1.113672046824741
1998.0,1.1157809750190748
1999.0,1.1190308179577395
2000.0,1.1216801079997474
2001.0,1.1246510316306404
2002.0,1.1268117868117273
2003.0,1.1284932826792955
2004.0,1.1302141733474895
2005.0,1.1338784236932091
2006.0,1.1369788736764328
2007.0,1.1398365941475206
2008.0,1.141592745426684
2009.0,1.1427502919573882
2010.0,1.1416455291914511
2011.0,1.1430684583904465
2012.0,1.1452931910553898
2013.0,1.1474914122004904
2014.0,1.1505582626740238
2015.0,1.1539073879073523
2016.0,1.156111479867271
2017.0,1.157998842622546
2018.0,1.1604183282797815
2019.0,1.1612196442801663
2020.0,1.162286031766886
2021.0,1.1635293297983245
2022.0,1.1639985444321879
2023.0,1.1651203145987075
2024.0,1.1665796192953015
2025.0,1.1683472931773928
2026.0,1.169955412498665
2027.0,1.1719035879636224
2028.0,1.1738148035089246
2029.0,1.1753045619527942
2030.0,1.1777927292363752
2031.0,1.1797247085149887
2032.0,1.182314916483843
2033.0,1.1838189219047819
2034.0,1.1850404410281306
2035.0,1.1873447141548676
2036.0,1.1867902913148056
2037.0,1.1876359978715314
2038.0,1.1887876051547381
2039.0,1.189973547485298
2040.0,1.1915705692720668
2041.0,1.193448984882752
2042.0,1.19589400226157
2043.0,1.1975771159103525
2044.0,1.1989984575814254
2045.0,1.2001910117186745
2046.0,1.2009516796046074
2047.0,1.2000492561330487
2048.0,1.2004473819349353
2049.0,1.201012144583109
2050.0,1.2015136983498906
2051.0,1.2039729156574002
2052.0,1.2056285898454653
2053.0,1.2070396175867975
2054.0,1.2082951837910614
2055.0,1.2092420770859402
2056.0,1.2110659710395189
2057.0,1.2138234642147119
2058.0,1.2157175672062577
2059.0,1.2179646860787263
2060.0,1.2196699112165068
2061.0,1.2203020569874634
2062.0,1.2201079562041433
2063.0,1.2213072845580288
2064.0,1.2217686840493314
2065.0,1.2203191390204835
2066.0,1.2197199205940596
2067.0,1.2192015829594656
2068.0,1.2170545585837593
2069.0,1.2172037395191773
2070.0,1.2196309905073968
2071.0,1.220975367458354
2072.0,1.2232256328468478
2073.0,1.2246848567206743
2074.0,1.2261371172570237
2075.0,1.2260491901673203
2076.0,1.2247567404511928
2077.0,1.2250359692266541
2078.0,1.2253735017167888
2079.0,1.2254684343477646
2080.0,1.2265225052789221
2081.0,1.2271255078811765
2082.0,1.2277434514363208
2083.0,1.2274519008660865
2084.0,1.2280596973459137
2085.0,1.2294482724780225
2086.0,1.230561082318927
2087.0,1.2314755683811873
2088.0,1.2333368962131428
2089.0,1.2359375231878178
2090.0,1.238223000653534
2091.0,1.2401293717909352
2092.0,1.2416421632067052
2093.0,1.242507934184335
2094.0,1.2420447716094054
2095.0,1.2427598964556226
2096.0,1.2429189087433534
2097.0,1.2433025617416158
2098.0,1.243899354717866
2099.0,1.2443287998921588
2100.0,1.2448539810361114
2101.0,1.2452214902238568
2102.0,1.2452711913328574
2103.0,1.2453363379914435
2104.0,1.2448945229801913
2105.0,1.2451818991494998
2106.0,1.2459212757260016
2107.0,1.246692730768357
2108.0,1.2470255964737629
2109.0,1.2479336210947687
2110.0,1.2482884772518519
2111.0,1.2479208435158322
2112.0,1.2476309895321283
2113.0,1.2474338906736795
2114.0,1.2483480321806315
2115.0,1.2496621730797848
2116.0,1.2513190193695478
2117.0,1.2547412988819595
2118.0,1.2566271245747833
2119.0,1.2575167745283495
2120.0,1.2589276404230443
2121.0,1.2610055842552423
2122.0,1.261355656329334
2123.0,1.261099893996623
2124.0,1.2606425122872638
2125.0,1.2581623858896138
2126.0,1.2569475818253288
2127.0,1.2567703051335497
2128.0,1.2564809104331887
2129.0,1.2589246755091361
2130.0,1.2604164304829384
2131.0,1.261546126857106
2132.0,1.2639503745271494
2133.0,1.2645614693926246
2134.0,1.2642159896107028
2135.0,1.2630818780637227
2136.0,1.2595312110379298
2137.0,1.2589474252724688
2138.0,1.2582365862071314
2139.0,1.2586840655409408
2140.0,1.2634592145816668
2141.0,1.2643295951427644
2142.0,1.2629584592773306
2143.0,1.2626625617064846
2144.0,1.2622085412818775
2145.0,1.25969165003269
2146.0,1.257473293440224
2147.0,1.256669792934659
2148.0,1.2550807985858432
2149.0,1.2561537385204697
2150.0,1.2603412015157867
2151.0,1.2622009749284069
2152.0,1.2627224459715671
2153.0,1.261708647387765
2154.0,1.2613289985465648
2155.0,1.2589772277562383
2156.0,1.2583249153960088
2157.0,1.2596447996039888
2158.0,1.2596211100276469
2159.0,1.2593897976909991
2160.0,1.2591548181405974
2161.0,1.2573630117051686
2162.0,1.2574004843335267
2163.0,1.258269173715651
2164.0,1.2591324991872355
2165.0,1.262421454962108
2166.0,1.2630646868905318
2167.0,1.263754349205908
2168.0,1.2659121403891733
2169.0,1.2673804160142814
2170.0,1.2699084366720026
2171.0,1.2709995373111616
2172.0,1.2714689204844278
2173.0,1.2713870187309528
2174.0,1.2704065127057085
2175.0,1.2693558471197293
2176.0,1.2672234438432397
2177.0,1.266749019864038
2178.0,1.2664797732505084
2179.0,1.2668690038013886
2180.0,1.2694578463118922
2181.0,1.2701222892961455
2182.0,1.2708419040056556
2183.0,1.2697249004721547
2184.0,1.26645638995283
2185.0,1.2638560764394173
2186.0,1.2606907092831232
2187.0,1.2585155753216164
2188.0,1.2565004745622579
2189.0,1.2563468254086525
2190.0,1.2570960676305258
2191.0,1.2574863707163235
2192.0,1.2591884291979254
2193.0,1.259077555631943
2194.0,1.2599148301486665
2195.0,1.259862776019103
2196.0,1.2611920773395275
2197.0,1.264492924183022
2198.0,1.2666684094668215
2199.0,1.2704298888357943
2200.0,1.2701256617482528
2201.0,1.2653840478925114
2202.0,1.264252047775697
2203.0,1.262102230127586
2204.0,1.2610212127224871
2205.0,1.2618692865393082
2206.0,1.2652503027475512
2207.0,1.2647203385199124
2208.0,1.2642244523456698
2209.0,1.2656861173675662
2210.0,1.2649544303668308
2211.0,1.2635561874217849
2212.0,1.2632082410083347
2213.0,1.263640758068462
2214.0,1.2645099396227462
2215.0,1.2669497332772375
2216.0,1.2684180403521197
2217.0,1.2691312969536899
2218.0,1.2682218718111662
2219.0,1.2698172512069512
2220.0,1.2721634481420663
2221.0,1.2741842209143617
2222.0,1.2778011891789367
2223.0,1.2797914756181754
2224.0,1.281198157145076
2225.0,1.2817212497752888
2226.0,1.2816309804211492
2227.0,1.2812342881048195
2228.0,1.2793963854610177
2229.0,1.2775645308458075
2230.0,1.2763759889948745
2231.0,1.2739165713783942
2232.0,1.2696111925497997
2233.0,1.265776122660766
2234.0,1.2645204620397514
2235.0,1.2634227436297054
2236.0,1.2656641407868738
2237.0,1.2714285311189457
2238.0,1.2757999739720243
2239.0,1.2773405328057434
2240.0,1.273947056951734
2241.0,1.2664823959290519
2242.0,1.261675617951423
2243.0,1.2590463650478696
2244.0,1.257744497963275
2245.0,1.2622265188583575
2246.0,1.2645446642838636
2247.0,1.2658861583035745
2248.0,1.2669764536206851
2249.0,1.2684237115963233
2250.0,1.2696658583119145
2251.0,1.2707584841218826
2252.0,1.2709284788007662
2253.0,1.2724233033533854
2254.0,1.2716101647193323
2255.0,1.2681751643963026
2256.0,1.2654375560544868
2257.0,1.2604730945684608
2258.0,1.2581383135872506
2259.0,1.2560953899093927
2260.0,1.2544925857556466
2261.0,1.2536415006327128
2262.0,1.2574373742700442
2263.0,1.256197325408487
2264.0,1.252879104583608
2265.0,1.2565361675590168
2266.0,1.2589470582111058
2267.0,1.2600305275713233
2268.0,1.267376583004554
2269.0,1.2669326989210532
2270.0,1.2630469799711168
2271.0,1.2638400367583704
2272.0,1.2636541749348964
2273.0,1.2652484951224972
2274.0,1.2672949409136383
2275.0,1.2665086129876377
2276.0,1.2673031098896583
2277.0,1.267401524680719
2278.0,1.2652338410456405
2279.0,1.2652144813657227
2280.0,1.266260568486732
2281.0,1.267525724801803
2282.0,1.2723040013427964
2283.0,1.2730942081734238
2284.0,1.2721549813496544
2285.0,1.27147470992945
2286.0,1.2671123777729074
2287.0,1.2644997001068177
2288.0,1.2647210644785245
2289.0,1.2614261100021038
2290.0,1.255041432470226
2291.0,1.252562579508586
2292.0,1.2494159715361657
2293.0,1.2481393466538853
2294.0,1.2506915700330394
2295.0,1.2509713357217926
2296.0,1.2509130947848097
2297.0,1.2510728132637037
2298.0,1.2492845925080296
2299.0,1.250041105289197
2300.0,1.2497580764121545
2301.0,1.2504875017901138
2302.0,1.2561749229701669
2303.0,1.2602077692717488
2304.0,1.2588904251685284
2305.0,1.260316408123303
2306.0,1.2590019232337646
2307.0,1.2558619138453961
2308.0,1.258893254205844
2309.0,1.2577657787741061
2310.0,1.2551419884831907
2311.0,1.256306575097174
2312.0,1.254601994173822
2313.0,1.2522359991050414
2314.0,1.2482204225530942
2315.0,1.2399538252336602
2316.0,1.2352956068317453
2317.0,1.2354515823019165
2318.0,1.2396010494095373
2319.0,1.2503427286685325
2320.0,1.257277715717631
2321.0,1.2675292610730107
2322.0,1.2698608405115148
2323.0,1.2635320059299102
2324.0,1.2634465400586312
2325.0,1.2661926662872327
2326.0,1.2624781090019792
2327.0,1.25759062236587
2328.0,1.2560068817345134
2329.0,1.2458316203074222
2330.0,1.2448573651516939
2331.0,1.256801379914741
2332.0,1.2596476977315274
2333.0,1.2619625538640002
2334.0,1.2608019809891047
2335.0,1.2520925796752045
2336.0,1.24961471298248
2337.0,1.2463215511320729
2338.0,1.2456649553130046
2339.0,1.25131188725663
2340.0,1.255280705466763
2341.0,1.260841925466722
2342.0,1.2633181343270141
2343.0,1.2639772108200433
2344.0,1.2630148186148695
2345.0,1.2584748268176957
2346.0,1.2553419683812599
2347.0,1.2508589987408194
2348.0,1.2518085536311037
2349.0,1.25044184852233
2350.0,1.2539756600280338
2351.0,1.2559195218138612
2352.0,1.252441188398877
2353.0,1.249557896016094
2354.0,1.2437334270892504
2355.0,1.2449832663483034
2356.0,1.247361224795224
2357.0,1.244175258016451
2358.0,1.2411505556796347
2359.0,1.236847795526823
2360.0,1.2286560771039625
2361.0,1.2226636646051878
2362.0,1.2221571752328628
2363.0,1.2186811810635807
2364.0,1.2199177552322578
2365.0,1.2229848757153312
2366.0,1.2237585428736175
2367.0,1.2306883911316504
2368.0,1.2367200090010317
2369.0,1.2401744450704202
2370.0,1.2437166616269004
2371.0,1.2484759180798086
2372.0,1.2479719450599003
2373.0,1.2463329320302001
2374.0,1.2504419255776051
2375.0,1.2391487075145833
2376.0,1.2226514874020356
2377.0,1.2097187524994464
2378.0,1.191789793330703
2379.0,1.189117542395339
2380.0,1.19535249111001
2381.0,1.2017301272024017
2382.0,1.208453840713022
2383.0,1.2105230412376065
2384.0,1.2042539373697143
2385.0,1.192517175701936
2386.0,1.1884395627119646
2387.0,1.1864203850579293
2388.0,1.1844906411037512
2389.0,1.1886926433437468
2390.0,1.1980310231850768
2391.0,1.1959507229209718
2392.0,1.1888798748436533
2393.0,1.1832728182702097
2394.0,1.1686941599141234
2395.0,1.1663378552792878
2396.0,1.17737985140425
2397.0,1.1888365359128712
2398.0,1.1977579861252259
2399.0,1.190062238108798
2400.0,1.1771955295073624
2401.0,1.165328208500527
2402.0,1.1500467031057071
2403.0,1.1489268928221337
2404.0,1.1497451653862911
2405.0,1.1411878208024195
2406.0,1.1331855479154425
2407.0,1.124377987475044
2408.0,1.1134252939683844
2409.0,1.113846733389171
2410.0,1.1344598769236671
2411.0,1.153666322305078
2412.0,1.1692258596213454
2413.0,1.1834440604022705
2414.0,1.1737607923563487
2415.0,1.1567277414569017
2416.0,1.1460560515020708
2417.0,1.1260624843860452
2418.0,1.1215429450044285
2419.0,1.1342884268905622
2420.0,1.1353532596294484
2421.0,1.1400442765659338
2422.0,1.1347250204484403
2423.0,1.1248828787302294
2424.0,1.1272311932734036
2425.0,1.118486689680462
2426.0,1.119161928724506
2427.0,1.1231199365975653
2428.0,1.109478896125328
2429.0,1.1043443754184215
2430.0,1.1119489117130477
2431.0,1.1156789941028522
2432.0,1.1204593088253456
2433.0,1.138476276941311
2434.0,1.1539578984388268
2435.0,1.137134806161444
2436.0,1.1235826500205073
2437.0,1.1280583513587379
2438.0,1.1248628082784051
2439.0,1.1449292919920149
2440.0,1.174342261701053
2441.0,1.1612776893240573
2442.0,1.1276428176843551
2443.0,1.1068724395732743
2444.0,1.0834647998934728
2445.0,1.073245775717024
2446.0,1.0838333420050208
2447.0,1.0942942912042624
2448.0,1.1055674864355944
2449.0,1.1132696933100015
2450.0,1.1256651789140586
2451.0,1.1160597592426502
2452.0,1.1014460720173855
2453.0,1.1121654437025335
2454.0,1.1051471934034722
2455.0,1.088009716972148
2456.0,1.087898801591031
2457.0,1.0742781295264698
2458.0,1.0532784823702381
2459.0,1.0614302945813345
2460.0,1.0475862416551953
2461.0,1.0192470124175137
2462.0,1.0217721826645374
2463.0,1.0125112894419623
2464.0,1.0208675396812714
2465.0,1.0582127243008492
2466.0,1.0623232147541197
2467.0,1.0641702961787922
2468.0,1.0778209904276173
2469.0,1.08028207519166
2470.0,1.0801387295755231
2471.0,1.0667461738700597
2472.0,1.04667645688368
2473.0,0.9861510116959077
2474.0,0.975818880639183
2475.0,1.002288256049468
2476.0,1.0171114666497527
2477.0,1.0579484774069203
2478.0,1.0796902817535738
2479.0,1.0873450525816712
2480.0,1.0918572966731122
2481.0,1.1045477292677959
2482.0,1.0843777419298941
2483.0,1.0143859814603475
2484.0,0.9874949205576192
2485.0,0.9654368765616768
2486.0,0.959612180779511
2487.0,0.9851001221061779
2488.0,1.0091083521306903
2489.0,1.0376439171784322
2490.0,1.056688726976535
2491.0,1.096525606772
2492.0,1.1040223561786693
2493.0,1.0726598606631166
2494.0,1.0636463036493355
2495.0,1.0549550792622517
2496.0,1.0505307229399967
2497.0,1.0601808150159882
2498.0,1.0528833962263513
2499.0,1.0340956628301297
2500.0,1.0058106332827363
