350.0,-0.2118503528000468
351.0,-0.21074331371914307
352.0,-0.14590719170708075
353.0,-0.1172634201360075
354.0,-0.06890674522448423
355.0,-0.018606367204239322
356.0,0.001842098146302244
357.0,-0.021235840269060707
358.0,-0.0006367568871076046
359.0,0.0045658895469584265
360.0,-0.056898253674761395
361.0,-0.013032329424325256
362.0,0.019316110503282326
363.0,0.01846564483596605
364.0,0.015744568973061163
365.0,0.018243677461465095
366.0,0.011591948438659475
367.0,-0.007650031415659744
368.0,-0.03116985364971472
369.0,-0.011345085253773373
370.0,0.006016166913842405
371.0,0.008254317796594763
372.0,0.029868089157817582
373.0,0.034921230584622674
374.0,0.024951210989639226
375.0,0.009925142512910167
376.0,-0.0012674425317539166
377.0,0.010105016280559768
378.0,0.02670358693129056
379.0,0.03017168136822768
380.0,0.021597024115235126
381.0,0.01902914688345068
382.0,0.024637921523546456
383.0,0.031007633584683
384.0,0.01858533946377606
385.0,0.01220127401243181
386.0,0.0156569184389577
387.0,0.01978981790826251
388.0,0.028402687838682585
389.0,0.02790881177587749
390.0,0.021716874183942133
391.0,0.027419261672435597
392.0,0.02899500615798404
393.0,0.03113288279732014
394.0,0.033595230037475526
395.0,0.024854128915099295
396.0,0.032073249798432464
397.0,0.037718767934446555
398.0,0.028385793288315468
399.0,0.02302232287330494
400.0,0.026512315550154545
401.0,0.03055512602946166
402.0,0.0282379168009534
403.0,0.039480743196484536
404.0,0.04021212102667462
405.0,0.032667031131474684
406.0,0.03266135158676167
407.0,0.033316925931674
408.0,0.033457930634239505
409.0,0.032708238149466204
410.0,0.03134331737313491
411.0,0.034863668957277445
412.0,0.03978633376437297
413.0,0.042184967846954205
414.0,0.040108465081919155
415.0,0.037994766430196426
416.0,0.03808884705424122
417.0,0.040811185903081804
418.0,0.04444159110711249
419.0,0.04201232748315745
420.0,0.0392006174889554
421.0,0.043934824889249255
422.0,0.04373515567494454
423.0,0.03965709784103724
424.0,0.03613904695881346
425.0,0.03858900637007623
426.0,0.03922707978577775
427.0,0.03985830624939165
428.0,0.04119111750998954
429.0,0.04001580456405401
430.0,0.0406579145102215
431.0,0.042296781072973036
432.0,0.043111509341189826
433.0,0.04222818019781637
434.0,0.04214059134670858
435.0,0.0433902810499892
436.0,0.04479534199137032
437.0,0.04103448480611069
438.0,0.0397221283162526
439.0,0.04184629475725624
440.0,0.0418396007593887
441.0,0.04199912993193634
442.0,0.04227020966977856
443.0,0.04245608728599585
444.0,0.04266412000750779
445.0,0.04322316973116517
446.0,0.04240445684868909
447.0,0.0396649934262347
448.0,0.04085780193113196
449.0,0.0414700364601902
450.0,0.04141227357506011
451.0,0.042897875993398255
452.0,0.043741549721521236
453.0,0.043292565842787546
454.0,0.04250360102329475
455.0,0.04385511150501098
456.0,0.04178753528513005
457.0,0.04033818168406274
458.0,0.042420404915144636
459.0,0.0428032702380514
460.0,0.044087474528509515
461.0,0.04402568198358908
462.0,0.04041300668187008
463.0,0.04132631818162749
464.0,0.04205806538210015
465.0,0.041502608980426035
466.0,0.04222580756102915
467.0,0.043290024234378076
468.0,0.044218629350463286
469.0,0.044469075908134904
470.0,0.043183857170927126
471.0,0.04250378310659347
472.0,0.04216679635247923
473.0,0.04155660820822281
474.0,0.0419077116746379
475.0,0.04273704008681941
476.0,0.043392878911640724
477.0,0.04326312064559284
478.0,0.04271916032047471
479.0,0.04323917390642407
480.0,0.04426019957180798
481.0,0.04211509338400245
482.0,0.04159671706263207
483.0,0.042850363522186734
484.0,0.044375633764059036
485.0,0.04376224113084047
486.0,0.04287233655921988
487.0,0.04220624953278752
488.0,0.04159449790853453
489.0,0.04202337532111249
490.0,0.04277243388835414
491.0,0.04325455644457893
492.0,0.0432922465732254
493.0,0.04362542395570719
494.0,0.04341115651275622
495.0,0.042359154855572824
496.0,0.04273568192104236
497.0,0.043930774092181185
498.0,0.04488594428611605
499.0,0.044613395032155376
500.0,0.04447887775667291
501.0,0.044065659452900786
502.0,0.043436142320311094
503.0,0.04334868436746741
504.0,0.0432042466084209
505.0,0.04334664189805015
506.0,0.04380852654391883
507.0,0.04313343177578031
508.0,0.04326601850036685
509.0,0.043929051604091524
510.0,0.04399668596452061
511.0,0.04438838735699123
512.0,0.0446775323417511
513.0,0.044630708750375093
514.0,0.044363487096974644
515.0,0.044427490430253874
516.0,0.044297139194497646
517.0,0.04372148124468167
518.0,0.04388246321391401
519.0,0.04401723583254478
520.0,0.044061757637847275
521.0,0.04424090589880116
522.0,0.04425256685715988
523.0,0.04461377519546766
524.0,0.04504884883703225
525.0,0.044288290260242044
526.0,0.04441523293445835
527.0,0.044760239517729686
528.0,0.04455092448778482
529.0,0.04473691588903998
530.0,0.04467977193849041
531.0,0.044595654207377176
532.0,0.045018708392520215
533.0,0.04514535328082098
534.0,0.045004269461512904
535.0,0.044793154628453194
536.0,0.04479579850667522
537.0,0.04534945335308428
538.0,0.045718125021722844
539.0,0.04532056346010902
540.0,0.04501672386310954
541.0,0.04526238001392499
542.0,0.045536110031513546
543.0,0.0448695794064437
544.0,0.04445362625418296
545.0,0.044633322332694556
546.0,0.045244227033256854
547.0,0.045534600084950604
548.0,0.0451488441464833
549.0,0.044928532612551586
550.0,0.04556503778448929
551.0,0.04540333582867966
552.0,0.045115515919956925
553.0,0.04513241847056966
554.0,0.045586759362572234
555.0,0.046245024374891856
556.0,0.04644523226622174
557.0,0.04600901927093987
558.0,0.045835552486131075
559.0,0.04583111501194008
560.0,0.0457690374962166
561.0,0.045495071017848214
562.0,0.045705393627664834
563.0,0.04611271911627288
564.0,0.04626021034432679
565.0,0.0456481673285795
566.0,0.04574249659711259
567.0,0.04618266301754963
568.0,0.046431045549525055
569.0,0.04657776531752004
570.0,0.046874040485167565
571.0,0.046971545827785094
572.0,0.046436073993267706
573.0,0.04665900919258218
574.0,0.046866217078173344
575.0,0.04665729699314459
576.0,0.04643624595106053
577.0,0.04698684053836142
578.0,0.04747527088073011
579.0,0.04715284543080866
580.0,0.04737284605018938
581.0,0.04707423048473273
582.0,0.04650960403059566
583.0,0.046751001459503005
584.0,0.046851370613557125
585.0,0.047189539971904115
586.0,0.04782337666997903
587.0,0.04788400597016398
588.0,0.04784988366086807
589.0,0.04781156895005549
590.0,0.047734474989787085
591.0,0.04753212075304227
592.0,0.04761032019414245
593.0,0.04791563262396177
594.0,0.047956428827167066
595.0,0.048369116530952716
596.0,0.048558356039949915
597.0,0.04817592638680668
598.0,0.048168698007918634
599.0,0.048119681753447135
600.0,0.048084341092172744
601.0,0.04830828415426934
602.0,0.048732587578157134
603.0,0.04897532879988203
604.0,0.04891991193366787
605.0,0.0488552170552042
606.0,0.048799590530147645
607.0,0.048861017538412564
608.0,0.04908223269757469
609.0,0.049233057852862014
610.0,0.04935316614143121
611.0,0.04958028334795462
612.0,0.05004645061736242
613.0,0.04993420937027226
614.0,0.049722988684579146
615.0,0.04977871867036752
616.0,0.04980866060055173
617.0,0.05019855724424038
618.0,0.050530440316308246
619.0,0.05028660606159773
620.0,0.050126885925745636
621.0,0.05020064359884692
622.0,0.0504385541755369
623.0,0.050574221282170595
624.0,0.05043037104656948
625.0,0.0504773369063439
626.0,0.050973478243884617
627.0,0.05114067522543017
628.0,0.05136096917796749
629.0,0.051511040736064426
630.0,0.05130354006218517
631.0,0.05150155481713622
632.0,0.051753276851060626
633.0,0.051790807618291565
634.0,0.05166838947777027
635.0,0.0517495799447496
636.0,0.0520062598861701
637.0,0.052245636831847034
638.0,0.05220082026130328
639.0,0.05209870065787838
640.0,0.05214804022239842
641.0,0.05248253215000204
642.0,0.05256087774050853
643.0,0.05265200181242478
644.0,0.05292873487462095
645.0,0.053016169873435985
646.0,0.05294096465810843
647.0,0.05297388430850246
648.0,0.05337290719647056
649.0,0.053494565640975746
650.0,0.05393358494879965
651.0,0.05452930715107854
652.0,0.054133303289011926
653.0,0.054241105041020574
654.0,0.05459935652099612
655.0,0.05467782762275467
656.0,0.05447827860644107
657.0,0.054556085822453526
658.0,0.054856370301692034
659.0,0.05495222864576763
660.0,0.05499190048804301
661.0,0.05504723544330429
662.0,0.055213146800418646
663.0,0.055660164672334755
664.0,0.05589666956688743
665.0,0.05595830445236955
666.0,0.056051332735909336
667.0,0.05622677334740187
668.0,0.05644554547114032
669.0,0.05670783724725799
670.0,0.05702992923875099
671.0,0.0568343688783928
672.0,0.05693806092787406
673.0,0.05765126527063585
674.0,0.05733499003815802
675.0,0.05729344501900848
676.0,0.05765013846423719
677.0,0.057982038472811984
678.0,0.058028533999945765
679.0,0.05821182647573012
680.0,0.058564597002790826
681.0,0.05855100258029127
682.0,0.05877131551050038
683.0,0.05894725059377953
684.0,0.05883208809702372
685.0,0.05906151823754222
686.0,0.05926662701984784
687.0,0.05943388943368587
688.0,0.0597585215745534
689.0,0.060014882391084955
690.0,0.0601435946963352
691.0,0.06019776613332738
692.0,0.060375917133326254
693.0,0.060717380973771024
694.0,0.06111138739734717
695.0,0.061390161501055314
696.0,0.0613910807117392
697.0,0.061552320798145224
698.0,0.06180792688814663
699.0,0.061676096559810156
700.0,0.06206625160106709
701.0,0.06251075841357837
702.0,0.06263093386491524
703.0,0.06286790088434781
704.0,0.06301390426413082
705.0,0.063165246811789
706.0,0.06350519744673173
707.0,0.06397485900107976
708.0,0.0642647480780756
709.0,0.0643435280689602
710.0,0.0645169457024808
711.0,0.06476020402998481
712.0,0.0648672268054993
713.0,0.06479849884888071
714.0,0.06516164834148815
715.0,0.06550453234967207
716.0,0.06572456921440051
717.0,0.06592416078331173
718.0,0.06612039499480896
719.0,0.06642130020256459
720.0,0.06679476545241007
721.0,0.06699565384435933
722.0,0.06729213932542889
723.0,0.06752392891682425
724.0,0.0675833268850496
725.0,0.06804337112213793
726.0,0.06827968045750321
727.0,0.06830974347194355
728.0,0.06859784475707321
729.0,0.06901462023290583
730.0,0.06931771008634766
731.0,0.06948171182879105
732.0,0.06991360974333125
733.0,0.07013476364427303
734.0,0.0701924034184201
735.0,0.07030845329412208
736.0,0.07065362151268005
737.0,0.07092638197340276
738.0,0.07118751080786129
739.0,0.07176069588340374
740.0,0.07200386313860621
741.0,0.07216898392310125
742.0,0.07245940931239454
743.0,0.07264315132581046
744.0,0.07299696190912593
745.0,0.07342487602132701
746.0,0.07375885619530846
747.0,0.07425279587656283
748.0,0.07450733157888455
749.0,0.07453795146907326
750.0,0.0747659540751323
751.0,0.07523858635788531
752.0,0.07562026218396806
753.0,0.07578309080739624
754.0,0.0762680321694343
755.0,0.07656233805452803
756.0,0.0767843441781712
757.0,0.07719658143843437
758.0,0.07742733562515798
759.0,0.07774677299879187
760.0,0.07814927853070983
761.0,0.07835309206157817
762.0,0.07878000817728083
763.0,0.07927100532234034
764.0,0.07959997407453374
765.0,0.07959367119970481
766.0,0.0798709885816047
767.0,0.08037512752816843
768.0,0.08079860822226051
769.0,0.08116679871385711
770.0,0.08152697893951592
771.0,0.08187116275680033
772.0,0.08213994701381681
773.0,0.08234166831353261
774.0,0.08261351938765955
775.0,0.08304781167887385
776.0,0.08363292065305929
777.0,0.08389721249203634
778.0,0.08405097385798706
779.0,0.08447118279567897
780.0,0.08488733292660554
781.0,0.08520914657495132
782.0,0.08548253846271776
783.0,0.08586949704593819
784.0,0.08651698483365595
785.0,0.08697104516765643
786.0,0.08708059208816499
787.0,0.08748723551331362
788.0,0.08793832101955891
789.0,0.08831658432800085
790.0,0.08860015183482402
791.0,0.08903053664297783
792.0,0.08938397173160031
793.0,0.0897555135009921
794.0,0.09042027302602339
795.0,0.09066873092535749
796.0,0.090935479000167
797.0,0.09143318991628038
798.0,0.09173524906896244
799.0,0.0921324120851445
800.0,0.09256229874773884
801.0,0.09292593862908907
802.0,0.09335415988984253
803.0,0.09384746944231555
804.0,0.09432222200156205
805.0,0.09467307349230263
806.0,0.09502724138127251
807.0,0.09541878024427883
808.0,0.09582307365752697
809.0,0.0961654997604566
810.0,0.09679809075703566
811.0,0.09728848770532914
812.0,0.09739269719692238
813.0,0.09784485435525032
814.0,0.09836170061017757
815.0,0.0988284648964724
816.0,0.09921860408235698
817.0,0.09964862567093304
818.0,0.10023836383407704
819.0,0.10082976345232962
820.0,0.10106931700216062
821.0,0.10137535650492244
822.0,0.10190591958416365
823.0,0.10259079657935047
824.0,0.10304866820354404
825.0,0.10339510361110273
826.0,0.10386172713605707
827.0,0.10456118205813968
828.0,0.10506876178328502
829.0,0.10552629445717358
830.0,0.10598649172300065
831.0,0.10644821972372821
832.0,0.1068830891715243
833.0,0.10731550713157512
834.0,0.1078288926379223
835.0,0.1085408691092657
836.0,0.10911999700327896
837.0,0.10952236350019899
838.0,0.10986128208185895
839.0,0.11044822808500039
840.0,0.11098465472264672
841.0,0.11145320423831385
842.0,0.11191652323116769
843.0,0.11234080667828628
844.0,0.11298446569875933
845.0,0.11368273328473527
846.0,0.11408514047186695
847.0,0.11455410079222027
848.0,0.1150045507497244
849.0,0.11545746202836046
850.0,0.11607366274279571
851.0,0.11644042163437032
852.0,0.11691599059439346
853.0,0.11763047452431287
854.0,0.11796992564205114
855.0,0.11829882966779559
856.0,0.11873739125010399
857.0,0.11930031837762749
858.0,0.11991536437515114
859.0,0.12047640651648736
860.0,0.12106237534506589
861.0,0.12180687482897253
862.0,0.12256126051309109
863.0,0.12308775396646278
864.0,0.12348094447582465
865.0,0.12411144634120583
866.0,0.12476019476926592
867.0,0.1251934145630229
868.0,0.12557018881626503
869.0,0.1266188959739488
870.0,0.12721773145479773
871.0,0.12764199801375054
872.0,0.12823750401519154
873.0,0.1285485624234184
874.0,0.12902550354097966
875.0,0.12963202876366442
876.0,0.13024376647618396
877.0,0.13122548590360647
878.0,0.13204136083607432
879.0,0.13248922797973942
880.0,0.13271603077715094
881.0,0.1334274348169146
882.0,0.13423760468847692
883.0,0.13482339836271415
884.0,0.13510232850571274
885.0,0.13593130157664035
886.0,0.13657646415788008
887.0,0.13683637835698453
888.0,0.1376644688701666
889.0,0.1383052912013862
890.0,0.13876467166943962
891.0,0.1393086755442224
892.0,0.14042714016290442
893.0,0.14096478009749033
894.0,0.1412625966271312
895.0,0.14190551736977597
896.0,0.14236468971648594
897.0,0.14315288741606075
898.0,0.14407419182280157
899.0,0.1446947623334605
900.0,0.14527797533212863
901.0,0.1459794108228295
902.0,0.14671350042094203
903.0,0.14727306979379984
904.0,0.14793182629205898
905.0,0.14857816528753146
906.0,0.1491365115897233
907.0,0.14962398445870861
908.0,0.15017085355760196
909.0,0.15112969465991893
910.0,0.1522674935899184
911.0,0.152569021456932
912.0,0.1527178196854689
913.0,0.15326762850825565
914.0,0.15431263721685656
915.0,0.15515329664659108
916.0,0.15593696930636397
917.0,0.15662297792426313
918.0,0.15717526646940855
919.0,0.15764161556958087
920.0,0.15811814369986849
921.0,0.15896734221455983
922.0,0.1602228915479505
923.0,0.16050518541411998
924.0,0.16123830720040025
925.0,0.162051002080804
926.0,0.16221491530449558
927.0,0.16329303913290932
928.0,0.1644036611894047
929.0,0.1649598363251479
930.0,0.16497751082045978
931.0,0.1663777349563399
932.0,0.1671039163556035
933.0,0.16710088678856647
934.0,0.16776049268653184
935.0,0.16840401185559278
936.0,0.16908641064106966
937.0,0.16998572807158324
938.0,0.1712748110361018
939.0,0.1726548336193017
940.0,0.17341079056108916
941.0,0.17370822183996423
942.0,0.17453381442227064
943.0,0.17495981547643116
944.0,0.1753838108505248
945.0,0.17620525093434208
946.0,0.17747720214805535
947.0,0.17791512806525017
948.0,0.17827539188509908
949.0,0.17904226952092347
950.0,0.17981711696107294
951.0,0.1810648132016411
952.0,0.18210326631730603
953.0,0.18265801562304532
954.0,0.18339080149539763
955.0,0.18341540150345556
956.0,0.18390989561495746
957.0,0.18530160739900417
958.0,0.1860591250552573
959.0,0.18690894854062304
960.0,0.1876693231020712
961.0,0.18849408503185347
962.0,0.19043255062433345
963.0,0.19091335826552558
964.0,0.1909327627915236
965.0,0.19173280962114647
966.0,0.19319351843888563
967.0,0.19371715804609216
968.0,0.19436389212236427
969.0,0.19564884112524153
970.0,0.19567247277336555
971.0,0.19653446285717577
972.0,0.1977103554390891
973.0,0.1985083651679619
974.0,0.19924844307844777
975.0,0.19997910104650096
976.0,0.20031204623856808
977.0,0.20037282946564844
978.0,0.2013722517193077
979.0,0.20192017797447587
980.0,0.20273345093347517
981.0,0.2044200284919268
982.0,0.20640796578757026
983.0,0.2053461285574418
984.0,0.204750602726985
985.0,0.2067872596758615
986.0,0.2084392007505297
987.0,0.20965608379478629
988.0,0.20986217579388458
989.0,0.20969300384253428
990.0,0.211385794299776
991.0,0.21155204947823217
992.0,0.21244428961860518
993.0,0.21475969771154613
994.0,0.21565080662200534
995.0,0.2149576804485727
996.0,0.21546509541304767
997.0,0.21771925653134275
998.0,0.2190256118812951
999.0,0.2197740528380411
1000.0,0.22014023016525958
1001.0,0.23484536574565248
1002.0,0.23228703984848348
1003.0,0.23280074437396334
1004.0,0.23443283749820626
1005.0,0.23595264586362788
1006.0,0.236471037009133
1007.0,0.23811631275594802
1008.0,0.23601956152967826
1009.0,0.23459672470933457
1010.0,0.23707564601713402
1011.0,0.2395649820719698
1012.0,0.24248738174261447
1013.0,0.2457076733324029
1014.0,0.24722576755587208
1015.0,0.24619224857432226
1016.0,0.2455109739405814
1017.0,0.24318351207728922
1018.0,0.24500655440144853
1019.0,0.2451673720906085
1020.0,0.24548642804643936
1021.0,0.24771270110426213
1022.0,0.24722451509715362
1023.0,0.24884224876817584
1024.0,0.2534941738707468
1025.0,0.2548343042958523
1026.0,0.25598159645682533
1027.0,0.2557870312267335
1028.0,0.2537421236982281
1029.0,0.2535773461844343
1030.0,0.25443921501540473
1031.0,0.25592027316102595
1032.0,0.2581035372981871
1033.0,0.25967900698439733
1034.0,0.2609742620987695
1035.0,0.2629265310924497
1036.0,0.2626552594908405
1037.0,0.2622175885276066
1038.0,0.2634632650559441
1039.0,0.26213815249730144
1040.0,0.26236315177481145
1041.0,0.2662882986843806
1042.0,0.26800987662032777
1043.0,0.2693990862170023
1044.0,0.27134774395994976
1045.0,0.27334284295023514
1046.0,0.27265329754489703
1047.0,0.2710688786817497
1048.0,0.2706349719486694
1049.0,0.27016009671572494
1050.0,0.26999894359042576
1051.0,0.2714331193781048
1052.0,0.27157511275266577
1053.0,0.27343090622739424
1054.0,0.2752445672395385
1055.0,0.2749224737492863
1056.0,0.27657024292958704
1057.0,0.28004523238136786
1058.0,0.2824261803916586
1059.0,0.2837563697499887
1060.0,0.2863600995839357
1061.0,0.28864756047257034
1062.0,0.2881124629033843
1063.0,0.2870955039141032
1064.0,0.2879823677833949
1065.0,0.2878946976609776
1066.0,0.2880307365221373
1067.0,0.28829583881525
1068.0,0.28921244504969373
1069.0,0.2916453549964392
1070.0,0.2946180595217893
1071.0,0.2966064091985638
1072.0,0.29947058223229167
1073.0,0.3004324172600025
1074.0,0.2998328012653291
1075.0,0.2991223599682063
1076.0,0.30046155903422456
1077.0,0.30194105424900397
1078.0,0.30183852992428056
1079.0,0.3028787755414228
1080.0,0.30352961324670463
1081.0,0.3024861959850691
1082.0,0.3028834433173738
1083.0,0.3042369259527623
1084.0,0.3054971132369554
1085.0,0.30685031234419985
1086.0,0.3085304600802469
1087.0,0.3111576736906397
1088.0,0.3123259973844343
1089.0,0.3126914563423779
1090.0,0.31341511131437005
1091.0,0.31426150270190933
1092.0,0.3144491355609807
1093.0,0.31540747501575456
1094.0,0.3169218701484092
1095.0,0.31786711263279516
1096.0,0.3188173214089574
1097.0,0.31986379727911773
1098.0,0.3203474324618583
1099.0,0.321120476001122
1100.0,0.32190762063235767
1101.0,0.32302364212139123
1102.0,0.3243509268250477
1103.0,0.32554458818885046
1104.0,0.32716697878718126
1105.0,0.3296499913596317
1106.0,0.3315247149305371
1107.0,0.33305219476865616
1108.0,0.33459872478451735
1109.0,0.33450154451566455
1110.0,0.3343104272531137
1111.0,0.3344803400779222
1112.0,0.3351495810810382
1113.0,0.33621253015920693
1114.0,0.33703699338157406
1115.0,0.3383276206306889
1116.0,0.3392790123419852
1117.0,0.3393112504401275
1118.0,0.3402125775883703
1119.0,0.3417638322676411
1120.0,0.34325781699957203
1121.0,0.34382007491828415
1122.0,0.34509127680226254
1123.0,0.34643902318076053
1124.0,0.34714685468730844
1125.0,0.34876487708869863
1126.0,0.3500487993219631
1127.0,0.35105447289238706
1128.0,0.3515544742800035
1129.0,0.352349047980001
1130.0,0.3529857336214365
1131.0,0.35403660342300025
1132.0,0.3550630607296495
1133.0,0.35625874267658086
1134.0,0.357901750129717
1135.0,0.3594787249198233
1136.0,0.36082206794879035
1137.0,0.3621918764197463
1138.0,0.36381966828744017
1139.0,0.36564838490111085
1140.0,0.3664119649636805
1141.0,0.3671162843596291
1142.0,0.3682208980466281
1143.0,0.3689135291982
1144.0,0.3699047637504554
1145.0,0.37191662208191256
1146.0,0.3730984205704582
1147.0,0.37348654780405843
1148.0,0.37437695164638407
1149.0,0.3755054250288403
1150.0,0.3760230495671743
1151.0,0.37714151483984326
1152.0,0.37891360090323806
1153.0,0.38012528773719295
1154.0,0.38145879961446577
1155.0,0.38211060678159825
1156.0,0.38304308464022774
1157.0,0.3843575418062541
1158.0,0.38583569862997574
1159.0,0.3873393756425904
1160.0,0.3898568410190294
1161.0,0.39073949661959945
1162.0,0.39048693843437055
1163.0,0.3910276965838815
1164.0,0.39067925850362406
1165.0,0.391445142771039
1166.0,0.3934151582542541
1167.0,0.39482663462030976
1168.0,0.3966111684453908
1169.0,0.39825177430235015
1170.0,0.3990814512251614
1171.0,0.4006214611439774
1172.0,0.40168457272309743
1173.0,0.4021152992204459
1174.0,0.40318466696366917
1175.0,0.4045944617073278
1176.0,0.4057179047768096
1177.0,0.4072706705069549
1178.0,0.4083194152105364
1179.0,0.40859503654850815
1180.0,0.40950130014451297
1181.0,0.41068350915465224
1182.0,0.41157097354466393
1183.0,0.4126225761697513
1184.0,0.41371059003390187
1185.0,0.4146436133765316
1186.0,0.4157093014153355
1187.0,0.4167514375789393
1188.0,0.4180119104359958
1189.0,0.4192300319059471
1190.0,0.4202006587237929
1191.0,0.42145698254579256
1192.0,0.4232004359502197
1193.0,0.4245400070746736
1194.0,0.4256325408052081
1195.0,0.42696910556165674
1196.0,0.4281305948787567
1197.0,0.42948398513318403
1198.0,0.43124807120782466
1199.0,0.4328666234817061
1200.0,0.4338434803432488
1201.0,0.43495402562984214
1202.0,0.43573190319926214
1203.0,0.4363848537339787
1204.0,0.4372503256849949
1205.0,0.43837247155904147
1206.0,0.43945670986165036
1207.0,0.44047677368814636
1208.0,0.44149700533637176
1209.0,0.4424306582623218
1210.0,0.44362914006586024
1211.0,0.4451400589091309
1212.0,0.4464736178855555
1213.0,0.448314841801722
1214.0,0.44938339350666356
1215.0,0.44992141609885705
1216.0,0.4499319630234158
1217.0,0.45081253374528807
1218.0,0.45194449733234476
1219.0,0.45341671392876515
1220.0,0.4561852563021898
1221.0,0.4575127681616246
1222.0,0.45810492976629197
1223.0,0.45921042300397863
1224.0,0.4599237936785519
1225.0,0.46091931939827496
1226.0,0.46231023654383413
1227.0,0.463649321173807
1228.0,0.4650735839188953
1229.0,0.4662582305275844
1230.0,0.4674329317355073
1231.0,0.46859231123994816
1232.0,0.46947412206231254
1233.0,0.4704555036842713
1234.0,0.4716441477308099
1235.0,0.47281229858947293
1236.0,0.47404216440087477
1237.0,0.4753340757435809
1238.0,0.4765388419311504
1239.0,0.47753818197315656
1240.0,0.4790798865243429
1241.0,0.48106777057463
1242.0,0.48248517707378835
1243.0,0.4841296137977069
1244.0,0.4854514838476275
1245.0,0.48584438639938565
1246.0,0.4869908692251995
1247.0,0.4887154442498613
1248.0,0.49011141950438664
1249.0,0.49168331876145394
1250.0,0.4930033237546997
1251.0,0.4939658542774321
1252.0,0.4950816838220848
1253.0,0.4960051675978019
1254.0,0.49670407818825024
1255.0,0.4978193152238046
1256.0,0.49899192925375163
1257.0,0.5001711260313922
1258.0,0.5016001683708773
1259.0,0.502964836701274
1260.0,0.5043774278679063
1261.0,0.5055717388483546
1262.0,0.5068385467340294
1263.0,0.5079204383862174
1264.0,0.5083505281328156
1265.0,0.5093777015268413
1266.0,0.510815331964521
1267.0,0.512062970581041
1268.0,0.5132077197608831
1269.0,0.5150257790439488
1270.0,0.5162019049537705
1271.0,0.5170190761960208
1272.0,0.5181327201415572
1273.0,0.5192360505233011
1274.0,0.5203380209646131
1275.0,0.5216025083044772
1276.0,0.5226743635209242
1277.0,0.5234655753403223
1278.0,0.5246067369142701
1279.0,0.5257607513273271
1280.0,0.5271044491121645
1281.0,0.5290476486053903
1282.0,0.5303947673210002
1283.0,0.5314039539978332
1284.0,0.5326114301110443
1285.0,0.5333189105893489
1286.0,0.534539866389968
1287.0,0.536501919790785
1288.0,0.5380838045558151
1289.0,0.5395235936936529
1290.0,0.5409163904240899
1291.0,0.5424453229777375
1292.0,0.5438350818918093
1293.0,0.5451957560486062
1294.0,0.5469608429700168
1295.0,0.5480906302686708
1296.0,0.5486492279392723
1297.0,0.5494341604713265
1298.0,0.5499371514952331
1299.0,0.5507480263415678
1300.0,0.5515322870557622
1301.0,0.5526572191866025
1302.0,0.5542736677614633
1303.0,0.5556074548088135
1304.0,0.5569110402431958
1305.0,0.558378945399919
1306.0,0.5598743958642135
1307.0,0.5613735385510193
1308.0,0.5625387444578936
1309.0,0.5636802921186546
1310.0,0.5649340424115903
1311.0,0.5658574124626131
1312.0,0.5669965220238514
1313.0,0.5684737786970995
1314.0,0.5697842737390783
1315.0,0.5709328247057152
1316.0,0.5721153321914646
1317.0,0.5733504518847908
1318.0,0.5746497198677247
1319.0,0.5758427840474356
1320.0,0.5771449159150073
1321.0,0.5787125549737356
1322.0,0.5801300774962049
1323.0,0.5817678497548368
1324.0,0.5829006844968586
1325.0,0.5834426467163004
1326.0,0.584346958890537
1327.0,0.5852516146125337
1328.0,0.5858953945999508
1329.0,0.5867938059909029
1330.0,0.5880787839107259
1331.0,0.5891077373214237
1332.0,0.589866347769452
1333.0,0.5908983506175538
1334.0,0.5921558490582418
1335.0,0.5932624324985172
1336.0,0.5943391093802847
1337.0,0.595516300296657
1338.0,0.5966101793335237
1339.0,0.5978476783399659
1340.0,0.5993241371412178
1341.0,0.6006407712118914
1342.0,0.6018412783326778
1343.0,0.6032166677724018
1344.0,0.6046789518791811
1345.0,0.606071495575264
1346.0,0.6074767163347168
1347.0,0.6090009484277182
1348.0,0.6105242550483087
1349.0,0.6120127387423566
1350.0,0.6134550463789737
1351.0,0.6151845120435655
1352.0,0.6163125733659098
1353.0,0.6170039145097965
1354.0,0.6179325794925338
1355.0,0.6183089189160712
1356.0,0.6195356018527318
1357.0,0.6212997106541142
1358.0,0.6229643012973141
1359.0,0.6252168285939145
1360.0,0.6269765916192466
1361.0,0.6286862164711352
1362.0,0.6300393429480351
1363.0,0.6307747897015609
1364.0,0.6319355749724169
1365.0,0.6330794559528182
1366.0,0.6342033431743445
1367.0,0.6355286375219306
1368.0,0.636946409015174
1369.0,0.6380758894259878
1370.0,0.6391076724705039
1371.0,0.6397377099332936
1372.0,0.6400452837435735
1373.0,0.6406585843992979
1374.0,0.6408036391264136
1375.0,0.6417091551920825
1376.0,0.6431310130507426
1377.0,0.6445209904552813
1378.0,0.6464473462035295
1379.0,0.6477963783615944
1380.0,0.6490405883096938
1381.0,0.6501888191916348
1382.0,0.6509044704963218
1383.0,0.6518580225428362
1384.0,0.6528004758418241
1385.0,0.6539070183334071
1386.0,0.655244538922675
1387.0,0.6563721581573266
1388.0,0.6576617114914528
1389.0,0.6587199293564834
1390.0,0.6594933936191858
1391.0,0.6600691835854524
1392.0,0.6611972453684807
1393.0,0.6624741517597562
1394.0,0.6637660642853482
1395.0,0.6656866162585761
1396.0,0.6666777292925407
1397.0,0.6669415818870773
1398.0,0.6679487880974734
1399.0,0.6688902006757611
1400.0,0.6699183608609409
1401.0,0.6715683527346765
1402.0,0.6726524778701181
1403.0,0.6733898558967012
1404.0,0.6741362560415591
1405.0,0.6746276368822169
1406.0,0.6753825339542967
1407.0,0.6761230543178064
1408.0,0.6769214587892141
1409.0,0.6777856511232224
1410.0,0.6788559155578867
1411.0,0.6802378214680409
1412.0,0.6812970767856034
1413.0,0.6824140812015621
1414.0,0.683525493595015
1415.0,0.6839318021764877
1416.0,0.6841982650677427
1417.0,0.6849813513372506
1418.0,0.6856754934814117
1419.0,0.6869430010162207
1420.0,0.6889171244625504
1421.0,0.6904212156726
1422.0,0.692168333930353
1423.0,0.6933797300222544
1424.0,0.6941531695436858
1425.0,0.6951684819944686
1426.0,0.6958557031272475
1427.0,0.6970124442602107
1428.0,0.6985588586237472
1429.0,0.699906273164868
1430.0,0.7013464741956135
1431.0,0.7027809281113483
1432.0,0.7042946483697813
1433.0,0.7055692042848553
1434.0,0.7068096754470632
1435.0,0.7079242514215991
1436.0,0.7088189708247306
1437.0,0.7096527838253734
1438.0,0.710156629713599
1439.0,0.7111158030781466
1440.0,0.7120836550631879
1441.0,0.7128414105507531
1442.0,0.7142014342357391
1443.0,0.7157758864948762
1444.0,0.7172561374911577
1445.0,0.7190346406073448
1446.0,0.7203148233327021
1447.0,0.7212778782758515
1448.0,0.7225414301446256
1449.0,0.7236361969060465
1450.0,0.7248990160784186
1451.0,0.7264136507449166
1452.0,0.727808903966584
1453.0,0.7293418417440121
1454.0,0.7305269674856939
1455.0,0.7314756904854187
1456.0,0.7326316425946086
1457.0,0.7336406679544173
1458.0,0.7346198600296832
1459.0,0.7359283007633117
1460.0,0.7368993699764057
1461.0,0.7373629370650912
1462.0,0.7381587477484489
1463.0,0.7387617936652109
1464.0,0.7398181513212322
1465.0,0.7413897919270654
1466.0,0.7427987607758401
1467.0,0.7443821645689928
1468.0,0.7461494272029032
1469.0,0.7473878262253547
1470.0,0.7481284419524472
1471.0,0.7491354692663136
1472.0,0.7499489698962293
1473.0,0.750866933161903
1474.0,0.7517851540850616
1475.0,0.7530257855761047
1476.0,0.7543688695622762
1477.0,0.7556518117742776
1478.0,0.757310902386331
1479.0,0.7585844340509355
1480.0,0.7595500995385633
1481.0,0.7605917304307375
1482.0,0.7614744494719601
1483.0,0.762648314729576
1484.0,0.7639447121040728
1485.0,0.7651722994342395
1486.0,0.7666283988164443
1487.0,0.7679076307302197
1488.0,0.7689500662022689
1489.0,0.7701318072663182
1490.0,0.771361555670535
1491.0,0.7726046454872241
1492.0,0.7739153231595572
1493.0,0.7751660889612845
1494.0,0.7762364661431146
1495.0,0.7776271527078016
1496.0,0.7793324308478755
1497.0,0.780763012808281
1498.0,0.7824328431576898
1499.0,0.7837764826181473
1500.0,0.7845419510981959
1501.0,0.7856434051057044
1502.0,0.7864419673316645
1503.0,0.7873467360485443
1504.0,0.7883922506054774
1505.0,0.7894690064738713
1506.0,0.7905883593034086
1507.0,0.791878426095735
1508.0,0.7931448158348712
1509.0,0.7943097902634227
1510.0,0.7957518112491828
1511.0,0.797519140152287
1512.0,0.7988984998566871
1513.0,0.8003183331209518
1514.0,0.8015216179025276
1515.0,0.8023847473262091
1516.0,0.8034196227443291
1517.0,0.8044022579437226
1518.0,0.805500830273123
1519.0,0.8067248167049531
1520.0,0.8077498239060319
1521.0,0.8087644879829953
1522.0,0.8097599097169391
1523.0,0.8104703883183131
1524.0,0.8115001524150156
1525.0,0.81269285766721
1526.0,0.8139167316059671
1527.0,0.815262580494248
1528.0,0.8167033787474426
1529.0,0.8182954012259812
1530.0,0.8198298235250926
1531.0,0.8217663517484463
1532.0,0.8231101909179435
1533.0,0.8239954867022955
1534.0,0.8249657985167395
1535.0,0.8254182969161263
1536.0,0.8262029953404861
1537.0,0.8273061731580039
1538.0,0.828236036223712
1539.0,0.8295428363392625
1540.0,0.830969389665095
1541.0,0.8320642169219291
1542.0,0.8330900381111324
1543.0,0.8343138196213058
1544.0,0.8354416537561424
1545.0,0.8364821992256515
1546.0,0.8377900050715191
1547.0,0.8387129335282003
1548.0,0.8390976956266436
1549.0,0.8400236346304611
1550.0,0.8410860534820841
1551.0,0.8422622312048614
1552.0,0.8437165195886637
1553.0,0.8449656283424264
1554.0,0.8463239034081239
1555.0,0.847403468582927
1556.0,0.8481778182403753
1557.0,0.8492486208810873
1558.0,0.8502968215455623
1559.0,0.851428625972408
1560.0,0.8527451284181408
1561.0,0.8540285788009104
1562.0,0.8553659156407627
1563.0,0.8565502101381283
1564.0,0.8575296928436122
1565.0,0.8588954331387092
1566.0,0.8603539938005146
1567.0,0.8617992042495644
1568.0,0.8638059890531533
1569.0,0.8652526931654472
1570.0,0.8663843057781184
1571.0,0.86738429550588
1572.0,0.8679783141943482
1573.0,0.8687581236225052
1574.0,0.8694134476147422
1575.0,0.8701778564873505
1576.0,0.8709240111411131
1577.0,0.8719422571360907
1578.0,0.8733116206268202
1579.0,0.8744191314124249
1580.0,0.8757493629584086
1581.0,0.8767897825867595
1582.0,0.876987146499968
1583.0,0.8779787966963672
1584.0,0.8794774797245702
1585.0,0.8807988997458587
1586.0,0.8827759539195453
1587.0,0.8842838592460656
1588.0,0.8850416809552486
1589.0,0.8862285085252054
1590.0,0.8875280750499233
1591.0,0.8888117929208559
1592.0,0.8903328749253079
1593.0,0.8922828626662818
1594.0,0.8937076535317666
1595.0,0.895029148241166
1596.0,0.8962240903759023
1597.0,0.8971419306863155
1598.0,0.8982433455124681
1599.0,0.8994090698214614
1600.0,0.9003677772205846
1601.0,0.9011755687512433
1602.0,0.902230283809211
1603.0,0.9033042538479736
1604.0,0.9042691856829668
1605.0,0.9053577507985338
1606.0,0.9063984484343588
1607.0,0.907207734649313
1608.0,0.9082289344932869
1609.0,0.9094768635163315
1610.0,0.9106002377901814
1611.0,0.9116080552042434
1612.0,0.9127908185985297
1613.0,0.9142649329072461
1614.0,0.9152329441989708
1615.0,0.9159361949845185
1616.0,0.9168840885841487
1617.0,0.9175069609950877
1618.0,0.918543860655946
1619.0,0.9201156113073001
1620.0,0.921307124314987
1621.0,0.9225799576960472
1622.0,0.9234462875575725
1623.0,0.9238456680994066
1624.0,0.9246179741499944
1625.0,0.9253789075585875
1626.0,0.9260552508562109
1627.0,0.9268074234820324
1628.0,0.927710813648347
1629.0,0.9285022455610952
1630.0,0.9293655272859925
1631.0,0.9303956051504884
1632.0,0.9316136215436902
1633.0,0.9329185424725143
1634.0,0.9341324401652339
1635.0,0.935885312681256
1636.0,0.9369165844578422
1637.0,0.9371623678785304
1638.0,0.937953047435971
1639.0,0.9388501178877608
1640.0,0.9395054439776696
1641.0,0.9401460274193544
1642.0,0.9409728858123609
1643.0,0.9414496151244307
1644.0,0.9423578119881509
1645.0,0.9438995937375632
1646.0,0.9451783457104489
1647.0,0.9466787200967056
1648.0,0.9477516864665438
1649.0,0.9486589263573053
1650.0,0.949315893523173
1651.0,0.949324433620859
1652.0,0.9497398057286756
1653.0,0.9501918587407057
1654.0,0.9507762390448636
1655.0,0.9514464272007599
1656.0,0.9523916078897865
1657.0,0.9539100900448834
1658.0,0.954713052744329
1659.0,0.955402815338405
1660.0,0.9559815496069032
1661.0,0.9556354778920445
1662.0,0.9560392268739227
1663.0,0.9567203487652188
1664.0,0.9577467637531969
1665.0,0.9597194487259526
1666.0,0.9608670360859273
1667.0,0.9617806460942718
1668.0,0.9627552616948362
1669.0,0.9627833211181792
1670.0,0.9638007251304733
1671.0,0.966024222809173
1672.0,0.9673765304377903
1673.0,0.9688333340437586
1674.0,0.969906669151349
1675.0,0.9700987809910071
1676.0,0.9706776985639874
1677.0,0.9712514063849316
1678.0,0.9719956136054598
1679.0,0.9730764796356381
1680.0,0.9738210398889526
1681.0,0.9743166750523152
1682.0,0.9751409194712439
1683.0,0.9756951220697824
1684.0,0.9766347947104418
1685.0,0.9784371132979387
1686.0,0.9797273548833059
1687.0,0.9807787040639554
1688.0,0.9820647141414515
1689.0,0.9833548544451727
1690.0,0.9843457323717937
1691.0,0.9852132725242696
1692.0,0.9861736376095929
1693.0,0.9868914947379831
1694.0,0.9879077848761015
1695.0,0.9895184452218782
1696.0,0.9906514629335416
1697.0,0.9910035621911731
1698.0,0.992062438346539
1699.0,0.9933611402775391
1700.0,0.9947865210279093
1701.0,0.9973293468966528
1702.0,0.9989914340347131
1703.0,0.9998473231124329
1704.0,1.0009910673527433
1705.0,1.0018171784990137
1706.0,1.002900819959531
1707.0,1.0045135687468782
1708.0,1.0057523246203142
1709.0,1.006602056945204
1710.0,1.007816124356493
1711.0,1.0090597902805198
1712.0,1.0101565772947363
1713.0,1.0119359384332234
1714.0,1.012718464676106
1715.0,1.0123756702265911
1716.0,1.012948604930667
1717.0,1.0131782099704902
1718.0,1.0140730013670172
1719.0,1.0164878393846044
1720.0,1.0175050258202791
1721.0,1.0181128942553492
1722.0,1.0184415558190174
1723.0,1.0174735591888064
1724.0,1.0174100031908195
1725.0,1.0178501432151785
1726.0,1.0181955253882828
1727.0,1.0188845558150825
1728.0,1.0193815450264982
1729.0,1.019432479092485
1730.0,1.0199801756736542
1731.0,1.0206615648392783
1732.0,1.0216284299493874
1733.0,1.023146473194351
1734.0,1.0245150698913548
1735.0,1.0263512139289097
1736.0,1.0273208061716461
1737.0,1.0276005556181487
1738.0,1.028424431546876
1739.0,1.0290423422888946
1740.0,1.0296206582603729
1741.0,1.0307460831702286
1742.0,1.0314022379962964
1743.0,1.031343778237007
1744.0,1.031771793858547
1745.0,1.0322193331031497
1746.0,1.0330568071253197
1747.0,1.034154699631435
1748.0,1.0355607167866154
1749.0,1.0376593560451728
1750.0,1.0389101837384702
1751.0,1.0397976613724147
1752.0,1.0409394638481337
1753.0,1.0418968543546812
1754.0,1.0431657366634381
1755.0,1.0445704321085985
1756.0,1.0465850484203223
1757.0,1.0474127803266278
1758.0,1.0477613990991423
1759.0,1.049230987454535
1760.0,1.0494041848756566
1761.0,1.0492973837620299
1762.0,1.0512930129739453
1763.0,1.0520877534871909
1764.0,1.0518306665967967
1765.0,1.052946705834765
1766.0,1.053433928801302
1767.0,1.0533060701572203
1768.0,1.0543481590785384
1769.0,1.0554298254358112
1770.0,1.0555317599785812
1771.0,1.0559792388756382
1772.0,1.057128328219445
1773.0,1.0581217107378837
1774.0,1.0597848066452993
1775.0,1.0615025920652026
1776.0,1.0621048788196754
1777.0,1.0629648606903437
1778.0,1.0637863901733715
1779.0,1.063971907796211
1780.0,1.064749291357946
1781.0,1.066287177090413
1782.0,1.0672968948889983
1783.0,1.0682290459118549
1784.0,1.068770786433713
1785.0,1.0679928465584132
1786.0,1.0679812569671534
1787.0,1.0691631559687218
1788.0,1.0711611322904662
1789.0,1.0731105090778137
1790.0,1.0737693587480106
1791.0,1.0749917710539034
1792.0,1.0764648226715727
1793.0,1.0773099713726755
1794.0,1.0784390049787291
1795.0,1.079118935659391
1796.0,1.0784527329257458
1797.0,1.0791210136002096
1798.0,1.0805197938422546
1799.0,1.0808425583299588
1800.0,1.082071332999893
1801.0,1.0784058395551446
1802.0,1.0808118033981897
1803.0,1.079896516352049
1804.0,1.0807960452744259
1805.0,1.0824584270907955
1806.0,1.08343533534224
1807.0,1.0840712528323175
1808.0,1.0849995294859993
1809.0,1.085682850766298
1810.0,1.086187372403824
1811.0,1.0861197123307549
1812.0,1.0878524532905285
1813.0,1.086926367320059
1814.0,1.0868603437120663
1815.0,1.0876251328029556
1816.0,1.0886454584346097
1817.0,1.0892238002333072
1818.0,1.0908637758857824
1819.0,1.0918421630619524
1820.0,1.0912852030429667
1821.0,1.0919847257801687
1822.0,1.093436224181622
1823.0,1.0952818135568452
1824.0,1.096736730937261
1825.0,1.098798920721846
1826.0,1.0996097452376643
1827.0,1.0991833494696193
1828.0,1.0994418259802763
1829.0,1.0990930757384538
1830.0,1.099372590660016
1831.0,1.099812820664998
1832.0,1.101602978255892
1833.0,1.1021730413749697
1834.0,1.102739259587378
1835.0,1.1043606798501
1836.0,1.1064271049123549
1837.0,1.108058980526874
1838.0,1.1115390280426078
1839.0,1.1130259282830308
1840.0,1.113524426925783
1841.0,1.1127914532919145
1842.0,1.1124032333007514
1843.0,1.111656677300996
1844.0,1.110219797633335
1845.0,1.1105471069527402
1846.0,1.1114707217834583
1847.0,1.1132840586678288
1848.0,1.1144193130537634
1849.0,1.1167681245628267
1850.0,1.1176895227412813
1851.0,1.1170448810615992
1852.0,1.1180382316194866
1853.0,1.118528154962532
1854.0,1.1199874683963973
1855.0,1.123310248248381
1856.0,1.1241883506027244
1857.0,1.1251696547650076
1858.0,1.126193629372818
1859.0,1.12625693830648
1860.0,1.1250304362298886
1861.0,1.1247588211229993
1862.0,1.1237757317274242
1863.0,1.1233441661916754
1864.0,1.123589049577004
1865.0,1.1241210704967035
1866.0,1.1262796723818245
1867.0,1.1274272484103702
1868.0,1.1276207661845392
1869.0,1.1276867670099107
1870.0,1.1273179162246656
1871.0,1.1253683515445847
1872.0,1.12385864415012
1873.0,1.1244282558492253
1874.0,1.1235866703649275
1875.0,1.123249222067665
1876.0,1.1222058121659104
1877.0,1.119139470475617
1878.0,1.11674056301154
1879.0,1.1141889064960742
1880.0,1.1106920666008577
1881.0,1.1084271520195008
1882.0,1.106992155523103
1883.0,1.105098746081134
1884.0,1.103718194399078
1885.0,1.1014054612626343
1886.0,1.098324865782606
1887.0,1.0953812915586865
1888.0,1.0912661938826675
1889.0,1.0867562781300635
1890.0,1.082520092392678
1891.0,1.0783210105714924
1892.0,1.0733569151954592
1893.0,1.0687122366984998
1894.0,1.0653080080533843
1895.0,1.0616703870067024
1896.0,1.0568023893580258
1897.0,1.0517154922684557
1898.0,1.045985467566703
1899.0,1.0398688419746476
1900.0,1.0340475915683953
1901.0,1.0292052496817308
1902.0,1.0252355818139303
1903.0,1.0214156606033147
1904.0,1.0172866738721278
1905.0,1.0148682844106056
1906.0,1.011849899142077
1907.0,1.0079177193933735
1908.0,1.004525833397766
1909.0,1.0011347445039964
1910.0,0.9982893319013363
1911.0,0.9963153256836327
1912.0,0.9954982311584719
1913.0,0.9938903604395782
1914.0,0.9919284369757309
1915.0,0.989836484148475
1916.0,0.9897936270372867
1917.0,0.9887803370415144
1918.0,0.988633088664154
1919.0,0.9890240237206027
1920.0,0.9872442760807428
1921.0,0.9873272577604664
1922.0,0.9878430217109933
1923.0,0.9880137548719163
1924.0,0.9886963867923655
1925.0,0.9902460377979407
1926.0,0.9903078199701076
1927.0,0.9912528160559156
1928.0,0.9926909520571342
1929.0,0.9927810292978296
1930.0,0.9931886780998725
1931.0,0.9931503290850073
1932.0,0.9937212250015719
1933.0,0.9957443875784915
1934.0,0.9972945328216715
1935.0,0.9977473586423175
1936.0,0.9982504161272562
1937.0,0.9991787466694297
1938.0,0.999800961697833
1939.0,1.0005087391698892
1940.0,1.002777063876337
1941.0,1.0047333645077385
1942.0,1.0055668205524422
1943.0,1.0080690337602172
1944.0,1.0106192441076511
1945.0,1.0122230320087817
1946.0,1.0132567645250519
1947.0,1.0138643454591687
1948.0,1.014973708499274
1949.0,1.015822968001232
1950.0,1.0167304767417242
1951.0,1.0182765688680138
1952.0,1.0194804106969597
1953.0,1.0199205375411282
1954.0,1.0213103194443958
1955.0,1.0241579991803855
1956.0,1.0266477092024062
1957.0,1.0287353047367191
1958.0,1.0302247507302593
1959.0,1.0312461866517055
1960.0,1.0312965386327613
1961.0,1.0319486043495263
1962.0,1.0320792085872896
1963.0,1.0330375911665854
1964.0,1.0355602562131008
1965.0,1.0364017373780512
1966.0,1.0385771179978285
1967.0,1.041528712729892
1968.0,1.043827497813531
1969.0,1.046941568134937
1970.0,1.0499131225495864
1971.0,1.0529365674224314
1972.0,1.0551802936080172
1973.0,1.0566936738695971
1974.0,1.0576271306116911
1975.0,1.0577961377907903
1976.0,1.05762763306105
1977.0,1.0589230915481247
1978.0,1.0614957610607951
1979.0,1.0646144716428876
1980.0,1.067872242462315
1981.0,1.0685604396584378
1982.0,1.0682642072262374
1983.0,1.0675773346698971
1984.0,1.0667219982768292
1985.0,1.0668895979030526
1986.0,1.0675288524549829
1987.0,1.068587606080045
1988.0,1.0707017001477028
1989.0,1.072647705452315
1990.0,1.0734629665136837
1991.0,1.0752244083959719
1992.0,1.0762342421642104
1993.0,1.0773597991273416
1994.0,1.0798365923723188
1995.0,1.0805129983453532
1996.0,1.0819670869388263
1997.0,1.0831846235414877
1998.0,1.085284028962965
1999.0,1.088688349506454
2000.0,1.0915074292809404
2001.0,1.094644641429726
2002.0,1.0971858409894448
2003.0,1.099232306311384
2004.0,1.1004063827692738
2005.0,1.102443407166304
2006.0,1.1047783196637893
2007.0,1.1060268828908373
2008.0,1.1050073093522128
2009.0,1.1052297545958951
2010.0,1.104015365054074
2011.0,1.1052058044292665
2012.0,1.1086284946082734
2013.0,1.111418829594918
2014.0,1.1153521107643123
2015.0,1.1177778980320825
2016.0,1.1200514007520466
2017.0,1.1213300073335593
2018.0,1.122179056866933
2019.0,1.1237998179992161
2020.0,1.124811946791529
2021.0,1.1257521818649825
2022.0,1.126680911299841
2023.0,1.1270518929598112
2024.0,1.1276246189909471
2025.0,1.1273988704901323
2026.0,1.1285618459015132
2027.0,1.1311856924902812
2028.0,1.1325258183221156
2029.0,1.1332464277709042
2030.0,1.135652098702399
2031.0,1.137125533964392
2032.0,1.1383082807986176
2033.0,1.1415625321737402
2034.0,1.1448239137214653
2035.0,1.1474807139571974
2036.0,1.1485559895613553
2037.0,1.149950260659422
2038.0,1.150717680097163
2039.0,1.1512887343004998
2040.0,1.1513254416189107
2041.0,1.1525485251937304
2042.0,1.154171160056801
2043.0,1.155830622850476
2044.0,1.1584401172800478
2045.0,1.1605188610871497
2046.0,1.1615832417521743
2047.0,1.1605654564432013
2048.0,1.1599466561033243
2049.0,1.1587950591327587
2050.0,1.1582864045134085
2051.0,1.159587737233631
2052.0,1.1604487535590369
2053.0,1.1617945731729848
2054.0,1.162978641756553
2055.0,1.1639899752117453
2056.0,1.1653527831523893
2057.0,1.1675560218858871
2058.0,1.168969577615226
2059.0,1.1702569767238213
2060.0,1.171629336947232
2061.0,1.1720185736801292
2062.0,1.1709191546465652
2063.0,1.171451448932835
2064.0,1.1720237019371347
2065.0,1.1720869996771697
2066.0,1.173976146548915
2067.0,1.1747817918849932
2068.0,1.1748213818692284
2069.0,1.1751792693693945
2070.0,1.1757043779400298
2071.0,1.175749843509845
2072.0,1.1757400121101673
2073.0,1.175767697868163
2074.0,1.1752271340239084
2075.0,1.1753387667575352
2076.0,1.1746180041700882
2077.0,1.1758392442480259
2078.0,1.1780362067117303
2079.0,1.177809879574843
2080.0,1.1789903616755686
2081.0,1.178972811673603
2082.0,1.179333351593112
2083.0,1.1790174692010453
2084.0,1.180023536860355
2085.0,1.182098560503064
2086.0,1.183438087437181
2087.0,1.1851059192813647
2088.0,1.1864657918279395
2089.0,1.1879628753621123
2090.0,1.1880402380921444
2091.0,1.188524850414626
2092.0,1.1877505893297005
2093.0,1.1866480667015367
2094.0,1.1863984091538533
2095.0,1.1864311366096931
2096.0,1.188156050037764
2097.0,1.1889582887309569
2098.0,1.190544323929745
2099.0,1.1905589684000253
2100.0,1.1890257036521332
2101.0,1.1882394966301952
2102.0,1.1862614191410907
2103.0,1.1858918975717612
2104.0,1.186942972879965
2105.0,1.1882781939473364
2106.0,1.190521819785373
2107.0,1.1926504222008603
2108.0,1.1945204509571683
2109.0,1.1943429384937727
2110.0,1.1943665389293092
2111.0,1.1947592594822483
2112.0,1.1947367122506627
2113.0,1.1945269174988014
2114.0,1.1956049977915908
2115.0,1.1972059714367826
2116.0,1.198682091520995
2117.0,1.2024041814540907
2118.0,1.2034337713029757
2119.0,1.2018713502602092
2120.0,1.2015685285163722
2121.0,1.200414377420915
2122.0,1.2002784643586164
2123.0,1.201471232557391
2124.0,1.2023834456177258
2125.0,1.2038396945576118
2126.0,1.204693205554641
2127.0,1.2036961452078054
2128.0,1.203586153431993
2129.0,1.2047554385245802
2130.0,1.204249372240669
2131.0,1.205976625293157
2132.0,1.2077154925467706
2133.0,1.2085262254313884
2134.0,1.209093558628535
2135.0,1.2090121734422739
2136.0,1.207435773123966
2137.0,1.2074122738967166
2138.0,1.2067747565865339
2139.0,1.20711212387405
2140.0,1.2102837985597426
2141.0,1.2110366813351636
2142.0,1.2105895935050777
2143.0,1.210216406687451
2144.0,1.2107906822316319
2145.0,1.2099040174425797
2146.0,1.2093478937358118
2147.0,1.2096243306327819
2148.0,1.2079066705564796
2149.0,1.2071832285090422
2150.0,1.2085715281420069
2151.0,1.2080387862177562
2152.0,1.2077889092673635
2153.0,1.2072442603650821
2154.0,1.2071385272062938
2155.0,1.2071765869323774
2156.0,1.2067551874430071
2157.0,1.2072432450192603
2158.0,1.2068353024220009
2159.0,1.2042697909449085
2160.0,1.2035092737249244
2161.0,1.2031216313882367
2162.0,1.203272725558915
2163.0,1.204222924471757
2164.0,1.2061268033810164
2165.0,1.2079726695743782
2166.0,1.2063609064593157
2167.0,1.2073472710510065
2168.0,1.209999592272933
2169.0,1.211446750648397
2170.0,1.2151944125473362
2171.0,1.2158220023290143
2172.0,1.2132335140006276
2173.0,1.2122791422197907
2174.0,1.2105622088285957
2175.0,1.2099499229877828
2176.0,1.2105463164566033
2177.0,1.210615316242935
2178.0,1.2114969336070847
2179.0,1.211443177110851
2180.0,1.2098888855290444
2181.0,1.2092115674352004
2182.0,1.2087906769850072
2183.0,1.207609021739987
2184.0,1.205148467660452
2185.0,1.2059010207490983
2186.0,1.2067691189092777
2187.0,1.2080964836150392
2188.0,1.2079972548499518
2189.0,1.207719388092295
2190.0,1.2060168215990006
2191.0,1.2025773777770044
2192.0,1.2025011376588195
2193.0,1.2013218898281324
2194.0,1.2009340884152444
2195.0,1.2008928056204717
2196.0,1.2010868524649543
2197.0,1.2017869133754187
2198.0,1.2031283653087606
2199.0,1.2065492686797632
2200.0,1.206312541530511
2201.0,1.2038457932603632
2202.0,1.2028556517478612
2203.0,1.1993747339459855
2204.0,1.1977336393440816
2205.0,1.1977258072135482
2206.0,1.1993255519598145
2207.0,1.2000302982446591
2208.0,1.1992331343906557
2209.0,1.1998950362819067
2210.0,1.2001221334713066
2211.0,1.1987192018093196
2212.0,1.1997701053468592
2213.0,1.2019173386993613
2214.0,1.2046171595382527
2215.0,1.2083074784783348
2216.0,1.2105362298819342
2217.0,1.2120048494997548
2218.0,1.2118395949590368
2219.0,1.212788244348025
2220.0,1.2136834073022793
2221.0,1.2152965559455842
2222.0,1.217159666161999
2223.0,1.2190772510491013
2224.0,1.2226431468488899
2225.0,1.2224850211110243
2226.0,1.2202723704784535
2227.0,1.2195967973408979
2228.0,1.2168246799225815
2229.0,1.215496924118735
2230.0,1.2169026701826398
2231.0,1.2166411430620332
2232.0,1.2158416403231005
2233.0,1.2131386650802556
2234.0,1.2121987923617907
2235.0,1.2103604436834046
2236.0,1.2087160666205148
2237.0,1.2107190463673636
2238.0,1.2131176715651064
2239.0,1.2110671664534731
2240.0,1.2066347736007474
2241.0,1.2022095972461193
2242.0,1.1975071762692362
2243.0,1.19523749264021
2244.0,1.193939831995988
2245.0,1.1956365116514862
2246.0,1.1983624840473472
2247.0,1.2031451309308039
2248.0,1.205943208546988
2249.0,1.2112616312582014
2250.0,1.2119783238239914
2251.0,1.2072625167067101
2252.0,1.206481202952905
2253.0,1.2067427071521866
2254.0,1.205757871591336
2255.0,1.2072253227405594
2256.0,1.2058817899832004
2257.0,1.1996259895003567
2258.0,1.1976179097662611
2259.0,1.1969580484909845
2260.0,1.19447736865978
2261.0,1.1924414736654354
2262.0,1.1932861992465251
2263.0,1.1874557679151332
2264.0,1.1824486545962523
2265.0,1.1835885255644496
2266.0,1.182508173808955
2267.0,1.1835031796163127
2268.0,1.1878332506192895
2269.0,1.1871665407647296
2270.0,1.187442613181888
2271.0,1.1898482859325503
2272.0,1.1916291763968718
2273.0,1.192611747653887
2274.0,1.1923754426396482
2275.0,1.1919430987199735
2276.0,1.1914248699083514
2277.0,1.1922248370911637
2278.0,1.1954004039942412
2279.0,1.1968724008183496
2280.0,1.1984749620360493
2281.0,1.197908012030478
2282.0,1.1966154395038222
2283.0,1.1945426078103125
2284.0,1.1888743626049108
2285.0,1.1877557694491045
2286.0,1.1881640156801383
2287.0,1.1888751910046522
2288.0,1.1938317003982957
2289.0,1.1943036025129499
2290.0,1.1923259335283427
2291.0,1.1912935954116455
2292.0,1.1870240947691033
2293.0,1.1857148404706994
2294.0,1.1881297941032034
2295.0,1.1878424048051224
2296.0,1.186582088668231
2297.0,1.186761885645423
2298.0,1.1864657733732544
2299.0,1.1811986482017778
2300.0,1.177010801246863
2301.0,1.177282391300707
2302.0,1.180385697584754
2303.0,1.1863361125271912
2304.0,1.1918725886346178
2305.0,1.1945278771108503
2306.0,1.1920210457953793
2307.0,1.188507335552196
2308.0,1.1856442233696425
2309.0,1.1830493574338596
2310.0,1.1818842930133808
2311.0,1.1814139480986616
2312.0,1.1810397353210482
2313.0,1.177492414561942
2314.0,1.172406434599619
2315.0,1.1687314990924695
2316.0,1.1684699947107717
2317.0,1.1727701101689596
2318.0,1.182990388111351
2319.0,1.194299972564622
2320.0,1.198978186650517
2321.0,1.2021949519249462
2322.0,1.2024191576306027
2323.0,1.1921196146145308
2324.0,1.1898906243183318
2325.0,1.1921918608303974
2326.0,1.1909128744259319
2327.0,1.1911309954662939
2328.0,1.19139075257005
2329.0,1.1879331993558604
2330.0,1.187761278476122
2331.0,1.1909716509484949
2332.0,1.1928329644611608
2333.0,1.1959749537617057
2334.0,1.1971924399705123
2335.0,1.1953037324742357
2336.0,1.1961224569775168
2337.0,1.19723172583568
2338.0,1.1957031587903808
2339.0,1.19582695734592
2340.0,1.1972637607088055
2341.0,1.1988399062493267
2342.0,1.2001845186866946
2343.0,1.2016758419897404
2344.0,1.202318439475333
2345.0,1.1986587466876388
2346.0,1.1971747762179545
2347.0,1.196879043346287
2348.0,1.2022035664866262
2349.0,1.2023997094966725
2350.0,1.2022325979287616
2351.0,1.2028528557467784
2352.0,1.1966764823027565
2353.0,1.1901068390660954
2354.0,1.190833356745484
2355.0,1.1932708727231252
2356.0,1.1949815179758867
2357.0,1.194239298446669
2358.0,1.1897459411142015
2359.0,1.1838940290112643
2360.0,1.1767084284953822
2361.0,1.1734463986535897
2362.0,1.1704169923768786
2363.0,1.1638283892047443
2364.0,1.163327380085319
2365.0,1.1617437681347644
2366.0,1.1613939415463908
2367.0,1.1675497792185499
2368.0,1.1679168344503843
2369.0,1.1697066930265574
2370.0,1.1747458019818986
2371.0,1.183917844818368
2372.0,1.1917294645957661
2373.0,1.1942757005075324
2374.0,1.2028488499547842
2375.0,1.2008051055106177
2376.0,1.1958404593982543
2377.0,1.1916844299262679
2378.0,1.1790159203140445
2379.0,1.1691582916566479
2380.0,1.1594677644272253
2381.0,1.160627394561949
2382.0,1.1621352269389136
2383.0,1.163834110008187
2384.0,1.1712580619562485
2385.0,1.1562872814052245
2386.0,1.148597124273957
2387.0,1.1508558580961157
2388.0,1.1426768247571117
2389.0,1.1580978571764606
2390.0,1.1759819351710734
2391.0,1.1768676822202278
2392.0,1.178963932066257
2393.0,1.1745965858390803
2394.0,1.1656409472932319
2395.0,1.1543757267309038
2396.0,1.15515660770846
2397.0,1.1619822002358753
2398.0,1.1585019311442084
2399.0,1.1601553104829032
2400.0,1.152591909255407
2401.0,1.1302019770771732
2402.0,1.115663818188495
2403.0,1.1029111274486378
2404.0,1.0969994560678247
2405.0,1.1081650484819168
2406.0,1.111659179636882
2407.0,1.1113205150428798
2408.0,1.1146918211933985
2409.0,1.113787626996334
2410.0,1.1212675876754115
2411.0,1.1285072747366043
2412.0,1.1293327463176352
2413.0,1.1246857974088746
2414.0,1.10658007375852
2415.0,1.0928581164353597
2416.0,1.0870640900455364
2417.0,1.0874329678074555
2418.0,1.0968118642949722
2419.0,1.1082175741679121
2420.0,1.1117182292419465
2421.0,1.1034212027709458
2422.0,1.0957717452568028
2423.0,1.1020154149277337
2424.0,1.1182825657919633
2425.0,1.1130998691793748
2426.0,1.1116051901984778
2427.0,1.1195326164297619
2428.0,1.1022402799055315
2429.0,1.1046483140032268
2430.0,1.1163474344420397
2431.0,1.0993931984356213
2432.0,1.087486710253817
2433.0,1.091398312712373
2434.0,1.0925468986936056
2435.0,1.075795832106107
2436.0,1.071023087884379
2437.0,1.0832312970562599
2438.0,1.089886628820871
2439.0,1.118980364897805
2440.0,1.1444240426549817
2441.0,1.126990777767718
2442.0,1.0989606803474208
2443.0,1.0809404343968712
2444.0,1.0558440843630645
2445.0,1.034907768708675
2446.0,1.0326085538292509
2447.0,1.0346693573106263
2448.0,1.045058608464818
2449.0,1.0605616676749505
2450.0,1.0698758997046227
2451.0,1.0572426860992956
2452.0,1.0454294903761332
2453.0,1.049001804589789
2454.0,1.0484950649782798
2455.0,1.0543576634623573
2456.0,1.0599844266916714
2457.0,1.0575787738647886
2458.0,1.053371471069989
2459.0,1.0532711053778323
2460.0,1.044444625553829
2461.0,1.0249415888691675
2462.0,1.0257903318482349
2463.0,1.0310024867679544
2464.0,1.0387857933963263
2465.0,1.0718293770550449
2466.0,1.079452168577584
2467.0,1.0600235368559274
2468.0,1.0486098669414357
2469.0,1.0317137637762972
2470.0,1.0210946880957814
2471.0,1.0283867502566777
2472.0,1.0206644720546372
2473.0,0.9842894640228036
2474.0,0.985782353311121
2475.0,1.0138546329263516
2476.0,1.0276890142612378
2477.0,1.0700687863620884
2478.0,1.082406812543873
2479.0,1.0542281695643048
2480.0,1.0471685683061684
2481.0,1.0454975319292334
2482.0,1.0352131310503363
2483.0,1.0184171057597295
2484.0,1.0165161333427302
2485.0,1.0300347912590406
2486.0,1.0223219550162508
2487.0,1.0075046186088992
2488.0,1.0044342952856318
2489.0,0.9780824507836511
2490.0,0.9733654079063995
2491.0,1.0031228626924475
2492.0,1.0154780987981937
2493.0,1.0226792744609399
2494.0,1.0318126555528078
2495.0,1.0451895363208414
2496.0,1.0429368728310087
2497.0,1.0325011051898216
2498.0,1.0299432261146377
2499.0,1.0116597165578611
2500.0,1.016491373359441
