350.0,-0.14061034229796282
351.0,-0.08431888849787852
352.0,-0.0419746435542777
353.0,-0.06459089671031108
354.0,-0.050728042899051126
355.0,-0.0034180976790163494
356.0,0.030955463684671843
357.0,-0.06008954125924427
358.0,-0.005056165031403318
359.0,0.07284549560748282
360.0,0.007403314961795028
361.0,-0.004615024307855416
362.0,-0.005392542210477093
363.0,-0.008480226985839268
364.0,-0.007269985295230776
365.0,0.00563289812205289
366.0,0.011790487797893462
367.0,0.007617781625356633
368.0,0.0031801805844327304
369.0,-0.0037385387569399144
370.0,-0.000516240417190486
371.0,0.013402189265687918
372.0,0.02506546111908958
373.0,0.03280639031771102
374.0,0.031463877096757555
375.0,0.019430024188414535
376.0,-0.0008388079980441895
377.0,0.0077447342451264925
378.0,0.02027815432491576
379.0,0.014669710381891335
380.0,0.019924536803933524
381.0,0.023318251750370025
382.0,0.025170962276385735
383.0,0.028197884663227746
384.0,0.023728385131020362
385.0,0.02701489141123532
386.0,0.03704243247814439
387.0,0.04168115349005889
388.0,0.02356879771701243
389.0,0.021419917655001553
390.0,0.03643581950933366
391.0,0.033893504905444245
392.0,0.033987424988313586
393.0,0.03895239648346149
394.0,0.043629313162381354
395.0,0.036223411223320734
396.0,0.029815187918327157
397.0,0.03253542140811714
398.0,0.04140883433658302
399.0,0.030070603143874396
400.0,0.03463321099762955
401.0,0.0427348301515255
402.0,0.0363289580228491
403.0,0.0448271872834205
404.0,0.04545748196630224
405.0,0.03993603228639118
406.0,0.04253411019887307
407.0,0.043714476257747936
408.0,0.04466453245149003
409.0,0.04407702051406176
410.0,0.03820352683347386
411.0,0.037146459089265206
412.0,0.04250288302294274
413.0,0.04930512796162983
414.0,0.044888068043892254
415.0,0.04171135029198658
416.0,0.04259231684843812
417.0,0.04669898088535644
418.0,0.05201434319236613
419.0,0.05009441187009359
420.0,0.046487705842447206
421.0,0.04999616744770624
422.0,0.04889163964561363
423.0,0.04666558450837267
424.0,0.045411207745751775
425.0,0.04512201890054302
426.0,0.0449913720829199
427.0,0.04787097447182045
428.0,0.05213249553350611
429.0,0.04863205280950119
430.0,0.05036144553013495
431.0,0.053075418881181786
432.0,0.0513912663011228
433.0,0.049271438712473845
434.0,0.04865846180975599
435.0,0.05028602858262298
436.0,0.05310007424925327
437.0,0.05017452089957506
438.0,0.048925142380915984
439.0,0.05060624929054205
440.0,0.0502073506782311
441.0,0.048783387320046716
442.0,0.04949264315808127
443.0,0.05220532994096156
444.0,0.050308929006163676
445.0,0.04955582589193003
446.0,0.05032035252801473
447.0,0.05091192508033661
448.0,0.04765188273908465
449.0,0.04901312290883977
450.0,0.053316621456537004
451.0,0.05354080013083828
452.0,0.05270071538640616
453.0,0.05060436016997409
454.0,0.04903252268864565
455.0,0.05210299617026107
456.0,0.050470846989427595
457.0,0.04918419196902835
458.0,0.05182222901156935
459.0,0.05001023998906901
460.0,0.049488994584070585
461.0,0.050257273492002756
462.0,0.05043242453043701
463.0,0.050958017800713386
464.0,0.05123271881793951
465.0,0.05158767414524911
466.0,0.05290313698803191
467.0,0.05076510277442255
468.0,0.04919530475334104
469.0,0.05044264462954018
470.0,0.05108961427338977
471.0,0.05087494812353512
472.0,0.05126858427409207
473.0,0.05305578285412056
474.0,0.05183865048604441
475.0,0.05023493274181776
476.0,0.049670477000234796
477.0,0.05039582788692586
478.0,0.050782218767126165
479.0,0.051598992931382946
480.0,0.052614162355318184
481.0,0.051719998354045255
482.0,0.05155493601772534
483.0,0.051371734594146505
484.0,0.050597114046222705
485.0,0.05248878235369714
486.0,0.052574936581265296
487.0,0.051135239595243756
488.0,0.05102509108789138
489.0,0.05241771652558172
490.0,0.052548153332082424
491.0,0.05106363455852024
492.0,0.05094484096403513
493.0,0.051639533280407005
494.0,0.05186675294048297
495.0,0.051409755380263246
496.0,0.054013946865387664
497.0,0.054362593475762694
498.0,0.05269976841971958
499.0,0.05189604400618815
500.0,0.05181510815770333
501.0,0.05245589858818151
502.0,0.053007658522398055
503.0,0.05187221060548463
504.0,0.0525514821841645
505.0,0.053294912383694916
506.0,0.052433322021620224
507.0,0.0515864559434265
508.0,0.05157568024562415
509.0,0.05194483100437903
510.0,0.0518153931751073
511.0,0.05228191970980398
512.0,0.05247216238432521
513.0,0.052167125611703405
514.0,0.05206128366348092
515.0,0.05242411157980353
516.0,0.05276458455421892
517.0,0.05269078679012447
518.0,0.052521386250175446
519.0,0.05277843316747522
520.0,0.05295818439767767
521.0,0.052331681230196436
522.0,0.05230953236294092
523.0,0.05286258589302713
524.0,0.053364028382433946
525.0,0.05268380604355651
526.0,0.052310850585332545
527.0,0.05257376002299724
528.0,0.05319950253273485
529.0,0.05308836452244879
530.0,0.05270788053851285
531.0,0.05267204391837375
532.0,0.053392429685609394
533.0,0.05307230428047936
534.0,0.05270406322550878
535.0,0.052855511847564804
536.0,0.05311487831542242
537.0,0.05307087407935678
538.0,0.05303555683337328
539.0,0.05331361194402303
540.0,0.05344647245102315
541.0,0.05365274423361502
542.0,0.05382417163855653
543.0,0.05366561962206107
544.0,0.05317620512796118
545.0,0.05314034651987711
546.0,0.05366330530987435
547.0,0.053594828649062266
548.0,0.05352795317977013
549.0,0.05354331338057895
550.0,0.05355374863949184
551.0,0.053377240334259904
552.0,0.05323818200453368
553.0,0.05320679253769377
554.0,0.05323827149530525
555.0,0.05371905013796578
556.0,0.05424005130816785
557.0,0.05442821137549785
558.0,0.0542073487146756
559.0,0.053964385440742516
560.0,0.05381679101540499
561.0,0.053753875988886625
562.0,0.05370760645355476
563.0,0.05371608697203139
564.0,0.05386430042428062
565.0,0.05425562697724049
566.0,0.05423719969001119
567.0,0.05414673233328033
568.0,0.054322241288447995
569.0,0.054569578679171914
570.0,0.054318970947149166
571.0,0.05395717607223001
572.0,0.05423519042064604
573.0,0.054572674389443195
574.0,0.054714557533509976
575.0,0.05457459648251153
576.0,0.054244834927243406
577.0,0.05424006194137784
578.0,0.054442534105311614
579.0,0.05458813454325836
580.0,0.05464309862431445
581.0,0.05458601718563111
582.0,0.054436853597614424
583.0,0.054277550797623926
584.0,0.05453889418205937
585.0,0.05473070739250911
586.0,0.05464525522356839
587.0,0.05485199601648489
588.0,0.05493496418169783
589.0,0.05487393446959697
590.0,0.054812163861644184
591.0,0.055007126361551945
592.0,0.05514312901361626
593.0,0.055148375234618456
594.0,0.05521225756383826
595.0,0.055256235557034954
596.0,0.05526798083596964
597.0,0.05526784496754666
598.0,0.05533928464472281
599.0,0.05538151475524011
600.0,0.05532808978735362
601.0,0.05519601883792854
602.0,0.05547590576429483
603.0,0.05568964478434439
604.0,0.05557046636351481
605.0,0.05527228337596181
606.0,0.05528779054798732
607.0,0.05552660673610103
608.0,0.055755092957903374
609.0,0.05596691996409288
610.0,0.05588630137728792
611.0,0.055683185382153694
612.0,0.05581008561845945
613.0,0.055865663007786726
614.0,0.05599671850808522
615.0,0.05620712718006377
616.0,0.056003588263339066
617.0,0.05624492092111905
618.0,0.05651251255491613
619.0,0.05615860029067302
620.0,0.056090964390150655
621.0,0.05621400732958357
622.0,0.05641430194093917
623.0,0.056618839855650964
624.0,0.05651714174489779
625.0,0.05634636750005617
626.0,0.05638508685840603
627.0,0.05668599390483154
628.0,0.056784276992327166
629.0,0.056803421010343955
630.0,0.05711512582004139
631.0,0.057111154657079284
632.0,0.05703044312220336
633.0,0.05704881282728279
634.0,0.057092330756602666
635.0,0.05713112920301081
636.0,0.05721442586970121
637.0,0.05735820780018719
638.0,0.05733734401844561
639.0,0.05725048385156069
640.0,0.05719300512185092
641.0,0.057246393831704136
642.0,0.05745669404238403
643.0,0.05771998931585164
644.0,0.057924577308128784
645.0,0.058029330605803564
646.0,0.0578497408662446
647.0,0.05755579048840676
648.0,0.05745625218446902
649.0,0.057593298349217406
650.0,0.057929242960299034
651.0,0.05831738758660019
652.0,0.05850261617442623
653.0,0.05858268423034281
654.0,0.05848481770008495
655.0,0.05822527499816556
656.0,0.05820609137670103
657.0,0.05818787259332266
658.0,0.05829353895934614
659.0,0.05878212369990623
660.0,0.05890830669316945
661.0,0.05892992971138912
662.0,0.05899702053176215
663.0,0.05881621427109572
664.0,0.05883843868605687
665.0,0.05900100079755282
666.0,0.05912658805673766
667.0,0.05939670632903998
668.0,0.05960395032441551
669.0,0.05960567106310183
670.0,0.05936018274299854
671.0,0.05923954127714926
672.0,0.05941270463681762
673.0,0.05980723068318907
674.0,0.05987922669532081
675.0,0.06004719262587752
676.0,0.0603209590742437
677.0,0.06047602804705649
678.0,0.059952476890976276
679.0,0.05992348956100889
680.0,0.06057600712255094
681.0,0.06067419708888267
682.0,0.06057195329091251
683.0,0.060522109803234816
684.0,0.06063946453864691
685.0,0.06057974896823459
686.0,0.060548365569197606
687.0,0.0605959848995417
688.0,0.06067880104120121
689.0,0.06093718740704075
690.0,0.061186465856864485
691.0,0.061322915055834544
692.0,0.06146136234155002
693.0,0.06153323060441112
694.0,0.061545894661233544
695.0,0.06157821882928351
696.0,0.06193787413358682
697.0,0.06213760791804441
698.0,0.062103752228379834
699.0,0.06215585243773011
700.0,0.062177187764502956
701.0,0.062248532497314206
702.0,0.06244329734962224
703.0,0.06281332887523373
704.0,0.06268987499431138
705.0,0.06249691420946406
706.0,0.06291116798373723
707.0,0.06292385745573827
708.0,0.06281991948758557
709.0,0.06283920106232065
710.0,0.06304534958549327
711.0,0.06332846434965142
712.0,0.06349435392904516
713.0,0.06350023413903141
714.0,0.06384022959896422
715.0,0.06383349191678617
716.0,0.06369478554095435
717.0,0.06403144793335527
718.0,0.06416254190757373
719.0,0.0643192735214641
720.0,0.06457402236748407
721.0,0.06462274742730711
722.0,0.06472713019993492
723.0,0.06475617846852946
724.0,0.06461878249702341
725.0,0.0647930310457629
726.0,0.06486521389148286
727.0,0.06486195665148739
728.0,0.06510349806536515
729.0,0.06536557587721502
730.0,0.06571603487949593
731.0,0.06606884941713896
732.0,0.06597418560530416
733.0,0.0659706470521905
734.0,0.06609876735346833
735.0,0.06626105130991944
736.0,0.06656430990926501
737.0,0.06669247085486919
738.0,0.06671852576811686
739.0,0.06700590374633893
740.0,0.06701723965618783
741.0,0.06706057134774955
742.0,0.0672927984048915
743.0,0.06724963401624263
744.0,0.06735765376288612
745.0,0.06758996368476908
746.0,0.06777373651472368
747.0,0.0679082010819437
748.0,0.06793511728760551
749.0,0.06796379550245865
750.0,0.0682385808635382
751.0,0.06860691348048291
752.0,0.0688202467913698
753.0,0.06884962516370786
754.0,0.06923722167833031
755.0,0.06932573226166495
756.0,0.06923809520197062
757.0,0.06934352247685668
758.0,0.06954036620517183
759.0,0.06988547233512946
760.0,0.07021733759103997
761.0,0.07019793279701787
762.0,0.07036340183342808
763.0,0.07060599826484454
764.0,0.07075937068468616
765.0,0.0708001579157263
766.0,0.07091803570418458
767.0,0.0710888120151941
768.0,0.07124507553433586
769.0,0.07164209758597433
770.0,0.07185107983285662
771.0,0.07185100456954713
772.0,0.07203146380753227
773.0,0.07207829172010131
774.0,0.07216220446158617
775.0,0.07241951541293337
776.0,0.07272472387823944
777.0,0.07308051798846145
778.0,0.07336700296283623
779.0,0.0734659066154715
780.0,0.0734567950458516
781.0,0.07360430824320854
782.0,0.07391838302265948
783.0,0.07417139392272455
784.0,0.07429210836104
785.0,0.07441703251398243
786.0,0.07463049652596296
787.0,0.07483545653357178
788.0,0.07499472815733801
789.0,0.07514625136581118
790.0,0.07534954189195536
791.0,0.07562259732910091
792.0,0.07584025011320754
793.0,0.07605306724309419
794.0,0.07641710849231677
795.0,0.07663655650181912
796.0,0.07679802919562677
797.0,0.07694997835332229
798.0,0.07697279909438814
799.0,0.07735571318867966
800.0,0.07779728768469255
801.0,0.0779230315263539
802.0,0.07794653884823982
803.0,0.07824917140846772
804.0,0.0786317665029976
805.0,0.07864798412472736
806.0,0.07891892657018237
807.0,0.07930437848404609
808.0,0.07961928924041298
809.0,0.07974076398731006
810.0,0.07989647808267414
811.0,0.08016799761772254
812.0,0.08051368017889891
813.0,0.08067307858937448
814.0,0.0807832073951573
815.0,0.08108133632322082
816.0,0.08166321693292045
817.0,0.08160715689719183
818.0,0.08180095291847372
819.0,0.08232412668558967
820.0,0.08248219958158429
821.0,0.08264092986184364
822.0,0.08288048338922924
823.0,0.08317331114512568
824.0,0.08336866342314107
825.0,0.08372323127134822
826.0,0.08407972468247364
827.0,0.0842706486190651
828.0,0.08454272436792884
829.0,0.0849159341693509
830.0,0.08522384432911012
831.0,0.08526497174953873
832.0,0.08532284386333369
833.0,0.08563839204485613
834.0,0.08616219587800324
835.0,0.08654314546020993
836.0,0.0868045894791792
837.0,0.08695679346392128
838.0,0.0870836557353153
839.0,0.08740478001999058
840.0,0.08775344416135217
841.0,0.08817412420581137
842.0,0.08864380933504107
843.0,0.08860594971997873
844.0,0.08869831793575744
845.0,0.08900562097394316
846.0,0.08929975714805335
847.0,0.08993670265935329
848.0,0.09030816427495647
849.0,0.09033125930405707
850.0,0.09059754263109457
851.0,0.09124365344490298
852.0,0.09167077039301418
853.0,0.0916063449424688
854.0,0.09170491102749369
855.0,0.09188164504446693
856.0,0.0923107667362192
857.0,0.09298122676359862
858.0,0.09303876769678524
859.0,0.0931848631784851
860.0,0.09355941367732717
861.0,0.09397326524920949
862.0,0.09434542499495581
863.0,0.09462998370866894
864.0,0.09488356011335389
865.0,0.09524644137860881
866.0,0.09579454252557183
867.0,0.09607784640355072
868.0,0.09604390097646873
869.0,0.09634887027536015
870.0,0.09696564900907283
871.0,0.09752225105373889
872.0,0.09775728063080287
873.0,0.09797214718950364
874.0,0.097949645031512
875.0,0.09798455418729961
876.0,0.09840219009650422
877.0,0.09879552171624137
878.0,0.0995277138137118
879.0,0.10029198531557515
880.0,0.10050340340573449
881.0,0.10072404113919602
882.0,0.10090450183749917
883.0,0.10116162904265777
884.0,0.10175453192640897
885.0,0.10210045555302939
886.0,0.10243647486265796
887.0,0.10289539085707478
888.0,0.10325717589670677
889.0,0.1037325107942814
890.0,0.10414030081465372
891.0,0.10439264290867378
892.0,0.10485118642475542
893.0,0.10495730214247831
894.0,0.10524090722444354
895.0,0.10612627818619194
896.0,0.10638114902418118
897.0,0.10640015585137194
898.0,0.10657105300006199
899.0,0.1071050040874085
900.0,0.1073014969127966
901.0,0.10801981908067995
902.0,0.10892155512155147
903.0,0.10897795937058367
904.0,0.10920902060005024
905.0,0.10956045287891909
906.0,0.10991019596817399
907.0,0.11019261346228455
908.0,0.11052235703075014
909.0,0.11109284772582874
910.0,0.11183068259104717
911.0,0.11229812996202136
912.0,0.11253261591789679
913.0,0.11272299837419253
914.0,0.11298732956385239
915.0,0.11322478318311055
916.0,0.11337830562102098
917.0,0.11405127350093584
918.0,0.11530655220377017
919.0,0.11533471485886944
920.0,0.11530425943862803
921.0,0.11558682828069376
922.0,0.11623422148667259
923.0,0.11723890206132777
924.0,0.11780056724469783
925.0,0.11805166119449331
926.0,0.11848617534382438
927.0,0.1190338090929736
928.0,0.11919832727175668
929.0,0.11907680079521138
930.0,0.11918118515587692
931.0,0.12008891341903641
932.0,0.12112566405718152
933.0,0.12174096473350343
934.0,0.12170152620245112
935.0,0.1216084212317131
936.0,0.121800316458069
937.0,0.12238512196708518
938.0,0.12326413758694231
939.0,0.12440595378050394
940.0,0.12540283075299768
941.0,0.12585124542277756
942.0,0.12556887747692416
943.0,0.12599754680048061
944.0,0.12628045853433129
945.0,0.1265419741192711
946.0,0.1282305460377599
947.0,0.12798595175792266
948.0,0.12817655191760327
949.0,0.12961650631015909
950.0,0.12969027134488897
951.0,0.12921756229470555
952.0,0.12925533206431114
953.0,0.13016194434618847
954.0,0.13110554220503226
955.0,0.13168813914271554
956.0,0.1320843853786635
957.0,0.13233435875597463
958.0,0.13201359101057086
959.0,0.13246025214149104
960.0,0.13356574827971332
961.0,0.1346707063888725
962.0,0.13490994102302162
963.0,0.13502040367171173
964.0,0.1358311376647345
965.0,0.1370209764719381
966.0,0.13619854966248007
967.0,0.13654097657111242
968.0,0.1376237656378449
969.0,0.13845829819029612
970.0,0.13888412771794073
971.0,0.13948382012856222
972.0,0.13964918726309536
973.0,0.13935996069595694
974.0,0.14024023676448236
975.0,0.14213696901389272
976.0,0.14259688859554656
977.0,0.14109606377492043
978.0,0.14168859721632793
979.0,0.14294720502301458
980.0,0.14400136677447345
981.0,0.14450812294000268
982.0,0.14493744984429172
983.0,0.14557014824158673
984.0,0.14573716332654799
985.0,0.1455514780643652
986.0,0.14670180861054208
987.0,0.14804022132910688
988.0,0.14811768514295925
989.0,0.14734524869529184
990.0,0.1487772567603382
991.0,0.14948946216407275
992.0,0.15000279595229649
993.0,0.15082239287265486
994.0,0.1514935668038686
995.0,0.1519960381912502
996.0,0.15316935197485085
997.0,0.15452187235005543
998.0,0.15417698922597262
999.0,0.1549146890029381
1000.0,0.15458818460604712
1001.0,0.15355099776191478
1002.0,0.1545977141783068
1003.0,0.15396114649202067
1004.0,0.1516880005594191
1005.0,0.15284363407113477
1006.0,0.15204548055665246
1007.0,0.15068920540391884
1008.0,0.1510584184569
1009.0,0.1547849812776453
1010.0,0.15798123114758336
1011.0,0.15837382700728778
1012.0,0.16120893584830867
1013.0,0.1596864562017139
1014.0,0.15954203156601277
1015.0,0.16101200321531592
1016.0,0.1620994422427254
1017.0,0.16189233653006993
1018.0,0.16374035176266735
1019.0,0.1662410897286918
1020.0,0.16554341330102967
1021.0,0.16710971533874153
1022.0,0.16780178973718088
1023.0,0.1658334595297185
1024.0,0.1668576236882964
1025.0,0.1664429889720295
1026.0,0.1654045253361712
1027.0,0.1678895948199683
1028.0,0.1680212552339485
1029.0,0.16890732079455384
1030.0,0.17109858355038632
1031.0,0.17251482886217623
1032.0,0.1698201803659104
1033.0,0.1701942044009583
1034.0,0.1705722037763746
1035.0,0.1698235502920381
1036.0,0.17219755068565548
1037.0,0.17515398837948506
1038.0,0.17736515423917676
1039.0,0.180076317916467
1040.0,0.1809558381048923
1041.0,0.1800405577399418
1042.0,0.1791280129447672
1043.0,0.1788874379257352
1044.0,0.17852940530266279
1045.0,0.1790576454782885
1046.0,0.1801239764370177
1047.0,0.1815165775030267
1048.0,0.18255026092475635
1049.0,0.18435624726373495
1050.0,0.18655226484185358
1051.0,0.1880123176642193
1052.0,0.18747163144742543
1053.0,0.18715002359777128
1054.0,0.18914178654460423
1055.0,0.1895753888985852
1056.0,0.19005318370094168
1057.0,0.1915365791702023
1058.0,0.19202173429515196
1059.0,0.1910850488878116
1060.0,0.19326312193944892
1061.0,0.1947673200643897
1062.0,0.19563722824686966
1063.0,0.19683003359729864
1064.0,0.19691075942181635
1065.0,0.19714822340244625
1066.0,0.1977373349168774
1067.0,0.19811319159450227
1068.0,0.19804571944216123
1069.0,0.1976990253951033
1070.0,0.1989472496108795
1071.0,0.19971723966898486
1072.0,0.2010566132381924
1073.0,0.20072259178540286
1074.0,0.20130124930150825
1075.0,0.20213066686503472
1076.0,0.20256735874949827
1077.0,0.20422925814831483
1078.0,0.20579246030534287
1079.0,0.20631428016891998
1080.0,0.20721163766473763
1081.0,0.2088403183613022
1082.0,0.21018668801926613
1083.0,0.21039683628827377
1084.0,0.2107267000741201
1085.0,0.2100705153498811
1086.0,0.21100047419020107
1087.0,0.21241754392447385
1088.0,0.21417311128669497
1089.0,0.2157546492548714
1090.0,0.2174491748344263
1091.0,0.2167447237037992
1092.0,0.21543597134866652
1093.0,0.21501166341356776
1094.0,0.21415598964502203
1095.0,0.2148472058095426
1096.0,0.21717945406949166
1097.0,0.2189805619925504
1098.0,0.22105945107291014
1099.0,0.2228812248876109
1100.0,0.22415528734594115
1101.0,0.22515743488857615
1102.0,0.22633484605813978
1103.0,0.22741769476467422
1104.0,0.22688514462290044
1105.0,0.2266518655371761
1106.0,0.22645806649000297
1107.0,0.22598904994738603
1108.0,0.22687315677697592
1109.0,0.2284405886388749
1110.0,0.23006921848167963
1111.0,0.23176187102679363
1112.0,0.23278146112531253
1113.0,0.23314390288959724
1114.0,0.23364771562065173
1115.0,0.23370947962238436
1116.0,0.2343526429676533
1117.0,0.23519315737964974
1118.0,0.2360892141756426
1119.0,0.2373184469996217
1120.0,0.23837617034477768
1121.0,0.23922253977974792
1122.0,0.24037580113300305
1123.0,0.2415942181562934
1124.0,0.24214364086633933
1125.0,0.24227031661214182
1126.0,0.24228573203965065
1127.0,0.2425493189007851
1128.0,0.24242967912599278
1129.0,0.2430567482827675
1130.0,0.24435688852507675
1131.0,0.24532899249603127
1132.0,0.246864795279066
1133.0,0.24763864646491077
1134.0,0.24797416826961202
1135.0,0.24807489206826547
1136.0,0.2484945234074163
1137.0,0.24873885225289405
1138.0,0.24899402798714743
1139.0,0.24997425071058524
1140.0,0.2511808471553983
1141.0,0.25198730117853657
1142.0,0.25309178605572247
1143.0,0.25493974661343266
1144.0,0.25595645158947483
1145.0,0.25642861785902865
1146.0,0.25723082154441923
1147.0,0.2577107799127671
1148.0,0.25857721901230374
1149.0,0.25968824462946044
1150.0,0.2609862890188102
1151.0,0.2622594632370907
1152.0,0.2634460541422663
1153.0,0.2641065835229732
1154.0,0.2643564555319591
1155.0,0.2649172196989765
1156.0,0.2656999283246542
1157.0,0.266519418311979
1158.0,0.26780478525624357
1159.0,0.26876724922043466
1160.0,0.26961653968013677
1161.0,0.2703026030891432
1162.0,0.2707546266576756
1163.0,0.27141352667703444
1164.0,0.2718138840945414
1165.0,0.27260970837556614
1166.0,0.2736476235115243
1167.0,0.2751344102997742
1168.0,0.27625357839402653
1169.0,0.27710161063090677
1170.0,0.2777103106127876
1171.0,0.27802001929895026
1172.0,0.27860904423961746
1173.0,0.27918083160944845
1174.0,0.28003636092598094
1175.0,0.2812215743170202
1176.0,0.2821268333726469
1177.0,0.28293990209304687
1178.0,0.2838814556253067
1179.0,0.2847857399144807
1180.0,0.2857437988349469
1181.0,0.2868395957616928
1182.0,0.28812702256509987
1183.0,0.2889658555278993
1184.0,0.28926708241114896
1185.0,0.2899941994759326
1186.0,0.29102696393631944
1187.0,0.29194114650266395
1188.0,0.29315368575997053
1189.0,0.2942229033684587
1190.0,0.2953245979013333
1191.0,0.2959053221407348
1192.0,0.29606153903786075
1193.0,0.2968958325761104
1194.0,0.2978417020228427
1195.0,0.2984558450330845
1196.0,0.29931409299593104
1197.0,0.30008302213803084
1198.0,0.3002266358013219
1199.0,0.30059623658746243
1200.0,0.30194615536370023
1201.0,0.3037777983352219
1202.0,0.3050498365448158
1203.0,0.3059440451842159
1204.0,0.3068969990322992
1205.0,0.3074129193194732
1206.0,0.3082315287097201
1207.0,0.30937790717351005
1208.0,0.3101806402550345
1209.0,0.31078741143676974
1210.0,0.31137339182749807
1211.0,0.3117557300173896
1212.0,0.31234865642008747
1213.0,0.31264884829869116
1214.0,0.3135092844841349
1215.0,0.31497226786508487
1216.0,0.3160041013034206
1217.0,0.3175263794089739
1218.0,0.31946726772222495
1219.0,0.3208959220962264
1220.0,0.3224022681983021
1221.0,0.32332287228891016
1222.0,0.3237416883141677
1223.0,0.3243322726746105
1224.0,0.3244218757499889
1225.0,0.32501874343019105
1226.0,0.3259749891987767
1227.0,0.3267391638824154
1228.0,0.3275851897957939
1229.0,0.328370133834043
1230.0,0.3291145943147497
1231.0,0.3298192162473214
1232.0,0.33050588544965415
1233.0,0.33108304353591655
1234.0,0.33209015734762615
1235.0,0.33283731752164114
1236.0,0.3338787582975212
1237.0,0.3353028399883669
1238.0,0.3364561406371682
1239.0,0.33746242272469046
1240.0,0.3386618185949903
1241.0,0.34004993905614084
1242.0,0.3411184101390841
1243.0,0.34202772793054476
1244.0,0.34312184423819075
1245.0,0.34426235660499777
1246.0,0.345184441261365
1247.0,0.3460104368070366
1248.0,0.3470600030072296
1249.0,0.3479751027167839
1250.0,0.34888863238622503
1251.0,0.3504186316961273
1252.0,0.351306928421864
1253.0,0.3520539644400203
1254.0,0.35239127477886795
1255.0,0.35301270808598534
1256.0,0.35346897672072924
1257.0,0.35414098731818
1258.0,0.3549852569285996
1259.0,0.3557865873603501
1260.0,0.3564311206840924
1261.0,0.3574890427460152
1262.0,0.35914311044733466
1263.0,0.3601236500516869
1264.0,0.3609442506908718
1265.0,0.3618315365959699
1266.0,0.36202554658616565
1267.0,0.36278213394382225
1268.0,0.36408361884008095
1269.0,0.365327195404019
1270.0,0.36649431698528095
1271.0,0.36786468727489374
1272.0,0.36877630700984937
1273.0,0.36941515691871185
1274.0,0.37021824402022513
1275.0,0.37081985697812025
1276.0,0.3715944044134673
1277.0,0.3725986251174601
1278.0,0.3733465061074456
1279.0,0.3740062126461864
1280.0,0.3746220368951877
1281.0,0.3751197242457015
1282.0,0.37561595017338806
1283.0,0.37571838915006844
1284.0,0.3764187037310375
1285.0,0.37743260165801273
1286.0,0.3784762779134361
1287.0,0.3802106837265441
1288.0,0.38160265546764166
1289.0,0.3825337030710622
1290.0,0.3830480245237916
1291.0,0.3838059688267862
1292.0,0.3842163837142579
1293.0,0.38495239947602794
1294.0,0.3859461132765869
1295.0,0.38684969567115224
1296.0,0.38756724744219306
1297.0,0.38867216837685614
1298.0,0.3901740797646561
1299.0,0.39138133650566076
1300.0,0.39261884209217685
1301.0,0.39389582781905896
1302.0,0.3950613131486916
1303.0,0.396213397240042
1304.0,0.39764002334147125
1305.0,0.3987711430368674
1306.0,0.3997338082837369
1307.0,0.40044598708434753
1308.0,0.4012517294985521
1309.0,0.40170503361852505
1310.0,0.4029126232975775
1311.0,0.40465108470675887
1312.0,0.40576116855919053
1313.0,0.40715159572100884
1314.0,0.40807507606025034
1315.0,0.40829301848967364
1316.0,0.4088462331269516
1317.0,0.4092524652759679
1318.0,0.41008584815083576
1319.0,0.4112629850579154
1320.0,0.41214403522230014
1321.0,0.4132405306966408
1322.0,0.4142071917165355
1323.0,0.4146667273660006
1324.0,0.41549047085989066
1325.0,0.41671166193007325
1326.0,0.41774473238516713
1327.0,0.4187564036869493
1328.0,0.41981967132291165
1329.0,0.4207639013869389
1330.0,0.421533164257778
1331.0,0.4225045463580822
1332.0,0.4234791785711405
1333.0,0.4246016612754767
1334.0,0.42593040171719687
1335.0,0.4270590658138752
1336.0,0.4281925024033466
1337.0,0.4293133513698914
1338.0,0.43053343274419187
1339.0,0.43138949893149403
1340.0,0.43193603767634775
1341.0,0.43273418446001544
1342.0,0.4331650907154048
1343.0,0.4339758999593237
1344.0,0.4351965202489353
1345.0,0.43641155603725845
1346.0,0.4375720139499361
1347.0,0.4392833101776502
1348.0,0.4403778496761686
1349.0,0.44144593138494986
1350.0,0.4423224206180059
1351.0,0.44257268806821665
1352.0,0.44364387619676127
1353.0,0.4451912713744313
1354.0,0.4463274515557733
1355.0,0.44783088880053223
1356.0,0.44880388741745075
1357.0,0.4491623126101253
1358.0,0.4498178550623876
1359.0,0.45024817199296324
1360.0,0.45105634263482697
1361.0,0.45213996641138143
1362.0,0.45315667061248444
1363.0,0.4544309525662161
1364.0,0.45556357224234084
1365.0,0.4566622759037979
1366.0,0.4576204254314863
1367.0,0.45841057168534527
1368.0,0.4593500844126525
1369.0,0.460073961766672
1370.0,0.46046980872962184
1371.0,0.4614343077279953
1372.0,0.4626314714269911
1373.0,0.46357154585514665
1374.0,0.46481675962500024
1375.0,0.46564605973534273
1376.0,0.46590062645444674
1377.0,0.4668148645933329
1378.0,0.4678266289474458
1379.0,0.4690417307157438
1380.0,0.4708743119836219
1381.0,0.4721407921015848
1382.0,0.473404847438077
1383.0,0.4744034055592062
1384.0,0.4749675950446855
1385.0,0.4756199682817585
1386.0,0.47598034112509113
1387.0,0.4766090217796083
1388.0,0.47736430411761177
1389.0,0.4781261819737679
1390.0,0.4787545930719581
1391.0,0.4800294636689019
1392.0,0.48099677066419444
1393.0,0.48192929119329275
1394.0,0.48289435609296844
1395.0,0.48396830345047537
1396.0,0.4847838773275034
1397.0,0.485439783547131
1398.0,0.4862532074103742
1399.0,0.4870361750945524
1400.0,0.4877820676993171
1401.0,0.48856589662277977
1402.0,0.48934583422893224
1403.0,0.48999265271441167
1404.0,0.4907901507341666
1405.0,0.49190197889812237
1406.0,0.49264291326897236
1407.0,0.49311550100275087
1408.0,0.49379083325007006
1409.0,0.4942869661756194
1410.0,0.49498323380787834
1411.0,0.49618493175930783
1412.0,0.49692181572810934
1413.0,0.49725477595806766
1414.0,0.4977648603136951
1415.0,0.4987184905716173
1416.0,0.49966416911371525
1417.0,0.5007009329930646
1418.0,0.5023877079198024
1419.0,0.5033521413539378
1420.0,0.5037491322990217
1421.0,0.5046387566710188
1422.0,0.5055218314048131
1423.0,0.5065724841834053
1424.0,0.5079133351432904
1425.0,0.509102265389698
1426.0,0.5104558593726866
1427.0,0.5114303250046422
1428.0,0.5120605913666276
1429.0,0.5129500754516408
1430.0,0.5137208823410172
1431.0,0.5146022208130999
1432.0,0.5158645570349287
1433.0,0.5168243157682999
1434.0,0.5173894093419135
1435.0,0.5182847362247056
1436.0,0.5192152307268572
1437.0,0.5202246650665541
1438.0,0.5215052855201234
1439.0,0.5228242658750251
1440.0,0.5236645360212911
1441.0,0.5245540507824944
1442.0,0.5252340476672086
1443.0,0.5258056916774317
1444.0,0.5267624145051446
1445.0,0.5279573164853366
1446.0,0.5290622968006882
1447.0,0.5303529866237793
1448.0,0.5315344806844103
1449.0,0.5326624846200273
1450.0,0.533775977971065
1451.0,0.5349062496010734
1452.0,0.5359896172972464
1453.0,0.5370317919532765
1454.0,0.5380320280446429
1455.0,0.5392116906103399
1456.0,0.5399359562351116
1457.0,0.5402738263345059
1458.0,0.5408299261488849
1459.0,0.5410459942316167
1460.0,0.5416214120136731
1461.0,0.5424799042271834
1462.0,0.5433737318841919
1463.0,0.5444795858471037
1464.0,0.5454575471111578
1465.0,0.5465005849654727
1466.0,0.5474731727611647
1467.0,0.5482855586170701
1468.0,0.5491172248289122
1469.0,0.5501690082281284
1470.0,0.5516253304388163
1471.0,0.5528506043585163
1472.0,0.5543326488502875
1473.0,0.5553677110509648
1474.0,0.5560867126164446
1475.0,0.5569532904979412
1476.0,0.5576617323255691
1477.0,0.5586445578029104
1478.0,0.5597145476745146
1479.0,0.5608901961817685
1480.0,0.562316961348822
1481.0,0.563490503801483
1482.0,0.5647271974662964
1483.0,0.5657368800097995
1484.0,0.5664498057635722
1485.0,0.5673311072787972
1486.0,0.568031220549515
1487.0,0.5690676905389155
1488.0,0.5703876579842965
1489.0,0.571607233929822
1490.0,0.5731612803072315
1491.0,0.5742905053339207
1492.0,0.5750038754949862
1493.0,0.5759930997524385
1494.0,0.5770223059536133
1495.0,0.5779116071996514
1496.0,0.5786686124733447
1497.0,0.5797051282413095
1498.0,0.5808699631165397
1499.0,0.5818700676639612
1500.0,0.5829672795301705
1501.0,0.5842750171759274
1502.0,0.5851013812126106
1503.0,0.5858845198255375
1504.0,0.5868852181354773
1505.0,0.5880160254988844
1506.0,0.5891010159949855
1507.0,0.5903080338027615
1508.0,0.5913472561925416
1509.0,0.592300881931201
1510.0,0.5933699215681757
1511.0,0.5944462689130885
1512.0,0.5954598558540117
1513.0,0.5966261825932098
1514.0,0.5974593492087614
1515.0,0.5978666861485994
1516.0,0.5987211241245193
1517.0,0.5995471393057116
1518.0,0.6006354598125061
1519.0,0.6023687518357593
1520.0,0.6034587498087061
1521.0,0.6042116821629206
1522.0,0.6051711343047619
1523.0,0.6057074148873363
1524.0,0.6067835245699187
1525.0,0.6085684056575575
1526.0,0.6098006442081542
1527.0,0.6110197649054732
1528.0,0.6121003777192151
1529.0,0.6126616439938961
1530.0,0.6135776514193801
1531.0,0.614780973540584
1532.0,0.6157652182892862
1533.0,0.6166795183405901
1534.0,0.6176592495443772
1535.0,0.6184623000664771
1536.0,0.6194341340049702
1537.0,0.6206002239747694
1538.0,0.6217812330963646
1539.0,0.6228834273449202
1540.0,0.6242495432632036
1541.0,0.6255949472798379
1542.0,0.6270859264888937
1543.0,0.6283502001372904
1544.0,0.6297141259835705
1545.0,0.6306604529617643
1546.0,0.6311851191362796
1547.0,0.632097801049835
1548.0,0.6329543158232194
1549.0,0.6338310074159819
1550.0,0.6349927789841193
1551.0,0.6358594296481973
1552.0,0.636315479510376
1553.0,0.6373030934453012
1554.0,0.6386312828294891
1555.0,0.6395555982992532
1556.0,0.6405021620705701
1557.0,0.6414919090249246
1558.0,0.6421307079382413
1559.0,0.6431271845586373
1560.0,0.6445937321105794
1561.0,0.6456924045391023
1562.0,0.6466268193497595
1563.0,0.6476195571824217
1564.0,0.648491389194323
1565.0,0.6494912372538449
1566.0,0.6505263229260109
1567.0,0.6516819526367008
1568.0,0.6531097361630276
1569.0,0.6541813377716628
1570.0,0.6551154609441643
1571.0,0.6561174462096929
1572.0,0.6568386249857613
1573.0,0.657775537710954
1574.0,0.6589863975935445
1575.0,0.6600501097935043
1576.0,0.6610625678676837
1577.0,0.66210105159877
1578.0,0.6631238137687996
1579.0,0.6641447130326993
1580.0,0.6652500084346722
1581.0,0.6662189444865356
1582.0,0.6670320084748816
1583.0,0.6679385531457661
1584.0,0.6686876513679806
1585.0,0.6696499491213714
1586.0,0.6710204671224631
1587.0,0.6720725479847762
1588.0,0.6730865825114628
1589.0,0.6740141791516884
1590.0,0.6748011137997142
1591.0,0.6752618925762937
1592.0,0.6760083891520255
1593.0,0.676801660555014
1594.0,0.6776594693236905
1595.0,0.6785243138864321
1596.0,0.6796108488990708
1597.0,0.6808733006049428
1598.0,0.6820353002693559
1599.0,0.6834367128736955
1600.0,0.6843856087237706
1601.0,0.6850807826303652
1602.0,0.6858457631367276
1603.0,0.6862921392896553
1604.0,0.6872134693555072
1605.0,0.688234033160248
1606.0,0.6895671467601932
1607.0,0.6914815877924548
1608.0,0.6927068546850577
1609.0,0.6939019204752946
1610.0,0.6948917090949362
1611.0,0.6952830864011261
1612.0,0.6961834681030312
1613.0,0.6973337062051765
1614.0,0.6983221880391058
1615.0,0.6994212292314058
1616.0,0.7003372199038057
1617.0,0.7009949127519897
1618.0,0.701945849042327
1619.0,0.7029431104534073
1620.0,0.704002298931357
1621.0,0.7054003377648457
1622.0,0.7064091193669343
1623.0,0.7072592838265561
1624.0,0.7080561816786591
1625.0,0.7085533371268478
1626.0,0.7093039312307893
1627.0,0.7102398900823567
1628.0,0.7109529463603284
1629.0,0.7114572167256036
1630.0,0.7123247455278785
1631.0,0.7132786392630401
1632.0,0.7141945454254824
1633.0,0.7155559827408571
1634.0,0.7164521506501166
1635.0,0.7168231553472892
1636.0,0.717581703961297
1637.0,0.7183374254700118
1638.0,0.7192506627243819
1639.0,0.7204790347674586
1640.0,0.7215187479491695
1641.0,0.7227409924675535
1642.0,0.7235407374884822
1643.0,0.7238960655366471
1644.0,0.7245984825513958
1645.0,0.7251271283442906
1646.0,0.7258263884319626
1647.0,0.726835616719618
1648.0,0.727782973643667
1649.0,0.7286370830622084
1650.0,0.7296567816318906
1651.0,0.7310395415165158
1652.0,0.7321242358016561
1653.0,0.7331480164552117
1654.0,0.7340511494083634
1655.0,0.7347363387614987
1656.0,0.7353609202341619
1657.0,0.7357715920175414
1658.0,0.7364057189255826
1659.0,0.7370297434550057
1660.0,0.7377745992106567
1661.0,0.7387373262026175
1662.0,0.7396858552194816
1663.0,0.7407071817014445
1664.0,0.7415874522186576
1665.0,0.7425487115814975
1666.0,0.7433456240433962
1667.0,0.7438645901748739
1668.0,0.7446089981176838
1669.0,0.7454052997897425
1670.0,0.7461215640845169
1671.0,0.7466128517152769
1672.0,0.7475917322316622
1673.0,0.7488521828391443
1674.0,0.750074778730696
1675.0,0.7517407459746296
1676.0,0.7532357107732759
1677.0,0.7546910715523945
1678.0,0.7558935767030587
1679.0,0.7568287887023719
1680.0,0.7580719282005903
1681.0,0.7593514449844638
1682.0,0.7604030778542089
1683.0,0.7615267039340069
1684.0,0.7627413712892541
1685.0,0.7638528891604673
1686.0,0.7647494566176314
1687.0,0.7657326341687686
1688.0,0.7666666591471267
1689.0,0.7670543316332059
1690.0,0.7678698705408813
1691.0,0.7691958631238441
1692.0,0.7702360965034692
1693.0,0.7711305758995164
1694.0,0.7722292547507291
1695.0,0.773385659633292
1696.0,0.7745310269635057
1697.0,0.7758371645336809
1698.0,0.77708119203708
1699.0,0.7782172284331128
1700.0,0.779317344758922
1701.0,0.7805555599049953
1702.0,0.7815130925088799
1703.0,0.7821782682619515
1704.0,0.7830868102145072
1705.0,0.7839508843514967
1706.0,0.7847882794783343
1707.0,0.7859214925268884
1708.0,0.78675176464633
1709.0,0.7870356196260255
1710.0,0.7878421593690207
1711.0,0.7888811841149725
1712.0,0.7898601816733797
1713.0,0.791161116477501
1714.0,0.792315792314131
1715.0,0.7931324302268062
1716.0,0.7942686950137287
1717.0,0.7958542726813808
1718.0,0.7971427619498194
1719.0,0.7985473723659086
1720.0,0.7995162623774402
1721.0,0.7999142426375481
1722.0,0.8005533041437222
1723.0,0.8010177730511857
1724.0,0.80175846811741
1725.0,0.8028918136059464
1726.0,0.8036602396713343
1727.0,0.8041948935048593
1728.0,0.8049342237465303
1729.0,0.8056314654675183
1730.0,0.8062216615249156
1731.0,0.8070099816551819
1732.0,0.8077616338914768
1733.0,0.8083945428841941
1734.0,0.8089473447085883
1735.0,0.8094609837566537
1736.0,0.8101302837009299
1737.0,0.8106667956534879
1738.0,0.8112741897567782
1739.0,0.8120792223518752
1740.0,0.8125932048643424
1741.0,0.8127694760620188
1742.0,0.8137216493050096
1743.0,0.8149896366141136
1744.0,0.8162160098145471
1745.0,0.8180441097845249
1746.0,0.8191113823166811
1747.0,0.8197693589092043
1748.0,0.8206677185119715
1749.0,0.8215035082956689
1750.0,0.8221236576582517
1751.0,0.8225396927957858
1752.0,0.8231501923803183
1753.0,0.8234368134718207
1754.0,0.8245485039769989
1755.0,0.8261287893923159
1756.0,0.8278498136479343
1757.0,0.8289290679514916
1758.0,0.8294548415219181
1759.0,0.829790330773801
1760.0,0.8299469590187091
1761.0,0.8303668240286208
1762.0,0.8312178569509472
1763.0,0.8321623878638167
1764.0,0.8331666740982877
1765.0,0.8350601442330098
1766.0,0.8367273699940839
1767.0,0.8381475269680326
1768.0,0.839272747561056
1769.0,0.8391018905617389
1770.0,0.839433227070159
1771.0,0.8397773412279642
1772.0,0.8397122379802373
1773.0,0.8405174488712284
1774.0,0.8410892815506927
1775.0,0.8412770824381259
1776.0,0.8418176300429359
1777.0,0.8428050535593749
1778.0,0.8440719493546999
1779.0,0.844865571155882
1780.0,0.8457598603849662
1781.0,0.8468278836965037
1782.0,0.8469857234575026
1783.0,0.847853036945408
1784.0,0.8496677619520379
1785.0,0.8505227138156645
1786.0,0.8511413239530534
1787.0,0.8518674099057528
1788.0,0.851947094587122
1789.0,0.8523183335270013
1790.0,0.8536951063177293
1791.0,0.8547375643107338
1792.0,0.856357599657632
1793.0,0.8573687301281967
1794.0,0.8575620554334509
1795.0,0.858533723435527
1796.0,0.8596567278780807
1797.0,0.8602898957817428
1798.0,0.8613938088395378
1799.0,0.8615182781323766
1800.0,0.8616655399218812
1801.0,0.8658130173031777
1802.0,0.8660226236729891
1803.0,0.8652109002257361
1804.0,0.8657930619124702
1805.0,0.8660650271509923
1806.0,0.8677305088277171
1807.0,0.8717031858440061
1808.0,0.8730167610342665
1809.0,0.8743926983334704
1810.0,0.8746366979745737
1811.0,0.8720463708094337
1812.0,0.8711633205673661
1813.0,0.8719456865746842
1814.0,0.8727110953607813
1815.0,0.8734470080143084
1816.0,0.875183338505432
1817.0,0.8762822621439479
1818.0,0.876194444705968
1819.0,0.8775052965122784
1820.0,0.8804991982483659
1821.0,0.8821792306439677
1822.0,0.8833189613554998
1823.0,0.8855077444776458
1824.0,0.8860266525150985
1825.0,0.885934028863089
1826.0,0.8864152515740834
1827.0,0.8869171923306024
1828.0,0.8873152669558609
1829.0,0.8878753368257344
1830.0,0.8883580902782913
1831.0,0.888658397636525
1832.0,0.8885458691687679
1833.0,0.8896240990841282
1834.0,0.8914477998131872
1835.0,0.8939095866069223
1836.0,0.8986339703679446
1837.0,0.9005188765031036
1838.0,0.901793962498631
1839.0,0.902878545210633
1840.0,0.9022037738823456
1841.0,0.9023596911199535
1842.0,0.9037339794289351
1843.0,0.9044636996538701
1844.0,0.9056535327451719
1845.0,0.9063492486693892
1846.0,0.9068968188043469
1847.0,0.9070198563891466
1848.0,0.9078430888435219
1849.0,0.9091421409590456
1850.0,0.9096411761680061
1851.0,0.9104841182566827
1852.0,0.9102993721099256
1853.0,0.9093348567193702
1854.0,0.9094334949406271
1855.0,0.9086831255396288
1856.0,0.9087412466344128
1857.0,0.9096931422137405
1858.0,0.9115309898935247
1859.0,0.9122397714965216
1860.0,0.9132624418746595
1861.0,0.9145531746093443
1862.0,0.9145684874089272
1863.0,0.9156535791529266
1864.0,0.9174342054762307
1865.0,0.9182384515046946
1866.0,0.9183636525615142
1867.0,0.9178125527563903
1868.0,0.9178884478258715
1869.0,0.9177211200674478
1870.0,0.91822127431502
1871.0,0.919514562267988
1872.0,0.9207685350691299
1873.0,0.9207286846763556
1874.0,0.9207053546642866
1875.0,0.9207245031542183
1876.0,0.918944719359836
1877.0,0.9176988793326935
1878.0,0.9175674683816263
1879.0,0.9166365599953239
1880.0,0.9151700416354586
1881.0,0.9141338247772965
1882.0,0.9134060836302355
1883.0,0.9119105047851805
1884.0,0.9102883872871902
1885.0,0.9084869997583451
1886.0,0.905397963761315
1887.0,0.9016966759109387
1888.0,0.8987006411807944
1889.0,0.8960703667946806
1890.0,0.8941359817431764
1891.0,0.8937516308550849
1892.0,0.8922787336406544
1893.0,0.8885104597787299
1894.0,0.8852416691806431
1895.0,0.8804665522200851
1896.0,0.8767149581458793
1897.0,0.8743827512210163
1898.0,0.8707673344370858
1899.0,0.8677673356284342
1900.0,0.8627641470806334
1901.0,0.8584966164671414
1902.0,0.8537690185692122
1903.0,0.8509862977573701
1904.0,0.8475172773688163
1905.0,0.8457232600980562
1906.0,0.8444116890332534
1907.0,0.841017577338666
1908.0,0.83834815210716
1909.0,0.8354917743083936
1910.0,0.8309226651389624
1911.0,0.8273032001174014
1912.0,0.8243210058895346
1913.0,0.8229059489621379
1914.0,0.8221717016515078
1915.0,0.8239708330795069
1916.0,0.8263672323101451
1917.0,0.8281987459885795
1918.0,0.8287057878871608
1919.0,0.8285360980796336
1920.0,0.8275331158628709
1921.0,0.8256477742064467
1922.0,0.824428771830913
1923.0,0.8233613141079661
1924.0,0.8234833547634113
1925.0,0.8243802441819079
1926.0,0.8266035187216585
1927.0,0.8289052363981896
1928.0,0.8308947826414309
1929.0,0.8313319576353989
1930.0,0.832013903393237
1931.0,0.8331066517044319
1932.0,0.8338340980220895
1933.0,0.8344823948039197
1934.0,0.8351125425278297
1935.0,0.8356009269753669
1936.0,0.8352432008817349
1937.0,0.8360121601791082
1938.0,0.8377202403295813
1939.0,0.839713523979739
1940.0,0.8410535930150657
1941.0,0.8441477483863764
1942.0,0.8461537523892345
1943.0,0.8466952285163138
1944.0,0.8480269570813763
1945.0,0.8477103646206048
1946.0,0.8479572092018902
1947.0,0.8491326068834042
1948.0,0.8498830314725918
1949.0,0.8501064904239372
1950.0,0.8519867219433961
1951.0,0.853748366367503
1952.0,0.85572906394467
1953.0,0.8584998472770655
1954.0,0.8598620372698268
1955.0,0.8606761254728641
1956.0,0.8605443233210893
1957.0,0.859772519054264
1958.0,0.8606817111344883
1959.0,0.8622365964255809
1960.0,0.8649502560419541
1961.0,0.8668348602509107
1962.0,0.8696733024592013
1963.0,0.8712811882108609
1964.0,0.8713978735332522
1965.0,0.8726804514756894
1966.0,0.8743506063721679
1967.0,0.8758720565856818
1968.0,0.8783160223605597
1969.0,0.8812818015612629
1970.0,0.8823456902419076
1971.0,0.882695415586599
1972.0,0.8832105950018735
1973.0,0.8817854984118516
1974.0,0.8818015169977054
1975.0,0.8823714792001731
1976.0,0.8843178458548964
1977.0,0.8857688050041188
1978.0,0.887971153997723
1979.0,0.889729132740625
1980.0,0.8919032219546628
1981.0,0.8936248320718427
1982.0,0.8947877980318039
1983.0,0.8967484021233513
1984.0,0.8972596185908885
1985.0,0.8986829655584778
1986.0,0.9012375161016187
1987.0,0.9027708163205878
1988.0,0.9035909355173412
1989.0,0.9056183017685039
1990.0,0.9065144614264051
1991.0,0.9068602218306412
1992.0,0.9094327497749587
1993.0,0.9110743922327031
1994.0,0.9127858223198537
1995.0,0.9159433755841168
1996.0,0.9178025647146478
1997.0,0.9187102615472607
1998.0,0.9201153520548058
1999.0,0.9213126237268577
2000.0,0.9220394998623582
2001.0,0.922307333780586
2002.0,0.9233187484620675
2003.0,0.9246628906881782
2004.0,0.9264384385120217
2005.0,0.9285367935997427
2006.0,0.931277811267832
2007.0,0.9321827895331947
2008.0,0.9337166862671461
2009.0,0.9351257693833188
2010.0,0.9359848469024357
2011.0,0.9375831460087586
2012.0,0.9395941564659511
2013.0,0.940767247415026
2014.0,0.9417764076544541
2015.0,0.9434387959309316
2016.0,0.9438608700231669
2017.0,0.9462072722388072
2018.0,0.9495073065232502
2019.0,0.9522730293622709
2020.0,0.9551142812586622
2021.0,0.9576130255365694
2022.0,0.9596412201011103
2023.0,0.9600438695620187
2024.0,0.9605766668433446
2025.0,0.9605623425457436
2026.0,0.9609906228987053
2027.0,0.960226530653598
2028.0,0.9613583072865373
2029.0,0.9639318007893946
2030.0,0.9658621777335319
2031.0,0.9679232524848401
2032.0,0.9695955869417687
2033.0,0.9709404607907806
2034.0,0.9714727633804335
2035.0,0.9713259993408763
2036.0,0.9729734798307479
2037.0,0.974376122441164
2038.0,0.9754098269761384
2039.0,0.9764996422958828
2040.0,0.9786968406229937
2041.0,0.9799208376140068
2042.0,0.9804777573807818
2043.0,0.9813510153887504
2044.0,0.9825078287013564
2045.0,0.9822027230511223
2046.0,0.9829377021197852
2047.0,0.9834007661766462
2048.0,0.9828238200665497
2049.0,0.9839033193092749
2050.0,0.984910221532038
2051.0,0.9852436823938595
2052.0,0.9866502151235594
2053.0,0.9891643140849404
2054.0,0.9907327353768143
2055.0,0.9927490827765303
2056.0,0.9940091182914043
2057.0,0.9944173739747676
2058.0,0.9956990962948163
2059.0,0.9967283588817657
2060.0,0.9983963545485457
2061.0,1.00004592738915
2062.0,1.0018534763857205
2063.0,1.0043524631842426
2064.0,1.0053729649218268
2065.0,1.0063662600611594
2066.0,1.007369054154223
2067.0,1.008024787032892
2068.0,1.0073291985016382
2069.0,1.0077879900218452
2070.0,1.0090280677136783
2071.0,1.010245725850739
2072.0,1.0116964353537043
2073.0,1.0135698377187576
2074.0,1.0168463763209676
2075.0,1.0175073204596563
2076.0,1.0181709660289893
2077.0,1.0184018532798664
2078.0,1.0174235851543354
2079.0,1.01685392333049
2080.0,1.01842737079338
2081.0,1.0200373789806727
2082.0,1.0210556701413838
2083.0,1.0231531585646998
2084.0,1.0231333705122247
2085.0,1.0205074084891443
2086.0,1.0205790282494083
2087.0,1.02077772398381
2088.0,1.0217274328274626
2089.0,1.0245498658271757
2090.0,1.0268094600857165
2091.0,1.027765270091344
2092.0,1.030127038444814
2093.0,1.030906431882162
2094.0,1.0296114347993142
2095.0,1.0295500211797366
2096.0,1.0285984512822854
2097.0,1.0297579004433017
2098.0,1.0334348095298747
2099.0,1.0352783873119427
2100.0,1.0380847435795988
2101.0,1.0390953987839542
2102.0,1.0375384693179777
2103.0,1.0379464196199688
2104.0,1.0382790413354197
2105.0,1.0387744957556118
2106.0,1.0393713783873817
2107.0,1.0424005553673878
2108.0,1.0435997273851814
2109.0,1.0443362870566997
2110.0,1.0474353491344215
2111.0,1.0484667400796353
2112.0,1.0480176833782373
2113.0,1.0491862058595303
2114.0,1.0494944754983382
2115.0,1.0481735881950727
2116.0,1.048667600851072
2117.0,1.05042997177448
2118.0,1.0510998390105308
2119.0,1.0515976737244266
2120.0,1.0518238619574893
2121.0,1.0515480439184528
2122.0,1.0520821504612499
2123.0,1.053415192235664
2124.0,1.0542870896125662
2125.0,1.055595489479976
2126.0,1.055308179497812
2127.0,1.0560596091121262
2128.0,1.0556033921904888
2129.0,1.0551836414830402
2130.0,1.0552727765538237
2131.0,1.0558406639917266
2132.0,1.0563382668649013
2133.0,1.0567369324024998
2134.0,1.0575596196823347
2135.0,1.0587272906987797
2136.0,1.0601186122144624
2137.0,1.0605641022453074
2138.0,1.0614227239227536
2139.0,1.06154615457758
2140.0,1.0597128934744113
2141.0,1.0592576242370704
2142.0,1.059452876255154
2143.0,1.060134176185669
2144.0,1.059305126302649
2145.0,1.0582460628386559
2146.0,1.056875318404956
2147.0,1.0553939807334622
2148.0,1.0571377810827485
2149.0,1.05848288467334
2150.0,1.0606997819556794
2151.0,1.063968713124784
2152.0,1.0647870765119567
2153.0,1.0640305331256887
2154.0,1.063868460573378
2155.0,1.0615992780077308
2156.0,1.061266204565246
2157.0,1.0615403121909173
2158.0,1.0629229766418367
2159.0,1.0664494948181737
2160.0,1.068575703108988
2161.0,1.0715442998881828
2162.0,1.0729324284590287
2163.0,1.072776157530615
2164.0,1.0723993112724215
2165.0,1.0730024643774259
2166.0,1.0724484223067652
2167.0,1.071997002861656
2168.0,1.0712329757463526
2169.0,1.0687167333354952
2170.0,1.0680511083437734
2171.0,1.0678031431096369
2172.0,1.0679053177100677
2173.0,1.0693322912887797
2174.0,1.0727173249499886
2175.0,1.073924719139892
2176.0,1.076064172940463
2177.0,1.075915541771854
2178.0,1.0732266864636726
2179.0,1.0717480069798102
2180.0,1.0686445366518966
2181.0,1.0671048344415772
2182.0,1.0669606872091848
2183.0,1.066310312229937
2184.0,1.0653600548091873
2185.0,1.0660869081058126
2186.0,1.0676878713532159
2187.0,1.0684189029847202
2188.0,1.0705183608957531
2189.0,1.0730834069891715
2190.0,1.0734589593180788
2191.0,1.0750762194955723
2192.0,1.075798873478072
2193.0,1.0757418268460945
2194.0,1.0762915718658768
2195.0,1.0767574943178726
2196.0,1.0771999911285908
2197.0,1.0779248674621302
2198.0,1.0781807524090745
2199.0,1.077313304251593
2200.0,1.078804924691888
2201.0,1.0826819229621643
2202.0,1.0841046382163204
2203.0,1.0866379724079498
2204.0,1.086847821197873
2205.0,1.0835960401130247
2206.0,1.0808348449373657
2207.0,1.0803176699002421
2208.0,1.0802820688568646
2209.0,1.082731059399122
2210.0,1.0852746717159978
2211.0,1.0862464291104252
2212.0,1.086703519002822
2213.0,1.083583490931847
2214.0,1.0799453847633098
2215.0,1.0793220207422725
2216.0,1.077909288031912
2217.0,1.075789074293838
2218.0,1.0738365436251096
2219.0,1.0731367822928255
2220.0,1.0709886692815014
2221.0,1.071108693319161
2222.0,1.0759949602398524
2223.0,1.0770675677589234
2224.0,1.0756914031054945
2225.0,1.0758972752579419
2226.0,1.0743058365149873
2227.0,1.075388753929502
2228.0,1.0802037339307258
2229.0,1.082296444872656
2230.0,1.0844986816990276
2231.0,1.085373781213083
2232.0,1.0837327876199276
2233.0,1.0830164300228202
2234.0,1.0829847796620202
2235.0,1.0866941369135663
2236.0,1.0901620124623292
2237.0,1.0913068096077687
2238.0,1.0910865194716675
2239.0,1.0888432846757505
2240.0,1.0867721615406702
2241.0,1.0858913398003254
2242.0,1.0862216866514347
2243.0,1.0898791377421573
2244.0,1.0946623101000028
2245.0,1.0980969742845499
2246.0,1.0995618096791793
2247.0,1.0996138908777946
2248.0,1.0999758526093237
2249.0,1.0976800428323674
2250.0,1.0968437407926563
2251.0,1.0972362460418212
2252.0,1.0963698765353813
2253.0,1.0947633122392748
2254.0,1.0940948460199176
2255.0,1.0936960692860365
2256.0,1.0929170763126004
2257.0,1.091323145123329
2258.0,1.092601319383054
2259.0,1.095539394846272
2260.0,1.098344073010703
2261.0,1.1043250824059907
2262.0,1.106215334623116
2263.0,1.1079684433217758
2264.0,1.1081732593301434
2265.0,1.1089814469006778
2266.0,1.109533936751691
2267.0,1.1090245541357928
2268.0,1.1084956465220042
2269.0,1.1093627174856366
2270.0,1.1115712735313807
2271.0,1.1103595021642862
2272.0,1.111532507421694
2273.0,1.1106854814652698
2274.0,1.1054054125322883
2275.0,1.1066776692622373
2276.0,1.1083145088003126
2277.0,1.108569583201799
2278.0,1.109039344269883
2279.0,1.1110764820099441
2280.0,1.112445851282112
2281.0,1.113633146643434
2282.0,1.1178152942060542
2283.0,1.119281681370174
2284.0,1.118782539235406
2285.0,1.1183737452650897
2286.0,1.1164564103351673
2287.0,1.1159543462189274
2288.0,1.1153996498139847
2289.0,1.113703751647973
2290.0,1.1119793604804313
2291.0,1.1116607718348892
2292.0,1.1102819773799277
2293.0,1.1101561284335704
2294.0,1.1136291385081258
2295.0,1.113487157069813
2296.0,1.1091512390016471
2297.0,1.1119140351940273
2298.0,1.1100815168771332
2299.0,1.110191232691926
2300.0,1.1118603030854561
2301.0,1.1087958633291637
2302.0,1.1069450990743799
2303.0,1.1067598963929168
2304.0,1.1042932690015301
2305.0,1.10036469904982
2306.0,1.0998546320130291
2307.0,1.0973051502610978
2308.0,1.0967304091422383
2309.0,1.1000366686211753
2310.0,1.1025899151792367
2311.0,1.1058526054420112
2312.0,1.1098262203685172
2313.0,1.1101489268761544
2314.0,1.1067844167704637
2315.0,1.1067381025449567
2316.0,1.1077383677953887
2317.0,1.1123843869678958
2318.0,1.1162268194809983
2319.0,1.1130176514764585
2320.0,1.1107846812620967
2321.0,1.1029887035984367
2322.0,1.0999487437186035
2323.0,1.1006131394411414
2324.0,1.098586028696794
2325.0,1.0957470729140928
2326.0,1.096175356341023
2327.0,1.0952376049326062
2328.0,1.0984404885084844
2329.0,1.1093309948011258
2330.0,1.1112247317461665
2331.0,1.109970667676571
2332.0,1.109206701669134
2333.0,1.1034036797658815
2334.0,1.1015320529776045
2335.0,1.1017160912319404
2336.0,1.1041346140165544
2337.0,1.1092877399889964
2338.0,1.1117015063967655
2339.0,1.117309347072196
2340.0,1.1159291411539813
2341.0,1.1061945688751438
2342.0,1.1026280943080697
2343.0,1.0953614438436545
2344.0,1.0969323273619287
2345.0,1.1095498044524024
2346.0,1.1159792652820397
2347.0,1.123139523607281
2348.0,1.132629809837053
2349.0,1.1356928900358447
2350.0,1.1320190524370823
2351.0,1.1285287181364199
2352.0,1.1206146487101918
2353.0,1.114625520583176
2354.0,1.1088073332353898
2355.0,1.1018498314432466
2356.0,1.0984232271638779
2357.0,1.0864739207093015
2358.0,1.0832315460237751
2359.0,1.089791596476254
2360.0,1.0887411496794577
2361.0,1.0963558237339561
2362.0,1.103333007077637
2363.0,1.095782839510511
2364.0,1.091845201858786
2365.0,1.084525999315586
2366.0,1.072401348347584
2367.0,1.0744657791316639
2368.0,1.0781996270288141
2369.0,1.0788853420632818
2370.0,1.0838927207631845
2371.0,1.088227162227659
2372.0,1.0911092057821803
2373.0,1.1010604853250927
2374.0,1.111331370539382
2375.0,1.1101763709781558
2376.0,1.1013845296689164
2377.0,1.085327477089976
2378.0,1.0697420706941805
2379.0,1.0577245493885332
2380.0,1.0569783079047386
2381.0,1.0686278148435473
2382.0,1.0774131700024907
2383.0,1.080422333833142
2384.0,1.0851842834096326
2385.0,1.0839491841271731
2386.0,1.0758521346603038
2387.0,1.0818706449692272
2388.0,1.08668315813349
2389.0,1.0820175745654266
2390.0,1.0774350033497848
2391.0,1.0631600793232432
2392.0,1.043157916027407
2393.0,1.0328667847569557
2394.0,1.033012899949609
2395.0,1.0366072074725465
2396.0,1.042743913306466
2397.0,1.0434949596653489
2398.0,1.0431908904139235
2399.0,1.0487399172600052
2400.0,1.0551194557131363
2401.0,1.0695392196722615
2402.0,1.0870571775801339
2403.0,1.0916611919949928
2404.0,1.0856397169684373
2405.0,1.0723338951614265
2406.0,1.0538484550017333
2407.0,1.0471252015469095
2408.0,1.0487382159784175
2409.0,1.0518344365361842
2410.0,1.0461890132160723
2411.0,1.0314430956700709
2412.0,1.0200444695507076
2413.0,1.013636632884632
2414.0,1.0219844073094664
2415.0,1.0192823088156497
2416.0,1.0270181695702876
2417.0,1.046704215142806
2418.0,1.0445050319896099
2419.0,1.053816269630071
2420.0,1.0517460318526957
2421.0,1.035351627722868
2422.0,1.029346162653586
2423.0,1.0271273236608693
2424.0,1.0243419604548414
2425.0,1.0179946041255985
2426.0,1.0158576985252448
2427.0,1.0144077272266019
2428.0,1.0248113248052335
2429.0,1.0418029336234844
2430.0,1.0489716108583755
2431.0,1.0420206711861237
2432.0,1.0301649876734698
2433.0,1.0267305626062573
2434.0,1.0136606648602728
2435.0,1.0125780914450024
2436.0,1.0194654681085364
2437.0,1.0045583210441424
2438.0,0.9997696281337703
2439.0,0.9888099112314391
2440.0,0.9680813878882566
2441.0,0.958496407601984
2442.0,0.9494741168595131
2443.0,0.9568744430055942
2444.0,0.962967678276207
2445.0,0.9674628283274441
2446.0,0.9711083961300503
2447.0,0.9607967654987553
2448.0,0.9759083613983673
2449.0,1.0039746265786225
2450.0,1.0139585938456241
2451.0,1.022957746987542
2452.0,1.0085725156233447
2453.0,0.980340806894437
2454.0,0.9859514023044876
2455.0,0.9913702708187845
2456.0,1.0098144999753396
2457.0,1.0488242137325652
2458.0,1.0500296509603717
2459.0,1.0569876040012471
2460.0,1.0569392693722444
2461.0,1.008011009459707
2462.0,0.9740463880037761
2463.0,0.9599828186647391
2464.0,0.9406730190037365
2465.0,0.9604772455163536
2466.0,0.9866647949197597
2467.0,0.9932073829844804
2468.0,1.028258887711381
2469.0,1.052483193979624
2470.0,1.052290789754778
2471.0,1.0390923749930856
2472.0,1.0273372203818847
2473.0,0.9986148680953826
2474.0,0.9883438059648684
2475.0,0.989107452493299
2476.0,0.9885930937395442
2477.0,0.9975302884186338
2478.0,1.0051525871177687
2479.0,1.0123224386294212
2480.0,1.0131822587141068
2481.0,1.0148153063087217
2482.0,1.0048221306559644
2483.0,0.9931678113827014
2484.0,0.9809705007926952
2485.0,0.9496917542311759
2486.0,0.9329926373529438
2487.0,0.9288319576322885
2488.0,0.9095564457865658
2489.0,0.8756034737018302
2490.0,0.8723391354447938
2491.0,0.8778461022648459
2492.0,0.8825701283910119
2493.0,0.9119344840975184
2494.0,0.9347023237501824
2495.0,0.9464781313507692
2496.0,0.959810179810778
2497.0,0.9828955608469351
2498.0,1.005697694956343
2499.0,1.032891581485655
2500.0,1.0419495068583493
