350.0,-0.16324201807844757
351.0,-0.1428433929478174
352.0,-0.14300600845559552
353.0,-0.09699641861174425
354.0,-0.08589505716840436
355.0,-0.044592012375894635
356.0,0.04402431313740482
357.0,-0.024327327534058613
358.0,-0.027462317622660687
359.0,-0.007501477253771135
360.0,-0.0453749740729736
361.0,0.019796273201977983
362.0,0.03121476969606672
363.0,-0.003801482549408349
364.0,-0.0020953609714462005
365.0,-0.018750597418123436
366.0,-0.010759942049517026
367.0,0.006106574061847013
368.0,-0.017304819950479444
369.0,-0.0028257118263469976
370.0,0.008198790225963681
371.0,0.002463223555855894
372.0,0.01273741311518414
373.0,0.015870810388757227
374.0,0.0054496372608174954
375.0,-0.006093572264389774
376.0,0.018597766631020855
377.0,0.029826863116495694
378.0,0.0269703972347752
379.0,0.019810630897328683
380.0,0.002420772577713792
381.0,0.008959214750194592
382.0,0.02233909672304328
383.0,0.01940099665894776
384.0,0.03131891690095842
385.0,0.03999981483256146
386.0,0.04080838827048779
387.0,0.037957118622472544
388.0,0.027444739096635307
389.0,0.016455688336655713
390.0,0.016515445856012854
391.0,0.03769964678083305
392.0,0.03983687997662156
393.0,0.03569299828918868
394.0,0.03330530570686535
395.0,0.022887333334990666
396.0,0.025308301653661356
397.0,0.03030651968338511
398.0,0.02865304969308041
399.0,0.030568853039187865
400.0,0.0343589288383377
401.0,0.035017550033733316
402.0,0.031097831387688388
403.0,0.040575484880613875
404.0,0.03981784013218597
405.0,0.03184918830944999
406.0,0.03321904818084335
407.0,0.03515280731655595
408.0,0.03867786265719422
409.0,0.041069812404800086
410.0,0.03609629558253875
411.0,0.03199025313066477
412.0,0.037851977403030146
413.0,0.04962839397965302
414.0,0.04233782813378277
415.0,0.04097997387897405
416.0,0.041490896334763105
417.0,0.03790164595875835
418.0,0.04277839780328153
419.0,0.04376011068804466
420.0,0.04247404385225496
421.0,0.045079816576384456
422.0,0.045231362092746544
423.0,0.04418461516944617
424.0,0.04184706017263121
425.0,0.03732875345293161
426.0,0.039598938662812735
427.0,0.043885650535741505
428.0,0.04592863431372334
429.0,0.04540662325810908
430.0,0.04492740365302611
431.0,0.04539587022099516
432.0,0.04616445764714515
433.0,0.0431880452227123
434.0,0.043720722439536785
435.0,0.046872823350594554
436.0,0.04801500911709536
437.0,0.04479693479258798
438.0,0.04345534950386305
439.0,0.04462384503225054
440.0,0.0436120675824577
441.0,0.043881920182660926
442.0,0.04467813641886499
443.0,0.04532051925437306
444.0,0.046465915322289615
445.0,0.04696487450126684
446.0,0.04633405732713048
447.0,0.04480081413304962
448.0,0.04399261460162994
449.0,0.04481433665250845
450.0,0.04612841094252548
451.0,0.04600085942270652
452.0,0.04626360979263462
453.0,0.04619705125052417
454.0,0.045870517974182574
455.0,0.04651284107813702
456.0,0.04550970039655582
457.0,0.045054242586422766
458.0,0.04669826750943746
459.0,0.04808744927512539
460.0,0.046845464238273994
461.0,0.04465514013894627
462.0,0.044470335691110176
463.0,0.04584796619581143
464.0,0.04719207996126404
465.0,0.04755111172187113
466.0,0.04674661809251351
467.0,0.04522717592573781
468.0,0.045020735599949006
469.0,0.04632769891271362
470.0,0.04555417398297816
471.0,0.04623315064137645
472.0,0.04736897059744166
473.0,0.0471367770426797
474.0,0.04611308513461593
475.0,0.04577896650703342
476.0,0.04625402889377803
477.0,0.046608389774594895
478.0,0.04545990645427731
479.0,0.04612596030528993
480.0,0.048549203822171254
481.0,0.04704154215579876
482.0,0.04582743218064586
483.0,0.04591410289988606
484.0,0.04690226125168478
485.0,0.0467796160421642
486.0,0.04638738220612813
487.0,0.04624434851493694
488.0,0.04656124899630778
489.0,0.04670155531480057
490.0,0.04679675239459059
491.0,0.046838522154415425
492.0,0.04655205607928901
493.0,0.04666038031325119
494.0,0.04646665156297886
495.0,0.045809890640255195
496.0,0.04720246499120545
497.0,0.04746326076554269
498.0,0.04654672479552954
499.0,0.04601758941089569
500.0,0.0466364695747796
501.0,0.04773586923218052
502.0,0.04839368359373196
503.0,0.04765066111003313
504.0,0.04724331716567291
505.0,0.047155114490417226
506.0,0.04701392773295823
507.0,0.04654372087132455
508.0,0.04683379985848296
509.0,0.04764315206521875
510.0,0.048083884359589615
511.0,0.047630198066866816
512.0,0.047736840785218955
513.0,0.048306928091711894
514.0,0.04737018348065316
515.0,0.04753919420666434
516.0,0.04789329992674566
517.0,0.047534977229952716
518.0,0.04783234696916662
519.0,0.04806386413190129
520.0,0.047980976193303396
521.0,0.04767221603912519
522.0,0.04785015159142657
523.0,0.04805347731099594
524.0,0.04811397754256366
525.0,0.04834390143557511
526.0,0.04836079305829107
527.0,0.04827459475046476
528.0,0.04826797356113032
529.0,0.048346184672091036
530.0,0.04880545800492809
531.0,0.04916623337732773
532.0,0.04871032703118381
533.0,0.04833120257043405
534.0,0.048169653414534726
535.0,0.048239832206441506
536.0,0.04850494530223571
537.0,0.04876543063798495
538.0,0.048741207766659654
539.0,0.04838525895959529
540.0,0.04842341710854357
541.0,0.048625271647459105
542.0,0.048769466295118566
543.0,0.048692555384169285
544.0,0.04861853398947996
545.0,0.048884928445464736
546.0,0.04937550250068033
547.0,0.04921645473374768
548.0,0.04897649116869206
549.0,0.04898707448903054
550.0,0.04929632966255095
551.0,0.04907952248102593
552.0,0.04887491165988575
553.0,0.048950666217391484
554.0,0.04928046261571857
555.0,0.04945227574491854
556.0,0.049577914230069436
557.0,0.049707350801472996
558.0,0.04952104192303376
559.0,0.04959383367186492
560.0,0.04973988667643655
561.0,0.04957490108261665
562.0,0.04928257230380195
563.0,0.049383302664410426
564.0,0.049796658147809515
565.0,0.04983110681528108
566.0,0.04980429385178212
567.0,0.04990434187581769
568.0,0.05012559079433162
569.0,0.050030854187261165
570.0,0.04953313981378395
571.0,0.049276088054446804
572.0,0.050011317612385475
573.0,0.050292835354048604
574.0,0.050199189193806885
575.0,0.0499695411097108
576.0,0.04983319551409142
577.0,0.049784295392834785
578.0,0.04995343339011876
579.0,0.05035229426343013
580.0,0.05053608605271483
581.0,0.05039371882977054
582.0,0.05009071511113337
583.0,0.04998213385797883
584.0,0.050199978393122284
585.0,0.05047601366093376
586.0,0.050602635792797925
587.0,0.05057384378493456
588.0,0.05076248130270401
589.0,0.0509584459145095
590.0,0.05086539374357721
591.0,0.05085276327560586
592.0,0.05090285545055668
593.0,0.05100079471907264
594.0,0.05114045762327227
595.0,0.05098862294592296
596.0,0.05096128381414492
597.0,0.051263174618668535
598.0,0.05108498407457941
599.0,0.051239914585277525
600.0,0.05153655340055711
601.0,0.051407128448695966
602.0,0.05153644913466843
603.0,0.05166332433126888
604.0,0.05159252383354814
605.0,0.05133865180475641
606.0,0.05156046087659879
607.0,0.051840193669741776
608.0,0.051736860748109535
609.0,0.05193546715391055
610.0,0.052140448636031046
611.0,0.05228163922867701
612.0,0.05243076303756619
613.0,0.052105816284650046
614.0,0.051956721202807095
615.0,0.05231131279430347
616.0,0.05253545507191431
617.0,0.052695202958746606
618.0,0.05279327073037366
619.0,0.052811831059633996
620.0,0.05257881418383666
621.0,0.052561229178227385
622.0,0.05279970342654071
623.0,0.052857121780629915
624.0,0.053117923052579265
625.0,0.05326202558445905
626.0,0.05306213124795018
627.0,0.05295819612768191
628.0,0.05303035613375957
629.0,0.05328734398986826
630.0,0.053641568937928354
631.0,0.05372973109420863
632.0,0.053717189762195444
633.0,0.05372328823987089
634.0,0.053691475170313835
635.0,0.05362601800509237
636.0,0.05363042871421224
637.0,0.05380014697800419
638.0,0.05407114281472123
639.0,0.054431008638199045
640.0,0.054571900224051145
641.0,0.05404963979170637
642.0,0.054251008938841806
643.0,0.05467413040560275
644.0,0.05479989662118034
645.0,0.05487009261392986
646.0,0.05484363964669241
647.0,0.054894455246733156
648.0,0.05516142103145778
649.0,0.05497784841124987
650.0,0.054947874911586314
651.0,0.055212837627891545
652.0,0.05524588417669024
653.0,0.05540472681824678
654.0,0.05572439192726429
655.0,0.0560333134205145
656.0,0.05570570110819173
657.0,0.05563893556708874
658.0,0.05586703251064787
659.0,0.055906055332065545
660.0,0.05608084857866959
661.0,0.05646148033650421
662.0,0.05686798641756253
663.0,0.05672698884147578
664.0,0.0565748965130188
665.0,0.05662196153453558
666.0,0.05686950988577164
667.0,0.05687830894848012
668.0,0.057017723522210025
669.0,0.05733530841035615
670.0,0.057546497518208284
671.0,0.05735885984953616
672.0,0.05744314326833329
673.0,0.05804922371185984
674.0,0.05790450590486318
675.0,0.05798927327608536
676.0,0.05825328195433645
677.0,0.05824846135315013
678.0,0.05816497310233814
679.0,0.05820674050690476
680.0,0.05850423351057425
681.0,0.05909262450487952
682.0,0.059229645465960566
683.0,0.05917070874981362
684.0,0.059289404895358874
685.0,0.05939413816160272
686.0,0.05939663152781389
687.0,0.05939934880491758
688.0,0.05960475763307628
689.0,0.059871203471424765
690.0,0.05997491497944469
691.0,0.0599560443296607
692.0,0.06034722390309777
693.0,0.060652761956563085
694.0,0.060802461470639065
695.0,0.06089338874845828
696.0,0.06108177451140143
697.0,0.061369010518965796
698.0,0.06158882680314502
699.0,0.061476398987820806
700.0,0.0616308563520657
701.0,0.061862303768491805
702.0,0.06201315666047483
703.0,0.06242162181583498
704.0,0.062348010900241196
705.0,0.062191365452357386
706.0,0.06264663874199815
707.0,0.06291330156165983
708.0,0.06306740246302789
709.0,0.06321566754597162
710.0,0.06341749598654157
711.0,0.06355274119121024
712.0,0.06358343177068657
713.0,0.06357785048246732
714.0,0.0638832048945874
715.0,0.06399894347333868
716.0,0.06397118984657883
717.0,0.06415123036410299
718.0,0.06465716181539291
719.0,0.06492532095442571
720.0,0.064836346882233
721.0,0.0650212238582277
722.0,0.06531454355096565
723.0,0.06549900857275291
724.0,0.06549351434793596
725.0,0.06582742638491958
726.0,0.06610272427012548
727.0,0.06622632043457516
728.0,0.06633352181284372
729.0,0.06633815417885716
730.0,0.06661322768037141
731.0,0.06715883960425462
732.0,0.06720038365586924
733.0,0.06727584401433397
734.0,0.06740869431986901
735.0,0.06755166804466728
736.0,0.06814007066522103
737.0,0.06837689931769579
738.0,0.06832828110370799
739.0,0.06874880900143922
740.0,0.06890508993616229
741.0,0.0690109420149186
742.0,0.06925176960728299
743.0,0.06943051901653197
744.0,0.06964147931706577
745.0,0.06991856685253377
746.0,0.07025268013882625
747.0,0.07055103470171438
748.0,0.07070912913857244
749.0,0.07079499852596075
750.0,0.07102556940015059
751.0,0.07135022793225018
752.0,0.07159375667219264
753.0,0.07173032876523268
754.0,0.07215702882252897
755.0,0.07239647283819133
756.0,0.07249987368642746
757.0,0.07269512824571896
758.0,0.07294852320922858
759.0,0.07323034152775196
760.0,0.07352411294520984
761.0,0.0738246253238634
762.0,0.07402371397551048
763.0,0.0742069744987
764.0,0.07447464728858302
765.0,0.07490182157607167
766.0,0.07514814167186631
767.0,0.0753370775384395
768.0,0.07570527249793255
769.0,0.07600145127706064
770.0,0.0762480915170325
771.0,0.07648903536499456
772.0,0.07677475060430072
773.0,0.07716300521403496
774.0,0.07741206470373062
775.0,0.07747131736297684
776.0,0.07786152063700728
777.0,0.0780819440400553
778.0,0.0782400174592844
779.0,0.07859104336926434
780.0,0.07889790618279525
781.0,0.07931320040003442
782.0,0.07969185058265292
783.0,0.07967406615307121
784.0,0.08001562813716387
785.0,0.08045371470157928
786.0,0.08075087268456616
787.0,0.08107667710183517
788.0,0.08137181156179323
789.0,0.08165062308302674
790.0,0.08193508161746242
791.0,0.08216241914058302
792.0,0.08246798967424601
793.0,0.08286446358816307
794.0,0.08325299285756677
795.0,0.0834547496997052
796.0,0.08371044886899741
797.0,0.08408768455086249
798.0,0.08426289398727885
799.0,0.0846573767625719
800.0,0.08513107183192876
801.0,0.08545434796252276
802.0,0.08566003077006132
803.0,0.08617681227840247
804.0,0.08674884214857546
805.0,0.08681205896060161
806.0,0.08687952972360793
807.0,0.08713802435897518
808.0,0.08761650705260533
809.0,0.08818431472556978
810.0,0.08858685047674077
811.0,0.08883490515314364
812.0,0.08902142000500182
813.0,0.08924344242989553
814.0,0.08953604365877385
815.0,0.08995859206575421
816.0,0.0905115361679117
817.0,0.09089154426663672
818.0,0.09129379841041119
819.0,0.09170144937431593
820.0,0.09191083956234007
821.0,0.09216856243513832
822.0,0.09270249114353968
823.0,0.09339996863894555
824.0,0.09356746606002923
825.0,0.09378700486433769
826.0,0.09424935955768662
827.0,0.09486607034967195
828.0,0.09498757752751368
829.0,0.09538996808685364
830.0,0.0960925401697916
831.0,0.09665211742833489
832.0,0.09678535360814736
833.0,0.09691341294146208
834.0,0.09725311190143725
835.0,0.09770850889228651
836.0,0.09826175133524657
837.0,0.09877928912958016
838.0,0.09919788368990415
839.0,0.09964575898913566
840.0,0.09995041276301798
841.0,0.10028475050120815
842.0,0.10078600095021238
843.0,0.10095161809187933
844.0,0.10149342882081921
845.0,0.10230143140849263
846.0,0.10279839520851589
847.0,0.10312414858174083
848.0,0.10343896973854887
849.0,0.10373411188405098
850.0,0.10384214688416614
851.0,0.10441164355217612
852.0,0.10521506018617043
853.0,0.10586667712829007
854.0,0.10602568608134437
855.0,0.10625926778038386
856.0,0.10661722058033876
857.0,0.10698420305005271
858.0,0.10727145762044978
859.0,0.10784104986131421
860.0,0.10866631609057532
861.0,0.1094331787272094
862.0,0.10958810006106394
863.0,0.10976587458693972
864.0,0.1102404596609628
865.0,0.11082795785268623
866.0,0.11124157839909381
867.0,0.11167548409998145
868.0,0.11218964143405859
869.0,0.1125159039263862
870.0,0.1133175790347982
871.0,0.11398703179179075
872.0,0.11407478805310407
873.0,0.11435901083561335
874.0,0.1150462990835342
875.0,0.11577162542202644
876.0,0.11615050416065613
877.0,0.11683659059859049
878.0,0.11743461163183584
879.0,0.11795885371419196
880.0,0.11859790147943772
881.0,0.11870103966610408
882.0,0.11916174504061608
883.0,0.12004619099596209
884.0,0.12053157511257465
885.0,0.12109585293341325
886.0,0.12174161254833601
887.0,0.12235547388243212
888.0,0.12276590154693866
889.0,0.12320358191433138
890.0,0.12377398900096921
891.0,0.12444069099370533
892.0,0.1249372607120122
893.0,0.12520975308506235
894.0,0.12555155711151836
895.0,0.12616783172800503
896.0,0.12647212735230923
897.0,0.12712281200112407
898.0,0.12795777552550266
899.0,0.12852013256727243
900.0,0.12911158545112716
901.0,0.12963790497860417
902.0,0.13022447798116346
903.0,0.13103994276224315
904.0,0.1312335759800227
905.0,0.13198355368528586
906.0,0.13309932463151908
907.0,0.13300953609836402
908.0,0.13335295898685
909.0,0.1340681901681304
910.0,0.13481761997558825
911.0,0.13529085420510034
912.0,0.1360777620683825
913.0,0.13666584812276658
914.0,0.13688874739752643
915.0,0.13767143619115257
916.0,0.13838781041421877
917.0,0.13894807836325407
918.0,0.13943504560387035
919.0,0.1399845294112902
920.0,0.14053391896853928
921.0,0.14119012519459134
922.0,0.14201615704216336
923.0,0.1428148808484228
924.0,0.14292043010548386
925.0,0.14299191713724851
926.0,0.1439521627542118
927.0,0.1450245499367394
928.0,0.1458046282180257
929.0,0.14630853374116568
930.0,0.14680820131008698
931.0,0.14744104937075478
932.0,0.14754812549345125
933.0,0.14744857185541715
934.0,0.1480819417583662
935.0,0.14928221049441115
936.0,0.15034037972909953
937.0,0.15094475882771455
938.0,0.151338401630545
939.0,0.15273110054366462
940.0,0.15354462438387828
941.0,0.15346645811010037
942.0,0.15385153753943884
943.0,0.15515064762501746
944.0,0.15625373645842633
945.0,0.1567265349302895
946.0,0.1572267405528901
947.0,0.15688684698466884
948.0,0.15713986541045316
949.0,0.1584104544151493
950.0,0.1592677955459191
951.0,0.16056999939020325
952.0,0.1618508926562529
953.0,0.16256672369370886
954.0,0.16249749818275255
955.0,0.16231481223803831
956.0,0.16245980714858327
957.0,0.16329192154990577
958.0,0.1650798111168115
959.0,0.16593524951973568
960.0,0.1665301761792651
961.0,0.16737785351310416
962.0,0.16756555472420692
963.0,0.16747247005243354
964.0,0.16787022936008422
965.0,0.16903458126402995
966.0,0.17013814516389197
967.0,0.17114819463371816
968.0,0.172178417991375
969.0,0.17289013051784563
970.0,0.17199835556210882
971.0,0.172710190706374
972.0,0.17419953293334753
973.0,0.17522728463175952
974.0,0.1759352029727005
975.0,0.1774950574844481
976.0,0.17801023563770574
977.0,0.17696078725705353
978.0,0.17775109524580374
979.0,0.17846827911071222
980.0,0.17967208452757047
981.0,0.18149692071108314
982.0,0.18237169195637928
983.0,0.18249456336665817
984.0,0.18280994672921788
985.0,0.1836849757499402
986.0,0.1842070704041672
987.0,0.18566592317509306
988.0,0.1869683472877177
989.0,0.18733193978541754
990.0,0.18733775544948353
991.0,0.18729485303708823
992.0,0.188115004606099
993.0,0.18975319443428731
994.0,0.19084172723700432
995.0,0.19167110206769092
996.0,0.19290713049784888
997.0,0.19421966922786976
998.0,0.19427727885981025
999.0,0.19564626133830892
1000.0,0.1951398634563034
1001.0,0.20644259580811086
1002.0,0.20767765211771277
1003.0,0.2072040950751607
1004.0,0.20324459655721958
1005.0,0.201494333360095
1006.0,0.2041449109281401
1007.0,0.205300649486262
1008.0,0.2056436650986667
1009.0,0.2070659242401438
1010.0,0.20568358295398473
1011.0,0.20360276599726743
1012.0,0.20377727856666888
1013.0,0.2028949808310565
1014.0,0.20255741679758602
1015.0,0.20287911419295723
1016.0,0.20359629031245063
1017.0,0.20338494337858884
1018.0,0.20635397137196407
1019.0,0.21015306092471323
1020.0,0.2127657477673453
1021.0,0.215426026957805
1022.0,0.21581640600606566
1023.0,0.21661018372978982
1024.0,0.21727945019727973
1025.0,0.2189345478033631
1026.0,0.22139018800285623
1027.0,0.2217668081637654
1028.0,0.22274585031930275
1029.0,0.2237061226951911
1030.0,0.22437779993779206
1031.0,0.224515236308093
1032.0,0.22600596066188625
1033.0,0.22620221443215774
1034.0,0.2259994807333769
1035.0,0.2268170960843481
1036.0,0.22643572510442112
1037.0,0.22695727374224792
1038.0,0.2279845088384039
1039.0,0.2296655871297484
1040.0,0.23220933529633417
1041.0,0.23322982005879647
1042.0,0.23380363068999524
1043.0,0.23495478333990008
1044.0,0.2355698535199378
1045.0,0.23612284906375092
1046.0,0.237586445664768
1047.0,0.24022957552964502
1048.0,0.24171924316278273
1049.0,0.24125460631562493
1050.0,0.24063050601664196
1051.0,0.2396995034786154
1052.0,0.23816161837872757
1053.0,0.23860252003906895
1054.0,0.24142660921946082
1055.0,0.2433282176854863
1056.0,0.24479878751193132
1057.0,0.2466644645011321
1058.0,0.247779033188914
1059.0,0.2467417719206499
1060.0,0.24762669661354975
1061.0,0.249109810679321
1062.0,0.24974882870996776
1063.0,0.2528103930287228
1064.0,0.25504121180974343
1065.0,0.2555146348211595
1066.0,0.25698819007301327
1067.0,0.2557231550257287
1068.0,0.2544075880483028
1069.0,0.2559997068511206
1070.0,0.25693113698808423
1071.0,0.25839140580858005
1072.0,0.2614677440645486
1073.0,0.26402634198025504
1074.0,0.26458399359225526
1075.0,0.2654980217875122
1076.0,0.2654241459214277
1077.0,0.26539546205803777
1078.0,0.2664935689372415
1079.0,0.2683848988055868
1080.0,0.27122722548721423
1081.0,0.273486137545033
1082.0,0.27396987963309366
1083.0,0.2748538320856308
1084.0,0.2754376209102118
1085.0,0.27433449274340993
1086.0,0.274984164852782
1087.0,0.27685326108155345
1088.0,0.2781301157362371
1089.0,0.2787733812167873
1090.0,0.2813599453248259
1091.0,0.28295739908672607
1092.0,0.2837083725405013
1093.0,0.28446170072568255
1094.0,0.284568391189358
1095.0,0.285261763812217
1096.0,0.2856810369500987
1097.0,0.2864938153284365
1098.0,0.28859036995827536
1099.0,0.28984732205808933
1100.0,0.29082836477553625
1101.0,0.29170446617253215
1102.0,0.29233273365114937
1103.0,0.29289071306709064
1104.0,0.2938935825971027
1105.0,0.29509257701288166
1106.0,0.2960282357818382
1107.0,0.2970024513200796
1108.0,0.2977531320421032
1109.0,0.2981178564785666
1110.0,0.2993064150337714
1111.0,0.30043664212056587
1112.0,0.301311663181911
1113.0,0.30216784916797107
1114.0,0.30324211598712797
1115.0,0.3042660746975233
1116.0,0.3050277379176183
1117.0,0.3053637516944811
1118.0,0.3063741532136539
1119.0,0.3076953870865814
1120.0,0.30892786716419207
1121.0,0.3097993373786866
1122.0,0.31104246881072134
1123.0,0.31134464628408764
1124.0,0.3119293367660209
1125.0,0.31386415525180744
1126.0,0.3159826501802568
1127.0,0.3175147141587713
1128.0,0.3191852625574083
1129.0,0.3201738657599399
1130.0,0.3203268333912771
1131.0,0.32097937798585346
1132.0,0.32140982179354044
1133.0,0.3222945167630855
1134.0,0.3238162250699683
1135.0,0.3244424241892936
1136.0,0.32558790523806574
1137.0,0.32703581831238093
1138.0,0.32737015332606767
1139.0,0.32861742379622794
1140.0,0.32976039179444555
1141.0,0.33044220103731614
1142.0,0.33151006775673275
1143.0,0.33292717220304646
1144.0,0.33416264510302757
1145.0,0.3354579823875034
1146.0,0.33662853019085376
1147.0,0.3377785255758718
1148.0,0.33890340745535996
1149.0,0.3399481458877377
1150.0,0.3409035651038605
1151.0,0.34195373590591205
1152.0,0.34303400445657056
1153.0,0.3443025486071593
1154.0,0.34553843387764843
1155.0,0.3459781667398631
1156.0,0.3471250613405116
1157.0,0.3484703553355308
1158.0,0.3499069358495664
1159.0,0.3510863798843089
1160.0,0.3529058981619071
1161.0,0.3538989113948354
1162.0,0.35395665306806257
1163.0,0.3546693916958896
1164.0,0.3552663704349104
1165.0,0.356217619950365
1166.0,0.3577098905544636
1167.0,0.3588374535155585
1168.0,0.35964522931104986
1169.0,0.36098543418827767
1170.0,0.36283392789072616
1171.0,0.3646401572655311
1172.0,0.36595185073891556
1173.0,0.36742068161599684
1174.0,0.36872101065516993
1175.0,0.36918512238244905
1176.0,0.370202586715678
1177.0,0.3719043630136311
1178.0,0.3731333163368913
1179.0,0.37423992586437554
1180.0,0.3751337002387288
1181.0,0.375862519316613
1182.0,0.37641604850222304
1183.0,0.37684719527849686
1184.0,0.37735993592059114
1185.0,0.3785408539778755
1186.0,0.3798784325237531
1187.0,0.3807779916588094
1188.0,0.38160820024581765
1189.0,0.38268284746534587
1190.0,0.383251400054764
1191.0,0.3844941523606125
1192.0,0.3868968730532639
1193.0,0.38817048391233505
1194.0,0.3888424390117463
1195.0,0.3899945101026656
1196.0,0.3906837104815521
1197.0,0.39173039247900177
1198.0,0.3931807860237481
1199.0,0.3949240167116575
1200.0,0.3963999362456752
1201.0,0.39798031667602896
1202.0,0.39900599544414206
1203.0,0.4001385738392198
1204.0,0.4013925016935879
1205.0,0.4024976090635869
1206.0,0.40359884991626094
1207.0,0.4048643451081552
1208.0,0.4062013687920104
1209.0,0.40761116175935597
1210.0,0.40867258488571384
1211.0,0.4097823861163741
1212.0,0.4107616189784007
1213.0,0.41106226090626347
1214.0,0.4118898103088245
1215.0,0.41304185461581067
1216.0,0.4143575656400368
1217.0,0.4153675633501362
1218.0,0.415907290469586
1219.0,0.41732771134372404
1220.0,0.4190918281458281
1221.0,0.4204608975183339
1222.0,0.4223563176128289
1223.0,0.4237955749414466
1224.0,0.42464127993351825
1225.0,0.4255527789670117
1226.0,0.42667715962889435
1227.0,0.4274734971459699
1228.0,0.4276676864675274
1229.0,0.42824134837919886
1230.0,0.4285437362049871
1231.0,0.42949790272206584
1232.0,0.4308762490473317
1233.0,0.43243343980114024
1234.0,0.43444324727668027
1235.0,0.436350746589897
1236.0,0.4376350016394154
1237.0,0.43854761180614793
1238.0,0.43949037641661437
1239.0,0.43988411416377265
1240.0,0.4407580074333597
1241.0,0.441763065572179
1242.0,0.4428697189146643
1243.0,0.44411400056500056
1244.0,0.44537787562268083
1245.0,0.44677054805704575
1246.0,0.44812106757049636
1247.0,0.44952943630794806
1248.0,0.45094134346284487
1249.0,0.45246340275150715
1250.0,0.4538391747713374
1251.0,0.4552972880655988
1252.0,0.45634479609810297
1253.0,0.4575244319216706
1254.0,0.4585737181197383
1255.0,0.4596808610723434
1256.0,0.4607497903096442
1257.0,0.4619120563662947
1258.0,0.463020035203571
1259.0,0.46433374685664636
1260.0,0.46604898310469756
1261.0,0.4672888956377365
1262.0,0.468345185637197
1263.0,0.4694543601472217
1264.0,0.4703270063678911
1265.0,0.4712413663116414
1266.0,0.47193631960889665
1267.0,0.47314275340002276
1268.0,0.4747736122712498
1269.0,0.4759625878684135
1270.0,0.477645728004388
1271.0,0.4802485578139805
1272.0,0.4813685387944425
1273.0,0.4819376047066288
1274.0,0.48254185486256446
1275.0,0.4820077377260325
1276.0,0.48278475927141834
1277.0,0.4843332505452968
1278.0,0.48542372599450523
1279.0,0.48673715165686693
1280.0,0.4880920154279115
1281.0,0.48933512304655036
1282.0,0.4905422640539787
1283.0,0.4919559902480218
1284.0,0.49331499009190904
1285.0,0.49438391288981715
1286.0,0.4956392738508697
1287.0,0.4972282217508372
1288.0,0.49859649364468095
1289.0,0.4999917500029555
1290.0,0.5013838881063841
1291.0,0.5026706265084754
1292.0,0.5038750513575277
1293.0,0.5051227977557466
1294.0,0.5063671773789931
1295.0,0.507492430738751
1296.0,0.5085552244254011
1297.0,0.5096431730942959
1298.0,0.5104973722623257
1299.0,0.5116470011971286
1300.0,0.5130329968796075
1301.0,0.5143311569296509
1302.0,0.515860212709112
1303.0,0.5171265267275413
1304.0,0.5180496792970251
1305.0,0.5192346287558974
1306.0,0.5204731611642224
1307.0,0.521767435062463
1308.0,0.5227861807164417
1309.0,0.5237345026524496
1310.0,0.5249635396789457
1311.0,0.526032541180726
1312.0,0.527270612398354
1313.0,0.529036641805402
1314.0,0.5303135272840043
1315.0,0.5312715800045084
1316.0,0.5323118773478389
1317.0,0.5332374092897214
1318.0,0.5342690602885833
1319.0,0.5353049206541606
1320.0,0.5363461627382192
1321.0,0.5373908837035648
1322.0,0.5385445247536805
1323.0,0.5396264725256111
1324.0,0.5408977104104817
1325.0,0.5424065230876985
1326.0,0.5438835170130395
1327.0,0.545409590642657
1328.0,0.5470809279775677
1329.0,0.548577309081033
1330.0,0.5500058517720835
1331.0,0.5515074069572141
1332.0,0.5530552475585664
1333.0,0.5544041449913977
1334.0,0.5557492006199337
1335.0,0.5569804328097654
1336.0,0.5580156614236611
1337.0,0.5590645859826452
1338.0,0.5600923587975627
1339.0,0.5610732204437319
1340.0,0.5618938554085959
1341.0,0.5628216729552692
1342.0,0.5637639947834012
1343.0,0.5647423579767274
1344.0,0.5657994427434557
1345.0,0.5668431823676233
1346.0,0.5677373863456557
1347.0,0.5690100626203868
1348.0,0.5700107108870107
1349.0,0.5708886215052984
1350.0,0.5720090856405786
1351.0,0.5731923554309523
1352.0,0.5743245499192327
1353.0,0.5755912366939363
1354.0,0.5768110904627486
1355.0,0.5777430841067684
1356.0,0.5791428655083768
1357.0,0.5809149213187862
1358.0,0.5825052889554491
1359.0,0.5844248342497503
1360.0,0.5859667039297444
1361.0,0.5872793152947391
1362.0,0.5885233255535285
1363.0,0.5894723671568082
1364.0,0.5905443456840127
1365.0,0.5918045155463615
1366.0,0.5927035901824886
1367.0,0.5932504925248273
1368.0,0.5940278344401043
1369.0,0.5949383198785807
1370.0,0.5955190243233633
1371.0,0.5968915275064851
1372.0,0.5990696854286102
1373.0,0.6004476502197664
1374.0,0.6017707962036836
1375.0,0.603155573447454
1376.0,0.6041719647606717
1377.0,0.6054595822826458
1378.0,0.607140616477573
1379.0,0.6085039406257872
1380.0,0.6096664616678221
1381.0,0.6109598887158714
1382.0,0.6124288728513742
1383.0,0.6135703626838522
1384.0,0.6144627824506652
1385.0,0.6154552319128285
1386.0,0.6161780470796455
1387.0,0.6170788793628783
1388.0,0.6183385817239425
1389.0,0.6193375127144357
1390.0,0.6201657540821931
1391.0,0.6210464584215442
1392.0,0.6219938825521786
1393.0,0.62272780967589
1394.0,0.6239958394388133
1395.0,0.6258667090112167
1396.0,0.6269039065469746
1397.0,0.6278090532707934
1398.0,0.6286656210746493
1399.0,0.6287447039303995
1400.0,0.6297018449769048
1401.0,0.6313511214558342
1402.0,0.6325046289821761
1403.0,0.6338486165710886
1404.0,0.6348662782982224
1405.0,0.6353673915116964
1406.0,0.6362306808221969
1407.0,0.6373087958871049
1408.0,0.6381168634631426
1409.0,0.6387584661461845
1410.0,0.6396350211572522
1411.0,0.6405452251796726
1412.0,0.6413174026559183
1413.0,0.6421518890771557
1414.0,0.643030742414906
1415.0,0.6437763164905099
1416.0,0.644817867774322
1417.0,0.6461606994966821
1418.0,0.6480996500976928
1419.0,0.6494674477159255
1420.0,0.6509176963832367
1421.0,0.6519574948847495
1422.0,0.6524855008227207
1423.0,0.6534705661467185
1424.0,0.6545343113539127
1425.0,0.65547176592189
1426.0,0.6562520035581085
1427.0,0.6575474669623188
1428.0,0.6590370293501288
1429.0,0.6604148595238915
1430.0,0.6623986548092183
1431.0,0.6638763140521994
1432.0,0.6646928858385569
1433.0,0.66593600109295
1434.0,0.6674430696929418
1435.0,0.6687166501932026
1436.0,0.6702777816248435
1437.0,0.671345340115874
1438.0,0.6718472254905135
1439.0,0.6724816668286391
1440.0,0.6731313850506739
1441.0,0.6737774031292288
1442.0,0.6749338565653945
1443.0,0.6762611092101256
1444.0,0.6778130617017649
1445.0,0.679787669001701
1446.0,0.6812157955817539
1447.0,0.6827694386859551
1448.0,0.6839528002186294
1449.0,0.6845875548968067
1450.0,0.6855644952605285
1451.0,0.6864832366543879
1452.0,0.6875479303862021
1453.0,0.6887812924687118
1454.0,0.6899256589565889
1455.0,0.6912155963486342
1456.0,0.6923063832683908
1457.0,0.693027661928787
1458.0,0.6941619416060566
1459.0,0.6956116487359898
1460.0,0.6967489000539923
1461.0,0.6979584447176013
1462.0,0.6991292811012266
1463.0,0.6998674246352896
1464.0,0.7009024316211853
1465.0,0.7022282329770207
1466.0,0.7034984338029392
1467.0,0.7047049608555023
1468.0,0.7062406125233982
1469.0,0.7074699904204451
1470.0,0.7085093776329221
1471.0,0.7097345357791308
1472.0,0.7109045803846479
1473.0,0.7120145481977591
1474.0,0.7131339422026155
1475.0,0.714500439723613
1476.0,0.715866152109291
1477.0,0.7172700443868099
1478.0,0.7190740401033455
1479.0,0.7204478045295711
1480.0,0.7216363507681964
1481.0,0.722604589555912
1482.0,0.7233026723536199
1483.0,0.7240867977023288
1484.0,0.7243923474740915
1485.0,0.7254083300459382
1486.0,0.7268819914149659
1487.0,0.7282819003934942
1488.0,0.7303684297390762
1489.0,0.7316329784141484
1490.0,0.7322775909269996
1491.0,0.7332449577167658
1492.0,0.7337336117940643
1493.0,0.7347273444509659
1494.0,0.7362036412176056
1495.0,0.7376709193780748
1496.0,0.7394541987904976
1497.0,0.7410223241029223
1498.0,0.7427518929834181
1499.0,0.7441236684683881
1500.0,0.744923699465169
1501.0,0.7461733459881712
1502.0,0.7470116092443198
1503.0,0.7481546130795377
1504.0,0.7493689367597726
1505.0,0.7507943646495675
1506.0,0.7519935771908411
1507.0,0.7531907440423128
1508.0,0.7544083639885909
1509.0,0.7554923985746711
1510.0,0.7568443784515149
1511.0,0.7584189338716654
1512.0,0.7597961985289128
1513.0,0.7612242951229624
1514.0,0.7625602002838884
1515.0,0.7638652405716979
1516.0,0.7650013468299169
1517.0,0.7659706556358656
1518.0,0.7670304977906407
1519.0,0.7680078028999686
1520.0,0.7689652643896614
1521.0,0.7699182681649237
1522.0,0.7710025881837128
1523.0,0.7720400856795736
1524.0,0.7731265533393498
1525.0,0.7745509593966284
1526.0,0.7756476200085224
1527.0,0.7764911803278655
1528.0,0.7774085023510694
1529.0,0.778006240193096
1530.0,0.7790223680002247
1531.0,0.7803145300706353
1532.0,0.7816050710776242
1533.0,0.7834823899528794
1534.0,0.7847455713923382
1535.0,0.7854195375861763
1536.0,0.786447698129373
1537.0,0.7875103434757783
1538.0,0.7881683384042184
1539.0,0.7896555877188493
1540.0,0.7911239080900195
1541.0,0.7923137940793342
1542.0,0.7933078708920585
1543.0,0.794727474260718
1544.0,0.7962259640865699
1545.0,0.7975463732045223
1546.0,0.7991350883425818
1547.0,0.8003837151499043
1548.0,0.8012672380380343
1549.0,0.8022649931522339
1550.0,0.8031581725309175
1551.0,0.8044263672535217
1552.0,0.805721842687932
1553.0,0.8071098677836399
1554.0,0.8090948075992179
1555.0,0.8103504550462817
1556.0,0.8111758732631729
1557.0,0.8121880201972732
1558.0,0.8129407073902448
1559.0,0.8139000501473991
1560.0,0.8148052391215029
1561.0,0.8161241135081888
1562.0,0.8177501083267815
1563.0,0.8192315578378829
1564.0,0.8211739405643083
1565.0,0.822610712442136
1566.0,0.823513724312586
1567.0,0.824766752930467
1568.0,0.8262480022027565
1569.0,0.8273471437539892
1570.0,0.8284563027253702
1571.0,0.8293521842159784
1572.0,0.8296274683802555
1573.0,0.8302952861813648
1574.0,0.831017751163105
1575.0,0.8319157500977497
1576.0,0.833052782399347
1577.0,0.8341693369732484
1578.0,0.8355816710008487
1579.0,0.8367106062246232
1580.0,0.8377204244842137
1581.0,0.8386668199922455
1582.0,0.8391118200958323
1583.0,0.8400499353759643
1584.0,0.8411945477166122
1585.0,0.8424619581682754
1586.0,0.8442466865072717
1587.0,0.8458193815483362
1588.0,0.8473552849790627
1589.0,0.8488638315647737
1590.0,0.8503259999224393
1591.0,0.8517737253436632
1592.0,0.8529864327725223
1593.0,0.8541008511579051
1594.0,0.8551326399470537
1595.0,0.8559742388595813
1596.0,0.8567787839813327
1597.0,0.8574049738343981
1598.0,0.8584457839488929
1599.0,0.8595691277440153
1600.0,0.8606280576073337
1601.0,0.861948405678317
1602.0,0.863157607245758
1603.0,0.8642204677666557
1604.0,0.8652594368408416
1605.0,0.8663873615204178
1606.0,0.8675103549048289
1607.0,0.8684516776757956
1608.0,0.8695202107693084
1609.0,0.8708049390015699
1610.0,0.8719309242575726
1611.0,0.8728940679391539
1612.0,0.8739995414895467
1613.0,0.8752123715434547
1614.0,0.8763190642148064
1615.0,0.8773643294207948
1616.0,0.8785057891622206
1617.0,0.879855453830649
1618.0,0.8807069320313821
1619.0,0.881262556938168
1620.0,0.8820841617037499
1621.0,0.8827928580398476
1622.0,0.8833536609262079
1623.0,0.8839795463516089
1624.0,0.8846912889668995
1625.0,0.885043835233627
1626.0,0.8857581077346524
1627.0,0.8870671191680972
1628.0,0.8879179044177309
1629.0,0.8883612646199479
1630.0,0.8892898765617494
1631.0,0.8904265396443606
1632.0,0.8914199029242594
1633.0,0.8926860026561675
1634.0,0.8937292201913005
1635.0,0.8945071546642687
1636.0,0.8953372444554473
1637.0,0.8961780887373932
1638.0,0.8970474523310705
1639.0,0.8978765398207865
1640.0,0.898660720452957
1641.0,0.8993272077945564
1642.0,0.9002951707358955
1643.0,0.9014565550192775
1644.0,0.9024158342454217
1645.0,0.9035642488128866
1646.0,0.9045687503709431
1647.0,0.9053548532704614
1648.0,0.9061138550564215
1649.0,0.9069051639794617
1650.0,0.907574956092046
1651.0,0.9079171484560952
1652.0,0.9085084269250001
1653.0,0.9091584589524684
1654.0,0.9099434979742459
1655.0,0.9108940923038275
1656.0,0.9118553843832201
1657.0,0.9131491472090189
1658.0,0.9140201174837156
1659.0,0.9145759041228586
1660.0,0.91531896055391
1661.0,0.9158224177617894
1662.0,0.9165238881350561
1663.0,0.9173791287899287
1664.0,0.9183834514839814
1665.0,0.9197154957231831
1666.0,0.920671575950983
1667.0,0.921703483249355
1668.0,0.9225234528727618
1669.0,0.9224611517598303
1670.0,0.9232731204550892
1671.0,0.9248266613040405
1672.0,0.9259195155573842
1673.0,0.9273868130680109
1674.0,0.9284898338067872
1675.0,0.9288030405131326
1676.0,0.9295758595130283
1677.0,0.9305480258858765
1678.0,0.9315576607312086
1679.0,0.9328615415585791
1680.0,0.9339473724408576
1681.0,0.9347474309737771
1682.0,0.9359077281509742
1683.0,0.9370863697066585
1684.0,0.9384345293615223
1685.0,0.9404490524993409
1686.0,0.9418928507655993
1687.0,0.9429700291811435
1688.0,0.9442616474002843
1689.0,0.9454835019603509
1690.0,0.9465221888994679
1691.0,0.9476115569000089
1692.0,0.9485644735750242
1693.0,0.9491152834426622
1694.0,0.9499498964615954
1695.0,0.9510401500662475
1696.0,0.9520115400942534
1697.0,0.952760121394273
1698.0,0.9538050202647482
1699.0,0.9548049995353204
1700.0,0.956073134397985
1701.0,0.95830889222958
1702.0,0.9596643140048466
1703.0,0.9603387785089258
1704.0,0.961616293353396
1705.0,0.962807566508381
1706.0,0.9637578473692545
1707.0,0.9650015905367313
1708.0,0.9661375685707079
1709.0,0.9666006456842775
1710.0,0.9676276220179144
1711.0,0.9694019559061482
1712.0,0.9706886299162142
1713.0,0.972135208490964
1714.0,0.9731216908986567
1715.0,0.9735045775423216
1716.0,0.9741367627744586
1717.0,0.9742353339234782
1718.0,0.9748943497730633
1719.0,0.9762709120954616
1720.0,0.9772584136157438
1721.0,0.9786521229592136
1722.0,0.9792621536741722
1723.0,0.9787217735159114
1724.0,0.9791585000644806
1725.0,0.9797939616770747
1726.0,0.9806378764452726
1727.0,0.9823384394845862
1728.0,0.9832403247900725
1729.0,0.9836495709470738
1730.0,0.9839902242630335
1731.0,0.9837019975641524
1732.0,0.9844858322372839
1733.0,0.9859301715549676
1734.0,0.9869643012425945
1735.0,0.9885936553205407
1736.0,0.9895743163907516
1737.0,0.989496764288759
1738.0,0.9903822871487423
1739.0,0.992072033500791
1740.0,0.9928211686271079
1741.0,0.9935771140317436
1742.0,0.9940286768080127
1743.0,0.993366241481711
1744.0,0.993792166344391
1745.0,0.9946845625308478
1746.0,0.9954224424734819
1747.0,0.9964677641416549
1748.0,0.9975951418878374
1749.0,0.9990354918808244
1750.0,1.0001463623533597
1751.0,1.001096202365807
1752.0,1.001955162918418
1753.0,1.0025072598712375
1754.0,1.0025231447695342
1755.0,1.00391294506121
1756.0,1.0054874963612739
1757.0,1.0061381627273493
1758.0,1.0069291357460453
1759.0,1.0076302061674716
1760.0,1.0081195379228778
1761.0,1.0083077756689456
1762.0,1.0096382134642257
1763.0,1.0109757160649293
1764.0,1.0103320637396294
1765.0,1.0111710744710818
1766.0,1.0122671644937487
1767.0,1.011908010498743
1768.0,1.0131146947718173
1769.0,1.0145189245754778
1770.0,1.0150474268595064
1771.0,1.0164607246736423
1772.0,1.0181488370669525
1773.0,1.0192246006357544
1774.0,1.02051471077255
1775.0,1.0217290758729307
1776.0,1.0225302953081379
1777.0,1.0235679426809876
1778.0,1.024507519063548
1779.0,1.024879194935776
1780.0,1.0252659284266572
1781.0,1.026165175702062
1782.0,1.0268277198362692
1783.0,1.0277240465846893
1784.0,1.0285372636256704
1785.0,1.028531000515868
1786.0,1.028911807322933
1787.0,1.0297741313920274
1788.0,1.03111326615459
1789.0,1.0327976351804005
1790.0,1.0349299125537887
1791.0,1.0367718585865995
1792.0,1.0394156217575041
1793.0,1.0406507459318113
1794.0,1.0407003760410152
1795.0,1.041192706383265
1796.0,1.0407729339965972
1797.0,1.0415515270319367
1798.0,1.0431827704574355
1799.0,1.0440281698571594
1800.0,1.0456522723902493
1801.0,1.0418445906316824
1802.0,1.0451059156526061
1803.0,1.0453508176079174
1804.0,1.046999023451958
1805.0,1.0494397307073198
1806.0,1.0513572223963914
1807.0,1.0531848567249982
1808.0,1.0546169254687054
1809.0,1.0567724691155322
1810.0,1.0571637851187738
1811.0,1.055825660291008
1812.0,1.055259759052155
1813.0,1.0535316493629268
1814.0,1.051139197012153
1815.0,1.0511358233813113
1816.0,1.0524071739581031
1817.0,1.0531984572506794
1818.0,1.055819938173764
1819.0,1.0570443537066856
1820.0,1.0569047442121806
1821.0,1.0573807584727961
1822.0,1.057790339306625
1823.0,1.0587997203167567
1824.0,1.0592262163223436
1825.0,1.0607469761758381
1826.0,1.060765106531567
1827.0,1.0594270385154878
1828.0,1.0593027758472835
1829.0,1.058280664300475
1830.0,1.058577444570311
1831.0,1.0601749552028203
1832.0,1.0620877068640249
1833.0,1.0636948713241063
1834.0,1.0649311456451191
1835.0,1.0662031023248273
1836.0,1.0670370698985054
1837.0,1.0682839868697038
1838.0,1.0703808687845353
1839.0,1.071707586915581
1840.0,1.073220024227073
1841.0,1.0733607128778846
1842.0,1.0729425722736539
1843.0,1.072218997546857
1844.0,1.0715087144867725
1845.0,1.0723958024140554
1846.0,1.0734156091301856
1847.0,1.075358890888936
1848.0,1.0767055948180317
1849.0,1.078623617353996
1850.0,1.0792226828782567
1851.0,1.0781974058854535
1852.0,1.0798888845037093
1853.0,1.0805891575572648
1854.0,1.081840938501292
1855.0,1.0843045402253075
1856.0,1.0841758471057543
1857.0,1.0848750399376774
1858.0,1.0847760150045687
1859.0,1.0852421568664667
1860.0,1.0858243802510115
1861.0,1.087859843650242
1862.0,1.0875505037584172
1863.0,1.0874977884872914
1864.0,1.0872670747235456
1865.0,1.0870570632976475
1866.0,1.0884161006669857
1867.0,1.0898055663167048
1868.0,1.0900831459819542
1869.0,1.0901822358446023
1870.0,1.089472814808242
1871.0,1.0875915976843635
1872.0,1.0852892533243803
1873.0,1.084751291998524
1874.0,1.0832452240729806
1875.0,1.0816649917789807
1876.0,1.0809613756653607
1877.0,1.077890236517698
1878.0,1.0760427193282354
1879.0,1.0742055717996057
1880.0,1.0719027044178442
1881.0,1.070143781238217
1882.0,1.0694209677634836
1883.0,1.0676917835209536
1884.0,1.065533135652381
1885.0,1.062894006818955
1886.0,1.0599034921566126
1887.0,1.057666734242032
1888.0,1.054822866071245
1889.0,1.0514998998371983
1890.0,1.0474892047389428
1891.0,1.042870785686562
1892.0,1.036885738917371
1893.0,1.0313424276667713
1894.0,1.0267584397947824
1895.0,1.0239956964450934
1896.0,1.0210193602754734
1897.0,1.016276876650793
1898.0,1.011585322139706
1899.0,1.0054104954516774
1900.0,0.9984734795739537
1901.0,0.9926033363066968
1902.0,0.9876431425039714
1903.0,0.9825782342956051
1904.0,0.976816300745221
1905.0,0.9722545903354871
1906.0,0.9679646830030046
1907.0,0.9634205253595833
1908.0,0.9604947357153895
1909.0,0.9575256681631069
1910.0,0.9542523389313067
1911.0,0.9527641205417083
1912.0,0.951716629642688
1913.0,0.9497891136283797
1914.0,0.9474770938101311
1915.0,0.9459683913915921
1916.0,0.944413857881974
1917.0,0.9426785019091458
1918.0,0.9425204088247017
1919.0,0.9423469271618367
1920.0,0.9424181422060862
1921.0,0.9432282498780312
1922.0,0.9440092458930395
1923.0,0.9441506965983559
1924.0,0.9446866116839249
1925.0,0.9453969923624554
1926.0,0.9457932012424305
1927.0,0.9451956876111481
1928.0,0.946523814620981
1929.0,0.9470920996836476
1930.0,0.9467489417863764
1931.0,0.9479113356863498
1932.0,0.949273672700983
1933.0,0.951565911263732
1934.0,0.9540122182258353
1935.0,0.9562791114127109
1936.0,0.9580982333514398
1937.0,0.9597008911743112
1938.0,0.9605534438457067
1939.0,0.9620857232369445
1940.0,0.963311554546076
1941.0,0.9643671069380442
1942.0,0.9657526006748969
1943.0,0.9672464632213053
1944.0,0.9693107786241526
1945.0,0.9714431446953501
1946.0,0.9734576582335308
1947.0,0.9744454818533621
1948.0,0.9757301871642492
1949.0,0.9766433324815853
1950.0,0.9779672578889289
1951.0,0.978962302009815
1952.0,0.9799780981098595
1953.0,0.9808990737754341
1954.0,0.9826694038899455
1955.0,0.9854234879705338
1956.0,0.9882976299025548
1957.0,0.9900804501604343
1958.0,0.9908514627521888
1959.0,0.9914948463990427
1960.0,0.9905535570560399
1961.0,0.9907188590774781
1962.0,0.99083215600663
1963.0,0.9921034241338034
1964.0,0.9944602860662055
1965.0,0.9971697905261335
1966.0,1.000508104476401
1967.0,1.003345034060234
1968.0,1.0048649102385832
1969.0,1.0064660494943107
1970.0,1.0084139086267838
1971.0,1.0110914724637614
1972.0,1.0133164805831145
1973.0,1.0158211982726622
1974.0,1.0173757740792122
1975.0,1.0185657418792005
1976.0,1.0183995698798478
1977.0,1.019992107740912
1978.0,1.0232043739320884
1979.0,1.0259725297267241
1980.0,1.0301530656140918
1981.0,1.0319936074001017
1982.0,1.0318682007479907
1983.0,1.0308584681902966
1984.0,1.0300497162244586
1985.0,1.0297398169937075
1986.0,1.0283518410085497
1987.0,1.0288491684236114
1988.0,1.031307998064751
1989.0,1.0328341248766628
1990.0,1.0338366304609365
1991.0,1.037288707295805
1992.0,1.0395021520845968
1993.0,1.0414709187080622
1994.0,1.0437743336764342
1995.0,1.0449304405987299
1996.0,1.0462437469103467
1997.0,1.0462004276982348
1998.0,1.0475631783624395
1999.0,1.0504333315153827
2000.0,1.0523027913743008
2001.0,1.0538518341887635
2002.0,1.056129857724178
2003.0,1.057639463786447
2004.0,1.058283455518207
2005.0,1.0604823920881328
2006.0,1.062916680806358
2007.0,1.0644237969512846
2008.0,1.0642581202315822
2009.0,1.0643658283097133
2010.0,1.0623797446255776
2011.0,1.0631830812455039
2012.0,1.0653277595675272
2013.0,1.067489820083291
2014.0,1.070965709573872
2015.0,1.074131493484129
2016.0,1.0765558742672794
2017.0,1.0797090678494554
2018.0,1.080809630995292
2019.0,1.0814793252450585
2020.0,1.0836444911621352
2021.0,1.0838998706812761
2022.0,1.0857060171230937
2023.0,1.089350703541237
2024.0,1.0912241646747303
2025.0,1.0920106438089558
2026.0,1.0936962100554644
2027.0,1.095051458933598
2028.0,1.0959162877877673
2029.0,1.096798336158822
2030.0,1.0974711766146215
2031.0,1.0976432596425132
2032.0,1.100442494587346
2033.0,1.1039719762448845
2034.0,1.107350037301202
2035.0,1.1106218034091548
2036.0,1.110899551920705
2037.0,1.1116789699100622
2038.0,1.1106320884938325
2039.0,1.1116076760425548
2040.0,1.113418140808417
2041.0,1.1154889523469687
2042.0,1.1196050528647565
2043.0,1.1214869926905475
2044.0,1.1227591045848637
2045.0,1.1227452041950798
2046.0,1.1214465142844516
2047.0,1.1202310173768117
2048.0,1.1197461134209157
2049.0,1.120123973399507
2050.0,1.1217776710125604
2051.0,1.1228590912746776
2052.0,1.1237050593044973
2053.0,1.1243037685859123
2054.0,1.1249422535805134
2055.0,1.124864283625889
2056.0,1.1261034353454489
2057.0,1.128494028323833
2058.0,1.1302451727984444
2059.0,1.132251503326019
2060.0,1.1343351909977701
2061.0,1.1359683535635074
2062.0,1.1365435878857382
2063.0,1.1387803794231879
2064.0,1.1395554290903265
2065.0,1.1392538637115464
2066.0,1.1405837655951374
2067.0,1.1413835154152465
2068.0,1.1419895835322618
2069.0,1.1423157331643545
2070.0,1.1427907474163752
2071.0,1.1430350925144346
2072.0,1.1422839044734228
2073.0,1.1421803844629121
2074.0,1.1426568701594357
2075.0,1.1428465446496519
2076.0,1.1419694396916444
2077.0,1.144148803809192
2078.0,1.146802083196769
2079.0,1.1465437544711334
2080.0,1.1481819794294166
2081.0,1.1494857009723336
2082.0,1.1497942839678519
2083.0,1.1490913253113668
2084.0,1.1498526744389543
2085.0,1.1501425826209473
2086.0,1.1509757685286688
2087.0,1.1535828503282455
2088.0,1.1547171165199297
2089.0,1.1557930575040476
2090.0,1.155370216590289
2091.0,1.1545140057542267
2092.0,1.153341825906273
2093.0,1.1524252870877274
2094.0,1.1540618912991216
2095.0,1.1561476036141245
2096.0,1.157483441102115
2097.0,1.159008049927401
2098.0,1.1608002874599583
2099.0,1.1617281046395154
2100.0,1.1631556184761436
2101.0,1.1628941309234448
2102.0,1.1600839384955917
2103.0,1.1592416986715761
2104.0,1.1575736595497497
2105.0,1.1576379337761928
2106.0,1.159176949373839
2107.0,1.1625648316397241
2108.0,1.1636150243403045
2109.0,1.1641858005543442
2110.0,1.1648541611818062
2111.0,1.1624326807241907
2112.0,1.1614280567520965
2113.0,1.1609795960191678
2114.0,1.1615612128673052
2115.0,1.1629130128649583
2116.0,1.1649862489702218
2117.0,1.1694717953449258
2118.0,1.171460805757891
2119.0,1.1720927257751563
2120.0,1.1733062878097542
2121.0,1.1739442989270361
2122.0,1.174398839906414
2123.0,1.1754870444700305
2124.0,1.1758374317495228
2125.0,1.1752476243786834
2126.0,1.1744742347116577
2127.0,1.1737261657651048
2128.0,1.174270200632709
2129.0,1.175321720773259
2130.0,1.1767322381680034
2131.0,1.1784466485524487
2132.0,1.178742354359654
2133.0,1.1790468820277986
2134.0,1.1792741784969103
2135.0,1.1783546968937169
2136.0,1.1757795508761684
2137.0,1.1751966473565814
2138.0,1.1740245170836199
2139.0,1.1743490574121072
2140.0,1.1782533171015366
2141.0,1.1789539321605587
2142.0,1.178697605830226
2143.0,1.1774782350487474
2144.0,1.1771589191437704
2145.0,1.1759382370311482
2146.0,1.1762856768682854
2147.0,1.1780455323334573
2148.0,1.1779830237356943
2149.0,1.1775117386231917
2150.0,1.1773041615812643
2151.0,1.1770722925569905
2152.0,1.1764075975007824
2153.0,1.1746669941869972
2154.0,1.174396370147186
2155.0,1.17444257386813
2156.0,1.174257744160628
2157.0,1.1748455193785439
2158.0,1.1759652231621522
2159.0,1.1777168880124709
2160.0,1.178439070390892
2161.0,1.178951316731793
2162.0,1.1796553783114805
2163.0,1.1795288646107374
2164.0,1.179451508307134
2165.0,1.1813725005020586
2166.0,1.1820793189708827
2167.0,1.180721366445782
2168.0,1.1805403129837446
2169.0,1.1807941567562434
2170.0,1.179556586770964
2171.0,1.1790638594837308
2172.0,1.179133244879391
2173.0,1.1788756214408809
2174.0,1.1783846064236705
2175.0,1.1782773239387436
2176.0,1.178652789313344
2177.0,1.1785375093259394
2178.0,1.1773168128113711
2179.0,1.1780512275501585
2180.0,1.180116476365955
2181.0,1.1809855527456152
2182.0,1.1842042073346861
2183.0,1.184116440086232
2184.0,1.1803722947161879
2185.0,1.1784465191092421
2186.0,1.1768496555311168
2187.0,1.17429728558759
2188.0,1.1723185530400442
2189.0,1.1718782630969085
2190.0,1.1718220678717806
2191.0,1.1716966730826956
2192.0,1.1727268726212126
2193.0,1.1727788026681365
2194.0,1.1731690200181566
2195.0,1.1722756980516724
2196.0,1.172886203663522
2197.0,1.1749919760442493
2198.0,1.1767612729998769
2199.0,1.1795628821633857
2200.0,1.1803868319188067
2201.0,1.1804427564950282
2202.0,1.1798916036857339
2203.0,1.1778482443003062
2204.0,1.175772816753655
2205.0,1.1721586724406854
2206.0,1.1713193391409227
2207.0,1.171074499237355
2208.0,1.1702649035505577
2209.0,1.171254594407327
2210.0,1.172065257431332
2211.0,1.1722148982851488
2212.0,1.1733153966412904
2213.0,1.175639565422936
2214.0,1.1781349122827307
2215.0,1.180212103346498
2216.0,1.181011424420992
2217.0,1.1819764355932594
2218.0,1.1824368405028165
2219.0,1.1837042076169233
2220.0,1.1850934065098933
2221.0,1.1864336221391822
2222.0,1.1887277129347735
2223.0,1.189704811134312
2224.0,1.1906177130762137
2225.0,1.1896754090891235
2226.0,1.1863037315363465
2227.0,1.184219047876306
2228.0,1.1798467702777582
2229.0,1.1792561389040255
2230.0,1.1836923882310366
2231.0,1.1848898713837497
2232.0,1.1867881411355192
2233.0,1.1860480308688737
2234.0,1.184159617473497
2235.0,1.1808409392497154
2236.0,1.1810398790312822
2237.0,1.1847938735680286
2238.0,1.186960568409346
2239.0,1.187482738014627
2240.0,1.1853372184765356
2241.0,1.1793876058936998
2242.0,1.1759121991112902
2243.0,1.1759545117715542
2244.0,1.1761399092872706
2245.0,1.1783821012577174
2246.0,1.1800048267600127
2247.0,1.1811507303457682
2248.0,1.182598768327157
2249.0,1.1851468446831472
2250.0,1.186877727639281
2251.0,1.189122360364654
2252.0,1.1891320573992845
2253.0,1.188531376539757
2254.0,1.18608752018163
2255.0,1.1804007620640238
2256.0,1.1766963660160084
2257.0,1.1706384191353487
2258.0,1.168564202522802
2259.0,1.1695941238078578
2260.0,1.1696296738637488
2261.0,1.1713955288644158
2262.0,1.174907979562375
2263.0,1.17217523528147
2264.0,1.169817440897617
2265.0,1.1714127721878642
2266.0,1.1708538385787743
2267.0,1.1710979401017914
2268.0,1.1742528854912764
2269.0,1.1729140230339024
2270.0,1.1719793531390703
2271.0,1.1748701161049657
2272.0,1.1789825684948698
2273.0,1.182827746230665
2274.0,1.1837260558067744
2275.0,1.18360265409729
2276.0,1.1813285139771008
2277.0,1.1797606154301743
2278.0,1.1769852281383637
2279.0,1.1771433500769295
2280.0,1.1782694685235133
2281.0,1.179570284052171
2282.0,1.18441067882021
2283.0,1.1857271373084246
2284.0,1.1846620956896188
2285.0,1.184855038352302
2286.0,1.1847633465445708
2287.0,1.1831379787719898
2288.0,1.1808320145247164
2289.0,1.179321291997241
2290.0,1.1755717922766062
2291.0,1.1751204478394948
2292.0,1.1781386744861229
2293.0,1.1792348187866941
2294.0,1.1806307192107763
2295.0,1.1814213529302162
2296.0,1.1813832859319837
2297.0,1.1814318732038025
2298.0,1.1814888851448004
2299.0,1.1800505648132344
2300.0,1.177095838639895
2301.0,1.1753710099527197
2302.0,1.1794709931154057
2303.0,1.1838992626578817
2304.0,1.1834350326077494
2305.0,1.1855025840796696
2306.0,1.1823456285064444
2307.0,1.177163111747253
2308.0,1.1788202392071785
2309.0,1.1781631341667118
2310.0,1.1753343034739427
2311.0,1.1758045054413298
2312.0,1.17471675569284
2313.0,1.1716565294217325
2314.0,1.171075903266969
2315.0,1.167167439803538
2316.0,1.1659402371539707
2317.0,1.1688644029068318
2318.0,1.1717780614492894
2319.0,1.1810538991961907
2320.0,1.186728357745691
2321.0,1.1932361525027746
2322.0,1.1979881115479318
2323.0,1.1999004532060984
2324.0,1.2004966072648149
2325.0,1.2028640150499028
2326.0,1.1988185536903744
2327.0,1.1868406369729165
2328.0,1.1838449544196636
2329.0,1.1797312665336475
2330.0,1.179374341160101
2331.0,1.1902936361124252
2332.0,1.1904755857829206
2333.0,1.1862808790809967
2334.0,1.1811556738901394
2335.0,1.1679730355017142
2336.0,1.1624509177985245
2337.0,1.1580171269322084
2338.0,1.156417541534002
2339.0,1.1617905198867005
2340.0,1.1641085396073905
2341.0,1.166776154495966
2342.0,1.1712849991462517
2343.0,1.1766916048990121
2344.0,1.1801710439500248
2345.0,1.1834965053061097
2346.0,1.1844579738544905
2347.0,1.1824498561604901
2348.0,1.1830780867204405
2349.0,1.1808031915959092
2350.0,1.18188403130081
2351.0,1.1797018222356754
2352.0,1.1733696318180986
2353.0,1.1709447407397189
2354.0,1.1715264597183246
2355.0,1.1769295952500374
2356.0,1.1806340990113375
2357.0,1.176425625231626
2358.0,1.1740225042723145
2359.0,1.165061462452062
2360.0,1.1523574273515902
2361.0,1.1467993748155034
2362.0,1.140538545469058
2363.0,1.1427788850712532
2364.0,1.150947306657631
2365.0,1.151804605676727
2366.0,1.1535539762451956
2367.0,1.1524340873578331
2368.0,1.149278608223927
2369.0,1.1539143189495857
2370.0,1.154811360445435
2371.0,1.1572950198790166
2372.0,1.1570973190066434
2373.0,1.1499277934321688
2374.0,1.151559522347404
2375.0,1.1520909106773192
2376.0,1.1531937488147728
2377.0,1.1489471908458773
2378.0,1.1407527159567858
2379.0,1.138413686480214
2380.0,1.1314117822203806
2381.0,1.133009201571967
2382.0,1.1319566588066954
2383.0,1.1288258019346806
2384.0,1.1288923850096266
2385.0,1.1194235176909508
2386.0,1.1253895561279028
2387.0,1.1318896214760912
2388.0,1.1299238876536233
2389.0,1.1424636595524873
2390.0,1.1535642881955284
2391.0,1.1546473575709313
2392.0,1.155912572875639
2393.0,1.1529469772358338
2394.0,1.1410009888297126
2395.0,1.127250999784634
2396.0,1.1211423889637202
2397.0,1.118943339101258
2398.0,1.1127518415074569
2399.0,1.1099329303729937
2400.0,1.1090207899343802
2401.0,1.1020339974464826
2402.0,1.0985802820197532
2403.0,1.0991054023565494
2404.0,1.0970105613520886
2405.0,1.0939674891228925
2406.0,1.0803722822084194
2407.0,1.0670639616431363
2408.0,1.06242946524998
2409.0,1.0661582257673121
2410.0,1.089680786013669
2411.0,1.1117191402698854
2412.0,1.1253584604409006
2413.0,1.1397265304197566
2414.0,1.1335092927075783
2415.0,1.114967003902262
2416.0,1.1049857411053476
2417.0,1.0925679323672732
2418.0,1.0835970909854142
2419.0,1.0987687160288875
2420.0,1.1053483388005203
2421.0,1.0921225872317333
2422.0,1.090726831401363
2423.0,1.0868456793816592
2424.0,1.0852760875808696
2425.0,1.0826582037127486
2426.0,1.0791987059864214
2427.0,1.088193290087351
2428.0,1.0826038595688556
2429.0,1.091798366153342
2430.0,1.117114299290256
2431.0,1.1105869304441789
2432.0,1.107903516789013
2433.0,1.114114619980113
2434.0,1.0984801306609673
2435.0,1.0773364344060348
2436.0,1.059456400846736
2437.0,1.053542117357566
2438.0,1.0499861797644718
2439.0,1.0474313764808934
2440.0,1.0563883249258135
2441.0,1.0543519280500613
2442.0,1.0400082233057244
2443.0,1.032336054954835
2444.0,1.0261371380198607
2445.0,1.0237194491777162
2446.0,1.029181581721678
2447.0,1.0498800595204034
2448.0,1.0761261692537745
2449.0,1.0683697502104497
2450.0,1.0597123321717623
2451.0,1.0374986127569563
2452.0,1.0079057933743063
2453.0,1.0205998440807151
2454.0,1.0203853736948532
2455.0,1.0361693052465588
2456.0,1.0609828117194158
2457.0,1.0418628332602502
2458.0,1.0299073721738867
2459.0,1.0103219025912398
2460.0,0.9821598065917495
2461.0,0.9507360380261785
2462.0,0.9405563421122548
2463.0,0.9646178853374933
2464.0,0.9816917319368638
2465.0,1.0294187167824045
2466.0,1.0682567616721488
2467.0,1.052824803046972
2468.0,1.0361020129109775
2469.0,1.0176772292742116
2470.0,0.9919395760676786
2471.0,0.961916370491834
2472.0,0.9440773684134136
2473.0,0.9173646613649644
2474.0,0.9257727230284643
2475.0,0.9848725432236399
2476.0,1.0119057625235852
2477.0,1.0525378197580186
2478.0,1.0657861274782727
2479.0,1.0337415390041624
2480.0,1.0192963288057988
2481.0,1.002887508777354
2482.0,0.985058794566432
2483.0,0.9631323144293295
2484.0,0.9545674404125477
2485.0,0.9588173552381545
2486.0,0.9578207062074392
2487.0,0.9583523938983646
2488.0,0.9595211057811129
2489.0,0.9517812346565716
2490.0,0.956903545182895
2491.0,0.9721602137597989
2492.0,0.9900019491268256
2493.0,1.0241922497028237
2494.0,1.0245623522312117
2495.0,1.0131654020807699
2496.0,1.0108997413631389
2497.0,0.9872363090971553
2498.0,0.9795609694072948
2499.0,0.990837239842915
2500.0,0.9865073061520472
