350.0,-0.15849078669727734
351.0,-0.0961914435349831
352.0,-0.0488583723135194
353.0,-0.010638051581051437
354.0,-0.04114769876054906
355.0,-0.05253471692775208
356.0,0.004931551058609157
357.0,-0.023969901214542327
358.0,-0.0005970648202914554
359.0,0.022858977718401497
360.0,-0.018398890186554034
361.0,0.0016687089203090341
362.0,0.012582761988309538
363.0,0.006668394680716731
364.0,0.008743435162457949
365.0,0.004302142153844339
366.0,0.012321826459052145
367.0,0.01957629784571591
368.0,-0.0022729167564791977
369.0,0.0029651198566163655
370.0,0.006688470812802334
371.0,0.005208173966379369
372.0,0.03138735930568767
373.0,0.028073888904756476
374.0,0.027656289622871262
375.0,0.04001227411020931
376.0,0.011487211704800436
377.0,0.012059217264337313
378.0,0.02282525495722684
379.0,0.017249795451423088
380.0,0.017929862464651957
381.0,0.01727650370193034
382.0,0.02182628557149974
383.0,0.03612108897371046
384.0,0.03775930579173624
385.0,0.04399428681041901
386.0,0.050648267477865806
387.0,0.04299662830763573
388.0,0.03305537310988316
389.0,0.031603469110237675
390.0,0.03597798117661084
391.0,0.03339434940253584
392.0,0.03509163287121957
393.0,0.037892601512520725
394.0,0.038070852274126814
395.0,0.034231881029664096
396.0,0.03743948744666862
397.0,0.039492527101376185
398.0,0.03491426264715474
399.0,0.035478318074555405
400.0,0.03187821331610359
401.0,0.03376816686989113
402.0,0.04872405960154843
403.0,0.05513283842986397
404.0,0.04472314812451641
405.0,0.03230716970225624
406.0,0.03965804537845024
407.0,0.039137727899295316
408.0,0.04094023408694686
409.0,0.04511398756315492
410.0,0.03993299754615019
411.0,0.03917353984617526
412.0,0.04191396152650521
413.0,0.043787143621425176
414.0,0.03871018847668982
415.0,0.038744135391896695
416.0,0.042620823193273365
417.0,0.04607566747354656
418.0,0.04778579394071
419.0,0.045997844487653705
420.0,0.044260839843868326
421.0,0.04662399831874952
422.0,0.04601895411636042
423.0,0.04528424229002212
424.0,0.04566946284218118
425.0,0.046319884687948926
426.0,0.043446202716885936
427.0,0.043080552753589296
428.0,0.0463177732194114
429.0,0.04494622598124031
430.0,0.04530378971205467
431.0,0.04676211362101435
432.0,0.04741612739385386
433.0,0.04673391566347921
434.0,0.046694173006870364
435.0,0.046771380499393875
436.0,0.045711616052385655
437.0,0.04484720550932947
438.0,0.04732619944488835
439.0,0.050132968626592334
440.0,0.04585091321170446
441.0,0.047218867022889965
442.0,0.04841515710874723
443.0,0.04590656109118163
444.0,0.04553104587033736
445.0,0.045308783475406164
446.0,0.0462038249886406
447.0,0.04844344892636172
448.0,0.04672256259732796
449.0,0.04681233491791549
450.0,0.04796541052456943
451.0,0.04636739637386398
452.0,0.04723921153292882
453.0,0.04775143112043476
454.0,0.0468873501869723
455.0,0.046726999401647054
456.0,0.046537204710201695
457.0,0.046499588237884235
458.0,0.0466556705947176
459.0,0.04620690619151401
460.0,0.046372708101979784
461.0,0.04691416409411628
462.0,0.047070385791610145
463.0,0.046777676415006096
464.0,0.046416344216335434
465.0,0.04657614647117634
466.0,0.047803212648629245
467.0,0.04820538110140074
468.0,0.047837199176278725
469.0,0.04733789179095162
470.0,0.04777583096883153
471.0,0.048345689251097675
472.0,0.04833706099098994
473.0,0.04753509112409879
474.0,0.047334194552571825
475.0,0.04804074888725735
476.0,0.04848558148793642
477.0,0.046984016845156296
478.0,0.046452446672693624
479.0,0.047053390251165846
480.0,0.04780798148214334
481.0,0.04665299763038225
482.0,0.04664860062870869
483.0,0.04741697682723594
484.0,0.04794599558152968
485.0,0.04841721251834614
486.0,0.048479792380687135
487.0,0.04802726548305132
488.0,0.04727867878164439
489.0,0.04759646562867325
490.0,0.04792753722911103
491.0,0.048003513190046636
492.0,0.04883688438733174
493.0,0.048822409215830004
494.0,0.04793799370238554
495.0,0.04700921987858068
496.0,0.04822872161369102
497.0,0.04872900709840547
498.0,0.04813171781747557
499.0,0.047542930798366745
500.0,0.04891947727444711
501.0,0.049508040253252165
502.0,0.04862799313046486
503.0,0.048441584262455296
504.0,0.049219972903868404
505.0,0.04939288887174865
506.0,0.048174853251531854
507.0,0.0480036887425268
508.0,0.048044549130504495
509.0,0.048428789149604724
510.0,0.04938157528666107
511.0,0.04889612436439489
512.0,0.048436509815976136
513.0,0.048547166393304385
514.0,0.04839887413241197
515.0,0.04886258070108144
516.0,0.04924715632756749
517.0,0.04895276747241873
518.0,0.048536457893525224
519.0,0.04792891096827091
520.0,0.04766102612908844
521.0,0.048294310077486274
522.0,0.048577820587182345
523.0,0.04917821833348692
524.0,0.04988822736689123
525.0,0.04928419287763316
526.0,0.0495339266035976
527.0,0.04977167711670952
528.0,0.04914271900475724
529.0,0.04892154219730812
530.0,0.049075024248055606
531.0,0.04948249425599344
532.0,0.049923252444137686
533.0,0.050086902369859895
534.0,0.04961424093600436
535.0,0.048872616915655184
536.0,0.04916896350113946
537.0,0.05003761065679758
538.0,0.05045050607727235
539.0,0.04986227134009502
540.0,0.049829432290731716
541.0,0.05003479437275085
542.0,0.050164636929084315
543.0,0.0499816456126001
544.0,0.04988799212041405
545.0,0.05006242123952107
546.0,0.05042573202770696
547.0,0.0505430348215999
548.0,0.050585449794241
549.0,0.05054300057209965
550.0,0.050396421384055236
551.0,0.05025551232480028
552.0,0.05023019563642521
553.0,0.050225438986966756
554.0,0.05004533577016036
555.0,0.05056245278255521
556.0,0.05099566136664229
557.0,0.050876888766054625
558.0,0.05094190228802915
559.0,0.050925033431000535
560.0,0.05087936129337367
561.0,0.050892106676312034
562.0,0.0506060050989392
563.0,0.05059788478457942
564.0,0.05104276247727189
565.0,0.051625280783738584
566.0,0.05155456196739339
567.0,0.05130172630813833
568.0,0.05136715868765134
569.0,0.05156931146570025
570.0,0.05165910749366237
571.0,0.05165704945520346
572.0,0.0517170304763555
573.0,0.05178888094855983
574.0,0.0519071149400833
575.0,0.05185874272314803
576.0,0.0510630599900297
577.0,0.05138708004305655
578.0,0.051932670598601495
579.0,0.0516502760284494
580.0,0.051933320521754665
581.0,0.052067682859485924
582.0,0.052000930013154756
583.0,0.05213113488152104
584.0,0.05220976142789635
585.0,0.05230762592074439
586.0,0.05239872028395224
587.0,0.052150189352157525
588.0,0.05238534348196949
589.0,0.0529148290093836
590.0,0.05321213840610594
591.0,0.05301694037730434
592.0,0.05290822917073601
593.0,0.052998286700212636
594.0,0.05291873289488218
595.0,0.05305924777721042
596.0,0.053185891766269075
597.0,0.053197256004797286
598.0,0.05373825218458464
599.0,0.05393774625787466
600.0,0.0537521621293948
601.0,0.053584222925075385
602.0,0.05370850633590305
603.0,0.05392031241455197
604.0,0.05402252772902568
605.0,0.053904031434972306
606.0,0.05410491270351905
607.0,0.05428081283229105
608.0,0.05409127542135557
609.0,0.05416957780903123
610.0,0.05426787049458219
611.0,0.05444241093174345
612.0,0.05491112849291878
613.0,0.05492037411535365
614.0,0.054977990440370224
615.0,0.05526899105391072
616.0,0.05487250075491994
617.0,0.05496423491926836
618.0,0.0553309688317358
619.0,0.05538467287135538
620.0,0.055591021559369534
621.0,0.05576694074539675
622.0,0.05580865007674033
623.0,0.0557402965260185
624.0,0.05567007759097826
625.0,0.05577404162485395
626.0,0.056082949998951505
627.0,0.056178977821991355
628.0,0.05641539945454803
629.0,0.05681992588882339
630.0,0.05719056649290373
631.0,0.05703301775517902
632.0,0.05688280653890161
633.0,0.057015346190175474
634.0,0.05711511383845633
635.0,0.05720395496854246
636.0,0.05738532771460348
637.0,0.05771771594498192
638.0,0.057974623211051755
639.0,0.057970053334921376
640.0,0.05781366350168399
641.0,0.057845368959914524
642.0,0.057860588884353394
643.0,0.05826687552960517
644.0,0.05900706369802636
645.0,0.05867237196136147
646.0,0.05858003225128193
647.0,0.05880013146658317
648.0,0.05891810243706905
649.0,0.058949529050709534
650.0,0.05917449905352063
651.0,0.05958942893418053
652.0,0.05982896377674705
653.0,0.05981896209084593
654.0,0.059954220792560214
655.0,0.060401708991670834
656.0,0.06015222283859115
657.0,0.060153280798743027
658.0,0.06050037345371865
659.0,0.06074151834678361
660.0,0.06085351857553603
661.0,0.06100448566127287
662.0,0.061236457998211105
663.0,0.061311526015639356
664.0,0.06147120555325592
665.0,0.06170157742521963
666.0,0.06190678438496801
667.0,0.06200844067050675
668.0,0.06225098145322057
669.0,0.06263911335262982
670.0,0.06294033546122335
671.0,0.06289751432678665
672.0,0.06296920770829471
673.0,0.06338695890727442
674.0,0.06344722840730112
675.0,0.06381898742882997
676.0,0.06427864633051618
677.0,0.06432933448484057
678.0,0.06460975863359063
679.0,0.06471049354826586
680.0,0.0645918295448254
681.0,0.0647868864126964
682.0,0.06519251893338147
683.0,0.06546841030815029
684.0,0.06544731349043283
685.0,0.06581270626028977
686.0,0.06584716492934341
687.0,0.06571499457650122
688.0,0.06609917743520259
689.0,0.06659522665039916
690.0,0.06684798498666998
691.0,0.06685782465439596
692.0,0.06723281687860033
693.0,0.06772605486971417
694.0,0.06806747976403081
695.0,0.0681132094204759
696.0,0.06837346739042256
697.0,0.06860394693484217
698.0,0.06882179446432837
699.0,0.06926991200889883
700.0,0.06937583883900127
701.0,0.06954226756539424
702.0,0.06998123957889787
703.0,0.07001510244094353
704.0,0.07005708943138016
705.0,0.07029694395936256
706.0,0.07077771357264523
707.0,0.07125812290571208
708.0,0.07152102922816321
709.0,0.07159462183804459
710.0,0.07177926576265208
711.0,0.07222941359510861
712.0,0.07265850069796628
713.0,0.07283108838356782
714.0,0.07298887930999018
715.0,0.07321776072181152
716.0,0.07353467302964468
717.0,0.0739034794949774
718.0,0.07428884434420395
719.0,0.07456531039175594
720.0,0.07476528639647273
721.0,0.07516266027524227
722.0,0.0755396127149629
723.0,0.0758069191868022
724.0,0.0759944528728192
725.0,0.07644970035559306
726.0,0.07678004108586607
727.0,0.07688969819496655
728.0,0.07695454005460292
729.0,0.07750565059106979
730.0,0.0781464759478292
731.0,0.07849533436789745
732.0,0.07839696719453917
733.0,0.07874667022959865
734.0,0.07929101936698178
735.0,0.07954551740939401
736.0,0.07990884119522289
737.0,0.08022403134995058
738.0,0.08049622090977776
739.0,0.08086712535746675
740.0,0.0812505994537752
741.0,0.08156452919228348
742.0,0.08183192622957207
743.0,0.08230878799837682
744.0,0.0826366911575545
745.0,0.08292428911722705
746.0,0.08337192568807347
747.0,0.08372054002130629
748.0,0.08403142465809087
749.0,0.08435705558950336
750.0,0.08472591341405956
751.0,0.08511549785148466
752.0,0.08553713322542471
753.0,0.0859763550406067
754.0,0.08635148693263106
755.0,0.08667613387226267
756.0,0.08711340048248603
757.0,0.08777335986164919
758.0,0.08814593257880636
759.0,0.0885321223993559
760.0,0.08898467964841812
761.0,0.0892794700211339
762.0,0.08955637039168372
763.0,0.0899909021692688
764.0,0.09060907523793145
765.0,0.09110290586750072
766.0,0.09141110281399521
767.0,0.09172668120852609
768.0,0.09226236729475051
769.0,0.0926929261591106
770.0,0.09310659894723076
771.0,0.09357054167626028
772.0,0.09410522339590113
773.0,0.09465837983010836
774.0,0.09511194391538676
775.0,0.09544597912063009
776.0,0.0958822778722303
777.0,0.09628082281384719
778.0,0.09672037389056466
779.0,0.09728658728601275
780.0,0.09768401979894963
781.0,0.09807758251328769
782.0,0.09859440568587022
783.0,0.09927557955384013
784.0,0.09978763750714703
785.0,0.10023957212620076
786.0,0.10073825861364465
787.0,0.10120568870800077
788.0,0.10185639130181605
789.0,0.10241953029128448
790.0,0.10267856948646233
791.0,0.10343127589221182
792.0,0.10406894626195204
793.0,0.10452828590295862
794.0,0.10516454085575512
795.0,0.10562335766469812
796.0,0.1060914902535038
797.0,0.10666321874965036
798.0,0.10715281901569391
799.0,0.10786646792586548
800.0,0.10849304382834697
801.0,0.10879224767548215
802.0,0.10942898642825759
803.0,0.11005931665643351
804.0,0.11064239965908386
805.0,0.11128269011821768
806.0,0.11163727435905937
807.0,0.11205753097004344
808.0,0.11276346115606577
809.0,0.11370589438848416
810.0,0.11439412228494587
811.0,0.11483750157294324
812.0,0.11520781192248084
813.0,0.11574327828580828
814.0,0.11629571732296624
815.0,0.1168835021697295
816.0,0.11758596121085607
817.0,0.11847055543580616
818.0,0.11919169318646886
819.0,0.11968978572957918
820.0,0.12018228692491506
821.0,0.1206449410048629
822.0,0.1213980266533431
823.0,0.12235704349343025
824.0,0.12263396389646415
825.0,0.12338218914901591
826.0,0.12425887547819295
827.0,0.12476343218443031
828.0,0.12551381070790535
829.0,0.12617780548909158
830.0,0.12682629451165353
831.0,0.12768581239801644
832.0,0.12834215445368127
833.0,0.12896785495599664
834.0,0.1296666910728259
835.0,0.13041074000221417
836.0,0.13131435654610588
837.0,0.13198751769298156
838.0,0.13234627934075868
839.0,0.1331257086528663
840.0,0.13404695956504303
841.0,0.1348124631052513
842.0,0.13528493450647786
843.0,0.13600833049971536
844.0,0.13675860287597963
845.0,0.13750341579955178
846.0,0.1383094076274989
847.0,0.13897788251384208
848.0,0.1398123025343162
849.0,0.1407317752902555
850.0,0.1412437185186958
851.0,0.14226909993108772
852.0,0.1432621086831698
853.0,0.1438040402432835
854.0,0.14426986312889042
855.0,0.1450729638279263
856.0,0.14603182131231296
857.0,0.14684221292908503
858.0,0.14757381616135015
859.0,0.14837631599926343
860.0,0.1491080614808308
861.0,0.14958796924549672
862.0,0.15040800273991325
863.0,0.1513527069266759
864.0,0.15233803590638853
865.0,0.15341684521792778
866.0,0.15415533474250223
867.0,0.15471785997498344
868.0,0.15525437326868896
869.0,0.155729708039365
870.0,0.15662208890387191
871.0,0.15781351798172227
872.0,0.15898341379377984
873.0,0.15969477584257546
874.0,0.16058257300769166
875.0,0.16147026459442865
876.0,0.16204924000097132
877.0,0.16278893364257732
878.0,0.16384072161228178
879.0,0.16513379388550237
880.0,0.16640716211506928
881.0,0.1671623130157005
882.0,0.16789965736917628
883.0,0.1686395053026568
884.0,0.16895319085603766
885.0,0.1702100343258429
886.0,0.17150427566575138
887.0,0.17243326782870524
888.0,0.1738911867199583
889.0,0.17485659867562325
890.0,0.17553714497013911
891.0,0.1763125719015352
892.0,0.17724134956314866
893.0,0.17812706119367477
894.0,0.17905297533503006
895.0,0.18016208655610616
896.0,0.18153408247884037
897.0,0.18226948076585972
898.0,0.18279654498364448
899.0,0.18393198524489446
900.0,0.184722236514397
901.0,0.18585957930264316
902.0,0.1872426435238791
903.0,0.18823846560271673
904.0,0.1892489151332356
905.0,0.1900151889594295
906.0,0.19058153578527937
907.0,0.19133883325906134
908.0,0.19224542380010168
909.0,0.19341525593498887
910.0,0.19472525134652374
911.0,0.19573464425016593
912.0,0.1969357202578343
913.0,0.1976213404983972
914.0,0.19777910060981194
915.0,0.19914076306292305
916.0,0.20032790730969613
917.0,0.2016176916955959
918.0,0.20322683613983641
919.0,0.2040452296930711
920.0,0.20437086178420852
921.0,0.2051468362810922
922.0,0.20688446787430234
923.0,0.20778776384647485
924.0,0.20894452821812273
925.0,0.21036359533944915
926.0,0.21164151972291803
927.0,0.21292603559217688
928.0,0.21364187147845437
929.0,0.2140254783400756
930.0,0.21479099028164692
931.0,0.21629715522499712
932.0,0.21816788545894802
933.0,0.21969211357044593
934.0,0.22022685492734143
935.0,0.22073204130145418
936.0,0.22162761433602102
937.0,0.2229766385722426
938.0,0.22452120801033376
939.0,0.22588907330737173
940.0,0.22713724735907564
941.0,0.22832518283329445
942.0,0.22943367245355065
943.0,0.2302782292629983
944.0,0.23107684992624045
945.0,0.23214501184178474
946.0,0.2337345080110448
947.0,0.2348758726841066
948.0,0.2362726837514039
949.0,0.23787398047441888
950.0,0.23835962332599617
951.0,0.23959715189130226
952.0,0.240886562702597
953.0,0.2418380786421
954.0,0.24329806638578783
955.0,0.2447701910617787
956.0,0.24608353734432364
957.0,0.24726053016414443
958.0,0.24850815262772807
959.0,0.2494675986856122
960.0,0.2507334710387291
961.0,0.2524844192512038
962.0,0.25378993308871056
963.0,0.2548727157074985
964.0,0.2562620543739277
965.0,0.25781248184908573
966.0,0.2580115543822993
967.0,0.2586376781530699
968.0,0.25998548067434624
969.0,0.2618021162727349
970.0,0.26360959537038037
971.0,0.2645783234858002
972.0,0.26536803971067996
973.0,0.2665691729390628
974.0,0.2677582382650411
975.0,0.26933801055632106
976.0,0.27122850548541044
977.0,0.2727765669558327
978.0,0.2726257080708505
979.0,0.2740810526993362
980.0,0.27575961247851805
981.0,0.27652080135461626
982.0,0.2778452920567387
983.0,0.27928254405787156
984.0,0.2805116500830471
985.0,0.281712836512539
986.0,0.2837950538989227
987.0,0.2847501447557674
988.0,0.28597414488139156
989.0,0.28797121258482594
990.0,0.28883369192547564
991.0,0.2904868776057379
992.0,0.29263715721055966
993.0,0.2940718465982657
994.0,0.2934457508666531
995.0,0.29554603794618184
996.0,0.29806989628788855
997.0,0.2994991529708536
998.0,0.30085577052178736
999.0,0.30196735015341825
1000.0,0.3025481240433057
1001.0,0.3175471620224656
1002.0,0.3182946866014676
1003.0,0.3195641813771925
1004.0,0.32068229941017606
1005.0,0.3236196210524799
1006.0,0.32452847815517744
1007.0,0.3254389366813129
1008.0,0.32707638074166295
1009.0,0.3275415147275365
1010.0,0.3302428306004956
1011.0,0.3300963673620214
1012.0,0.3324556667393198
1013.0,0.3374579076101366
1014.0,0.33854212814956686
1015.0,0.33915839338414605
1016.0,0.3391148799551488
1017.0,0.33625828838489535
1018.0,0.3320828264454574
1019.0,0.33363864583078984
1020.0,0.3363897075264055
1021.0,0.3407967367387977
1022.0,0.3474993548032372
1023.0,0.3504619623161475
1024.0,0.3500980536044693
1025.0,0.35048199408714464
1026.0,0.3496384211032619
1027.0,0.3494617432320544
1028.0,0.35234723192776285
1029.0,0.3543617442359336
1030.0,0.35668792301068397
1031.0,0.3578516836519704
1032.0,0.359235729239114
1033.0,0.36080998922862434
1034.0,0.36261436530034646
1035.0,0.36578746253250555
1036.0,0.36833582361666317
1037.0,0.3690476838850462
1038.0,0.36971910523706447
1039.0,0.37045094424651254
1040.0,0.3711304090310739
1041.0,0.3724534642176256
1042.0,0.374437950546193
1043.0,0.3755231509504157
1044.0,0.37546376099654694
1045.0,0.3759275673337521
1046.0,0.3778552371418178
1047.0,0.37944208532366214
1048.0,0.3817796805540647
1049.0,0.38373382830079034
1050.0,0.38517514390622964
1051.0,0.38625391863134056
1052.0,0.38617625378808523
1053.0,0.38686784628037935
1054.0,0.3886249220766081
1055.0,0.3917024637802656
1056.0,0.39387282756655645
1057.0,0.39672843928977564
1058.0,0.39847212205339916
1059.0,0.3998983164113813
1060.0,0.40083126397095403
1061.0,0.40166424477301355
1062.0,0.40299990131692687
1063.0,0.40505235045921506
1064.0,0.4070046732513129
1065.0,0.4084903311035703
1066.0,0.4108450594642983
1067.0,0.41191169707995373
1068.0,0.412100552534664
1069.0,0.41471860200586136
1070.0,0.4174394344547779
1071.0,0.41975270789412716
1072.0,0.42264427092070633
1073.0,0.4257022733979119
1074.0,0.4270601634608344
1075.0,0.42750526027440927
1076.0,0.42860470456033695
1077.0,0.42858483872833686
1078.0,0.4286837453005125
1079.0,0.4314413504279238
1080.0,0.4334313370252004
1081.0,0.4353476388113727
1082.0,0.4376283109007169
1083.0,0.4385950075890558
1084.0,0.4398125881094745
1085.0,0.44082878149234866
1086.0,0.4424376537422167
1087.0,0.4440698969285479
1088.0,0.44591529600725605
1089.0,0.44863146245168894
1090.0,0.45115479274027914
1091.0,0.4518732743094878
1092.0,0.4530830412801985
1093.0,0.4537850972964677
1094.0,0.45411384951716843
1095.0,0.4568517016492613
1096.0,0.4590764392895802
1097.0,0.46124006029292036
1098.0,0.46448930688821577
1099.0,0.46648123239732464
1100.0,0.46726813320317306
1101.0,0.4692122767684367
1102.0,0.4714430152939556
1103.0,0.4730856022535994
1104.0,0.475039737849373
1105.0,0.47584566958000407
1106.0,0.47626954408807765
1107.0,0.47729163096865634
1108.0,0.4788733121014875
1109.0,0.4819127788356714
1110.0,0.4839622362229219
1111.0,0.4849747884658687
1112.0,0.486597733783385
1113.0,0.4875043973216822
1114.0,0.4893665669931121
1115.0,0.4925922617058941
1116.0,0.4946676864403335
1117.0,0.496665658453793
1118.0,0.4983955604485779
1119.0,0.4993485195247576
1120.0,0.5004295189516669
1121.0,0.5025237941965517
1122.0,0.5043584423364008
1123.0,0.5071669994638398
1124.0,0.5096889561292867
1125.0,0.5108262642295343
1126.0,0.5125381640588555
1127.0,0.5142281185926748
1128.0,0.5152302428299527
1129.0,0.5172639603612258
1130.0,0.5203425050295322
1131.0,0.5225149793741416
1132.0,0.5247031712245784
1133.0,0.526565031353281
1134.0,0.527913598705344
1135.0,0.5294412161984966
1136.0,0.5310783843703909
1137.0,0.532725737947692
1138.0,0.5343860433045391
1139.0,0.5367509260204824
1140.0,0.5388552241020355
1141.0,0.5405465941239382
1142.0,0.5424139245082901
1143.0,0.5442302329683062
1144.0,0.5459469915598054
1145.0,0.5476558993575924
1146.0,0.5494544172291883
1147.0,0.5509963508698471
1148.0,0.5527578354626067
1149.0,0.5544384333834849
1150.0,0.556849814355135
1151.0,0.5591937312004203
1152.0,0.5613795027908032
1153.0,0.5636530183858618
1154.0,0.5654673708101078
1155.0,0.5665187739900795
1156.0,0.5683968430052236
1157.0,0.5702745489656355
1158.0,0.5721261156310529
1159.0,0.5739705252226798
1160.0,0.5762176663797283
1161.0,0.5780702779374932
1162.0,0.5795223017299307
1163.0,0.58135582749853
1164.0,0.5832916758867924
1165.0,0.5852948923292126
1166.0,0.5876384087971672
1167.0,0.5897383510171126
1168.0,0.5914581163114516
1169.0,0.5927540425219514
1170.0,0.5937377695673257
1171.0,0.5952247907027857
1172.0,0.5969675698364497
1173.0,0.5992899200371278
1174.0,0.6013334384326633
1175.0,0.6032738985078947
1176.0,0.6054340411867415
1177.0,0.6077842171290636
1178.0,0.609755993467192
1179.0,0.6119041591801005
1180.0,0.6140228379309963
1181.0,0.6157012314272461
1182.0,0.6176982226157891
1183.0,0.6200043709730907
1184.0,0.6215565482276448
1185.0,0.6233870954630584
1186.0,0.6255355841842638
1187.0,0.6274746369809974
1188.0,0.6297053769597141
1189.0,0.6313684919270605
1190.0,0.6324569751836544
1191.0,0.6340353293544506
1192.0,0.6353934465024164
1193.0,0.637196561824734
1194.0,0.6394515202173018
1195.0,0.6416615748589739
1196.0,0.644186304757996
1197.0,0.6464479004550491
1198.0,0.6488415133276152
1199.0,0.650947119033127
1200.0,0.6525285262239178
1201.0,0.6541165577883268
1202.0,0.6559120196358091
1203.0,0.6576393933467232
1204.0,0.6593878195167616
1205.0,0.6614265162487749
1206.0,0.6632084152061124
1207.0,0.664454936445258
1208.0,0.6664787390106133
1209.0,0.6690159152118871
1210.0,0.6711258119999455
1211.0,0.6736381213702824
1212.0,0.6756781774655704
1213.0,0.6770147213192474
1214.0,0.6788006745177368
1215.0,0.6806395107084802
1216.0,0.6826284253165287
1217.0,0.6848341390285283
1218.0,0.6863780635926636
1219.0,0.6879649178739171
1220.0,0.6891354270256262
1221.0,0.6907874862971382
1222.0,0.6925675547839295
1223.0,0.6943844849419643
1224.0,0.6965743615918462
1225.0,0.6984439684615401
1226.0,0.699933350881895
1227.0,0.7017969125038109
1228.0,0.703891259413778
1229.0,0.7057181248550931
1230.0,0.7076347061251489
1231.0,0.7095064140118602
1232.0,0.7111344861018669
1233.0,0.7126632824932169
1234.0,0.715148764234633
1235.0,0.7174272355846935
1236.0,0.7193427426549146
1237.0,0.7213520501208871
1238.0,0.7231433248469936
1239.0,0.7240650174072494
1240.0,0.725961495041206
1241.0,0.7285183529548657
1242.0,0.7306590953415463
1243.0,0.7332463606549298
1244.0,0.7352575701819577
1245.0,0.736449491964744
1246.0,0.738287743160634
1247.0,0.7403748401193216
1248.0,0.7422050183027015
1249.0,0.7442880823309372
1250.0,0.746256571681868
1251.0,0.7478343747795448
1252.0,0.749433967843376
1253.0,0.7513803590508071
1254.0,0.753557997888586
1255.0,0.7557220764178436
1256.0,0.7580974594456805
1257.0,0.7603452938100641
1258.0,0.762936260466825
1259.0,0.7647631344656901
1260.0,0.7660561495483816
1261.0,0.767657739667101
1262.0,0.7687016606650562
1263.0,0.7702716843875962
1264.0,0.772454237416346
1265.0,0.7743264286891821
1266.0,0.7762388354066012
1267.0,0.7780472931706903
1268.0,0.7797565157606988
1269.0,0.7813896578734865
1270.0,0.7830224978611913
1271.0,0.7845797310380291
1272.0,0.7861585689660856
1273.0,0.7875573132163867
1274.0,0.7893981995322593
1275.0,0.7914187002417231
1276.0,0.7934943416937189
1277.0,0.7959629108183088
1278.0,0.7981760000456518
1279.0,0.8000437857460672
1280.0,0.8024079036448757
1281.0,0.8054038902638134
1282.0,0.8077008404219082
1283.0,0.8099610302549644
1284.0,0.8120811433814471
1285.0,0.8135225908834177
1286.0,0.8151798098328383
1287.0,0.8167099942611283
1288.0,0.818732002426458
1289.0,0.8207421234513802
1290.0,0.8229445693219835
1291.0,0.8247123066017723
1292.0,0.8265348990648926
1293.0,0.8282408484668116
1294.0,0.8294085087800779
1295.0,0.8310418215362478
1296.0,0.8329246728991176
1297.0,0.8348455349829075
1298.0,0.8369843819508921
1299.0,0.8388901012512577
1300.0,0.8405610165150782
1301.0,0.8426672345334029
1302.0,0.8448820358374386
1303.0,0.8470852805341714
1304.0,0.8500323968244707
1305.0,0.8523156695621374
1306.0,0.8542784588769715
1307.0,0.8557147584086375
1308.0,0.857634709587887
1309.0,0.8593099259766306
1310.0,0.8613973687678498
1311.0,0.8639908812257935
1312.0,0.8661242540848779
1313.0,0.8682311286289112
1314.0,0.8701558719779852
1315.0,0.8719467435887549
1316.0,0.873590894986736
1317.0,0.8746440801233453
1318.0,0.8765084142806407
1319.0,0.8787586613694254
1320.0,0.8808020992691332
1321.0,0.8838347879927286
1322.0,0.8857517002580901
1323.0,0.8863874149115558
1324.0,0.8877519644886067
1325.0,0.8887023824108636
1326.0,0.8901644416851477
1327.0,0.8920222502615445
1328.0,0.8945437167560297
1329.0,0.8969301821103326
1330.0,0.8998277065060634
1331.0,0.9018274647563416
1332.0,0.9036415032494831
1333.0,0.9053731925051733
1334.0,0.9061735700463862
1335.0,0.9079819139824196
1336.0,0.9105466195263885
1337.0,0.9125545989836947
1338.0,0.9146976535849546
1339.0,0.9166608146662243
1340.0,0.9184331307483797
1341.0,0.9199770999125334
1342.0,0.9213717324477385
1343.0,0.9227737915449248
1344.0,0.9232898838725803
1345.0,0.9248180673980457
1346.0,0.9271233085087663
1347.0,0.929336778672104
1348.0,0.9315896882722404
1349.0,0.9345485506073642
1350.0,0.9365673145723228
1351.0,0.9380144766292958
1352.0,0.9397344998595076
1353.0,0.9411776767019329
1354.0,0.9429653936079619
1355.0,0.9449022473228798
1356.0,0.9468336991137294
1357.0,0.9490155090660491
1358.0,0.9509424672551524
1359.0,0.9527150807082283
1360.0,0.9545689473237865
1361.0,0.9564987589110037
1362.0,0.9581543790669363
1363.0,0.9597588589040418
1364.0,0.9612697656640573
1365.0,0.9623707273550114
1366.0,0.9636755276346536
1367.0,0.9654125977258741
1368.0,0.9662847618399594
1369.0,0.9679469619870902
1370.0,0.969958687244377
1371.0,0.9716084807973503
1372.0,0.9732962578574499
1373.0,0.9751444564079713
1374.0,0.9768477936270041
1375.0,0.9785692524594392
1376.0,0.9804968249853188
1377.0,0.9824537462845078
1378.0,0.9842799460098501
1379.0,0.9862394351212533
1380.0,0.9888143929064793
1381.0,0.9906407655271793
1382.0,0.9918525274662128
1383.0,0.9933713675375866
1384.0,0.9947006456825124
1385.0,0.996024058640992
1386.0,0.9974471886170296
1387.0,0.9989181394543879
1388.0,1.0003052779570254
1389.0,1.0016976398363315
1390.0,1.0031818615599624
1391.0,1.0048050060994758
1392.0,1.0061305024945173
1393.0,1.007250743700405
1394.0,1.0084960772632987
1395.0,1.009680759730241
1396.0,1.0108951152103414
1397.0,1.0120993744532838
1398.0,1.013387991688552
1399.0,1.0147965922359716
1400.0,1.0159529433785301
1401.0,1.0168153004687748
1402.0,1.018251709345902
1403.0,1.020020787011305
1404.0,1.0213496816154126
1405.0,1.022962757481403
1406.0,1.0242697313796116
1407.0,1.0247782670700187
1408.0,1.025847052539997
1409.0,1.0273331149431086
1410.0,1.0286312496569734
1411.0,1.0298754340519287
1412.0,1.0312612905383207
1413.0,1.0326872203809268
1414.0,1.034131100868794
1415.0,1.0356380300653603
1416.0,1.0372627335070657
1417.0,1.038618761031257
1418.0,1.0399178239766536
1419.0,1.0408731298621805
1420.0,1.0413444868600361
1421.0,1.0424781295288217
1422.0,1.0435763117995953
1423.0,1.0449591425848883
1424.0,1.0470272652813455
1425.0,1.0485838670522196
1426.0,1.049971898524034
1427.0,1.051306979312696
1428.0,1.0523366259960119
1429.0,1.0537477120435608
1430.0,1.0552948873383106
1431.0,1.0568102389115506
1432.0,1.0588550157943193
1433.0,1.0602515922774327
1434.0,1.0611985652651157
1435.0,1.0622245170770812
1436.0,1.0625183497086856
1437.0,1.063611837006446
1438.0,1.0650774908165577
1439.0,1.0668049836220272
1440.0,1.0689221598645111
1441.0,1.0709586629098702
1442.0,1.0725876087808133
1443.0,1.0737857088000735
1444.0,1.0752570429497241
1445.0,1.0765321630417553
1446.0,1.078026515687083
1447.0,1.0799338778485614
1448.0,1.0811516597163808
1449.0,1.0818024502495005
1450.0,1.0832203907333617
1451.0,1.0845497240530764
1452.0,1.086200746197615
1453.0,1.0888060617003634
1454.0,1.0904864883997762
1455.0,1.0914995084880876
1456.0,1.0930959095864834
1457.0,1.0949362893968178
1458.0,1.096337373185662
1459.0,1.097873676357126
1460.0,1.0991435132957685
1461.0,1.099652527390438
1462.0,1.1005946070426869
1463.0,1.1018333608463708
1464.0,1.1030388905739184
1465.0,1.10413955247894
1466.0,1.1055413025565854
1467.0,1.1072816636214535
1468.0,1.1086422014802422
1469.0,1.1106352707338372
1470.0,1.112721964002216
1471.0,1.1145836287857327
1472.0,1.1163758576317926
1473.0,1.1184289705469264
1474.0,1.1204774601354008
1475.0,1.1225488397506316
1476.0,1.1249887716018725
1477.0,1.1269364951961975
1478.0,1.1284220973335188
1479.0,1.1303401163478788
1480.0,1.1323574515607542
1481.0,1.1342939737759365
1482.0,1.136404035118471
1483.0,1.1384410152057836
1484.0,1.1405158091233436
1485.0,1.1422123629147947
1486.0,1.1438624141373894
1487.0,1.1452966511581792
1488.0,1.1459637523324067
1489.0,1.1472783522690542
1490.0,1.1489271011404432
1491.0,1.150495019730727
1492.0,1.1523081588145627
1493.0,1.154115658315592
1494.0,1.1558115934859003
1495.0,1.157594093378579
1496.0,1.1595734872155057
1497.0,1.1614398360393285
1498.0,1.1634440910041985
1499.0,1.1651658895637265
1500.0,1.1667826058269286
1501.0,1.1680853885411262
1502.0,1.1692828614154702
1503.0,1.1709997278982172
1504.0,1.1727866983932769
1505.0,1.174963172457774
1506.0,1.1767684331469799
1507.0,1.1786282353443858
1508.0,1.1801703335155698
1509.0,1.1814354212328666
1510.0,1.182818244977542
1511.0,1.183935530824557
1512.0,1.1855290846207935
1513.0,1.1872801930415446
1514.0,1.189140165714894
1515.0,1.1914058000595864
1516.0,1.1934178389915713
1517.0,1.1957181498143212
1518.0,1.1972680616362898
1519.0,1.1981239838411073
1520.0,1.199560933764438
1521.0,1.2007351413007785
1522.0,1.2021784810039762
1523.0,1.2043236182493184
1524.0,1.2059401457565306
1525.0,1.206979774257709
1526.0,1.208536457961738
1527.0,1.2104057285734544
1528.0,1.2120612203340009
1529.0,1.2139940389800643
1530.0,1.2156307148846366
1531.0,1.2168008866479685
1532.0,1.218192351572504
1533.0,1.2194461406234554
1534.0,1.2210105794809802
1535.0,1.2229295115779932
1536.0,1.224674653559064
1537.0,1.2265223083657495
1538.0,1.2284171558963417
1539.0,1.2301052430468276
1540.0,1.2315664247132083
1541.0,1.2331063627522152
1542.0,1.234583698917652
1543.0,1.2362214129212648
1544.0,1.2379291555911631
1545.0,1.239501099751187
1546.0,1.2411361018886922
1547.0,1.2426568826121922
1548.0,1.2439732028079542
1549.0,1.2454429516906993
1550.0,1.246962685575009
1551.0,1.248532735388262
1552.0,1.2501546826720786
1553.0,1.2517138067323672
1554.0,1.2532608286228326
1555.0,1.2549281054050656
1556.0,1.2566082157248395
1557.0,1.2583142859693854
1558.0,1.2602069692067255
1559.0,1.2619249515084507
1560.0,1.2636004200224518
1561.0,1.2651245080013447
1562.0,1.2667244080160527
1563.0,1.267900371569932
1564.0,1.2685614298526666
1565.0,1.2695623333489214
1566.0,1.2702479773510018
1567.0,1.2713918171216574
1568.0,1.2728473924649282
1569.0,1.2744967130766256
1570.0,1.2767119531695632
1571.0,1.2784395878204082
1572.0,1.280222304760846
1573.0,1.281789194919701
1574.0,1.2829649870635642
1575.0,1.2841333813085083
1576.0,1.2851416704219176
1577.0,1.286310124241193
1578.0,1.2872528429207686
1579.0,1.288515645614647
1580.0,1.2900215900908343
1581.0,1.291660251153306
1582.0,1.2939320577317146
1583.0,1.2955811977744214
1584.0,1.2968935683387834
1585.0,1.2983281469943648
1586.0,1.2993141349562045
1587.0,1.3004813871482814
1588.0,1.3019305790925155
1589.0,1.303372962930334
1590.0,1.3048226475034386
1591.0,1.306169194788542
1592.0,1.3077718633421358
1593.0,1.3097209167577257
1594.0,1.310944963122965
1595.0,1.312025202926373
1596.0,1.3129444931781065
1597.0,1.3132635038462042
1598.0,1.3141300375684601
1599.0,1.3151970315417183
1600.0,1.3162287606290497
1601.0,1.3171920563382729
1602.0,1.318616110355981
1603.0,1.3203659550225975
1604.0,1.3218793122139225
1605.0,1.3236627607626745
1606.0,1.3251982251444083
1607.0,1.3264799060786432
1608.0,1.3278157915143394
1609.0,1.3295084580973204
1610.0,1.3303020694411016
1611.0,1.33020589378176
1612.0,1.3311025603152868
1613.0,1.3319820395749329
1614.0,1.3329024778298084
1615.0,1.334687186695711
1616.0,1.335607920920449
1617.0,1.3355238391402071
1618.0,1.3364592337312202
1619.0,1.337691179337328
1620.0,1.338989435531599
1621.0,1.3408204796112944
1622.0,1.3423823072442214
1623.0,1.3440356899734334
1624.0,1.3452861074790026
1625.0,1.3461993835274975
1626.0,1.3474534344411033
1627.0,1.34854838526266
1628.0,1.349726977001142
1629.0,1.3513239841826268
1630.0,1.3526070383503337
1631.0,1.3536269039812137
1632.0,1.3546808740361156
1633.0,1.3558677545816717
1634.0,1.3567450919171813
1635.0,1.357257702150935
1636.0,1.3579525157497803
1637.0,1.3586212212747952
1638.0,1.3592027352624454
1639.0,1.3597875343460402
1640.0,1.3604389091110436
1641.0,1.3610807860523695
1642.0,1.3615761410807568
1643.0,1.3622752791874353
1644.0,1.3625454347818926
1645.0,1.3619561979674244
1646.0,1.362305741491429
1647.0,1.3627965837353557
1648.0,1.363662111899047
1649.0,1.3658936496368173
1650.0,1.3668755079889932
1651.0,1.36716984906515
1652.0,1.3677553451246294
1653.0,1.3676106344046397
1654.0,1.368100822992531
1655.0,1.3692931714201508
1656.0,1.3701472907072836
1657.0,1.3710918423652376
1658.0,1.3718821708012146
1659.0,1.3725247898196475
1660.0,1.3731768938839097
1661.0,1.373727039223006
1662.0,1.3742356097442576
1663.0,1.3745088507534546
1664.0,1.3751658639735618
1665.0,1.3758145569141307
1666.0,1.3768799544878318
1667.0,1.3785325270660016
1668.0,1.3799550093640853
1669.0,1.3816205553180385
1670.0,1.3831065310884918
1671.0,1.3843870825436841
1672.0,1.3857752568912294
1673.0,1.386854316311706
1674.0,1.3884889883488925
1675.0,1.390730713917298
1676.0,1.3925266068109
1677.0,1.3944968366520922
1678.0,1.3963216136156662
1679.0,1.3974624090856405
1680.0,1.399262531741221
1681.0,1.4015893244393267
1682.0,1.4036794229258491
1683.0,1.4063729118191632
1684.0,1.408121159118629
1685.0,1.4089076052045226
1686.0,1.4104331745911387
1687.0,1.4119062936294953
1688.0,1.4133181298277544
1689.0,1.4155262130877628
1690.0,1.416792056184935
1691.0,1.416659963885035
1692.0,1.4175443672441237
1693.0,1.4188256068393468
1694.0,1.4199533734007657
1695.0,1.4215444815968097
1696.0,1.4230974544053498
1697.0,1.4243598677731453
1698.0,1.4256957268757937
1699.0,1.42760992677967
1700.0,1.4287745325889727
1701.0,1.4292256074957421
1702.0,1.4300025877244646
1703.0,1.4306610659379122
1704.0,1.431497750399825
1705.0,1.4322599840543282
1706.0,1.4334549617544756
1707.0,1.4350565190179223
1708.0,1.4360797159535479
1709.0,1.4374590996192729
1710.0,1.4384021369959465
1711.0,1.4385512046315543
1712.0,1.4391744345179254
1713.0,1.4396603281793174
1714.0,1.4407019821543736
1715.0,1.4423503450805386
1716.0,1.4433679407952278
1717.0,1.444123295044313
1718.0,1.4453012329544503
1719.0,1.4466830321665922
1720.0,1.4476937979790323
1721.0,1.4489758341478487
1722.0,1.4501606369186981
1723.0,1.450720301072181
1724.0,1.4513785501464198
1725.0,1.4522357531353278
1726.0,1.4532357565979872
1727.0,1.4539372674508977
1728.0,1.455104699950093
1729.0,1.4571321830770856
1730.0,1.4581898568853728
1731.0,1.4588365579018103
1732.0,1.4595277595661076
1733.0,1.4596684616372697
1734.0,1.4602794153419802
1735.0,1.4615270688374422
1736.0,1.4621575980821653
1737.0,1.4621008283177388
1738.0,1.4628372105744827
1739.0,1.4637850771330374
1740.0,1.4644028537414826
1741.0,1.4655394311987433
1742.0,1.4662826655861818
1743.0,1.4665520501627365
1744.0,1.4666171248330209
1745.0,1.466291588804494
1746.0,1.466773131782067
1747.0,1.4671965636673105
1748.0,1.4681740147977596
1749.0,1.4703944079071103
1750.0,1.4714732338458776
1751.0,1.4721538340063152
1752.0,1.472500664424544
1753.0,1.4723311422913221
1754.0,1.4721438990040239
1755.0,1.4717196371703556
1756.0,1.4726344439450574
1757.0,1.474357328224215
1758.0,1.475473039895201
1759.0,1.4773489290026711
1760.0,1.478643021900995
1761.0,1.478413389735251
1762.0,1.4785077779699682
1763.0,1.4788729673113339
1764.0,1.4794098685332224
1765.0,1.480635434909027
1766.0,1.482356494508048
1767.0,1.4843967330102348
1768.0,1.4861564485932781
1769.0,1.4871803426443617
1770.0,1.4878995796068255
1771.0,1.4881763608107943
1772.0,1.487917009704401
1773.0,1.4877477555027814
1774.0,1.4883415513517493
1775.0,1.4882424633269378
1776.0,1.487777023445835
1777.0,1.4883072838658074
1778.0,1.4881469305160675
1779.0,1.4887886580080887
1780.0,1.4905323864169198
1781.0,1.4914164911011876
1782.0,1.492561031618153
1783.0,1.4937772408661572
1784.0,1.4939724631143734
1785.0,1.493327112977886
1786.0,1.493266228013041
1787.0,1.4940751328053954
1788.0,1.4948675200484953
1789.0,1.4970748556172788
1790.0,1.4991717338024395
1791.0,1.4995804451304793
1792.0,1.4991681211978347
1793.0,1.4993082405854559
1794.0,1.4984504959870035
1795.0,1.4986179865847145
1796.0,1.4995201178419115
1797.0,1.5006107830084423
1798.0,1.5022700096296622
1799.0,1.5052242346817466
1800.0,1.5070371270262315
1801.0,1.4926594701583398
1802.0,1.4953304543961232
1803.0,1.4972900509402727
1804.0,1.4985611739961038
1805.0,1.5003640392871778
1806.0,1.5009505535123264
1807.0,1.4995955639803125
1808.0,1.5006747302621632
1809.0,1.5029113993240273
1810.0,1.5037699418228654
1811.0,1.5052120256455392
1812.0,1.50613957726844
1813.0,1.505827426400762
1814.0,1.5070761427758983
1815.0,1.5072863109322372
1816.0,1.5079820421464765
1817.0,1.5076944670237438
1818.0,1.5050659485723195
1819.0,1.505222327617621
1820.0,1.5062345963632588
1821.0,1.5078230757033781
1822.0,1.5117895280891023
1823.0,1.5148696835991409
1824.0,1.5152459186179306
1825.0,1.5167480598522642
1826.0,1.518805408792933
1827.0,1.5209853471636572
1828.0,1.5226255276727032
1829.0,1.5262000832348106
1830.0,1.5272515042375518
1831.0,1.5259460090118544
1832.0,1.524068114827155
1833.0,1.525696603085466
1834.0,1.5270075104847685
1835.0,1.5281248873701507
1836.0,1.5315966179180902
1837.0,1.5328213706008322
1838.0,1.5317747844947414
1839.0,1.5320627057503062
1840.0,1.5325908566059299
1841.0,1.5326711088903158
1842.0,1.5352078941799203
1843.0,1.5372783233700853
1844.0,1.537037152461961
1845.0,1.535928075604336
1846.0,1.5350384182854608
1847.0,1.5308932748704756
1848.0,1.5300423616826073
1849.0,1.5329759736944664
1850.0,1.5329182368662482
1851.0,1.5317556358125872
1852.0,1.5305897064617897
1853.0,1.530333996384115
1854.0,1.5303901130623387
1855.0,1.5324146721032095
1856.0,1.5343622147085756
1857.0,1.535200700755314
1858.0,1.534418051245295
1859.0,1.5349533873657022
1860.0,1.5361022489592142
1861.0,1.53608752226681
1862.0,1.53641821918705
1863.0,1.5369112159306164
1864.0,1.535551901508495
1865.0,1.5349633020963582
1866.0,1.533866431083167
1867.0,1.5315221873728155
1868.0,1.5310289816389553
1869.0,1.5325842371758154
1870.0,1.5320277212476623
1871.0,1.5320022706219165
1872.0,1.5304545549087023
1873.0,1.5273035507322834
1874.0,1.5227544022977506
1875.0,1.5187289101377044
1876.0,1.516667775124784
1877.0,1.5139478816803742
1878.0,1.5092166701984149
1879.0,1.505311541628556
1880.0,1.501798998351467
1881.0,1.4972462374171416
1882.0,1.491771579718993
1883.0,1.4876376557261868
1884.0,1.4837686200362958
1885.0,1.4780450604291597
1886.0,1.4720077009769639
1887.0,1.4655558556067656
1888.0,1.4585530672053078
1889.0,1.4515086372441623
1890.0,1.4432976188895978
1891.0,1.4346799088980697
1892.0,1.426558572220163
1893.0,1.4169192054519475
1894.0,1.4055308459873563
1895.0,1.3963671278881415
1896.0,1.3865447159901103
1897.0,1.3750425460512299
1898.0,1.3653983754530157
1899.0,1.3552091005053675
1900.0,1.345425465034261
1901.0,1.3368426940346865
1902.0,1.3298805113421972
1903.0,1.321348006548033
1904.0,1.3137493428071552
1905.0,1.305970608516553
1906.0,1.297094010259049
1907.0,1.2893923017454858
1908.0,1.2810557382961534
1909.0,1.2742835216731196
1910.0,1.2676660379544495
1911.0,1.2620249533149206
1912.0,1.2595142419469414
1913.0,1.2571136332186368
1914.0,1.2555872350240824
1915.0,1.2549585948186481
1916.0,1.2539846436508777
1917.0,1.2523292538358595
1918.0,1.2504957561564918
1919.0,1.2491825249007886
1920.0,1.2483113964825485
1921.0,1.2462637315067226
1922.0,1.2437080234464988
1923.0,1.240625446855762
1924.0,1.239205665933811
1925.0,1.2380845875941697
1926.0,1.2390043678825042
1927.0,1.2412371031456655
1928.0,1.2433863985647136
1929.0,1.2453255178952047
1930.0,1.2469468345592103
1931.0,1.2468616286125913
1932.0,1.2483325386190647
1933.0,1.250128964338774
1934.0,1.2506272657635067
1935.0,1.2538774853353505
1936.0,1.2572929196308336
1937.0,1.2591432148984287
1938.0,1.2598620629736719
1939.0,1.262324303936032
1940.0,1.263245688202352
1941.0,1.2623726760866318
1942.0,1.263864875706546
1943.0,1.2647747978181942
1944.0,1.2656282199110214
1945.0,1.2680548315152342
1946.0,1.2700896979770318
1947.0,1.2722613871061077
1948.0,1.2746767711279385
1949.0,1.2773070033836633
1950.0,1.2796930917122076
1951.0,1.2823272762206923
1952.0,1.2857005192782416
1953.0,1.2873696761251714
1954.0,1.2885571713042656
1955.0,1.2900647401371135
1956.0,1.2902652744031862
1957.0,1.2926909743392765
1958.0,1.2957728990797535
1959.0,1.2985789294309185
1960.0,1.302923169043551
1961.0,1.3056707994545809
1962.0,1.3074403909026406
1963.0,1.3093079318079197
1964.0,1.310626448718555
1965.0,1.3098460784787975
1966.0,1.3111221961524813
1967.0,1.3116888099901192
1968.0,1.3117644424170771
1969.0,1.3154736128769824
1970.0,1.3198891722177934
1971.0,1.3231083484963244
1972.0,1.3258239837889945
1973.0,1.3292597565237787
1974.0,1.3309723115743533
1975.0,1.3303174405372828
1976.0,1.3309171914304587
1977.0,1.3328497391358325
1978.0,1.3344491015075195
1979.0,1.3358614067491275
1980.0,1.3368657204488164
1981.0,1.338257813816388
1982.0,1.3402074447005876
1983.0,1.3415983405227574
1984.0,1.3434522463131477
1985.0,1.3458711080181187
1986.0,1.3481880103015997
1987.0,1.3505836933919522
1988.0,1.3535901229436957
1989.0,1.3574012237589468
1990.0,1.3598975840205738
1991.0,1.3604314841215535
1992.0,1.36256692796773
1993.0,1.3655707157758403
1994.0,1.3674456182979886
1995.0,1.3709203802279974
1996.0,1.3733526031204355
1997.0,1.3740530375803677
1998.0,1.3763221106214134
1999.0,1.3793110008161826
2000.0,1.3818488001566245
2001.0,1.3852146400293535
2002.0,1.388105392688782
2003.0,1.388810750328737
2004.0,1.3907588842023617
2005.0,1.391690042548765
2006.0,1.3927862523204197
2007.0,1.3944628420449823
2008.0,1.3966629640507668
2009.0,1.3989891032984745
2010.0,1.4010192938534984
2011.0,1.4039492254903494
2012.0,1.4084274576976068
2013.0,1.4110019212018405
2014.0,1.4128990477614662
2015.0,1.4157710711127336
2016.0,1.4165683334239947
2017.0,1.419102468207701
2018.0,1.4218579712609591
2019.0,1.4228569730517842
2020.0,1.4269957196870784
2021.0,1.4290295959948998
2022.0,1.4301228141976898
2023.0,1.434680936960752
2024.0,1.4367411525228033
2025.0,1.4358305936234237
2026.0,1.4374721337671756
2027.0,1.4401584343560314
2028.0,1.4418049629103722
2029.0,1.443627182633335
2030.0,1.4469168270108033
2031.0,1.4463570899240874
2032.0,1.4466045518211434
2033.0,1.4486335353332673
2034.0,1.449373282939714
2035.0,1.4508046836710335
2036.0,1.4526044397042888
2037.0,1.4540454354342893
2038.0,1.4538316743395177
2039.0,1.4555590521358093
2040.0,1.459362580493744
2041.0,1.461347709023675
2042.0,1.4630663109703121
2043.0,1.4644852501527852
2044.0,1.4652310092425476
2045.0,1.4652808016799577
2046.0,1.4658704823852504
2047.0,1.4680430280799766
2048.0,1.469655034024947
2049.0,1.4712504090568967
2050.0,1.4721373478345547
2051.0,1.4722501786417994
2052.0,1.4723614748496654
2053.0,1.4707980085620778
2054.0,1.4715201612454514
2055.0,1.4738384095331372
2056.0,1.475200748350271
2057.0,1.4775679892364917
2058.0,1.4793654991985954
2059.0,1.480595357098195
2060.0,1.4810501270209542
2061.0,1.4823264393141966
2062.0,1.4829462615323123
2063.0,1.4831747543735616
2064.0,1.4838427864828911
2065.0,1.484252887474799
2066.0,1.48536640266687
2067.0,1.487099144108762
2068.0,1.4902537642455727
2069.0,1.4922846769134646
2070.0,1.4946390648114398
2071.0,1.4957269377219942
2072.0,1.4958136528277413
2073.0,1.4950113409738925
2074.0,1.492075105724351
2075.0,1.4918388146581447
2076.0,1.4910434119493294
2077.0,1.4920334840336265
2078.0,1.493783306432244
2079.0,1.4955121496583612
2080.0,1.49712227569363
2081.0,1.4984510768056707
2082.0,1.5003177362212399
2083.0,1.5032872662129197
2084.0,1.504487183551303
2085.0,1.5051093281132444
2086.0,1.5054782116421073
2087.0,1.5045143480550869
2088.0,1.5044818001089795
2089.0,1.5046064354789352
2090.0,1.504632001563986
2091.0,1.507288270563256
2092.0,1.509157192789169
2093.0,1.5098149755139225
2094.0,1.5130548982700105
2095.0,1.5127232725206448
2096.0,1.5115458746254071
2097.0,1.5114057592428
2098.0,1.5114609531348286
2099.0,1.5106410491112132
2100.0,1.5096259692696985
2101.0,1.5088767973622652
2102.0,1.5070437146170492
2103.0,1.5074237114911375
2104.0,1.5096461825379182
2105.0,1.5108579759840641
2106.0,1.5136745120559039
2107.0,1.5141495530608224
2108.0,1.5122505217017805
2109.0,1.511984165219629
2110.0,1.5119475708099699
2111.0,1.5130243457062773
2112.0,1.5171659430315365
2113.0,1.522378410092404
2114.0,1.5261312869526633
2115.0,1.5312020453851911
2116.0,1.5326803578044286
2117.0,1.53109479711624
2118.0,1.531247587971497
2119.0,1.529497553293603
2120.0,1.529179717422461
2121.0,1.5314963037934144
2122.0,1.531828921255338
2123.0,1.5309482063700777
2124.0,1.5308275499491577
2125.0,1.5312573125510334
2126.0,1.5284697478604554
2127.0,1.5296004328482173
2128.0,1.5322418219484004
2129.0,1.533298166237078
2130.0,1.5362122547693589
2131.0,1.5377413798500406
2132.0,1.5359622680467784
2133.0,1.5347578629874365
2134.0,1.533193302237746
2135.0,1.5314407724017234
2136.0,1.528881456075587
2137.0,1.5268172682549208
2138.0,1.5241018957240327
2139.0,1.5227834887074965
2140.0,1.5221064629210215
2141.0,1.5213520868078172
2142.0,1.5211984539412333
2143.0,1.5216571092796471
2144.0,1.523081752257641
2145.0,1.5235294503560082
2146.0,1.5231537965643047
2147.0,1.5247548923299163
2148.0,1.5253902608798513
2149.0,1.5238767215851843
2150.0,1.5256113373262925
2151.0,1.5279769811590367
2152.0,1.5295833292855217
2153.0,1.5332667663584119
2154.0,1.5332367252606265
2155.0,1.5302791886929255
2156.0,1.5282384201226495
2157.0,1.523043087669139
2158.0,1.5208814272629876
2159.0,1.5206080506871684
2160.0,1.5210044556587297
2161.0,1.5234897556762825
2162.0,1.5247119162796592
2163.0,1.526742953199005
2164.0,1.527110432441091
2165.0,1.5270477003923555
2166.0,1.5259104719835126
2167.0,1.524234168394328
2168.0,1.5211837270628426
2169.0,1.5183965911540938
2170.0,1.5186997417422725
2171.0,1.5191604300876818
2172.0,1.5226911103508112
2173.0,1.5231159214344376
2174.0,1.5229279789633114
2175.0,1.5218030039466324
2176.0,1.5172185657194175
2177.0,1.5158733473178698
2178.0,1.515803563510378
2179.0,1.515954310257633
2180.0,1.5193279683590286
2181.0,1.5202356029391233
2182.0,1.5189522527853367
2183.0,1.5185474899401965
2184.0,1.5184842158778404
2185.0,1.5164343545300976
2186.0,1.514560050328227
2187.0,1.5138721034758191
2188.0,1.5114628378764177
2189.0,1.510701409082947
2190.0,1.509244767556231
2191.0,1.508873396061061
2192.0,1.5104807471423054
2193.0,1.5100500104020622
2194.0,1.5113892785276692
2195.0,1.51638196879543
2196.0,1.5166970351701259
2197.0,1.513652867615435
2198.0,1.5135942780798715
2199.0,1.5119506658775332
2200.0,1.5122217432471774
2201.0,1.517226067863329
2202.0,1.5182145893819836
2203.0,1.5173016376316377
2204.0,1.5170227928259141
2205.0,1.5157611140104645
2206.0,1.5138698767559209
2207.0,1.5129258974972757
2208.0,1.507977954628027
2209.0,1.5047516484141628
2210.0,1.504577270497908
2211.0,1.5049810433031356
2212.0,1.5071742245955222
2213.0,1.5090069021573798
2214.0,1.510610190613233
2215.0,1.5110091880254075
2216.0,1.5109187117188312
2217.0,1.5115714801418207
2218.0,1.5109588241918182
2219.0,1.512172739460718
2220.0,1.51512081352055
2221.0,1.5171742567275956
2222.0,1.5207743093940052
2223.0,1.5212126680433127
2224.0,1.5211066470287034
2225.0,1.5198568514518245
2226.0,1.5124638374385175
2227.0,1.511146585445729
2228.0,1.5137046734559185
2229.0,1.5132167949954696
2230.0,1.5157987129139894
2231.0,1.5171908211135736
2232.0,1.5156516323729663
2233.0,1.513479356928005
2234.0,1.5156403606783553
2235.0,1.5135564746638672
2236.0,1.513094826151489
2237.0,1.514218148555707
2238.0,1.5139613673070929
2239.0,1.5153352634021136
2240.0,1.5144363222365897
2241.0,1.5142668166366515
2242.0,1.5155023726837575
2243.0,1.5156243590080076
2244.0,1.5175571599355941
2245.0,1.5178044322800976
2246.0,1.517864439281585
2247.0,1.515354328168318
2248.0,1.5169257764265636
2249.0,1.5210872522437238
2250.0,1.5235739713952519
2251.0,1.5296225617972972
2252.0,1.5315361267084082
2253.0,1.530027067651088
2254.0,1.5280088604185194
2255.0,1.522427687235852
2256.0,1.5197212817936179
2257.0,1.5170176842032546
2258.0,1.5157285542008112
2259.0,1.5157818872000228
2260.0,1.5165102226993523
2261.0,1.5180402127534545
2262.0,1.5207701256253394
2263.0,1.5229948940295897
2264.0,1.5307101578433162
2265.0,1.5332533983860008
2266.0,1.531132155444098
2267.0,1.5311376751831225
2268.0,1.528570284750447
2269.0,1.52800943108774
2270.0,1.5304666343443938
2271.0,1.5302513179364787
2272.0,1.5293350477427552
2273.0,1.5306401148235094
2274.0,1.5332238224295303
2275.0,1.533512181722521
2276.0,1.5350190169107534
2277.0,1.534565560079538
2278.0,1.5302626714465941
2279.0,1.5269865682313621
2280.0,1.5228477729838636
2281.0,1.5216740019249293
2282.0,1.5215006401139521
2283.0,1.5237721130544384
2284.0,1.5313499708344422
2285.0,1.5338776712710045
2286.0,1.5350529959946313
2287.0,1.5340520994185423
2288.0,1.5295905682885178
2289.0,1.5254587605155985
2290.0,1.5212666396217762
2291.0,1.5163709400947827
2292.0,1.506238415800054
2293.0,1.504903691574488
2294.0,1.5081386208925602
2295.0,1.509173197327507
2296.0,1.5147123434763017
2297.0,1.5208388872509957
2298.0,1.5200137955456807
2299.0,1.5208523258753868
2300.0,1.5246224209238148
2301.0,1.5263226462619646
2302.0,1.5259922471737835
2303.0,1.5267822837081777
2304.0,1.524118537136516
2305.0,1.5221985700641174
2306.0,1.5188601420852366
2307.0,1.5125180464377
2308.0,1.5084456763883851
2309.0,1.5036917708559645
2310.0,1.5051825595073973
2311.0,1.5132608109761243
2312.0,1.5221004997245704
2313.0,1.5277798343535194
2314.0,1.5268421186183314
2315.0,1.5211576128873543
2316.0,1.5197494096254567
2317.0,1.521227820037794
2318.0,1.5178000109860956
2319.0,1.5163518915555099
2320.0,1.5154260977325742
2321.0,1.5083053960832524
2322.0,1.5071160308710896
2323.0,1.5151632878457373
2324.0,1.5162586821383235
2325.0,1.512898706093251
2326.0,1.5123672208215369
2327.0,1.5106082849693805
2328.0,1.511633963751333
2329.0,1.5158481551817227
2330.0,1.5178953015775067
2331.0,1.5201358026599199
2332.0,1.522011160059866
2333.0,1.5233211576229335
2334.0,1.5233692340717455
2335.0,1.5269365976431621
2336.0,1.5254619755706156
2337.0,1.5167256355867333
2338.0,1.5124405458984884
2339.0,1.504602611937779
2340.0,1.5002862746257255
2341.0,1.4997640907327197
2342.0,1.4996986165363408
2343.0,1.506233237164322
2344.0,1.5064286209473163
2345.0,1.5036837397465286
2346.0,1.5029306490878964
2347.0,1.4979055784919328
2348.0,1.4963026690902714
2349.0,1.4988339779421032
2350.0,1.498104514624545
2351.0,1.4956425942733866
2352.0,1.4839793456560086
2353.0,1.4783203565059264
2354.0,1.4726403115788378
2355.0,1.4709290156081125
2356.0,1.4765503856586506
2357.0,1.4795463104004978
2358.0,1.484395599786848
2359.0,1.4823936165396803
2360.0,1.48146283409193
2361.0,1.4746712414637972
2362.0,1.4619053373464304
2363.0,1.464643218161097
2364.0,1.463818620719494
2365.0,1.4619980587634174
2366.0,1.464047320253579
2367.0,1.455954817918979
2368.0,1.451118678380544
2369.0,1.4491257835691231
2370.0,1.4464668326602101
2371.0,1.4466271473026469
2372.0,1.4432144539007878
2373.0,1.4333162032314113
2374.0,1.4295166332388884
2375.0,1.4388183358824407
2376.0,1.444481112895523
2377.0,1.4540124827876308
2378.0,1.4663639572159817
2379.0,1.4544844606917238
2380.0,1.4399633619685575
2381.0,1.4298371147684041
2382.0,1.4156364756078132
2383.0,1.414093543836188
2384.0,1.4150699650626355
2385.0,1.4204934300541596
2386.0,1.4305139256525374
2387.0,1.4289096293202475
2388.0,1.4363436680337935
2389.0,1.4382620752677564
2390.0,1.4292271680332171
2391.0,1.440453988063262
2392.0,1.450302939389337
2393.0,1.4582021772887812
2394.0,1.4652739518623399
2395.0,1.4566943642804864
2396.0,1.4309157594807396
2397.0,1.4083282444888219
2398.0,1.394004529516712
2399.0,1.3727658007033958
2400.0,1.366965939507483
2401.0,1.3599423832840865
2402.0,1.354701031755715
2403.0,1.368968072811096
2404.0,1.3844677559709002
2405.0,1.3988161312812042
2406.0,1.4095270214880136
2407.0,1.406718028922574
2408.0,1.3939675832190799
2409.0,1.3838804808540934
2410.0,1.3704413515709049
2411.0,1.3809598918650128
2412.0,1.4098194468629082
2413.0,1.4309550887858558
2414.0,1.4563857961931936
2415.0,1.444189872576248
2416.0,1.4077675473142022
2417.0,1.3868792017824039
2418.0,1.3758692439551083
2419.0,1.3815618333669784
2420.0,1.390981048222818
2421.0,1.3874487890757616
2422.0,1.3778378281819927
2423.0,1.3744973019782698
2424.0,1.3822541693751897
2425.0,1.3801849965005872
2426.0,1.3641521245150248
2427.0,1.3509512828500594
2428.0,1.3260415682062194
2429.0,1.3183744317659318
2430.0,1.3306602021279483
2431.0,1.3230146789093393
2432.0,1.3089439974656536
2433.0,1.2895906582583385
2434.0,1.2634578164657826
2435.0,1.2626052001132837
2436.0,1.2744205684977792
2437.0,1.2824249596377748
2438.0,1.301629213731223
2439.0,1.316968663553413
2440.0,1.323164199308611
2441.0,1.3165756164894633
2442.0,1.3105506802283504
2443.0,1.2978539821047148
2444.0,1.2793761894179974
2445.0,1.2881807802501108
2446.0,1.3088942787112579
2447.0,1.3289759899917868
2448.0,1.3363882095525976
2449.0,1.3274293630027287
2450.0,1.3025099691269582
2451.0,1.274169565377438
2452.0,1.2756627792550512
2453.0,1.2952603936760436
2454.0,1.3113252716970114
2455.0,1.3152931474573142
2456.0,1.2870396776808921
2457.0,1.2472821360502948
2458.0,1.2297533662644708
2459.0,1.226487682906066
2460.0,1.237255862552057
2461.0,1.2459848488922605
2462.0,1.2292459385629018
2463.0,1.2140559287952217
2464.0,1.2079049734581568
2465.0,1.219462391949494
2466.0,1.244597852321275
2467.0,1.2659295494766647
2468.0,1.2899102270878202
2469.0,1.2886725444632494
2470.0,1.270205232361284
2471.0,1.24133182329244
2472.0,1.228700214312208
2473.0,1.2322613148370598
2474.0,1.2309450064058838
2475.0,1.230914433995194
2476.0,1.2284478896993356
2477.0,1.2237848433790495
2478.0,1.221993105156471
2479.0,1.2345598637697086
2480.0,1.2213462614620803
2481.0,1.1808324443875453
2482.0,1.162315992071661
2483.0,1.1321429114798762
2484.0,1.1271046136968428
2485.0,1.1555553229806397
2486.0,1.170917729903135
2487.0,1.1893001968300765
2488.0,1.2085725441505497
2489.0,1.2282971170541557
2490.0,1.2449649303836707
2491.0,1.272824471962265
2492.0,1.2739499002382941
2493.0,1.2638546789888554
2494.0,1.2519552117351926
2495.0,1.1957432522493443
2496.0,1.1989014304076355
2497.0,1.2305143906514673
2498.0,1.2497487004796624
2499.0,1.304700234370884
2500.0,1.3104519520768838
