350.0,-0.08206275794424799
351.0,-0.04075453186142262
352.0,-0.049400896007116744
353.0,-0.04138983520071384
354.0,0.009596702166336308
355.0,0.061679405239145
356.0,0.07097356431680131
357.0,0.00703906161890164
358.0,0.016392325410336223
359.0,0.03412617429013392
360.0,-0.026408520005088223
361.0,0.01433506456826324
362.0,0.048252631892586745
363.0,0.052932661262088496
364.0,0.04911283721602256
365.0,-0.009612378607675682
366.0,-0.0214486269250754
367.0,0.004249628959151137
368.0,-0.019404747485025305
369.0,0.023092570161243
370.0,0.05195505750265303
371.0,0.043065539956669334
372.0,0.053741799896132106
373.0,0.03788133740703777
374.0,0.022568203594889483
375.0,0.024512074260543516
376.0,0.019554812346603063
377.0,0.03245262877357552
378.0,0.04490399140781728
379.0,0.041274138541044836
380.0,0.03171803913632912
381.0,0.01878954956580644
382.0,0.019845625050415865
383.0,0.04388273445488436
384.0,0.0545630547099928
385.0,0.056628236736948744
386.0,0.051892277455012806
387.0,0.04197042611855683
388.0,0.039208773542996116
389.0,0.03621984131780626
390.0,0.035791479363265724
391.0,0.048733049753334895
392.0,0.05165303998296678
393.0,0.04417229082525715
394.0,0.033859869519550966
395.0,0.033298392211768876
396.0,0.03690162049874994
397.0,0.03846298977619869
398.0,0.036532167032713836
399.0,0.041430116001405115
400.0,0.045227473361621806
401.0,0.04278162383830401
402.0,0.03538594340610503
403.0,0.04561416435321758
404.0,0.04541501270904122
405.0,0.03807899482870764
406.0,0.04250207000664825
407.0,0.04773707406234234
408.0,0.04976334464920061
409.0,0.04806870774723426
410.0,0.045070656684742735
411.0,0.04383971518395617
412.0,0.046568687054978304
413.0,0.05144441802864875
414.0,0.0509764563300872
415.0,0.04812922233827172
416.0,0.04494916016294186
417.0,0.04374414751975394
418.0,0.04896229248651857
419.0,0.04839043402472262
420.0,0.04662683053865432
421.0,0.05244258237479928
422.0,0.053306525128926766
423.0,0.04946510575664265
424.0,0.04502100080647951
425.0,0.04581083500215373
426.0,0.04774010634551404
427.0,0.05065096318087725
428.0,0.05246180403784045
429.0,0.04725800950698523
430.0,0.046405436922949087
431.0,0.04938546334329047
432.0,0.05236152960737388
433.0,0.051620902550874544
434.0,0.0514520309211112
435.0,0.052352960773603165
436.0,0.05269030394290501
437.0,0.04937127034403569
438.0,0.048927928440282466
439.0,0.051288942125262374
440.0,0.05038121206610828
441.0,0.05145078185205863
442.0,0.05280458318917057
443.0,0.052653994525477504
444.0,0.050822441297523016
445.0,0.050640310989413635
446.0,0.051111190004151534
447.0,0.0506022736784708
448.0,0.05012600327689837
449.0,0.05158051615581278
450.0,0.05315568749119125
451.0,0.05163001546212995
452.0,0.05078142007452754
453.0,0.05039831817568238
454.0,0.05011499008642821
455.0,0.04989997849095582
456.0,0.05024380104404371
457.0,0.05063167056507216
458.0,0.05058612753020747
459.0,0.05011389888748848
460.0,0.05109780031084428
461.0,0.05162826217631197
462.0,0.04951573551855638
463.0,0.0495382048032751
464.0,0.05104770628021816
465.0,0.052356204640727426
466.0,0.05148368211926525
467.0,0.05125682909808218
468.0,0.050739934765964646
469.0,0.04993195462587864
470.0,0.051798264334577085
471.0,0.05207628828381642
472.0,0.051617539562908946
473.0,0.0520764637608633
474.0,0.051489812706623665
475.0,0.05056299890340313
476.0,0.05049827039574474
477.0,0.05225822463758403
478.0,0.05194774956192465
479.0,0.05198834758324161
480.0,0.05298091469900415
481.0,0.051757786992628146
482.0,0.05082626216457434
483.0,0.05091724637706721
484.0,0.05185928348139866
485.0,0.05239539910692329
486.0,0.05171859607773925
487.0,0.05106693934165364
488.0,0.052250633814796645
489.0,0.052016241351549204
490.0,0.05096233770299749
491.0,0.050429473618788946
492.0,0.05207323651660546
493.0,0.052682596355934225
494.0,0.051623773161679036
495.0,0.050028980278371486
496.0,0.052354024195621816
497.0,0.05251401577094809
498.0,0.05108096530303914
499.0,0.05155332818062588
500.0,0.05284040825560846
501.0,0.05313630738467448
502.0,0.052283257801820006
503.0,0.05206830567314705
504.0,0.05233829099030077
505.0,0.052308340796062794
506.0,0.05175470035075165
507.0,0.05248744517773031
508.0,0.0528671836356279
509.0,0.05253890393879281
510.0,0.05196613493228742
511.0,0.05261316675258524
512.0,0.0529766761327658
513.0,0.052647169029741286
514.0,0.052735990227328486
515.0,0.05342849055274555
516.0,0.0538856475345666
517.0,0.05353178291802477
518.0,0.053124331143070955
519.0,0.0527701306423584
520.0,0.052517599160067256
521.0,0.05239145491110556
522.0,0.052599088681149535
523.0,0.05305260551400572
524.0,0.05332718407040343
525.0,0.052658451356389115
526.0,0.05278302290483733
527.0,0.05315455914929932
528.0,0.05308515168928826
529.0,0.05314404306027303
530.0,0.053237575814418604
531.0,0.05350518255054867
532.0,0.05404725222033899
533.0,0.05374064616089992
534.0,0.0530275503594183
535.0,0.05263519801753216
536.0,0.05343667321692495
537.0,0.05382541034569965
538.0,0.05381281838078853
539.0,0.053830988558491805
540.0,0.054182119051840116
541.0,0.05408902032523056
542.0,0.053710009169960084
543.0,0.05373852477469032
544.0,0.0536474361948418
545.0,0.05350112782165731
546.0,0.053580315473844654
547.0,0.05448378907083444
548.0,0.05426667623468356
549.0,0.05376777309421631
550.0,0.05417313089217024
551.0,0.05419345057477239
552.0,0.05406140040960381
553.0,0.053933465100322285
554.0,0.05389382197476606
555.0,0.05444762767511801
556.0,0.05490417381028149
557.0,0.05478831146307435
558.0,0.05441162864841698
559.0,0.05426749434025499
560.0,0.05432808385185424
561.0,0.054369107598732036
562.0,0.05439971834427848
563.0,0.05463538219892003
564.0,0.054889856689080786
565.0,0.05459502648346763
566.0,0.054612871751300765
567.0,0.05479443596079791
568.0,0.05492896562315437
569.0,0.05531798134847548
570.0,0.05517850140725176
571.0,0.054751034251752526
572.0,0.05474809895920067
573.0,0.055103957287962475
574.0,0.05530850645320564
575.0,0.055190288184376504
576.0,0.05510701814155612
577.0,0.05512497024908908
578.0,0.05523940596984097
579.0,0.055401048664728905
580.0,0.05554719520729973
581.0,0.05564018258932043
582.0,0.05562127890858986
583.0,0.05545562806340358
584.0,0.055484359993844067
585.0,0.05567810146891238
586.0,0.05585586760642605
587.0,0.05562527488916893
588.0,0.055758162375815365
589.0,0.056031470110046486
590.0,0.05596924754535703
591.0,0.05564567770309998
592.0,0.055753991870346534
593.0,0.0561957641454616
594.0,0.056116967842217404
595.0,0.05620908269180994
596.0,0.05645552971212656
597.0,0.056640887846623404
598.0,0.056344971540081876
599.0,0.056338249845968504
600.0,0.05651253711147985
601.0,0.05642848297955509
602.0,0.056831709297083956
603.0,0.057060646560321976
604.0,0.05688220216033407
605.0,0.05683465828756436
606.0,0.05703110195934824
607.0,0.05713735413171674
608.0,0.05691763808710881
609.0,0.05704076702415298
610.0,0.05704818638505365
611.0,0.05705507749511672
612.0,0.05753136753788196
613.0,0.05776938003015085
614.0,0.057751801613159494
615.0,0.05763641768529964
616.0,0.05769840307188945
617.0,0.05784763880125257
618.0,0.057973772406824095
619.0,0.057985442239973393
620.0,0.05797742666210868
621.0,0.05809335853505711
622.0,0.05825113875876722
623.0,0.05814090695098934
624.0,0.05800677210156543
625.0,0.05803381799552187
626.0,0.058287172006437786
627.0,0.05857261225082324
628.0,0.05865342824438857
629.0,0.05863268227702181
630.0,0.05877336202138951
631.0,0.05883707630503695
632.0,0.05891015474825324
633.0,0.05901717582437337
634.0,0.05902769493620112
635.0,0.05913497484922944
636.0,0.059274390115789784
637.0,0.059344369451993235
638.0,0.05945132459719274
639.0,0.059550376651868374
640.0,0.059603624921381576
641.0,0.05960316402479125
642.0,0.05988463299432973
643.0,0.06012209694337081
644.0,0.06007945309860553
645.0,0.059967576009749606
646.0,0.05999379302561087
647.0,0.06014370803515117
648.0,0.06028418656885611
649.0,0.06026306138928041
650.0,0.060504768894133185
651.0,0.06095864658046503
652.0,0.06096569760983322
653.0,0.06113268730015164
654.0,0.061275668240489765
655.0,0.061197312045975165
656.0,0.061299751038294194
657.0,0.06127862980259126
658.0,0.061216563990126524
659.0,0.061400017131231124
660.0,0.06153719467136049
661.0,0.06166255892755273
662.0,0.06179101437163776
663.0,0.06181086508133003
664.0,0.062115477673756275
665.0,0.06235947137109569
666.0,0.06217341446076729
667.0,0.06229689141925128
668.0,0.062343949348728965
669.0,0.06233628376162543
670.0,0.06266911811734174
671.0,0.06267613099678235
672.0,0.06277103179503571
673.0,0.06323485513038256
674.0,0.06357424158265897
675.0,0.06347051333128614
676.0,0.06323508384067383
677.0,0.06339807726263363
678.0,0.06363755782961032
679.0,0.0638818107205317
680.0,0.06411565408529457
681.0,0.0643751650003274
682.0,0.06439601890085651
683.0,0.06439221419868073
684.0,0.06452210562695439
685.0,0.06427416039695512
686.0,0.06424664010338203
687.0,0.0645173462965176
688.0,0.06482049380054243
689.0,0.06532934664706092
690.0,0.0655259161201678
691.0,0.06524908654605918
692.0,0.06506606523032947
693.0,0.06534868740063286
694.0,0.06576598608356367
695.0,0.06587385287508392
696.0,0.06601626432707818
697.0,0.06618008979960409
698.0,0.06635127213469232
699.0,0.06652169384071908
700.0,0.06662614822509239
701.0,0.06664547859963887
702.0,0.0666977956762517
703.0,0.06727681967682893
704.0,0.0673620788525044
705.0,0.06727062402797289
706.0,0.06770217756741702
707.0,0.06780643398814565
708.0,0.06787824156447661
709.0,0.06800673823300336
710.0,0.06795039790258448
711.0,0.06817851449203496
712.0,0.06845897597050227
713.0,0.06858405153387488
714.0,0.06897105672549014
715.0,0.06907728262978934
716.0,0.06905882791324534
717.0,0.06938151852960874
718.0,0.06952378896580667
719.0,0.06967222348069244
720.0,0.06995453256650061
721.0,0.07030778345724288
722.0,0.07050745674875061
723.0,0.07053473570795424
724.0,0.0704849360463937
725.0,0.07056669982560095
726.0,0.0708731181114192
727.0,0.07121004165836983
728.0,0.07125388871343886
729.0,0.07162985761635794
730.0,0.07196538964131914
731.0,0.07203668576345021
732.0,0.07212527696444564
733.0,0.07223428765677874
734.0,0.07246837734291638
735.0,0.07285261147887816
736.0,0.07297248557216884
737.0,0.07312705971731667
738.0,0.0733527204604045
739.0,0.07346335667297281
740.0,0.07369265802554023
741.0,0.0739638670846295
742.0,0.07420057128745641
743.0,0.07443895236705833
744.0,0.07461524974738501
745.0,0.07481400050102027
746.0,0.07511519912309064
747.0,0.07529543074869025
748.0,0.07541397801963874
749.0,0.07553918681882266
750.0,0.07573102465842917
751.0,0.0760096127362743
752.0,0.07623646730571901
753.0,0.07637242135919887
754.0,0.07668398815249107
755.0,0.07688626661198511
756.0,0.07708732252830278
757.0,0.07744510041105805
758.0,0.0774857868052557
759.0,0.0777230827666468
760.0,0.07820115010056872
761.0,0.07847000462671508
762.0,0.07871743648351437
763.0,0.0790157336880493
764.0,0.07931631999947963
765.0,0.07929172026791467
766.0,0.07948532488001546
767.0,0.07979682040493243
768.0,0.07994819183393768
769.0,0.0802361523454725
770.0,0.08051327004159807
771.0,0.08072157901707215
772.0,0.08092127438157593
773.0,0.08123367325980217
774.0,0.08156891125518761
775.0,0.08183513221298905
776.0,0.08202483251671526
777.0,0.08223544812020957
778.0,0.08250121141821865
779.0,0.08280636787092552
780.0,0.08303887257144642
781.0,0.08322908042944606
782.0,0.08345803156499386
783.0,0.08382232780626361
784.0,0.08408792659581604
785.0,0.0843661700784929
786.0,0.08469380769733245
787.0,0.08481588681041827
788.0,0.08513992874592725
789.0,0.085541627616668
790.0,0.08580286548568099
791.0,0.0861709199150505
792.0,0.08645011385735756
793.0,0.08666984871332471
794.0,0.08701112996370437
795.0,0.08718979876596113
796.0,0.08738091733324893
797.0,0.08770299287353177
798.0,0.08807525278717122
799.0,0.08848568924749935
800.0,0.08875897021931473
801.0,0.08882817799326158
802.0,0.08914866853593889
803.0,0.08947423374742877
804.0,0.08972883997219443
805.0,0.08997412920796641
806.0,0.09043646697834458
807.0,0.0909018152385911
808.0,0.09120215119757984
809.0,0.09130783897292746
810.0,0.09160014907268078
811.0,0.09203317592125589
812.0,0.09246346462673387
813.0,0.09277156055254518
814.0,0.09323583734728705
815.0,0.0936751283652439
816.0,0.0938098262082494
817.0,0.09398044748254034
818.0,0.09424090185769256
819.0,0.09460910336014942
820.0,0.09507368987844322
821.0,0.09558062108491754
822.0,0.09603174228441375
823.0,0.09634743454015315
824.0,0.09647818577797034
825.0,0.09675107080244737
826.0,0.09713683196119545
827.0,0.09752751479972036
828.0,0.0979896795138555
829.0,0.0984017318704126
830.0,0.09876866038058646
831.0,0.09914397939171393
832.0,0.0993222033932482
833.0,0.0995955953654852
834.0,0.10000506724145879
835.0,0.10029443212413978
836.0,0.10100041159719177
837.0,0.10148228908400007
838.0,0.1014576416933067
839.0,0.10185682964306442
840.0,0.10213896272730968
841.0,0.10238298017405552
842.0,0.10279080351632706
843.0,0.10325804156196805
844.0,0.1038171794830282
845.0,0.10433155233887073
846.0,0.10462312918555561
847.0,0.10498221877770914
848.0,0.10532972986843209
849.0,0.10564804049788423
850.0,0.10602705770376201
851.0,0.10646139914765217
852.0,0.10700289387144418
853.0,0.107539619055522
854.0,0.10760483336604304
855.0,0.10798361557728382
856.0,0.10850157842427005
857.0,0.10884602661303305
858.0,0.10941123943896701
859.0,0.10965503253275843
860.0,0.10983385711712546
861.0,0.11048549765317046
862.0,0.1110095687437028
863.0,0.1116233617781474
864.0,0.11224079421825231
865.0,0.11250134557003333
866.0,0.11289232415393975
867.0,0.11319940255045033
868.0,0.11339856249501566
869.0,0.11390512119017801
870.0,0.11462173553225029
871.0,0.11529397929080167
872.0,0.11572135112769817
873.0,0.11593210449355285
874.0,0.11631617402819036
875.0,0.11683880324290986
876.0,0.11733359628281276
877.0,0.11788037313375808
878.0,0.11843624403895191
879.0,0.11894888477088596
880.0,0.11937584201655954
881.0,0.11972488362018602
882.0,0.12009074123858092
883.0,0.12052630453210302
884.0,0.12103138878556495
885.0,0.12171093342624643
886.0,0.12201952747018817
887.0,0.12202809972429875
888.0,0.12282406389136763
889.0,0.12344596645833325
890.0,0.12394479784791117
891.0,0.12453987146550093
892.0,0.12529866372287307
893.0,0.1256784637248043
894.0,0.12592700807924584
895.0,0.12643734317441055
896.0,0.12709675075649524
897.0,0.12758492988175155
898.0,0.12801098037115616
899.0,0.1286494404710005
900.0,0.12943399993200555
901.0,0.12986617055677074
902.0,0.1301266711184009
903.0,0.13076896313727657
904.0,0.13106985708825675
905.0,0.13154924174532182
906.0,0.13226804799817315
907.0,0.13272300848524907
908.0,0.1329397974203503
909.0,0.1333018414872074
910.0,0.13390273182949866
911.0,0.13436192269851702
912.0,0.13508457053164907
913.0,0.13587893413305027
914.0,0.1365034383688067
915.0,0.1368788861805901
916.0,0.13712771639320043
917.0,0.13759813944221772
918.0,0.1383692042555287
919.0,0.13863679641747262
920.0,0.13926389579273551
921.0,0.14022596960705042
922.0,0.14112901484317486
923.0,0.14150692088969016
924.0,0.14159221974521632
925.0,0.14190227374572215
926.0,0.14284422032451347
927.0,0.14387245340730745
928.0,0.14441034812420553
929.0,0.14472593658224792
930.0,0.14541566941356093
931.0,0.14584517602345376
932.0,0.1463994386005318
933.0,0.1469751890902015
934.0,0.14721819164239747
935.0,0.14790981314946153
936.0,0.14858353190203924
937.0,0.1491114729233325
938.0,0.14974327312501093
939.0,0.15029956018416407
940.0,0.15096569009562155
941.0,0.15171832443340022
942.0,0.1523313749109576
943.0,0.1534555908854319
944.0,0.15399140003000938
945.0,0.15396465506659945
946.0,0.154904796662929
947.0,0.15518678278816198
948.0,0.1559602722136278
949.0,0.15731239377052986
950.0,0.15738623668991333
951.0,0.15770871796346403
952.0,0.15864842657253117
953.0,0.1597362755992932
954.0,0.1596952629578013
955.0,0.15985018403473364
956.0,0.16045644285255137
957.0,0.16130325633780696
958.0,0.16183859168052322
959.0,0.16225815438781155
960.0,0.162979199244403
961.0,0.1641224581028948
962.0,0.16519281025145824
963.0,0.16573502024722078
964.0,0.16583988407636213
965.0,0.1659027517614002
966.0,0.16651234126615042
967.0,0.16740188503584919
968.0,0.16842885892407414
969.0,0.16934024768446762
970.0,0.16967181222515698
971.0,0.17034758182230256
972.0,0.17089318037860474
973.0,0.17115046282916355
974.0,0.1722337040333867
975.0,0.17373159055887752
976.0,0.17431131449760462
977.0,0.17378341606115477
978.0,0.17443654417682733
979.0,0.17445229221550584
980.0,0.17496402672353129
981.0,0.1766767050943024
982.0,0.1782571303023014
983.0,0.17907656660240132
984.0,0.17903401268431784
985.0,0.17880869082536577
986.0,0.17988094947708075
987.0,0.18057600945965196
988.0,0.18065072858902448
989.0,0.18087112576020578
990.0,0.18283545179843402
991.0,0.18497948747927032
992.0,0.18598394710414023
993.0,0.18584054669167185
994.0,0.18612647074901512
995.0,0.1862095457465556
996.0,0.18737846349156664
997.0,0.1896540998728395
998.0,0.19119564114864634
999.0,0.1911969930438704
1000.0,0.1915707951306699
1001.0,0.1986814691276039
1002.0,0.19907383564567666
1003.0,0.1999114202673165
1004.0,0.20088972787149373
1005.0,0.20090496438891178
1006.0,0.1997873645798447
1007.0,0.1991937748082106
1008.0,0.20004743579354897
1009.0,0.2020323338966134
1010.0,0.20543234718670425
1011.0,0.20688371315013585
1012.0,0.2064145541040185
1013.0,0.20501298732192452
1014.0,0.20416041925478376
1015.0,0.20248609043360913
1016.0,0.20354378939535384
1017.0,0.20622320789114482
1018.0,0.2081810990836789
1019.0,0.20972425699922748
1020.0,0.2098737860018485
1021.0,0.21034132685789805
1022.0,0.20992716734823713
1023.0,0.21139119016129673
1024.0,0.21560243663097448
1025.0,0.21652779306186276
1026.0,0.21644386311006883
1027.0,0.2182231158488595
1028.0,0.21784414783830897
1029.0,0.21781741433081395
1030.0,0.2178938623674037
1031.0,0.219223043508423
1032.0,0.21902823493548473
1033.0,0.22017509470344435
1034.0,0.21975444851981787
1035.0,0.2194268375657467
1036.0,0.22276309373988498
1037.0,0.22337416571014204
1038.0,0.2232265726320249
1039.0,0.2252542151931489
1040.0,0.22551199029161303
1041.0,0.22515214275459125
1042.0,0.22549295179350318
1043.0,0.22620715563624805
1044.0,0.22731873828251198
1045.0,0.22716151969105358
1046.0,0.22670061617556386
1047.0,0.22920991725117656
1048.0,0.2313164280067436
1049.0,0.23168714174325586
1050.0,0.23361326823962417
1051.0,0.23487794919707117
1052.0,0.235296872168552
1053.0,0.23686444496223438
1054.0,0.23849632146493116
1055.0,0.23995504989040936
1056.0,0.24081426012023066
1057.0,0.2413586173226619
1058.0,0.24124581725399327
1059.0,0.24104009436497778
1060.0,0.24120923908095704
1061.0,0.24222272486045568
1062.0,0.24404949153871783
1063.0,0.24541545751021135
1064.0,0.24557351064809865
1065.0,0.24580584272974532
1066.0,0.24633167214221138
1067.0,0.2469493776895768
1068.0,0.24866315927028054
1069.0,0.2505379734487421
1070.0,0.2521043177223513
1071.0,0.25324320682927387
1072.0,0.2544677685183969
1073.0,0.25508727043569535
1074.0,0.25516035578520385
1075.0,0.25447900634136755
1076.0,0.25477513147914016
1077.0,0.25642629943036616
1078.0,0.25768497443144023
1079.0,0.25943613017307204
1080.0,0.2620564212277279
1081.0,0.2644952349392364
1082.0,0.26561773707976494
1083.0,0.2664778342525348
1084.0,0.267455320046451
1085.0,0.2674591856004135
1086.0,0.2674511436907059
1087.0,0.267526725960545
1088.0,0.26815988247003864
1089.0,0.2684594267463468
1090.0,0.2691816017602387
1091.0,0.27047789141980494
1092.0,0.27163595111735706
1093.0,0.27265514548234726
1094.0,0.2738041135527749
1095.0,0.27445224242467076
1096.0,0.27486960058155746
1097.0,0.2752846958869139
1098.0,0.27541857247817686
1099.0,0.2759386349052641
1100.0,0.2769927127078011
1101.0,0.27795947953814343
1102.0,0.2790078394283624
1103.0,0.27980219029891507
1104.0,0.2813707956593697
1105.0,0.2828577795420349
1106.0,0.2838630236625893
1107.0,0.2851500669784644
1108.0,0.2860109655166098
1109.0,0.2865081261810486
1110.0,0.2874971042256922
1111.0,0.2884007234985301
1112.0,0.2896225825031671
1113.0,0.2912572260942743
1114.0,0.2921869260028112
1115.0,0.2929320048285669
1116.0,0.294053802096538
1117.0,0.2948318717240999
1118.0,0.2957108246787871
1119.0,0.297129439866001
1120.0,0.2982857639838152
1121.0,0.29885881956215027
1122.0,0.299232876402103
1123.0,0.2995265573459028
1124.0,0.3000396577359563
1125.0,0.30072565839947324
1126.0,0.301942795188605
1127.0,0.3030987890614679
1128.0,0.3047583498047643
1129.0,0.3059443527140615
1130.0,0.30662627760873284
1131.0,0.3077376530873419
1132.0,0.3092417708042056
1133.0,0.31049481625624586
1134.0,0.3119142557999322
1135.0,0.3129746996558236
1136.0,0.3142055401054918
1137.0,0.31482456598035513
1138.0,0.3155288928270654
1139.0,0.31722631458060624
1140.0,0.3180256500284899
1141.0,0.31806651505611194
1142.0,0.31887229159983776
1143.0,0.3196095713691205
1144.0,0.3205146059626682
1145.0,0.3222790862687287
1146.0,0.3233783910482942
1147.0,0.32372247735523296
1148.0,0.32470037191057477
1149.0,0.32587081716805816
1150.0,0.32697472201083555
1151.0,0.32856853385268453
1152.0,0.32999541459460413
1153.0,0.330404235452492
1154.0,0.3311894900226805
1155.0,0.3317078812430189
1156.0,0.3322905783628162
1157.0,0.33325723022698556
1158.0,0.33475264155661427
1159.0,0.33573757249524416
1160.0,0.3368995101030907
1161.0,0.3378567902699916
1162.0,0.33841518091829886
1163.0,0.33902014667256963
1164.0,0.3392738863912488
1165.0,0.3399545052883907
1166.0,0.34035030172087277
1167.0,0.34206267226542747
1168.0,0.3436765347808948
1169.0,0.34522904377357455
1170.0,0.34639105050486474
1171.0,0.34733144688760653
1172.0,0.34866120877525225
1173.0,0.35028933553185626
1174.0,0.3512550341973005
1175.0,0.3521150040115481
1176.0,0.3532145335048712
1177.0,0.3540170373326313
1178.0,0.35474807396415287
1179.0,0.35533240941088456
1180.0,0.3563861441886235
1181.0,0.35735018811140457
1182.0,0.3586254325747092
1183.0,0.36018425972974966
1184.0,0.3620850243244537
1185.0,0.3631501003553665
1186.0,0.36357979663438683
1187.0,0.36428558032555963
1188.0,0.36470246227871594
1189.0,0.3656509590725401
1190.0,0.36677415226642357
1191.0,0.36794802037104984
1192.0,0.3694572979623571
1193.0,0.37093569018807804
1194.0,0.37250235997315734
1195.0,0.3738872022494159
1196.0,0.3755052727894487
1197.0,0.3767413987565982
1198.0,0.3773978703592842
1199.0,0.378470261037933
1200.0,0.379599492829959
1201.0,0.3801720686394161
1202.0,0.3812568010799002
1203.0,0.3821932520754969
1204.0,0.38325625058105084
1205.0,0.3844380314242379
1206.0,0.3855974050478046
1207.0,0.38676642872849903
1208.0,0.38801180749966657
1209.0,0.3893568674929475
1210.0,0.39053597745960555
1211.0,0.39172282893893134
1212.0,0.3928089579498374
1213.0,0.39369252570519303
1214.0,0.39467397912056496
1215.0,0.3955810253869277
1216.0,0.3967804668315186
1217.0,0.39784185580217996
1218.0,0.39848349004629807
1219.0,0.39934682544379474
1220.0,0.4001254815306165
1221.0,0.4009712895191204
1222.0,0.40169287210040494
1223.0,0.4029533959711814
1224.0,0.40454666275927864
1225.0,0.40591499199527137
1226.0,0.40789341110051236
1227.0,0.4091141268324692
1228.0,0.40962389545721184
1229.0,0.4105127743170629
1230.0,0.4111393161668668
1231.0,0.41202085941665967
1232.0,0.4133974675852831
1233.0,0.41427175527271165
1234.0,0.4150969958188156
1235.0,0.41657611155887625
1236.0,0.41772849751975
1237.0,0.4189491030722904
1238.0,0.41988613784787315
1239.0,0.42057135659582107
1240.0,0.4215448305684592
1241.0,0.42238739461669045
1242.0,0.4235018309051762
1243.0,0.4251028016031188
1244.0,0.42629841657635925
1245.0,0.4273650812069392
1246.0,0.42843138124342806
1247.0,0.42903487254321826
1248.0,0.4302219822070706
1249.0,0.43174985637828955
1250.0,0.43323235242600633
1251.0,0.4351806157582259
1252.0,0.4370745150972791
1253.0,0.4383635967382948
1254.0,0.43932146117532594
1255.0,0.4402784708544666
1256.0,0.44074915386029734
1257.0,0.44156461209433884
1258.0,0.44230716436113526
1259.0,0.44338349828695184
1260.0,0.4448940133900964
1261.0,0.44594942288045364
1262.0,0.4470873183347502
1263.0,0.4480636808813226
1264.0,0.4483554959940638
1265.0,0.4492343427033649
1266.0,0.4505968496791195
1267.0,0.4517101277420652
1268.0,0.4529417421856188
1269.0,0.4540933348954856
1270.0,0.4552886623470893
1271.0,0.4562749011355233
1272.0,0.45755276321539773
1273.0,0.45922192664558603
1274.0,0.4603650894775244
1275.0,0.4612102801190279
1276.0,0.4623648107853846
1277.0,0.46333443221587767
1278.0,0.4645507929538738
1279.0,0.46632448753024436
1280.0,0.4675977008282931
1281.0,0.4685864288069493
1282.0,0.469677223079706
1283.0,0.47078496739597314
1284.0,0.4716482272415057
1285.0,0.47231331551728434
1286.0,0.47312230482102313
1287.0,0.4736049258336703
1288.0,0.4743437126612224
1289.0,0.47536666618782947
1290.0,0.4768245651533659
1291.0,0.47792776252359287
1292.0,0.4790220903503901
1293.0,0.480237156135187
1294.0,0.4814126836090039
1295.0,0.48258224539687095
1296.0,0.4840198740590245
1297.0,0.48515459617839213
1298.0,0.48586971285801583
1299.0,0.4869614053504093
1300.0,0.4882720425918242
1301.0,0.4893773252305143
1302.0,0.4903973633233993
1303.0,0.4916364871399031
1304.0,0.4929428064290597
1305.0,0.49412370587733434
1306.0,0.495331243114579
1307.0,0.49688872023541525
1308.0,0.49782683312765474
1309.0,0.49823952968590285
1310.0,0.4991710033257403
1311.0,0.4999316754836286
1312.0,0.5011851032081205
1313.0,0.5029476138157847
1314.0,0.5044359251417301
1315.0,0.5062321835694815
1316.0,0.5075587952731525
1317.0,0.5086081829549984
1318.0,0.5096579577770513
1319.0,0.5102558789110588
1320.0,0.5112963706983652
1321.0,0.5126359970906764
1322.0,0.5137970455426051
1323.0,0.5149989026549082
1324.0,0.5162875613878938
1325.0,0.5175114248496869
1326.0,0.5187574796243168
1327.0,0.5200656110949582
1328.0,0.5216481216564525
1329.0,0.5228191534293127
1330.0,0.5237963599511668
1331.0,0.5248064329035117
1332.0,0.5255887022859238
1333.0,0.5266338598203015
1334.0,0.5277702860703105
1335.0,0.5289199729546334
1336.0,0.5302625843834845
1337.0,0.5313976665890772
1338.0,0.5324127165107129
1339.0,0.5334785125710236
1340.0,0.5344707112581775
1341.0,0.535499788939341
1342.0,0.536798530671469
1343.0,0.5377230617520586
1344.0,0.5380470765035985
1345.0,0.5389486092063763
1346.0,0.5400827679653204
1347.0,0.5409933810031468
1348.0,0.5422759936614745
1349.0,0.5441744639356574
1350.0,0.5455457425097751
1351.0,0.5467977690589776
1352.0,0.547911271096019
1353.0,0.5488050377893157
1354.0,0.5499081931319014
1355.0,0.5508288186562429
1356.0,0.5520266117917071
1357.0,0.5536229717974438
1358.0,0.554905800216244
1359.0,0.5561597634132521
1360.0,0.5573682540406432
1361.0,0.558381872129306
1362.0,0.5595058249001665
1363.0,0.5606729806111572
1364.0,0.5618004487552746
1365.0,0.562946317259083
1366.0,0.5640391613888447
1367.0,0.565061408331751
1368.0,0.5661561743787994
1369.0,0.567127118795933
1370.0,0.5680863014856741
1371.0,0.5689529468691833
1372.0,0.5696572955236384
1373.0,0.5705563545479279
1374.0,0.5713935077094345
1375.0,0.5724361600667179
1376.0,0.5737221783443099
1377.0,0.5748730111262773
1378.0,0.5760640268653908
1379.0,0.577290261023189
1380.0,0.5784716988668237
1381.0,0.5797043854091527
1382.0,0.5811700920142058
1383.0,0.58231858705639
1384.0,0.5831963265150016
1385.0,0.584261526995793
1386.0,0.5852769588308622
1387.0,0.5862612473041263
1388.0,0.5875497943810166
1389.0,0.5884890045469352
1390.0,0.5890131535518933
1391.0,0.5896519583519151
1392.0,0.5905366175337574
1393.0,0.5914320901074499
1394.0,0.5923335984331131
1395.0,0.5935064815656633
1396.0,0.594505628246328
1397.0,0.5953262353680275
1398.0,0.5962394081846828
1399.0,0.5972124491620129
1400.0,0.5982240559564299
1401.0,0.5993225884213031
1402.0,0.6001624451042088
1403.0,0.6011196940809957
1404.0,0.6017501360490403
1405.0,0.601609557790924
1406.0,0.6022709707783704
1407.0,0.603183591603616
1408.0,0.6041329602882372
1409.0,0.6057664937063784
1410.0,0.6069583409293442
1411.0,0.6076774103033549
1412.0,0.6087660503365853
1413.0,0.6100741443656953
1414.0,0.6111377112025445
1415.0,0.6124351042085633
1416.0,0.6134905869398217
1417.0,0.6145800258262268
1418.0,0.6154319305140186
1419.0,0.6164628866921269
1420.0,0.617672314475704
1421.0,0.6187347782500512
1422.0,0.6196420640283847
1423.0,0.6207257208206169
1424.0,0.6218472038091529
1425.0,0.6229820963474191
1426.0,0.6242018841755236
1427.0,0.6254430418305386
1428.0,0.6267163047991896
1429.0,0.6279584406810589
1430.0,0.6291981048902072
1431.0,0.6304980188098325
1432.0,0.6317765512336014
1433.0,0.6331100224219571
1434.0,0.634776228769218
1435.0,0.6360009205428401
1436.0,0.6371066918932468
1437.0,0.6379953981531793
1438.0,0.6382389775510158
1439.0,0.638917353723226
1440.0,0.6397589613573742
1441.0,0.6406161001467436
1442.0,0.6419141673770966
1443.0,0.6427836428717005
1444.0,0.6438279852695306
1445.0,0.6447777092599918
1446.0,0.6458820233643484
1447.0,0.6470996548870778
1448.0,0.6482962134113285
1449.0,0.6495396043735685
1450.0,0.650761586582703
1451.0,0.6519903950309203
1452.0,0.6532270322505505
1453.0,0.6543755121570879
1454.0,0.6556641920132206
1455.0,0.6571852231838937
1456.0,0.658443715949967
1457.0,0.6598132730894326
1458.0,0.660834892532553
1459.0,0.6612482823964267
1460.0,0.6621417418211647
1461.0,0.663058834070834
1462.0,0.6641343740554442
1463.0,0.6656692862478162
1464.0,0.6669579537489051
1465.0,0.6681562251986113
1466.0,0.6693277588086445
1467.0,0.670464014573761
1468.0,0.671514991965754
1469.0,0.6725813562220758
1470.0,0.6735041370220285
1471.0,0.6747023947769444
1472.0,0.6760009547943643
1473.0,0.6772407799787572
1474.0,0.6786585407321121
1475.0,0.6798906804324144
1476.0,0.6808891855439687
1477.0,0.6821796122414667
1478.0,0.6837273994517793
1479.0,0.6848842407901945
1480.0,0.6859980825679945
1481.0,0.6870656047390552
1482.0,0.6876891361839312
1483.0,0.6887421017129344
1484.0,0.6900930087947266
1485.0,0.6913125310942407
1486.0,0.6927926663216258
1487.0,0.6938965388855199
1488.0,0.6947596602805175
1489.0,0.6956484488310951
1490.0,0.6961189891766185
1491.0,0.6970299434876162
1492.0,0.6982020654545726
1493.0,0.6993602580742688
1494.0,0.7008106329205331
1495.0,0.7021017704003302
1496.0,0.7032228255959695
1497.0,0.7044962930155372
1498.0,0.7059536648923244
1499.0,0.7072049446121805
1500.0,0.7085266240874717
1501.0,0.709634389294897
1502.0,0.7106121448441508
1503.0,0.7114978594782883
1504.0,0.7124192880534561
1505.0,0.713272758353786
1506.0,0.7143205878946984
1507.0,0.715357434606237
1508.0,0.7165778872163656
1509.0,0.7181017937392014
1510.0,0.719383615874227
1511.0,0.7207148786695873
1512.0,0.721830590789101
1513.0,0.7226099307104351
1514.0,0.7237817617678374
1515.0,0.7249553511512589
1516.0,0.7263355063946677
1517.0,0.7281964786424554
1518.0,0.7296279450407525
1519.0,0.7310409194786994
1520.0,0.7322230298210199
1521.0,0.7331605165481064
1522.0,0.7340247640535547
1523.0,0.734641551254825
1524.0,0.7353728248767745
1525.0,0.7359368252367484
1526.0,0.7367385575620399
1527.0,0.7376291626060677
1528.0,0.7386680731190537
1529.0,0.7399062615977108
1530.0,0.7411466290121812
1531.0,0.7426782438915615
1532.0,0.7439299613402129
1533.0,0.744963885074435
1534.0,0.7461361782083494
1535.0,0.7473177578877157
1536.0,0.7483924434041279
1537.0,0.7494980761235824
1538.0,0.7506222892688665
1539.0,0.7514301167816638
1540.0,0.7521897249333109
1541.0,0.7531957421520528
1542.0,0.7542697209174529
1543.0,0.7553927191941912
1544.0,0.7567753550552434
1545.0,0.7577635129262549
1546.0,0.7585226509116875
1547.0,0.7596054757639112
1548.0,0.7607226300304174
1549.0,0.761677199058311
1550.0,0.7627107945533647
1551.0,0.763801456536656
1552.0,0.7645382026380886
1553.0,0.7658143048093884
1554.0,0.7676510809908892
1555.0,0.7691043765308816
1556.0,0.7706761609818659
1557.0,0.7719711865144353
1558.0,0.7729564296631126
1559.0,0.7741487472363602
1560.0,0.7752272882812871
1561.0,0.776483594164101
1562.0,0.7779882427296718
1563.0,0.7792754962143436
1564.0,0.7804548114050038
1565.0,0.7817730530510103
1566.0,0.7832361789571554
1567.0,0.7843999775291202
1568.0,0.7856603596523305
1569.0,0.7865896332634822
1570.0,0.7868046399404331
1571.0,0.7875859186869154
1572.0,0.7885967572000842
1573.0,0.7894685868665741
1574.0,0.790588692095316
1575.0,0.7915718382665123
1576.0,0.7921814458064328
1577.0,0.7931290381078091
1578.0,0.7944022910334776
1579.0,0.7954916035814985
1580.0,0.7965826467062843
1581.0,0.7977241285272205
1582.0,0.7987161830231364
1583.0,0.7998513346461698
1584.0,0.8013209178906101
1585.0,0.8025257967885641
1586.0,0.8037229170590866
1587.0,0.8047288516271567
1588.0,0.8051202070957055
1589.0,0.8060302824613077
1590.0,0.8071349746848766
1591.0,0.8084231796335006
1592.0,0.8094461701698754
1593.0,0.8107037409066785
1594.0,0.8118051236050247
1595.0,0.8125646599026483
1596.0,0.8135671012036384
1597.0,0.8148410793740218
1598.0,0.8158819259413321
1599.0,0.816757517218189
1600.0,0.8176770759948908
1601.0,0.8185978304708583
1602.0,0.8195712393546765
1603.0,0.8204744987168353
1604.0,0.8214919625130365
1605.0,0.8227282395067725
1606.0,0.8236639843058116
1607.0,0.824463569976799
1608.0,0.8253247977315162
1609.0,0.8260382794452534
1610.0,0.8268940367596886
1611.0,0.8279137672175034
1612.0,0.8287512796746636
1613.0,0.8295286413494231
1614.0,0.8303044744343483
1615.0,0.8309640332572629
1616.0,0.831735633196251
1617.0,0.8325136971293216
1618.0,0.8333878507103263
1619.0,0.8342832305152109
1620.0,0.8353202715940822
1621.0,0.836617795299291
1622.0,0.8376512507159527
1623.0,0.8386572286223347
1624.0,0.8396383360476782
1625.0,0.8404627167892733
1626.0,0.8413267316729675
1627.0,0.8422194634415153
1628.0,0.8431312758426476
1629.0,0.8440901547669523
1630.0,0.8448466375370487
1631.0,0.8455416365001884
1632.0,0.8462502440796529
1633.0,0.8465970808426219
1634.0,0.8473879718754935
1635.0,0.8486180530158565
1636.0,0.849498280375317
1637.0,0.8504813863752533
1638.0,0.8512869056750687
1639.0,0.8517309571135948
1640.0,0.8523570160713843
1641.0,0.8528253009181765
1642.0,0.8537073279889225
1643.0,0.8549162659256746
1644.0,0.8559930601641674
1645.0,0.8573243921284447
1646.0,0.8585549124699131
1647.0,0.8597906018696619
1648.0,0.860762643093453
1649.0,0.8615441522735711
1650.0,0.8624942227311735
1651.0,0.8633972867011405
1652.0,0.8640925910718554
1653.0,0.8647409663908268
1654.0,0.8655089162849521
1655.0,0.8659916204210858
1656.0,0.8667431496048275
1657.0,0.8678592023591396
1658.0,0.8689034827051296
1659.0,0.8698845753148077
1660.0,0.8709433813407261
1661.0,0.8722869747472975
1662.0,0.873357206795876
1663.0,0.8742468328133151
1664.0,0.8752224530661478
1665.0,0.8760768576271964
1666.0,0.876990073765625
1667.0,0.878076196781261
1668.0,0.8789660131600598
1669.0,0.8793703313588621
1670.0,0.8803796451171996
1671.0,0.8819799473556832
1672.0,0.8831137336949391
1673.0,0.8844217000495365
1674.0,0.8855996050952892
1675.0,0.8860414332139479
1676.0,0.8869984526380089
1677.0,0.8885738410531192
1678.0,0.8897281170341426
1679.0,0.890730094858169
1680.0,0.8918457602494864
1681.0,0.8927979768740522
1682.0,0.8937854722593677
1683.0,0.8948609234970945
1684.0,0.8960657908053565
1685.0,0.8974321555453958
1686.0,0.898517190668945
1687.0,0.8994745982819456
1688.0,0.9006330982188865
1689.0,0.9015155430376461
1690.0,0.9027046820026171
1691.0,0.9046109434111786
1692.0,0.9059129365119638
1693.0,0.906866744653048
1694.0,0.9079942906694102
1695.0,0.9089170917217496
1696.0,0.9097978623334578
1697.0,0.9106335768050993
1698.0,0.9117108114730459
1699.0,0.9129723901736918
1700.0,0.9140477494938279
1701.0,0.9153054705137466
1702.0,0.9163881351774568
1703.0,0.9170492433187047
1704.0,0.9178676838592805
1705.0,0.9187805484712489
1706.0,0.9197230171476121
1707.0,0.9205313355835095
1708.0,0.9216183034912684
1709.0,0.9231960535437838
1710.0,0.9242962423273017
1711.0,0.9253588795772371
1712.0,0.926241540452236
1713.0,0.9262264902753835
1714.0,0.9271796423258967
1715.0,0.9287481000136125
1716.0,0.9299986312645725
1717.0,0.9318614491845305
1718.0,0.9332922287026643
1719.0,0.9342659388792962
1720.0,0.9354222891629894
1721.0,0.9366052356023138
1722.0,0.9375474197560358
1723.0,0.938332631418378
1724.0,0.9389537014070523
1725.0,0.9394747358253143
1726.0,0.9400084027338637
1727.0,0.940291587586771
1728.0,0.9408276880260574
1729.0,0.9412314805732983
1730.0,0.9419684540879163
1731.0,0.9431806602914367
1732.0,0.9441056914947697
1733.0,0.9450913602812965
1734.0,0.9460593998270386
1735.0,0.9469141136402514
1736.0,0.947684600859942
1737.0,0.9483971771278737
1738.0,0.9493432523419242
1739.0,0.9502774992324677
1740.0,0.9510545304888042
1741.0,0.9518786837423817
1742.0,0.9529633278995495
1743.0,0.9540822227050496
1744.0,0.9552276522078196
1745.0,0.956914971850927
1746.0,0.9579781225331196
1747.0,0.9582929196714493
1748.0,0.9590728240040127
1749.0,0.9600841862549256
1750.0,0.9606853436373144
1751.0,0.9613347427205085
1752.0,0.9619290648666143
1753.0,0.9618677724247703
1754.0,0.9627650514078445
1755.0,0.9638442554567423
1756.0,0.9641196892551652
1757.0,0.9653117446300077
1758.0,0.9660721225311792
1759.0,0.9660563058127875
1760.0,0.966961641103249
1761.0,0.9672476858508503
1762.0,0.9676794409575562
1763.0,0.9688460973486118
1764.0,0.9694463373063538
1765.0,0.9703062246402409
1766.0,0.9711906518745342
1767.0,0.9715414975704161
1768.0,0.9723081174553274
1769.0,0.9733791020464894
1770.0,0.973782761286783
1771.0,0.974452307444588
1772.0,0.975651592801338
1773.0,0.9766075897591355
1774.0,0.9777501687752705
1775.0,0.9788546078306606
1776.0,0.979608650847509
1777.0,0.9803951245679717
1778.0,0.9812094448733787
1779.0,0.9823213603808613
1780.0,0.9835293253989649
1781.0,0.984258361956553
1782.0,0.9851453438743241
1783.0,0.9860295905837002
1784.0,0.9871398937408344
1785.0,0.9886880871827243
1786.0,0.9901621450001528
1787.0,0.9913710509057675
1788.0,0.9917845255238685
1789.0,0.9925958607473613
1790.0,0.9940541645297423
1791.0,0.9951773924916409
1792.0,0.9968340444039194
1793.0,0.9976677988298337
1794.0,0.9976454387972614
1795.0,0.9984227267748219
1796.0,0.9995433001286752
1797.0,0.9998618714074868
1798.0,0.9997879589419251
1799.0,0.9995796460625206
1800.0,1.0002429800563917
1801.0,0.9995915402076135
1802.0,1.0003330984337402
1803.0,1.0021934272352644
1804.0,1.0034479195272747
1805.0,1.0052125807232668
1806.0,1.0060065816927584
1807.0,1.0064786689196787
1808.0,1.00635066981111
1809.0,1.0045254544760214
1810.0,1.0047583100514763
1811.0,1.0054469673693711
1812.0,1.0064639472137258
1813.0,1.0088050627861747
1814.0,1.0098853050713072
1815.0,1.010823177848162
1816.0,1.0110477751902127
1817.0,1.011266749173714
1818.0,1.0108963864695222
1819.0,1.011836147431886
1820.0,1.0128023177558019
1821.0,1.0141460113561565
1822.0,1.017985429815882
1823.0,1.0185707929522603
1824.0,1.0189456531933054
1825.0,1.0207338021331744
1826.0,1.0217250144389776
1827.0,1.0222641307933165
1828.0,1.023516384022729
1829.0,1.0248127853626072
1830.0,1.0257071272006217
1831.0,1.0265783890703435
1832.0,1.027884835580771
1833.0,1.0277479849607831
1834.0,1.029441123409671
1835.0,1.0306828349821922
1836.0,1.0321072184763431
1837.0,1.0329734691509935
1838.0,1.0336105254392847
1839.0,1.0345351563429594
1840.0,1.0354908998361947
1841.0,1.0363264868393443
1842.0,1.0361221127757516
1843.0,1.036878895034819
1844.0,1.0375308330788204
1845.0,1.0365810011453072
1846.0,1.0367619541744146
1847.0,1.0379673347624856
1848.0,1.0382880321396935
1849.0,1.0380963231201155
1850.0,1.038775156870223
1851.0,1.039923360632341
1852.0,1.04043451609592
1853.0,1.0414020547030638
1854.0,1.0420352156755648
1855.0,1.0431709107687597
1856.0,1.0440367082218387
1857.0,1.044554480926397
1858.0,1.04525360719029
1859.0,1.0458060339932416
1860.0,1.0457372944901306
1861.0,1.0455952420878198
1862.0,1.0468748512702024
1863.0,1.0480433399901052
1864.0,1.048175766505656
1865.0,1.04873534873233
1866.0,1.0491193426264096
1867.0,1.048664961582586
1868.0,1.0487676685092517
1869.0,1.0492485909775302
1870.0,1.0498485168851588
1871.0,1.050719023962655
1872.0,1.0515992708860633
1873.0,1.0513244842518736
1874.0,1.0506250948217288
1875.0,1.0497991852480024
1876.0,1.048902215988829
1877.0,1.0482250454240702
1878.0,1.047379973198225
1879.0,1.0468561706261381
1880.0,1.0461069125141396
1881.0,1.045160657558395
1882.0,1.0444999529601837
1883.0,1.0442330221275817
1884.0,1.042309745156507
1885.0,1.040595656516824
1886.0,1.0382213244771805
1887.0,1.035847165811393
1888.0,1.0340133585502003
1889.0,1.0300956361480857
1890.0,1.0250222056087623
1891.0,1.0185352427885404
1892.0,1.0119551789291727
1893.0,1.0055374741915533
1894.0,1.00018524047841
1895.0,0.9964696213308973
1896.0,0.9935399570995986
1897.0,0.989282623447298
1898.0,0.9846812826580301
1899.0,0.9808988280261405
1900.0,0.9765602847535022
1901.0,0.9726750781831253
1902.0,0.9693144752019199
1903.0,0.9657787275371842
1904.0,0.9613976161124776
1905.0,0.9575177957454257
1906.0,0.9538001081116837
1907.0,0.9502470562866819
1908.0,0.9475299249838222
1909.0,0.9462579791526198
1910.0,0.945072555048374
1911.0,0.9438559735435604
1912.0,0.9433966276364338
1913.0,0.9423712574065212
1914.0,0.9408093814925598
1915.0,0.9384374797533611
1916.0,0.9372515522440168
1917.0,0.9369825918356453
1918.0,0.9366749158938057
1919.0,0.9370106523227263
1920.0,0.9390178996363584
1921.0,0.9403434327186176
1922.0,0.940729457384965
1923.0,0.9415575991439462
1924.0,0.9422574852366965
1925.0,0.9421946801413158
1926.0,0.9423289588935558
1927.0,0.942855334605817
1928.0,0.9441322488191347
1929.0,0.9452552581529139
1930.0,0.946036966017582
1931.0,0.9482755784401667
1932.0,0.9499448749389164
1933.0,0.9510850030785827
1934.0,0.9523765786786613
1935.0,0.952855318686753
1936.0,0.953156472568309
1937.0,0.9539866585353921
1938.0,0.9549686838152339
1939.0,0.9563589193399843
1940.0,0.957904062113024
1941.0,0.9596909326565002
1942.0,0.9615373941642182
1943.0,0.9632928569628432
1944.0,0.9658537677433473
1945.0,0.9683428037799408
1946.0,0.9701978427542868
1947.0,0.9720052047560129
1948.0,0.9732497458239121
1949.0,0.9735811030950733
1950.0,0.9739913065589543
1951.0,0.9745633916600774
1952.0,0.9755598455184857
1953.0,0.9765885953054281
1954.0,0.9772121138163001
1955.0,0.9793877765594884
1956.0,0.9801256046079667
1957.0,0.9807920924175907
1958.0,0.9821305933240658
1959.0,0.9835401390209976
1960.0,0.9848046956879195
1961.0,0.9869658782202368
1962.0,0.9895274834447645
1963.0,0.9931281207495594
1964.0,0.9963060516181745
1965.0,0.9976421907667364
1966.0,0.9997034170261724
1967.0,1.000481680877875
1968.0,1.000810492255964
1969.0,1.0025349265818426
1970.0,1.0040144550988896
1971.0,1.0052814567293478
1972.0,1.0062404769885134
1973.0,1.006854672040611
1974.0,1.007622402123024
1975.0,1.0079705713296405
1976.0,1.0086325675023393
1977.0,1.010175622579842
1978.0,1.0123320608510153
1979.0,1.0143986941914782
1980.0,1.016433160228655
1981.0,1.0179026302773306
1982.0,1.0200364679581013
1983.0,1.0220899401406087
1984.0,1.022863668070629
1985.0,1.0242303904066572
1986.0,1.0252575225927192
1987.0,1.0270335104601358
1988.0,1.0288396177124461
1989.0,1.0321975767400915
1990.0,1.035025013410041
1991.0,1.0372816249917325
1992.0,1.0388885468447813
1993.0,1.038780390526661
1994.0,1.0392951956543888
1995.0,1.0402163280139325
1996.0,1.0410627398401824
1997.0,1.0421234154218182
1998.0,1.043390639933386
1999.0,1.0446411041053278
2000.0,1.0459709759239075
2001.0,1.0473720167616694
2002.0,1.0488098511123145
2003.0,1.0513673451544037
2004.0,1.0531368861232684
2005.0,1.0548711410793283
2006.0,1.0571823795959832
2007.0,1.0578079953816721
2008.0,1.059031061474747
2009.0,1.06038508676416
2010.0,1.0613844669073875
2011.0,1.062703173363405
2012.0,1.0645290323100887
2013.0,1.0663251754942313
2014.0,1.0678444358133647
2015.0,1.0707266610390334
2016.0,1.0734720310877617
2017.0,1.0741110571878794
2018.0,1.0748484691880307
2019.0,1.0757874244434875
2020.0,1.0757332114842948
2021.0,1.077850876508999
2022.0,1.0810155328310798
2023.0,1.0831193905070318
2024.0,1.0854821088167996
2025.0,1.0885457011563013
2026.0,1.0908440677217124
2027.0,1.0932842945800654
2028.0,1.0945282697402376
2029.0,1.0949826917636614
2030.0,1.0949979144405562
2031.0,1.095060913017045
2032.0,1.0948059832515442
2033.0,1.0960032742945782
2034.0,1.098083912810478
2035.0,1.09975831715637
2036.0,1.1008925205669464
2037.0,1.1025229222687738
2038.0,1.104841911704569
2039.0,1.1063499400211114
2040.0,1.1075904255415865
2041.0,1.1090023827652615
2042.0,1.1096256395859267
2043.0,1.1106693954714557
2044.0,1.1122054729668802
2045.0,1.1137037594051382
2046.0,1.1149413101901087
2047.0,1.11606819049231
2048.0,1.1154013034327412
2049.0,1.1153371125223797
2050.0,1.1155231321239385
2051.0,1.1157940925767433
2052.0,1.1169977982474202
2053.0,1.1196381620396954
2054.0,1.1212189460033668
2055.0,1.1236249216784975
2056.0,1.124719588536005
2057.0,1.1245207185443449
2058.0,1.1253323215816757
2059.0,1.1260962865197306
2060.0,1.1257380904219454
2061.0,1.1281869742297246
2062.0,1.1299562268437378
2063.0,1.1306032349770516
2064.0,1.1311626338711023
2065.0,1.1303563683016715
2066.0,1.1295159046078775
2067.0,1.1304975939464323
2068.0,1.133629078186863
2069.0,1.1350526399643452
2070.0,1.1368179736902464
2071.0,1.1385498033093417
2072.0,1.1390918612922918
2073.0,1.1404538207538937
2074.0,1.1428370869104238
2075.0,1.1449801903870163
2076.0,1.1467764528100974
2077.0,1.146352019780576
2078.0,1.1458995401228227
2079.0,1.1456511978103279
2080.0,1.144350133647877
2081.0,1.1456294172016206
2082.0,1.1462227411385288
2083.0,1.1471397786166722
2084.0,1.1476578888627589
2085.0,1.147894465661163
2086.0,1.1481101625693078
2087.0,1.1485223946534557
2088.0,1.1488239168735521
2089.0,1.1488068368964444
2090.0,1.149641718766232
2091.0,1.149982481622011
2092.0,1.1504175180661016
2093.0,1.1511230987316248
2094.0,1.152375115892004
2095.0,1.1536957892677162
2096.0,1.1553980407152997
2097.0,1.1565955492855087
2098.0,1.1576820875158083
2099.0,1.158725137349209
2100.0,1.1592923711386531
2101.0,1.1598817994654005
2102.0,1.1608304663494633
2103.0,1.1609759279721301
2104.0,1.1606893594269172
2105.0,1.1606581714076394
2106.0,1.159498510476018
2107.0,1.1601889753717636
2108.0,1.160740116237681
2109.0,1.1617010914620538
2110.0,1.1643404168247615
2111.0,1.1654494023475832
2112.0,1.167204480117263
2113.0,1.1691700633381241
2114.0,1.170521127889207
2115.0,1.1717502109633726
2116.0,1.1725027311914547
2117.0,1.1722102124797849
2118.0,1.1726464619992865
2119.0,1.1731727643287915
2120.0,1.1731181992728033
2121.0,1.173815683351918
2122.0,1.1736011486012707
2123.0,1.171657675932199
2124.0,1.1708661813291454
2125.0,1.1695379506747994
2126.0,1.1698415926149004
2127.0,1.1716494872008774
2128.0,1.171914911359385
2129.0,1.1731451558353099
2130.0,1.17389605361966
2131.0,1.17357481523428
2132.0,1.1745233392612735
2133.0,1.175210214292366
2134.0,1.1760435335587751
2135.0,1.1768791798927432
2136.0,1.1785752263228189
2137.0,1.1784618172778296
2138.0,1.1768224545866761
2139.0,1.176412738163803
2140.0,1.1748135282618692
2141.0,1.1749958611977882
2142.0,1.1772752407161795
2143.0,1.1791531655291967
2144.0,1.1801266365231116
2145.0,1.179843643484489
2146.0,1.1784324702762512
2147.0,1.1782800848282529
2148.0,1.1779977984142027
2149.0,1.1779686957704232
2150.0,1.1781710063552904
2151.0,1.1779579692254125
2152.0,1.1784803472950407
2153.0,1.1799248484536329
2154.0,1.1799969252723932
2155.0,1.1800901067762903
2156.0,1.1797686894849109
2157.0,1.1773871277877082
2158.0,1.1776707197171417
2159.0,1.1797175239775608
2160.0,1.1804760186183665
2161.0,1.1822351316734414
2162.0,1.1831516664375257
2163.0,1.1823506799849615
2164.0,1.1825539096386948
2165.0,1.1842066913803357
2166.0,1.1866042048693892
2167.0,1.1883487498680305
2168.0,1.1898501029361936
2169.0,1.1895795331320689
2170.0,1.1872356936320732
2171.0,1.1861642793599672
2172.0,1.1845285269583263
2173.0,1.1837771987110022
2174.0,1.1839589556811851
2175.0,1.183362220270391
2176.0,1.1818491610866857
2177.0,1.1825791194440214
2178.0,1.1854599011681173
2179.0,1.186041345238684
2180.0,1.186837161279906
2181.0,1.1871913562570007
2182.0,1.1845727983597931
2183.0,1.1839705705684083
2184.0,1.185041932283967
2185.0,1.1861392475403807
2186.0,1.1869539694185196
2187.0,1.187966603852207
2188.0,1.188971894887266
2189.0,1.1915908171442708
2190.0,1.1934019053406961
2191.0,1.1946415169230697
2192.0,1.194913043482397
2193.0,1.1941464332039544
2194.0,1.1938644003899923
2195.0,1.1939949934931764
2196.0,1.1924236800672774
2197.0,1.1889871892996557
2198.0,1.1873729622416695
2199.0,1.1853616550058566
2200.0,1.1837529509721187
2201.0,1.1844168823550434
2202.0,1.1840371836255892
2203.0,1.1808206619107697
2204.0,1.181031629007757
2205.0,1.1830814245434387
2206.0,1.185485027073756
2207.0,1.1897114256319914
2208.0,1.193460439352897
2209.0,1.193794442031889
2210.0,1.19406857673835
2211.0,1.1946262189074248
2212.0,1.1949858507968272
2213.0,1.1962268804398875
2214.0,1.1967457281214327
2215.0,1.1957090821651797
2216.0,1.194737276602213
2217.0,1.1948937978091478
2218.0,1.1957704941693441
2219.0,1.1966726008436837
2220.0,1.1991446788598648
2221.0,1.1990015773035654
2222.0,1.1967632050391186
2223.0,1.1963796713187682
2224.0,1.1946852524276224
2225.0,1.19583716954026
2226.0,1.2012979914153477
2227.0,1.2029404309769276
2228.0,1.2039824311268672
2229.0,1.2041016299871443
2230.0,1.2008701526516097
2231.0,1.2000405380575183
2232.0,1.1994912426013902
2233.0,1.2011768178030913
2234.0,1.2024739215915505
2235.0,1.2019274951957093
2236.0,1.2015945485547803
2237.0,1.2011660786833442
2238.0,1.1991862132538902
2239.0,1.2000094197918925
2240.0,1.2027019541156525
2241.0,1.199889000564402
2242.0,1.1997703665418542
2243.0,1.200077904006809
2244.0,1.1979138104497666
2245.0,1.2009301810332171
2246.0,1.2016272129677499
2247.0,1.2018266958530384
2248.0,1.2022824069669258
2249.0,1.2019766872842177
2250.0,1.2026525427043275
2251.0,1.205285125377101
2252.0,1.2065368007717296
2253.0,1.2072619401206897
2254.0,1.2076973049007516
2255.0,1.2070590088242477
2256.0,1.2069598376717903
2257.0,1.2074651614930676
2258.0,1.207281728567001
2259.0,1.2062788457408915
2260.0,1.2063060055387138
2261.0,1.2053956507810295
2262.0,1.2074344294947825
2263.0,1.2104696987838515
2264.0,1.209628320280912
2265.0,1.2096875535316776
2266.0,1.2074540344760794
2267.0,1.206327957687832
2268.0,1.2080501515953748
2269.0,1.2093478864339158
2270.0,1.212868794383167
2271.0,1.214659398693722
2272.0,1.2146504343447184
2273.0,1.2118911834339399
2274.0,1.2083163302703075
2275.0,1.2058876268768899
2276.0,1.20550690735019
2277.0,1.206106839582553
2278.0,1.2094816931499057
2279.0,1.212040748076349
2280.0,1.215289997440739
2281.0,1.2166236635694976
2282.0,1.218921805221547
2283.0,1.2188734042760163
2284.0,1.2139657625924838
2285.0,1.2156444063664908
2286.0,1.2203179297035909
2287.0,1.2216055347827302
2288.0,1.227714145983121
2289.0,1.2274266388800552
2290.0,1.219411632694109
2291.0,1.21682795842524
2292.0,1.2131260961360057
2293.0,1.211603054615066
2294.0,1.212614872106513
2295.0,1.2142499209069408
2296.0,1.2187752112375383
2297.0,1.2206123026456637
2298.0,1.2226128521397117
2299.0,1.2224219422458784
2300.0,1.2164474743723672
2301.0,1.215809661780692
2302.0,1.218173844509284
2303.0,1.2188571648303421
2304.0,1.2226861351475846
2305.0,1.2244145203737173
2306.0,1.2213681123479376
2307.0,1.2227698643098768
2308.0,1.2263419515311145
2309.0,1.2248737402654046
2310.0,1.2260802858668087
2311.0,1.2247958610580534
2312.0,1.2190940361360398
2313.0,1.2208253983553299
2314.0,1.2224769512478042
2315.0,1.2246329989847473
2316.0,1.2251096241614303
2317.0,1.2241314236361727
2318.0,1.2247619784616923
2319.0,1.219122305135621
2320.0,1.2183636399299385
2321.0,1.2220262225541667
2322.0,1.2214516595685545
2323.0,1.221116879762461
2324.0,1.219452647113033
2325.0,1.2151488788320584
2326.0,1.2120346018695418
2327.0,1.2064344866890535
2328.0,1.2052365936553358
2329.0,1.2056472218182512
2330.0,1.2072599301251488
2331.0,1.2132885400575764
2332.0,1.2177988909942294
2333.0,1.225270634297674
2334.0,1.2272827002390796
2335.0,1.226733619072217
2336.0,1.2240915599822344
2337.0,1.2141664571980135
2338.0,1.2097556517810146
2339.0,1.2050126961793917
2340.0,1.2049463131958662
2341.0,1.2108206825834826
2342.0,1.213778951247329
2343.0,1.221093217725636
2344.0,1.2238454849565223
2345.0,1.220834393826026
2346.0,1.2214434565700567
2347.0,1.2236149520133586
2348.0,1.221466388142696
2349.0,1.2210363624317082
2350.0,1.2196631239107034
2351.0,1.2107269767673776
2352.0,1.1998233911514682
2353.0,1.195713291148853
2354.0,1.1965562824095164
2355.0,1.199226721704007
2356.0,1.2051726039771027
2357.0,1.208675509854046
2358.0,1.2060069790610388
2359.0,1.2010547142398724
2360.0,1.202132900023093
2361.0,1.2018736361425126
2362.0,1.199453181034736
2363.0,1.2053782471513719
2364.0,1.2081809335899103
2365.0,1.205411486391453
2366.0,1.2020026363307368
2367.0,1.198936088616817
2368.0,1.195020469092842
2369.0,1.192479691246686
2370.0,1.192113332453491
2371.0,1.186881555833863
2372.0,1.185730093446351
2373.0,1.18828039245489
2374.0,1.1890008647502228
2375.0,1.192573024341205
2376.0,1.1948930251869556
2377.0,1.1983818590139994
2378.0,1.2051765143534918
2379.0,1.208067471363306
2380.0,1.211352862524313
2381.0,1.2074049915364804
2382.0,1.1971256246369903
2383.0,1.1989862246785874
2384.0,1.196317089882625
2385.0,1.1872765223506396
2386.0,1.1860364047832435
2387.0,1.1804708675496234
2388.0,1.1735778301730735
2389.0,1.1718990204983344
2390.0,1.17383121291083
2391.0,1.1733654713550317
2392.0,1.1733263358098875
2393.0,1.1821582425362074
2394.0,1.182976682028567
2395.0,1.1883657730922588
2396.0,1.191747460837616
2397.0,1.1822240353762898
2398.0,1.185121430088691
2399.0,1.189342953118322
2400.0,1.1967379205456923
2401.0,1.2015726442150239
2402.0,1.205359621306741
2403.0,1.204693500980097
2404.0,1.1811338260461073
2405.0,1.166941622398748
2406.0,1.1622530509879325
2407.0,1.160985948681138
2408.0,1.173961672845697
2409.0,1.1804070944745484
2410.0,1.169693555196176
2411.0,1.1571693853534686
2412.0,1.144506449364428
2413.0,1.1411434271420033
2414.0,1.1620984849928855
2415.0,1.1700393618217115
2416.0,1.1624419855972454
2417.0,1.1558307375559431
2418.0,1.1399593740791045
2419.0,1.1374914221293
2420.0,1.1478935355162032
2421.0,1.1570183101193572
2422.0,1.1639690283499466
2423.0,1.1643013383050482
2424.0,1.1627094624863634
2425.0,1.1634331130197884
2426.0,1.1554661482342303
2427.0,1.1518018889677355
2428.0,1.1490504930707186
2429.0,1.127127088667274
2430.0,1.119647271934497
2431.0,1.109365162638393
2432.0,1.089961286377763
2433.0,1.1011101523308584
2434.0,1.1120635236380787
2435.0,1.1150781873110962
2436.0,1.1255742370598276
2437.0,1.1230206252084183
2438.0,1.112642669564301
2439.0,1.118152204121837
2440.0,1.1347663072125143
2441.0,1.142459314750183
2442.0,1.1483161099437693
2443.0,1.1544275550252787
2444.0,1.1443199489843054
2445.0,1.1369066988594951
2446.0,1.1422656502507975
2447.0,1.1317393825421478
2448.0,1.1170270745790778
2449.0,1.1070911282242863
2450.0,1.0885122940810306
2451.0,1.0884839172539384
2452.0,1.0921428101204196
2453.0,1.1055048742950944
2454.0,1.1450790813310083
2455.0,1.1440436891791868
2456.0,1.1386159513053777
2457.0,1.1428564695484753
2458.0,1.1093325338095235
2459.0,1.0896988153510065
2460.0,1.0826321439337747
2461.0,1.0594320146017933
2462.0,1.0528464735642311
2463.0,1.048075289110529
2464.0,1.0354837562096322
2465.0,1.0539181440383976
2466.0,1.0700498070107116
2467.0,1.096417189398153
2468.0,1.1347789846972278
2469.0,1.1151310666857261
2470.0,1.0715749994115866
2471.0,1.0276408210914822
2472.0,1.0131153602300451
2473.0,1.0446668410595046
2474.0,1.050507929447377
2475.0,1.041858308985684
2476.0,1.052145366047821
2477.0,1.0588116758803392
2478.0,1.0649465151047017
2479.0,1.1061488847615555
2480.0,1.1069375596638726
2481.0,1.059996322245627
2482.0,1.0577577984646063
2483.0,1.067880229667609
2484.0,1.0749397004943926
2485.0,1.1229648967699426
2486.0,1.1193982809051513
2487.0,1.0530880309146913
2488.0,1.039385969126018
2489.0,1.0325691412529376
2490.0,1.0375965034694234
2491.0,1.0939918748076616
2492.0,1.0987800476135445
2493.0,1.0834339248449238
2494.0,1.0590319833503719
2495.0,0.9978389768894735
2496.0,0.9772263074638117
2497.0,0.9519036003764819
2498.0,0.9607845472277947
2499.0,1.018242708461718
2500.0,1.0412790204854736
