350.0,-0.03804570151337485
351.0,0.0014848646951847535
352.0,-0.0253558468867591
353.0,-0.0347028559361951
354.0,-0.06135427877478823
355.0,-0.061143071437116205
356.0,-0.012608325043946537
357.0,0.0015655796332096625
358.0,0.006887270730946949
359.0,-0.004424833225152072
360.0,-0.03364397725394558
361.0,-0.013227098135241101
362.0,-0.0014626085071167386
363.0,-0.0003112038973145412
364.0,0.0152545705004117
365.0,0.02782472683428493
366.0,0.029745216564758703
367.0,0.011724343573309558
368.0,-0.03037568607731682
369.0,-0.020375048453061022
370.0,0.0033790914401775744
371.0,0.01793071408247685
372.0,0.03460260575149344
373.0,0.05019846179341909
374.0,0.043160284862690565
375.0,0.011379380236667075
376.0,-0.011691564470418865
377.0,-0.004330185221798624
378.0,0.01578878242283773
379.0,0.02628055812630114
380.0,0.021392403135250582
381.0,0.020422974605569695
382.0,0.027033660173523832
383.0,0.03308097725061332
384.0,0.009124269736795795
385.0,0.009894815545086266
386.0,0.03262454775254995
387.0,0.04191220410838398
388.0,0.03836724651027536
389.0,0.034370968820621205
390.0,0.03491868024522109
391.0,0.036734655721394435
392.0,0.03650294571562013
393.0,0.034134249577302635
394.0,0.033414309722488045
395.0,0.042501420059157635
396.0,0.04079027409383238
397.0,0.03479003933603468
398.0,0.032541080083667066
399.0,0.030266344592316648
400.0,0.033790473641966606
401.0,0.03634372678375082
402.0,0.03300673260728825
403.0,0.04416608729485492
404.0,0.04307122037060091
405.0,0.033688887691896485
406.0,0.03553660670903436
407.0,0.03649458842457955
408.0,0.03815918465471443
409.0,0.040395760769792774
410.0,0.04062648948994228
411.0,0.04039976602496514
412.0,0.04241581156907618
413.0,0.045952393306716875
414.0,0.04457085995352125
415.0,0.04326918796110323
416.0,0.041649991102322204
417.0,0.039668880140592576
418.0,0.04304845319429748
419.0,0.041428013386376444
420.0,0.039822993984835735
421.0,0.04628811311325282
422.0,0.0446687205907176
423.0,0.042609066409800285
424.0,0.04287228395677461
425.0,0.042812054868824674
426.0,0.04185009760678124
427.0,0.04280465406066624
428.0,0.04537029831482664
429.0,0.04388755976509735
430.0,0.043412708564942684
431.0,0.04546756324318459
432.0,0.04890818471039249
433.0,0.04805231245916258
434.0,0.04628403243415612
435.0,0.044971099855579864
436.0,0.044365560978100925
437.0,0.044110727140326475
438.0,0.04507847759218168
439.0,0.04628625155309797
440.0,0.045395569580293164
441.0,0.04627276904177456
442.0,0.046566350213921255
443.0,0.04500529544594627
444.0,0.04389284285881691
445.0,0.04436295029399306
446.0,0.04569319031721773
447.0,0.04645427628036353
448.0,0.04491783200500351
449.0,0.045280278311321386
450.0,0.04657663405935509
451.0,0.045418627487247336
452.0,0.045553829457003904
453.0,0.04619639051431926
454.0,0.04648788538498566
455.0,0.04606827936988972
456.0,0.04480782781980958
457.0,0.04475488073299517
458.0,0.04654510931027191
459.0,0.04609542598562925
460.0,0.046179972456663804
461.0,0.04672182527746164
462.0,0.046769797463377547
463.0,0.04702360266868043
464.0,0.04724848999892562
465.0,0.047115608932488284
466.0,0.046372881811236714
467.0,0.04631894877964895
468.0,0.04637424349503915
469.0,0.046205391308413495
470.0,0.04650631291481512
471.0,0.04719189193847837
472.0,0.04765230730676531
473.0,0.04733178742464135
474.0,0.046512600148907415
475.0,0.045742363519250206
476.0,0.04550430385754034
477.0,0.046047739677822025
478.0,0.046085939964645634
479.0,0.0469813505850105
480.0,0.04846843136792256
481.0,0.0475065390784578
482.0,0.04638753568822068
483.0,0.04592777309937706
484.0,0.04635183586584449
485.0,0.047437688559920387
486.0,0.04830952954031643
487.0,0.04865412756123761
488.0,0.04846214504105375
489.0,0.04699287541284653
490.0,0.04624964623261552
491.0,0.04685355134255176
492.0,0.04739115281267234
493.0,0.047504401709422155
494.0,0.04739083916395723
495.0,0.04746007329139275
496.0,0.04832453749727502
497.0,0.04838773384890385
498.0,0.047503957254344996
499.0,0.04648551351243657
500.0,0.04696136890222572
501.0,0.047685418121319066
502.0,0.047890509520332095
503.0,0.04769845892274849
504.0,0.0473827310205975
505.0,0.04715733946482535
506.0,0.04712153495321714
507.0,0.0471077820171125
508.0,0.04752968956382499
509.0,0.048225965050739734
510.0,0.04874113635943478
511.0,0.04874097734148907
512.0,0.048629905760884884
513.0,0.04835483462849397
514.0,0.047309620528167284
515.0,0.048033880262208825
516.0,0.048898818394538426
517.0,0.04844085323029544
518.0,0.04822264818730145
519.0,0.04800161310505701
520.0,0.048088579865774084
521.0,0.04880205442971223
522.0,0.04881534918035407
523.0,0.04886906440039184
524.0,0.04907365221595151
525.0,0.048573662796014515
526.0,0.048607512473492376
527.0,0.04881166815447769
528.0,0.048740263485993494
529.0,0.04888493318581429
530.0,0.04889812524843853
531.0,0.04890586289585724
532.0,0.049182993820918376
533.0,0.04904371332619377
534.0,0.04875244424504554
535.0,0.04859219372003249
536.0,0.04871529034707083
537.0,0.04937373172235202
538.0,0.049771782891428286
539.0,0.04929808806778504
540.0,0.048799417426918484
541.0,0.04896212918198426
542.0,0.04940608519325379
543.0,0.04918406282578496
544.0,0.04908332574319476
545.0,0.049414962368575684
546.0,0.04997346823130737
547.0,0.04981585440328864
548.0,0.04946680624553083
549.0,0.04939402304555415
550.0,0.049778321512796896
551.0,0.04965867075002941
552.0,0.049644417560576734
553.0,0.049823706145839516
554.0,0.04985567951220934
555.0,0.050092175564767055
556.0,0.050410150404029054
557.0,0.05060215223840411
558.0,0.05040203253770123
559.0,0.050306413667327556
560.0,0.05038809036096968
561.0,0.050474738198259386
562.0,0.0499832504494379
563.0,0.04991825400425565
564.0,0.050352457616871696
565.0,0.050341702242624096
566.0,0.050678477045793806
567.0,0.0511323510879493
568.0,0.051307643789790164
569.0,0.05087043638693141
570.0,0.05062814516776774
571.0,0.05064613645396327
572.0,0.050656018605578
573.0,0.05110407385561883
574.0,0.051306363963048794
575.0,0.05102517733608357
576.0,0.050774934719988375
577.0,0.050764553456937624
578.0,0.05094548798110285
579.0,0.051163524536409474
580.0,0.05126168142594499
581.0,0.05132528641728107
582.0,0.051387138357374566
583.0,0.051439492671399266
584.0,0.05147151420801097
585.0,0.05157659941552319
586.0,0.051728435617660204
587.0,0.05161711765323893
588.0,0.05194567872777387
589.0,0.052324125944852105
590.0,0.052181553601365976
591.0,0.05204440802079676
592.0,0.05211152356349944
593.0,0.052305693972033905
594.0,0.0523145257801921
595.0,0.052476351479646924
596.0,0.0526718984122727
597.0,0.05274333444909149
598.0,0.05267059357005731
599.0,0.05251696729667763
600.0,0.052429222273831365
601.0,0.05256818685911372
602.0,0.05285694037863868
603.0,0.05327609519314666
604.0,0.05353845040306329
605.0,0.052978567725333596
606.0,0.05296833809092927
607.0,0.05322445983902942
608.0,0.05322689556156855
609.0,0.053441834218111633
610.0,0.053638825089615455
611.0,0.053783867460430276
612.0,0.05398192315570992
613.0,0.05409389467796038
614.0,0.05417042144215691
615.0,0.05421588066533668
616.0,0.054044580774113525
617.0,0.05416368896753248
618.0,0.054499843061017024
619.0,0.05472702741358324
620.0,0.05446790181433977
621.0,0.05447561869188988
622.0,0.0548064735422464
623.0,0.05472508456892715
624.0,0.0546900204982294
625.0,0.05464828354125652
626.0,0.05460257448159192
627.0,0.05507200664236674
628.0,0.055327272440500355
629.0,0.05532197114983598
630.0,0.05539130232034811
631.0,0.055535967643936514
632.0,0.05565227957673527
633.0,0.05574113971652347
634.0,0.056004643123323275
635.0,0.05594648875141859
636.0,0.05585448553104584
637.0,0.056090495411854145
638.0,0.05623021521637264
639.0,0.05640421891736344
640.0,0.05658476184387378
641.0,0.056615445198564485
642.0,0.05663247724370391
643.0,0.0568905503989508
644.0,0.057350459253172045
645.0,0.057249457591206546
646.0,0.0570491313294758
647.0,0.05714193254610708
648.0,0.0576949639262371
649.0,0.05757406152738627
650.0,0.05751175465317458
651.0,0.057797379438482004
652.0,0.05800944004685261
653.0,0.05809478997298852
654.0,0.05813329566402173
655.0,0.05824826412669674
656.0,0.0585707541425726
657.0,0.058816922559635165
658.0,0.058878658141694865
659.0,0.058791030424234614
660.0,0.05869272562179839
661.0,0.058893368966557384
662.0,0.05938396599560655
663.0,0.05958273153050465
664.0,0.059802591827284035
665.0,0.05997185207261659
666.0,0.059969818074419826
667.0,0.059965185313368155
668.0,0.06016889062937747
669.0,0.060520160748677165
670.0,0.06071657759747028
671.0,0.06072718371277588
672.0,0.0608977259392222
673.0,0.061337959415960375
674.0,0.06140150358490763
675.0,0.06138300792634634
676.0,0.06147558012166274
677.0,0.06175493266082712
678.0,0.06173831745262839
679.0,0.06181304211306315
680.0,0.06214837290974921
681.0,0.06254191523814427
682.0,0.06274931893249001
683.0,0.06285008296137494
684.0,0.06297783020186519
685.0,0.06311115698331925
686.0,0.06315348239083836
687.0,0.06327522193195015
688.0,0.06374311423167857
689.0,0.06393270771615547
690.0,0.06392360635556943
691.0,0.0639220360814543
692.0,0.06419026132473009
693.0,0.06436117355222688
694.0,0.06450441658448211
695.0,0.06478593231046129
696.0,0.06511635282227109
697.0,0.06533356923330175
698.0,0.06548245980575366
699.0,0.06577616989352424
700.0,0.06593848423132814
701.0,0.06607064157506903
702.0,0.06628489894488288
703.0,0.06658519842240856
704.0,0.0666659431598973
705.0,0.06667179425146032
706.0,0.06689263637337693
707.0,0.06715632727373162
708.0,0.06745203369500219
709.0,0.06767576451038722
710.0,0.06761656122737969
711.0,0.06794313510362232
712.0,0.06834905912725826
713.0,0.06850613734413512
714.0,0.06875941519924826
715.0,0.0688984388995651
716.0,0.06895646958910823
717.0,0.06910634065079556
718.0,0.06945771362498235
719.0,0.06979168704940353
720.0,0.07000716808478337
721.0,0.07022835346332551
722.0,0.07057072474330515
723.0,0.07085409805885225
724.0,0.07090824008632818
725.0,0.07089035161458454
726.0,0.07120935710731346
727.0,0.07168190008784187
728.0,0.07177287950310154
729.0,0.0720713067066849
730.0,0.07245437779777648
731.0,0.07273298023414045
732.0,0.07275290123110685
733.0,0.07300927533003473
734.0,0.0733763008316938
735.0,0.07361877671941185
736.0,0.07404749914229287
737.0,0.07443256870984191
738.0,0.07470814414836707
739.0,0.07495775615930159
740.0,0.07508454057123302
741.0,0.07532076869437233
742.0,0.07576191628828349
743.0,0.07613490506926929
744.0,0.07635560768878918
745.0,0.07651346614853481
746.0,0.07675548666957294
747.0,0.07710318344525673
748.0,0.07740095402820886
749.0,0.07760430267109941
750.0,0.07779731708923367
751.0,0.07825984955731712
752.0,0.07868346197126012
753.0,0.07888055854481589
754.0,0.07920225370733369
755.0,0.07935740584122647
756.0,0.07955597771873428
757.0,0.08005814066088789
758.0,0.08029923711254215
759.0,0.0805863533634212
760.0,0.08096738788558289
761.0,0.0812034698694438
762.0,0.08149471297533863
763.0,0.08180085587341172
764.0,0.08207177701688853
765.0,0.0823330817328994
766.0,0.0826295307540098
767.0,0.08300170403606318
768.0,0.08344509188054487
769.0,0.08378616246433537
770.0,0.08399524244547063
771.0,0.08418594096452851
772.0,0.0845831945034107
773.0,0.08505263789707214
774.0,0.08541743566736575
775.0,0.08564288245363179
776.0,0.08602896995429586
777.0,0.08642815934338746
778.0,0.08683510019269432
779.0,0.08727033043413972
780.0,0.08764145853689352
781.0,0.08792047922267585
782.0,0.08821304932512107
783.0,0.08870846605989358
784.0,0.08909747526547622
785.0,0.08938698781704371
786.0,0.08966536400161883
787.0,0.09005679588286726
788.0,0.09058835989367277
789.0,0.09108723842820077
790.0,0.09140914311947504
791.0,0.09188606681343887
792.0,0.09218648982093965
793.0,0.09242876349761579
794.0,0.0930143038578785
795.0,0.09327149186337927
796.0,0.09360592747162709
797.0,0.09418009933554718
798.0,0.09451000294833536
799.0,0.09479966106002005
800.0,0.09519833458779904
801.0,0.09573991833809764
802.0,0.0960763614804379
803.0,0.09655418900280685
804.0,0.0971157624771851
805.0,0.0974950700332059
806.0,0.09788797059223052
807.0,0.09825212568568087
808.0,0.09861193423727138
809.0,0.09910135733933484
810.0,0.09954768803345412
811.0,0.09995049632096581
812.0,0.10033882653914708
813.0,0.1007085504128978
814.0,0.10106289276473951
815.0,0.10148687130939595
816.0,0.10203639300576987
817.0,0.10242684166256277
818.0,0.10289587989456962
819.0,0.10343761854464723
820.0,0.10382482401938534
821.0,0.10427538478701974
822.0,0.10479897949119199
823.0,0.10531051411370462
824.0,0.10561351178494184
825.0,0.10605145158914472
826.0,0.1065826801738363
827.0,0.1070866554547615
828.0,0.10761932427460412
829.0,0.10819370366344046
830.0,0.108745477695041
831.0,0.10917676297612054
832.0,0.10943219000586309
833.0,0.10985008142873207
834.0,0.11048629908511486
835.0,0.11105056277957158
836.0,0.11153979536510956
837.0,0.11192291564279945
838.0,0.11224384935244558
839.0,0.11268854531793746
840.0,0.11329990421988673
841.0,0.11392186900832345
842.0,0.11438976468651427
843.0,0.11478809003634272
844.0,0.11536779408175951
845.0,0.11603636147967547
846.0,0.11652350797262673
847.0,0.11694371012748037
848.0,0.11748503515185181
849.0,0.11811537700955096
850.0,0.11857467325104018
851.0,0.11918708451366578
852.0,0.11987980409911742
853.0,0.12049616436507549
854.0,0.12085347547509531
855.0,0.12144961375469114
856.0,0.12216083896223963
857.0,0.12273893084804892
858.0,0.12328928245949716
859.0,0.12362998257983113
860.0,0.12400100559204397
861.0,0.1247597587621799
862.0,0.12553682399029698
863.0,0.12619932412131013
864.0,0.12677036761090696
865.0,0.12738076432957401
866.0,0.12777595115914878
867.0,0.1282581713254864
868.0,0.12898671440414128
869.0,0.1297665404006876
870.0,0.13029066096488567
871.0,0.13096316942070077
872.0,0.13194653905420603
873.0,0.1322602336850825
874.0,0.13258523001633002
875.0,0.13304961393234263
876.0,0.13359035785671997
877.0,0.13420317710461593
878.0,0.1351351523877804
879.0,0.1360829657244873
880.0,0.13653898667247696
881.0,0.13707053934882105
882.0,0.1375931276981084
883.0,0.13806162027194555
884.0,0.1385324105924443
885.0,0.13921765678275583
886.0,0.14005438624373312
887.0,0.14086179224181733
888.0,0.14137929595994683
889.0,0.14205470540417905
890.0,0.14266901925068046
891.0,0.14308165496180547
892.0,0.1436907714150665
893.0,0.14452260095223565
894.0,0.1454443727284696
895.0,0.146275518214999
896.0,0.14692325880222595
897.0,0.1476549197955428
898.0,0.14822127939620408
899.0,0.1483873216110943
900.0,0.1493026718437878
901.0,0.15035099751771955
902.0,0.15125995614432294
903.0,0.15208306760747084
904.0,0.15281886015743537
905.0,0.15328397651109746
906.0,0.15360535690781316
907.0,0.15421023926158609
908.0,0.15505933979714462
909.0,0.15590741985251674
910.0,0.1566381988604384
911.0,0.15737509803128347
912.0,0.1582547108186426
913.0,0.15883734925084037
914.0,0.15909865347710359
915.0,0.16001640700858463
916.0,0.16076208851280363
917.0,0.1615634031373499
918.0,0.162567027959177
919.0,0.16290871721058273
920.0,0.16343161006555412
921.0,0.1642372829091682
922.0,0.16516575681266754
923.0,0.1661478718030627
924.0,0.16706882168969706
925.0,0.16780438228462363
926.0,0.16836760103308246
927.0,0.1693452639263171
928.0,0.16982118633142493
929.0,0.17005536800291665
930.0,0.17084172212345344
931.0,0.1716857908464345
932.0,0.17231242463782687
933.0,0.1728643015791646
934.0,0.1737020840349382
935.0,0.17451922665102468
936.0,0.17520735428586945
937.0,0.17590745960655457
938.0,0.17690906782028668
939.0,0.17797316950551836
940.0,0.17901686075718115
941.0,0.1797133997560285
942.0,0.1796960490335469
943.0,0.18119179273083574
944.0,0.18230215494011492
945.0,0.18256159261253635
946.0,0.1838477220491834
947.0,0.18462621471433271
948.0,0.18517664890612823
949.0,0.18590928616113678
950.0,0.18692773037663687
951.0,0.18731761893937282
952.0,0.18786680958494
953.0,0.18892495725943392
954.0,0.1896597015956337
955.0,0.1907180297437305
956.0,0.19169859313784154
957.0,0.19235941404148363
958.0,0.1930870206093822
959.0,0.19394021487721658
960.0,0.19486707774792736
961.0,0.19575989381120004
962.0,0.19650073867724685
963.0,0.1973931890325385
964.0,0.19825330355563706
965.0,0.1988460261760822
966.0,0.19908977053719004
967.0,0.2002858750042118
968.0,0.20168331506183865
969.0,0.20251485251854884
970.0,0.20309316837492436
971.0,0.20431307978313362
972.0,0.20564921061315639
973.0,0.20661203575841208
974.0,0.20755468286968357
975.0,0.20815638226030814
976.0,0.20856577429814507
977.0,0.20901101091587937
978.0,0.20960337486879638
979.0,0.21018502462733848
980.0,0.21118733829395123
981.0,0.212733369922549
982.0,0.2141398229115687
983.0,0.21488560087618577
984.0,0.21478471171758154
985.0,0.21467107792774304
986.0,0.21663339622840447
987.0,0.21800972829598073
988.0,0.21901453605261076
989.0,0.22007149421117195
990.0,0.2209190431413908
991.0,0.22120453085955472
992.0,0.2219931843042025
993.0,0.22348723533665205
994.0,0.22443402236609677
995.0,0.22589983625683954
996.0,0.22683196032322642
997.0,0.2272125990716852
998.0,0.22847474856392083
999.0,0.22886996128883366
1000.0,0.23008214761853193
1001.0,0.2459911114212329
1002.0,0.24632444601933665
1003.0,0.24688718023177364
1004.0,0.24748281174236011
1005.0,0.248382209342862
1006.0,0.24582852249742881
1007.0,0.24663975990433346
1008.0,0.24854881413629953
1009.0,0.24763919063605308
1010.0,0.247802858414303
1011.0,0.24848397722839208
1012.0,0.24860513650861624
1013.0,0.2500254029591176
1014.0,0.25178615008037253
1015.0,0.25575586798880345
1016.0,0.2574044668214576
1017.0,0.25836105002092385
1018.0,0.2590226048034271
1019.0,0.25729499723944876
1020.0,0.2579896291777403
1021.0,0.25825285372583073
1022.0,0.2585806313221112
1023.0,0.2611269159809415
1024.0,0.2628622650561786
1025.0,0.2633044822523891
1026.0,0.2633175982914042
1027.0,0.26424440519153763
1028.0,0.26629306057269614
1029.0,0.2675745784796716
1030.0,0.2694022130243822
1031.0,0.27070964564325073
1032.0,0.27190934410248335
1033.0,0.2720978731129324
1034.0,0.27296057898925374
1035.0,0.2758150742299777
1036.0,0.27623908028926114
1037.0,0.27602428677310464
1038.0,0.2783069744601711
1039.0,0.2796903390316303
1040.0,0.2801310400085723
1041.0,0.2818332112314301
1042.0,0.2835361228979309
1043.0,0.28465477978514664
1044.0,0.28520171243982145
1045.0,0.28621680461117227
1046.0,0.28618243140341976
1047.0,0.2858163547576565
1048.0,0.2868484732586844
1049.0,0.28954717318732237
1050.0,0.2921279948050832
1051.0,0.29351437054410423
1052.0,0.2927846959933478
1053.0,0.29142001561026304
1054.0,0.2932987135281872
1055.0,0.29678610315454534
1056.0,0.29864503637087614
1057.0,0.3011728822271243
1058.0,0.30264639811503957
1059.0,0.3022822802781094
1060.0,0.30103566099694956
1061.0,0.30059179248893303
1062.0,0.3012757496146215
1063.0,0.30288588430941127
1064.0,0.3048161152429478
1065.0,0.3067773815992911
1066.0,0.3078613416741302
1067.0,0.3079116334650743
1068.0,0.3077145016896658
1069.0,0.30711044496917095
1070.0,0.30834181359836554
1071.0,0.3095915676806241
1072.0,0.31168060893308724
1073.0,0.3124466822340987
1074.0,0.3131484065997618
1075.0,0.3135592443213461
1076.0,0.31372999403255997
1077.0,0.3147175667028911
1078.0,0.31730036514005266
1079.0,0.32038314594316114
1080.0,0.32260059183463036
1081.0,0.32382409785498273
1082.0,0.3246992372672386
1083.0,0.3247411973764035
1084.0,0.3255165396126934
1085.0,0.32669882740799044
1086.0,0.32805963184335385
1087.0,0.3295549799634512
1088.0,0.3313742427273658
1089.0,0.33343349776033415
1090.0,0.33483177041405665
1091.0,0.33674701157472925
1092.0,0.33863799998204425
1093.0,0.339804495651213
1094.0,0.34058184999587326
1095.0,0.3407204863200561
1096.0,0.34077830100685697
1097.0,0.341607054677151
1098.0,0.3428470207226509
1099.0,0.3439334622969667
1100.0,0.3457981350011921
1101.0,0.34684672780831016
1102.0,0.3473326603621864
1103.0,0.34776899513297377
1104.0,0.3487443343286782
1105.0,0.34996783505051193
1106.0,0.35094115318038177
1107.0,0.3521419967889891
1108.0,0.3533759714268419
1109.0,0.35438122934539357
1110.0,0.3559453947299089
1111.0,0.3577839585856925
1112.0,0.35937660488389994
1113.0,0.36066481141659607
1114.0,0.36237392584499734
1115.0,0.36486404227400127
1116.0,0.36611967177756666
1117.0,0.3671881919639419
1118.0,0.36786975646795206
1119.0,0.36720893264437565
1120.0,0.3672523586674697
1121.0,0.3683743524486943
1122.0,0.3696534160667338
1123.0,0.37213617023269147
1124.0,0.37385635316159943
1125.0,0.3744574338235939
1126.0,0.37557733227811996
1127.0,0.3768710274463629
1128.0,0.3778722632360406
1129.0,0.37922977145003894
1130.0,0.3813809365903663
1131.0,0.38295236311928477
1132.0,0.38430417686031154
1133.0,0.3856118482304075
1134.0,0.38695576233827417
1135.0,0.38779175381308156
1136.0,0.3885760155287822
1137.0,0.3898136730542665
1138.0,0.3905321892940008
1139.0,0.3914582001134113
1140.0,0.39286178244253445
1141.0,0.3936110470171878
1142.0,0.39505824814623725
1143.0,0.3973713122398641
1144.0,0.39883488429373903
1145.0,0.40012120037157106
1146.0,0.4015680618808022
1147.0,0.4026062074525221
1148.0,0.40377395368323854
1149.0,0.40501135246442327
1150.0,0.40655483488467786
1151.0,0.4082446518370471
1152.0,0.40980004387264846
1153.0,0.41105997722640497
1154.0,0.4120085800542101
1155.0,0.4121254124147451
1156.0,0.4129307941156479
1157.0,0.4140736238162025
1158.0,0.4157129629487328
1159.0,0.4170693128679675
1160.0,0.41874194002634046
1161.0,0.4200681461533431
1162.0,0.4212441723550828
1163.0,0.42250937879711203
1164.0,0.42356277489649174
1165.0,0.4249237404639569
1166.0,0.4265762031629906
1167.0,0.4279301863808377
1168.0,0.4295194290332125
1169.0,0.43053397729165205
1170.0,0.4310106620080608
1171.0,0.4320453471311017
1172.0,0.43306923467786407
1173.0,0.4339724477666996
1174.0,0.43545196272066783
1175.0,0.4375988675825773
1176.0,0.4390062871603467
1177.0,0.4403568612799276
1178.0,0.44179783567457165
1179.0,0.4428919455544728
1180.0,0.44408881677679296
1181.0,0.44578864359442527
1182.0,0.446777545987467
1183.0,0.4477332175870622
1184.0,0.44904832070134937
1185.0,0.44996863660487996
1186.0,0.4518793728126154
1187.0,0.45342859501013055
1188.0,0.4550914710876718
1189.0,0.4562103807254056
1190.0,0.45691267604710994
1191.0,0.4582129707185588
1192.0,0.45960930512869014
1193.0,0.4609544326737429
1194.0,0.46290669034192516
1195.0,0.464273472204373
1196.0,0.4648279948654339
1197.0,0.46578543871930916
1198.0,0.4666274878429509
1199.0,0.46792983819754563
1200.0,0.4694798933307282
1201.0,0.4714084807347937
1202.0,0.4729958168863395
1203.0,0.4745522766357593
1204.0,0.47588501960965957
1205.0,0.4767444670066329
1206.0,0.4778532505480605
1207.0,0.4789753402958912
1208.0,0.4801979315137204
1209.0,0.4814031066887288
1210.0,0.48268485168803493
1211.0,0.4841754215218964
1212.0,0.4855846198298032
1213.0,0.48707318509223696
1214.0,0.4883791399274435
1215.0,0.4898515997289449
1216.0,0.4907106797939684
1217.0,0.49136553043989806
1218.0,0.4924373783406769
1219.0,0.49355773846473955
1220.0,0.4947565755817168
1221.0,0.49600868711120566
1222.0,0.49737482551263174
1223.0,0.4987525229251013
1224.0,0.5002109747414604
1225.0,0.501639567312504
1226.0,0.5033166310419395
1227.0,0.5046356194841549
1228.0,0.5057516784343679
1229.0,0.5068169309048441
1230.0,0.5072669840613021
1231.0,0.5084271155577738
1232.0,0.5098974593631331
1233.0,0.511516246845135
1234.0,0.5135334249002451
1235.0,0.5153363401203626
1236.0,0.5168179175305069
1237.0,0.5179637408006148
1238.0,0.5192473957797481
1239.0,0.5204016292361157
1240.0,0.521621155039329
1241.0,0.5226122159225695
1242.0,0.5241284699444058
1243.0,0.5261539535304853
1244.0,0.5275613977862305
1245.0,0.5288984060859534
1246.0,0.5304424338204927
1247.0,0.5314722831520771
1248.0,0.5329073010602728
1249.0,0.5351798109207838
1250.0,0.5369330921908125
1251.0,0.5385088320815998
1252.0,0.5399879846092652
1253.0,0.5411655415327463
1254.0,0.5418505277238373
1255.0,0.5431073590158721
1256.0,0.544496834084583
1257.0,0.5456525023768193
1258.0,0.5472165846058855
1259.0,0.5481525461653712
1260.0,0.5481246173261427
1261.0,0.5490365966902059
1262.0,0.5501775122309199
1263.0,0.551357009946102
1264.0,0.5530271200938524
1265.0,0.5545830165518856
1266.0,0.5561362798388113
1267.0,0.5576049872481647
1268.0,0.5592065660940561
1269.0,0.560705524297387
1270.0,0.5620112589166639
1271.0,0.5630844991635728
1272.0,0.5641849492788681
1273.0,0.5651002732816701
1274.0,0.5663098312809488
1275.0,0.5674655906235027
1276.0,0.5688828019241505
1277.0,0.5708249106672344
1278.0,0.5722030380392515
1279.0,0.5732525185548174
1280.0,0.574659223687809
1281.0,0.5762178408894744
1282.0,0.5774038298931262
1283.0,0.5784795169235465
1284.0,0.5797921935092759
1285.0,0.580735029577955
1286.0,0.5819340961730218
1287.0,0.5835283061820057
1288.0,0.5853994014708807
1289.0,0.5867381709416043
1290.0,0.5876569797726536
1291.0,0.5891651424754704
1292.0,0.5907486003791316
1293.0,0.592320318682406
1294.0,0.5944441731299498
1295.0,0.5958960063647627
1296.0,0.5969720984169568
1297.0,0.5980225922660916
1298.0,0.598561575082
1299.0,0.5996212963365035
1300.0,0.6007589924668152
1301.0,0.6020351868150963
1302.0,0.6037004915492913
1303.0,0.6052676754631631
1304.0,0.6067101898583113
1305.0,0.6083679526348094
1306.0,0.610146297919872
1307.0,0.6122269465266684
1308.0,0.6136943908079091
1309.0,0.6150689359832137
1310.0,0.6163876197665837
1311.0,0.6171728590052512
1312.0,0.6184648210620111
1313.0,0.6201910863354809
1314.0,0.6214655337061067
1315.0,0.6226155045006596
1316.0,0.623782185513506
1317.0,0.6245511018126892
1318.0,0.6257965674403493
1319.0,0.6276058442147822
1320.0,0.6288505735807568
1321.0,0.6298402579112796
1322.0,0.6310986717037999
1323.0,0.6320097361658995
1324.0,0.6332335900692265
1325.0,0.6350573701871551
1326.0,0.636652350121635
1327.0,0.6381962344283847
1328.0,0.6396173213876621
1329.0,0.6412102207909587
1330.0,0.6430575743866862
1331.0,0.6442704065712748
1332.0,0.6451008674030346
1333.0,0.6463994014490375
1334.0,0.6474467369361485
1335.0,0.6487028165338403
1336.0,0.6505670472065909
1337.0,0.6519862347453887
1338.0,0.6529793328681336
1339.0,0.6542295972066577
1340.0,0.6556336727905815
1341.0,0.6569287572648007
1342.0,0.6580476368425373
1343.0,0.6594304547941385
1344.0,0.6610947137194668
1345.0,0.6624843852523644
1346.0,0.6640366413674904
1347.0,0.6653041466877695
1348.0,0.6665121833047895
1349.0,0.6674400241235361
1350.0,0.668439324681292
1351.0,0.6692083149960099
1352.0,0.6705929397761248
1353.0,0.6722016050557443
1354.0,0.6736929898728329
1355.0,0.6755813537987194
1356.0,0.6772689351364586
1357.0,0.678804936563721
1358.0,0.6802491843118246
1359.0,0.6817918564582777
1360.0,0.6832118550477173
1361.0,0.6841900875006932
1362.0,0.6854835822690676
1363.0,0.6871423352732768
1364.0,0.6885078094911045
1365.0,0.6899334867527529
1366.0,0.691101924229652
1367.0,0.6921477754235976
1368.0,0.6925971891133572
1369.0,0.6937324134727407
1370.0,0.695011842543961
1371.0,0.6960685516782217
1372.0,0.6973711127725359
1373.0,0.6984465742327421
1374.0,0.699072620927185
1375.0,0.7001388515276112
1376.0,0.7013650679609049
1377.0,0.7027522657721335
1378.0,0.7044016507619911
1379.0,0.7059289351248355
1380.0,0.7077261546424365
1381.0,0.7091947105162436
1382.0,0.7104716745571129
1383.0,0.7116474894243234
1384.0,0.7125846283949548
1385.0,0.7136286913162945
1386.0,0.7142515413264152
1387.0,0.7154663276684043
1388.0,0.717419013787811
1389.0,0.7188334937916783
1390.0,0.7204398558189207
1391.0,0.7218133976753393
1392.0,0.722795267844356
1393.0,0.7231337386842672
1394.0,0.7237867168846465
1395.0,0.7244430524212851
1396.0,0.7250383246354332
1397.0,0.7253626362663621
1398.0,0.7262105421874431
1399.0,0.7271866474322503
1400.0,0.7282383725001855
1401.0,0.729807057916643
1402.0,0.7309759660462817
1403.0,0.7318619282292915
1404.0,0.7330207827622036
1405.0,0.734307458966505
1406.0,0.7353891891714237
1407.0,0.7365659245423949
1408.0,0.7375849988051858
1409.0,0.7382916046677575
1410.0,0.7391292610023902
1411.0,0.7400342822171045
1412.0,0.7409074314935257
1413.0,0.7415315491486587
1414.0,0.7425496192501541
1415.0,0.7438557459261951
1416.0,0.7450414210887842
1417.0,0.7464136272281544
1418.0,0.7481778385339377
1419.0,0.7495272438161618
1420.0,0.7506382754245997
1421.0,0.7519626067577934
1422.0,0.7533006721942476
1423.0,0.7546079549605996
1424.0,0.7559242589848798
1425.0,0.7574023770830403
1426.0,0.7590591967709549
1427.0,0.7603790640588597
1428.0,0.7617369272929039
1429.0,0.7629610758698975
1430.0,0.7638073683513089
1431.0,0.7647978378683722
1432.0,0.7657886030096722
1433.0,0.7668780923263923
1434.0,0.7678363407221703
1435.0,0.7690359277519552
1436.0,0.7706828840854606
1437.0,0.7720645064073026
1438.0,0.7733474179191631
1439.0,0.7748095303098872
1440.0,0.7760265986588573
1441.0,0.7767155312546173
1442.0,0.7775909282081106
1443.0,0.7785145845379663
1444.0,0.77965861250264
1445.0,0.7809816803610561
1446.0,0.7822025038742509
1447.0,0.7835921618688254
1448.0,0.7848114138267998
1449.0,0.7857675204879013
1450.0,0.7871090708669368
1451.0,0.7887045450647402
1452.0,0.7900405744490119
1453.0,0.7916056497571745
1454.0,0.7927556772914041
1455.0,0.7933395840326379
1456.0,0.7943927605749005
1457.0,0.7955147631149249
1458.0,0.7966558407810893
1459.0,0.7980391486933985
1460.0,0.7992974318182307
1461.0,0.8004291869264816
1462.0,0.801663528880983
1463.0,0.8029004179854482
1464.0,0.8042612644335598
1465.0,0.8057646784895088
1466.0,0.8071605038298683
1467.0,0.8084784864862778
1468.0,0.810071293416308
1469.0,0.811467233944442
1470.0,0.8127571638151055
1471.0,0.8141417939089893
1472.0,0.8155416853881668
1473.0,0.8169816182590487
1474.0,0.8186056253190988
1475.0,0.8197523720206142
1476.0,0.8206614943754093
1477.0,0.8218011640725248
1478.0,0.8226581511752058
1479.0,0.8237824543049387
1480.0,0.8253026217547845
1481.0,0.8265062686277961
1482.0,0.8273712733780622
1483.0,0.8287330259847575
1484.0,0.8304950132070845
1485.0,0.8317975062034498
1486.0,0.8332176795970354
1487.0,0.8344037367651091
1488.0,0.8349574430943388
1489.0,0.8359900097676699
1490.0,0.8372885552560172
1491.0,0.8384973137984775
1492.0,0.8398092107997466
1493.0,0.8410829413284163
1494.0,0.8422867059856638
1495.0,0.8435705146239559
1496.0,0.8449702632317885
1497.0,0.8462926960956494
1498.0,0.8475654609709272
1499.0,0.8488785431725878
1500.0,0.8501993408237879
1501.0,0.8515239009258099
1502.0,0.8526553902350243
1503.0,0.8538897740309566
1504.0,0.8551566178097904
1505.0,0.8562811128052347
1506.0,0.8577067615550877
1507.0,0.8594178813704182
1508.0,0.8609081868930678
1509.0,0.8624368046911315
1510.0,0.8638571062255852
1511.0,0.8651839509963
1512.0,0.8664986978307386
1513.0,0.8678363140676053
1514.0,0.8690331372099132
1515.0,0.8699643858736192
1516.0,0.8712373474558869
1517.0,0.8725128673885443
1518.0,0.8739781871513997
1519.0,0.8760159258441282
1520.0,0.8774450320698327
1521.0,0.8786346667846396
1522.0,0.8798114407676308
1523.0,0.8805088372321148
1524.0,0.8815873922465955
1525.0,0.8827822813910572
1526.0,0.8841622723596044
1527.0,0.885867464550615
1528.0,0.8873876662674495
1529.0,0.8891062989190186
1530.0,0.8905614828908504
1531.0,0.8918519407629767
1532.0,0.8930272518623881
1533.0,0.8939671131645637
1534.0,0.8949356121979681
1535.0,0.8956259872911337
1536.0,0.8965791803049604
1537.0,0.8974344361170693
1538.0,0.8987302508043393
1539.0,0.9006806585501654
1540.0,0.9025471221784072
1541.0,0.9040399815729242
1542.0,0.9057040886416436
1543.0,0.9069808793025814
1544.0,0.9077066214795064
1545.0,0.9086459027895564
1546.0,0.9095255537046206
1547.0,0.9107163823609981
1548.0,0.9118578270945371
1549.0,0.9131856580438953
1550.0,0.9150448793132862
1551.0,0.9163595894075024
1552.0,0.9173679273484705
1553.0,0.9185846075310917
1554.0,0.9196551867159478
1555.0,0.9209453275097976
1556.0,0.9225224203552145
1557.0,0.9238019983387464
1558.0,0.9250008366465172
1559.0,0.9262416895244778
1560.0,0.9273597230599725
1561.0,0.9285367732523688
1562.0,0.9299250196695111
1563.0,0.9309900830409862
1564.0,0.9316226099041268
1565.0,0.9327363527871967
1566.0,0.9338427456817637
1567.0,0.9351803681423704
1568.0,0.9372308688734319
1569.0,0.9386520375218751
1570.0,0.9397005784196744
1571.0,0.9409785027503205
1572.0,0.9420899953338318
1573.0,0.9432601076336179
1574.0,0.9446940517005782
1575.0,0.9459498311613977
1576.0,0.9470411444866766
1577.0,0.948125066948494
1578.0,0.9489855441398112
1579.0,0.9501593413826245
1580.0,0.9516218656161346
1581.0,0.9528360248641304
1582.0,0.9541611256327134
1583.0,0.9554140113280951
1584.0,0.9564681679758091
1585.0,0.9574239911801965
1586.0,0.9581558693556786
1587.0,0.9592062073275568
1588.0,0.9602797984939607
1589.0,0.9614114295486622
1590.0,0.9626901883494663
1591.0,0.9644040580488631
1592.0,0.9656069157507987
1593.0,0.9666555866478896
1594.0,0.9675547180469567
1595.0,0.9681524866294987
1596.0,0.9691645838869897
1597.0,0.9701725391225959
1598.0,0.9713054289319124
1599.0,0.9727328574910399
1600.0,0.97400515079973
1601.0,0.9751688337685948
1602.0,0.9764950688022549
1603.0,0.9781175257460403
1604.0,0.9791820103176134
1605.0,0.9801071796185578
1606.0,0.9808531228114113
1607.0,0.9809230776632607
1608.0,0.9818655158715397
1609.0,0.9832891054258195
1610.0,0.984245642690169
1611.0,0.9854765946589654
1612.0,0.9863429062857583
1613.0,0.986423599983447
1614.0,0.9874163796626524
1615.0,0.9889589115003915
1616.0,0.9901139206338264
1617.0,0.9914233554904102
1618.0,0.992739924701659
1619.0,0.9937585398146381
1620.0,0.9951009096605696
1621.0,0.997089501070881
1622.0,0.9982724780478708
1623.0,0.9990334878262558
1624.0,0.999966974312478
1625.0,1.0003866586281864
1626.0,1.001355518428728
1627.0,1.0029048575938222
1628.0,1.0039600624549583
1629.0,1.004855943195571
1630.0,1.0059282700574097
1631.0,1.0067989070083974
1632.0,1.0078679868135547
1633.0,1.0092316794425784
1634.0,1.0105064344016628
1635.0,1.0118167139954939
1636.0,1.0129915112799284
1637.0,1.0140891409755084
1638.0,1.0153076031737935
1639.0,1.016656076158776
1640.0,1.0176445684565583
1641.0,1.0185185690690497
1642.0,1.0194278367494807
1643.0,1.0200146126153753
1644.0,1.0206763267995718
1645.0,1.0216329438172767
1646.0,1.0222612785192873
1647.0,1.022428534251836
1648.0,1.0229898937617832
1649.0,1.023608849145992
1650.0,1.0243126305663923
1651.0,1.025247641529769
1652.0,1.0261218762012756
1653.0,1.0271570536533001
1654.0,1.027915305802708
1655.0,1.0286025862063304
1656.0,1.0292196376315879
1657.0,1.0294038455133907
1658.0,1.0299248396771419
1659.0,1.0305449550417194
1660.0,1.0312921711949699
1661.0,1.0324606244546737
1662.0,1.0332705355925818
1663.0,1.0338818978434106
1664.0,1.0346389013393742
1665.0,1.035142769245086
1666.0,1.035934621357485
1667.0,1.0371730732573432
1668.0,1.0381556581786096
1669.0,1.0391375157589242
1670.0,1.0400107728173456
1671.0,1.0405857870489914
1672.0,1.0414286209974144
1673.0,1.0421002783279378
1674.0,1.043263089863609
1675.0,1.0450113209552816
1676.0,1.0465035299020373
1677.0,1.048374098194547
1678.0,1.0499162455376483
1679.0,1.0509204641108292
1680.0,1.0522485711400302
1681.0,1.0534852811689726
1682.0,1.0549876454260603
1683.0,1.0569979386621655
1684.0,1.0587692441190661
1685.0,1.0606169656127793
1686.0,1.0623121740736527
1687.0,1.0640834888797823
1688.0,1.0652856932599273
1689.0,1.0658072554165992
1690.0,1.0668757204909436
1691.0,1.0677136202946895
1692.0,1.0688607089330857
1693.0,1.0705954129987594
1694.0,1.0721720674281014
1695.0,1.0737349853340443
1696.0,1.075133901126637
1697.0,1.076762095589466
1698.0,1.0780577547930177
1699.0,1.078914069557966
1700.0,1.0799514793351408
1701.0,1.0809774976576476
1702.0,1.081801555430044
1703.0,1.0823862602991372
1704.0,1.0832548952638743
1705.0,1.0839374701174016
1706.0,1.0851239901014427
1707.0,1.08733157713128
1708.0,1.088512313284986
1709.0,1.0893347191894593
1710.0,1.0899986921787477
1711.0,1.0894350220429436
1712.0,1.0901586786292368
1713.0,1.0918031110132824
1714.0,1.0931026856228998
1715.0,1.095010204283756
1716.0,1.0962845862189894
1717.0,1.0968673556635005
1718.0,1.097860014359504
1719.0,1.0989326311489185
1720.0,1.0999332857991757
1721.0,1.101291395747528
1722.0,1.1022397142851823
1723.0,1.1028349207775772
1724.0,1.1034250075806649
1725.0,1.1033933774209128
1726.0,1.1041563915836723
1727.0,1.105397150111375
1728.0,1.1063877066760777
1729.0,1.1080468953709635
1730.0,1.1089345093855905
1731.0,1.1091398284118226
1732.0,1.109688250290594
1733.0,1.1099243887407237
1734.0,1.1106963947535937
1735.0,1.1117985065561136
1736.0,1.1128961309866652
1737.0,1.1144322080936069
1738.0,1.1154622971555386
1739.0,1.116149548582016
1740.0,1.1170420338298686
1741.0,1.117783462378647
1742.0,1.1188905493977537
1743.0,1.120463389113253
1744.0,1.1215684356762976
1745.0,1.1226599593066204
1746.0,1.1232717181331433
1747.0,1.1233621160290697
1748.0,1.1237298203405544
1749.0,1.1239688681413624
1750.0,1.1244894211238812
1751.0,1.1252980175946752
1752.0,1.1259181655083803
1753.0,1.1263629918756375
1754.0,1.1266750877660432
1755.0,1.127425031632547
1756.0,1.1280981084474586
1757.0,1.1289827973636162
1758.0,1.1299093596044358
1759.0,1.130451619252556
1760.0,1.1311651220414398
1761.0,1.1318090620572094
1762.0,1.1326551593730372
1763.0,1.1339164164031912
1764.0,1.1349936434313697
1765.0,1.1367655324091537
1766.0,1.138538960315637
1767.0,1.139408220212889
1768.0,1.1400541036152676
1769.0,1.1400401844986745
1770.0,1.1400940786436904
1771.0,1.1410329858423314
1772.0,1.1418490637784235
1773.0,1.14323226544593
1774.0,1.144380256119355
1775.0,1.1445536801005385
1776.0,1.1458703577029428
1777.0,1.147152743871421
1778.0,1.1480392522833738
1779.0,1.1491012111042118
1780.0,1.1491971797650724
1781.0,1.1490864403462866
1782.0,1.149586649158799
1783.0,1.1508289164241132
1784.0,1.1520396556934502
1785.0,1.153201369147997
1786.0,1.154295635056454
1787.0,1.1542119698996267
1788.0,1.154471045489766
1789.0,1.1552611692609749
1790.0,1.1559901883350305
1791.0,1.15681108498119
1792.0,1.1575320513548906
1793.0,1.1583986575648013
1794.0,1.1593691302344842
1795.0,1.1602195092713343
1796.0,1.1613492318158125
1797.0,1.1623306562109983
1798.0,1.1627767063342842
1799.0,1.1641918645504687
1800.0,1.1655141040009915
1801.0,1.1644377765195744
1802.0,1.1639657443732552
1803.0,1.1647889479054943
1804.0,1.1646860559240673
1805.0,1.1639622020049307
1806.0,1.163790486474555
1807.0,1.1630204633230488
1808.0,1.1635584727155892
1809.0,1.1653433789706937
1810.0,1.1664225514266282
1811.0,1.1681942111075736
1812.0,1.1691557170922893
1813.0,1.1695184471552769
1814.0,1.1704122404867596
1815.0,1.1718532766103855
1816.0,1.174256965996035
1817.0,1.175666559203661
1818.0,1.177486384781018
1819.0,1.178364216996241
1820.0,1.1777680349240351
1821.0,1.1780296612738226
1822.0,1.1782624953686955
1823.0,1.178817707115496
1824.0,1.1787455709200685
1825.0,1.1802163656800766
1826.0,1.1812264003322026
1827.0,1.1816884097158236
1828.0,1.183247680225395
1829.0,1.1856985450542137
1830.0,1.187858531217656
1831.0,1.1909216121653265
1832.0,1.193235257936945
1833.0,1.1951938786629115
1834.0,1.1966130301164086
1835.0,1.1970025147945242
1836.0,1.1953082391955576
1837.0,1.1958965125939376
1838.0,1.1971202344338818
1839.0,1.1976186636089314
1840.0,1.1982393594550598
1841.0,1.2003857679886565
1842.0,1.2002930765347792
1843.0,1.2000257968866603
1844.0,1.2015499248458592
1845.0,1.202988872558308
1846.0,1.2041288873335751
1847.0,1.2057511054039014
1848.0,1.2064808009311527
1849.0,1.2059044273518107
1850.0,1.206591078586422
1851.0,1.2076453828236244
1852.0,1.2088870845898532
1853.0,1.2098437816847933
1854.0,1.2102039384344934
1855.0,1.2101000048766188
1856.0,1.2107413843356916
1857.0,1.211171163401153
1858.0,1.2122369099169732
1859.0,1.2125889814360726
1860.0,1.2132354316649998
1861.0,1.2118536948761551
1862.0,1.209927340569031
1863.0,1.2097725848171839
1864.0,1.2095074149877738
1865.0,1.2097467744738555
1866.0,1.2101943040632048
1867.0,1.209928512795985
1868.0,1.21012259259727
1869.0,1.209677175583525
1870.0,1.210134977142967
1871.0,1.2113706043535586
1872.0,1.2130250219553982
1873.0,1.2141039937874643
1874.0,1.2141088310662567
1875.0,1.2125430120344967
1876.0,1.210909313676945
1877.0,1.2086223455140412
1878.0,1.2051843826503177
1879.0,1.2030963936903407
1880.0,1.201578612317486
1881.0,1.1997640820537148
1882.0,1.1981676210208527
1883.0,1.1979791256444525
1884.0,1.195817495622974
1885.0,1.192466681383182
1886.0,1.1889610841842662
1887.0,1.1858534619489958
1888.0,1.1814794855605202
1889.0,1.1768558072433075
1890.0,1.1720090051888872
1891.0,1.1670577344834796
1892.0,1.1596565967497425
1893.0,1.1536950431653235
1894.0,1.1489372556460509
1895.0,1.1438551170497695
1896.0,1.1392552905367874
1897.0,1.1333062402744682
1898.0,1.1269440627092506
1899.0,1.1214853910599358
1900.0,1.1151177113258222
1901.0,1.1090200773821777
1902.0,1.1034554571575699
1903.0,1.0981602085513067
1904.0,1.0915971282376713
1905.0,1.0865062760411
1906.0,1.0816422821359941
1907.0,1.0755190740304876
1908.0,1.0706709410940063
1909.0,1.06626102647746
1910.0,1.0626235288129668
1911.0,1.0621555613299034
1912.0,1.062168290978016
1913.0,1.0615926921217187
1914.0,1.0615026624302624
1915.0,1.0609695235935528
1916.0,1.0591029066505695
1917.0,1.0571594066087653
1918.0,1.0555236007591737
1919.0,1.0552577965087186
1920.0,1.0555674639430976
1921.0,1.0563316053255967
1922.0,1.0573035053597655
1923.0,1.0585012484563856
1924.0,1.05944776077772
1925.0,1.0603702588998818
1926.0,1.061245034386825
1927.0,1.0622409992378357
1928.0,1.0623870270660338
1929.0,1.0624226580547427
1930.0,1.0633854292664229
1931.0,1.0650248129611888
1932.0,1.0659929478757986
1933.0,1.0676259993385027
1934.0,1.0697830799938988
1935.0,1.0715177857678757
1936.0,1.0728102383884102
1937.0,1.073923462272909
1938.0,1.0750785807372345
1939.0,1.0756329199736279
1940.0,1.0746163653110292
1941.0,1.0755064328570638
1942.0,1.0773789723437819
1943.0,1.0779067848976498
1944.0,1.0800144176584747
1945.0,1.0829242772292427
1946.0,1.0843738489814034
1947.0,1.0859267830799983
1948.0,1.0875680942169954
1949.0,1.089369578293309
1950.0,1.0898385129254726
1951.0,1.091693408169097
1952.0,1.0942558756365954
1953.0,1.095542316915778
1954.0,1.0978828639220966
1955.0,1.1000933917501152
1956.0,1.102007362673619
1957.0,1.1058956892403742
1958.0,1.1088609421031201
1959.0,1.110450925856186
1960.0,1.110655954059898
1961.0,1.1114125796414527
1962.0,1.110746498357301
1963.0,1.11159507699534
1964.0,1.113725419664958
1965.0,1.115517046649085
1966.0,1.1180695875157924
1967.0,1.120493923318476
1968.0,1.1220454953691954
1969.0,1.1246369981531086
1970.0,1.1264981607052624
1971.0,1.1266739543836526
1972.0,1.1276795039915748
1973.0,1.1283889288645832
1974.0,1.1293526193676706
1975.0,1.130639977192359
1976.0,1.132118523842545
1977.0,1.133139056290226
1978.0,1.1354660348681391
1979.0,1.1378155159933598
1980.0,1.1408567385972443
1981.0,1.1434766704863468
1982.0,1.1441142763951047
1983.0,1.143851715147309
1984.0,1.143793066169701
1985.0,1.14472411298768
1986.0,1.1465959958096548
1987.0,1.1481979547063097
1988.0,1.1505739130757302
1989.0,1.152383251473852
1990.0,1.1536539385576101
1991.0,1.1553624856238927
1992.0,1.1578088404071
1993.0,1.16056566907853
1994.0,1.1640134555928063
1995.0,1.1669365026618217
1996.0,1.1692400307406146
1997.0,1.1713435308872548
1998.0,1.172999784866984
1999.0,1.1733888979377995
2000.0,1.1747609491479467
2001.0,1.1762451862875978
2002.0,1.177921256068244
2003.0,1.1798226700288812
2004.0,1.1816420916585582
2005.0,1.1834940376454397
2006.0,1.1852952370308798
2007.0,1.1876542200078322
2008.0,1.1907285436133233
2009.0,1.1928277309671411
2010.0,1.1945221245536344
2011.0,1.1962983989800475
2012.0,1.1970873974568488
2013.0,1.1987539075232168
2014.0,1.2010340536265356
2015.0,1.2034935804895934
2016.0,1.2051257815409977
2017.0,1.2075966577116923
2018.0,1.209912193353216
2019.0,1.2123475504738803
2020.0,1.2146760844067863
2021.0,1.2168153802503674
2022.0,1.2190728990533468
2023.0,1.220952573364694
2024.0,1.2224148274555586
2025.0,1.22400564600978
2026.0,1.225308253578734
2027.0,1.2253912163988219
2028.0,1.2261011767665113
2029.0,1.2275851876484243
2030.0,1.227729820672096
2031.0,1.2289916653976565
2032.0,1.2314845795015705
2033.0,1.232388181744866
2034.0,1.2346584692434395
2035.0,1.2346977585222907
2036.0,1.2335658501035502
2037.0,1.2346033428413519
2038.0,1.2367839267321914
2039.0,1.2384952449296605
2040.0,1.2422512483081065
2041.0,1.2438071548971412
2042.0,1.2431071555089668
2043.0,1.243237992135272
2044.0,1.2427228395791068
2045.0,1.2430664540654084
2046.0,1.243757150335336
2047.0,1.2461405747103318
2048.0,1.2481325905706664
2049.0,1.2495914422967902
2050.0,1.2510093821482284
2051.0,1.2522340774148821
2052.0,1.2534542397121535
2053.0,1.25432666496967
2054.0,1.2556062954700695
2055.0,1.2574449027490273
2056.0,1.258740448676003
2057.0,1.2603876768352664
2058.0,1.2611371982305226
2059.0,1.260872972555644
2060.0,1.2604682382468917
2061.0,1.2611295912510851
2062.0,1.2615667969458646
2063.0,1.2644041720652535
2064.0,1.2680315923489984
2065.0,1.2695040084611826
2066.0,1.2722577176618386
2067.0,1.273868825356451
2068.0,1.2741982040959656
2069.0,1.2747404238176647
2070.0,1.2751221412490743
2071.0,1.275461864531249
2072.0,1.2746570335701635
2073.0,1.2749980124883227
2074.0,1.2764601579094506
2075.0,1.2772162628938482
2076.0,1.277566203568075
2077.0,1.2790846633061155
2078.0,1.2786439189929977
2079.0,1.279141468615848
2080.0,1.2804820636579843
2081.0,1.2814532277686779
2082.0,1.2824651866075643
2083.0,1.2836129979352613
2084.0,1.284550921493331
2085.0,1.2848126908754618
2086.0,1.2863270528761752
2087.0,1.2888877053797971
2088.0,1.29085741186657
2089.0,1.2933130544733145
2090.0,1.295727412822365
2091.0,1.296173063143992
2092.0,1.2964464494443715
2093.0,1.2977100177133818
2094.0,1.2960188033559044
2095.0,1.294684744968799
2096.0,1.2950295858707659
2097.0,1.2954386780164662
2098.0,1.296289038289862
2099.0,1.2971035762074792
2100.0,1.298725479217605
2101.0,1.2995253417916444
2102.0,1.2997656204005164
2103.0,1.3000325771408974
2104.0,1.2996283327421336
2105.0,1.3001958173990515
2106.0,1.3020878417305035
2107.0,1.301527114394267
2108.0,1.300861394960133
2109.0,1.3028643287521755
2110.0,1.3035731260015981
2111.0,1.304269205764651
2112.0,1.3065710005459434
2113.0,1.3084422283893669
2114.0,1.3088931472638592
2115.0,1.308127857627223
2116.0,1.3079699010072792
2117.0,1.3061274238006113
2118.0,1.3061590492521686
2119.0,1.3072439028532885
2120.0,1.3085326812513076
2121.0,1.310814459223449
2122.0,1.3130792553611073
2123.0,1.3163136036474772
2124.0,1.3181441313055293
2125.0,1.3194598450161366
2126.0,1.3212344658263997
2127.0,1.321222585680227
2128.0,1.3200295456452846
2129.0,1.3196516607392872
2130.0,1.3183682779640487
2131.0,1.316458995021161
2132.0,1.3161320935536176
2133.0,1.3151195672458988
2134.0,1.3134137967069417
2135.0,1.3124503857469985
2136.0,1.3114725659326705
2137.0,1.3112879891545244
2138.0,1.3120779204721074
2139.0,1.3131144633810954
2140.0,1.315113384922024
2141.0,1.315891084979325
2142.0,1.316500191985937
2143.0,1.3167949770901877
2144.0,1.315291170728991
2145.0,1.3153876101815045
2146.0,1.3160932225746054
2147.0,1.3157538778686104
2148.0,1.3166152884865174
2149.0,1.3176629011864798
2150.0,1.3182934588907034
2151.0,1.3181985264224383
2152.0,1.3175641119565662
2153.0,1.315823191521006
2154.0,1.315111953750274
2155.0,1.313679790489059
2156.0,1.3136915686984079
2157.0,1.3149899881857405
2158.0,1.3155474795692723
2159.0,1.3164808124813152
2160.0,1.3175429734017847
2161.0,1.3190767854309566
2162.0,1.3200020556241367
2163.0,1.3206798651789515
2164.0,1.3214528825459089
2165.0,1.3238731220559676
2166.0,1.32209538834991
2167.0,1.3201900822120352
2168.0,1.319147567530854
2169.0,1.3145833285187651
2170.0,1.3124157661677738
2171.0,1.3114206866575397
2172.0,1.312424790840452
2173.0,1.3120322131569735
2174.0,1.3119016621057022
2175.0,1.311726319578487
2176.0,1.3100422011933872
2177.0,1.310800157037656
2178.0,1.3135969923084185
2179.0,1.316118114568974
2180.0,1.3214696351748367
2181.0,1.3232214550408368
2182.0,1.3231414315915073
2183.0,1.3226419525038713
2184.0,1.319187851782958
2185.0,1.3169254457144188
2186.0,1.316925640075257
2187.0,1.3181051449088512
2188.0,1.3197171353178536
2189.0,1.3218753146264444
2190.0,1.3236813302226693
2191.0,1.3246337538559567
2192.0,1.3262793761837592
2193.0,1.3272120309267503
2194.0,1.3270473001383205
2195.0,1.3255418891256434
2196.0,1.3240456913409762
2197.0,1.321290513664847
2198.0,1.319756057843808
2199.0,1.3183658513220862
2200.0,1.317780156657147
2201.0,1.317379408429558
2202.0,1.3182302214851944
2203.0,1.3202089268066888
2204.0,1.3212842234279512
2205.0,1.323364028595653
2206.0,1.32528103723306
2207.0,1.3236704029602175
2208.0,1.3249122655646148
2209.0,1.3279381334502944
2210.0,1.3309733790040148
2211.0,1.3364892773689183
2212.0,1.3404780521829083
2213.0,1.3376514614998372
2214.0,1.3348724619503698
2215.0,1.3325921920384953
2216.0,1.3291003585482004
2217.0,1.3271841422427675
2218.0,1.3281009267412391
2219.0,1.327702357194565
2220.0,1.3257228465453856
2221.0,1.3258801350783802
2222.0,1.3277267924922664
2223.0,1.3289154858264398
2224.0,1.3316524012305961
2225.0,1.3317240586620176
2226.0,1.3304003138932605
2227.0,1.3298405729880283
2228.0,1.3271798831703272
2229.0,1.3266657452862392
2230.0,1.327093478010481
2231.0,1.3286487847347366
2232.0,1.3339108096255885
2233.0,1.3336643063042308
2234.0,1.3332509433009212
2235.0,1.3346285542337417
2236.0,1.3307185049111014
2237.0,1.3300503469035434
2238.0,1.3316932146191554
2239.0,1.331267099226551
2240.0,1.3309511729067702
2241.0,1.3311617383517242
2242.0,1.331640266892854
2243.0,1.3304796979807796
2244.0,1.3306637062480533
2245.0,1.3319788569335687
2246.0,1.333307281043977
2247.0,1.3357262622312633
2248.0,1.3374472233888253
2249.0,1.3386333943201925
2250.0,1.340330749759344
2251.0,1.3425727410136532
2252.0,1.3429231489426117
2253.0,1.3440712700703508
2254.0,1.3432159184586776
2255.0,1.3377013083719667
2256.0,1.336337157995821
2257.0,1.3363747486578605
2258.0,1.336144863714823
2259.0,1.338070017272802
2260.0,1.339321386217344
2261.0,1.3401687650817944
2262.0,1.3405986619227692
2263.0,1.3401497847531876
2264.0,1.3424740229310645
2265.0,1.3439064120312547
2266.0,1.3436304848740948
2267.0,1.346545224666816
2268.0,1.3444945406638118
2269.0,1.3429176289402656
2270.0,1.3446501941258349
2271.0,1.343450822196876
2272.0,1.3447594661085076
2273.0,1.3428381087710783
2274.0,1.3404615960525468
2275.0,1.3413964681445305
2276.0,1.3387320741672173
2277.0,1.3374374312432686
2278.0,1.3368627768973678
2279.0,1.3377339795474816
2280.0,1.3395176849065284
2281.0,1.3409535774990289
2282.0,1.3443339581657092
2283.0,1.3458925867260563
2284.0,1.3449850143772866
2285.0,1.3453690486151437
2286.0,1.3471417538778678
2287.0,1.3480915639355697
2288.0,1.3493535035081035
2289.0,1.3489288522076814
2290.0,1.3462232013567688
2291.0,1.345365389804963
2292.0,1.3436323095439806
2293.0,1.3430480042132125
2294.0,1.3457812775007456
2295.0,1.3463121360319477
2296.0,1.3478137898782878
2297.0,1.3437481377504175
2298.0,1.3419683087615253
2299.0,1.3387602305476891
2300.0,1.3312915615657723
2301.0,1.3310606834294085
2302.0,1.327304846029328
2303.0,1.3252699154686984
2304.0,1.3302604079489921
2305.0,1.3319612697397964
2306.0,1.3379775548866946
2307.0,1.3432151671758759
2308.0,1.3396777486952576
2309.0,1.338853416307641
2310.0,1.3359046701960982
2311.0,1.3323090718216726
2312.0,1.333837911389917
2313.0,1.3330637745047988
2314.0,1.333515712547817
2315.0,1.3325751626711857
2316.0,1.3329346811727574
2317.0,1.3372027941513025
2318.0,1.3371639950525838
2319.0,1.3367031789801012
2320.0,1.3387912455638302
2321.0,1.3419567461743145
2322.0,1.3430483897485526
2323.0,1.3463777833192747
2324.0,1.346943318537739
2325.0,1.344216178478649
2326.0,1.3415354828920707
2327.0,1.3393132630975502
2328.0,1.3340104811195932
2329.0,1.3223505319523083
2330.0,1.3189316681176213
2331.0,1.3179720458427735
2332.0,1.3178063981745658
2333.0,1.3259297098882454
2334.0,1.326782587720869
2335.0,1.3212134691698876
2336.0,1.3217515148520793
2337.0,1.3223811838343908
2338.0,1.3238931608391968
2339.0,1.3311605162670592
2340.0,1.3329204513429058
2341.0,1.331888540323237
2342.0,1.3321601285298503
2343.0,1.3313870183065535
2344.0,1.3300437652290822
2345.0,1.3252838372062101
2346.0,1.3242316062094022
2347.0,1.3246827314910405
2348.0,1.3250920407336473
2349.0,1.3285474618124502
2350.0,1.3347464114007495
2351.0,1.33419829890276
2352.0,1.3344340417006684
2353.0,1.33177990816405
2354.0,1.3277484574055938
2355.0,1.3243775923938437
2356.0,1.3156056164330419
2357.0,1.309819858450684
2358.0,1.3065820388463822
2359.0,1.3008901223811158
2360.0,1.3032706365631848
2361.0,1.3059855239753315
2362.0,1.3071460375555728
2363.0,1.3133181713389241
2364.0,1.309147090072266
2365.0,1.3039253754502382
2366.0,1.304510015556639
2367.0,1.3052679398317437
2368.0,1.3097325391324068
2369.0,1.3169604469873433
2370.0,1.3184712276091357
2371.0,1.3149484611013218
2372.0,1.3151335157143595
2373.0,1.3134351468809464
2374.0,1.3079756983500694
2375.0,1.3019942422133957
2376.0,1.301489917663744
2377.0,1.303281494309331
2378.0,1.3086945051376009
2379.0,1.3135940086625806
2380.0,1.3157044129534672
2381.0,1.3148020862242442
2382.0,1.3023419536018144
2383.0,1.2917242665866195
2384.0,1.2784652038710762
2385.0,1.2702878626500822
2386.0,1.2712771363102358
2387.0,1.268395398163431
2388.0,1.2768855126587328
2389.0,1.2794603271260212
2390.0,1.2736306119971048
2391.0,1.2854357372377023
2392.0,1.293023753437568
2393.0,1.2931000091568843
2394.0,1.2970975874053214
2395.0,1.291543842794723
2396.0,1.2804365666371553
2397.0,1.2786162524961306
2398.0,1.2736786507255196
2399.0,1.2646136001086257
2400.0,1.2607325365738473
2401.0,1.243518716492011
2402.0,1.237606159597338
2403.0,1.250412115417236
2404.0,1.2474566950646984
2405.0,1.251475133879346
2406.0,1.265089675158321
2407.0,1.2604064504385968
2408.0,1.2595195213121446
2409.0,1.2732933436622142
2410.0,1.2729844103678554
2411.0,1.268616600590396
2412.0,1.2809205492925584
2413.0,1.2820168516636585
2414.0,1.2770868062690317
2415.0,1.2726823960744524
2416.0,1.251243283458198
2417.0,1.24068776060909
2418.0,1.2394436519137748
2419.0,1.250333225649465
2420.0,1.2751267541134133
2421.0,1.2737964402865463
2422.0,1.2614872841727032
2423.0,1.249360620409719
2424.0,1.2299777964911434
2425.0,1.2267857508581603
2426.0,1.226821553273907
2427.0,1.2096610539468466
2428.0,1.199336941093709
2429.0,1.1926145556791454
2430.0,1.1861792795851933
2431.0,1.18282310354241
2432.0,1.1770020374150003
2433.0,1.1844483714697753
2434.0,1.1984450541900395
2435.0,1.2249681202953269
2436.0,1.2528043232370443
2437.0,1.2526360049220124
2438.0,1.2536344590482569
2439.0,1.2405118613376052
2440.0,1.2300088549875405
2441.0,1.238274635191461
2442.0,1.231105112227228
2443.0,1.2296837971939611
2444.0,1.2199205305257461
2445.0,1.1994637228604839
2446.0,1.1797144924519987
2447.0,1.1645687237089053
2448.0,1.1642325924639816
2449.0,1.1706949590210403
2450.0,1.1662139160632774
2451.0,1.1570656805760275
2452.0,1.146860884348917
2453.0,1.1361744891829302
2454.0,1.144527910252751
2455.0,1.1444271742847678
2456.0,1.1376071625055282
2457.0,1.1361290453780373
2458.0,1.1270475576250882
2459.0,1.1208168189461387
2460.0,1.1319400053070416
2461.0,1.1406120519826914
2462.0,1.1243258285346918
2463.0,1.1050626979022753
2464.0,1.0848476060151486
2465.0,1.0625711277901813
2466.0,1.0701907278809097
2467.0,1.0992159299524054
2468.0,1.1369851568812694
2469.0,1.1835570728103053
2470.0,1.191181856550147
2471.0,1.1735435585614293
2472.0,1.1668916333598607
2473.0,1.1470206133304077
2474.0,1.137794570688234
2475.0,1.1476227607472642
2476.0,1.14131700931256
2477.0,1.1091030928886434
2478.0,1.0988464413699424
2479.0,1.0931244130885491
2480.0,1.0967480369578906
2481.0,1.1301013246411333
2482.0,1.1425266739886106
2483.0,1.149980507394635
2484.0,1.1556620289031176
2485.0,1.152390836174195
2486.0,1.1462354017579495
2487.0,1.1137466864429568
2488.0,1.1178092019482702
2489.0,1.1559932907051869
2490.0,1.1661933929006882
2491.0,1.2043637794065143
2492.0,1.200266729924361
2493.0,1.1406666829567993
2494.0,1.1168513472667068
2495.0,1.091333128603233
2496.0,1.0773362339291237
2497.0,1.0744775903219248
2498.0,1.0652247989040724
2499.0,1.0599658211065917
2500.0,1.0707179027292701
