350.0,-0.18977891648479883
351.0,-0.1167795153960192
352.0,-0.07306327638279887
353.0,-0.04952627985510658
354.0,-0.037860149634978836
355.0,-0.03243265263866989
356.0,-0.03280443479038999
357.0,-0.05162648033341147
358.0,-0.01877208072037734
359.0,0.018049755120420313
360.0,0.015558190091736033
361.0,0.0367941575205261
362.0,0.02215960472461194
363.0,0.0014255054823851556
364.0,0.030495668754365435
365.0,0.014815217152539313
366.0,0.011119445711666797
367.0,0.01777568772719637
368.0,-0.010096378083927094
369.0,-0.007789032859080672
370.0,-0.009723127346133393
371.0,-0.014962510925097683
372.0,0.02619880254424728
373.0,0.030612527995043323
374.0,0.021987637692435103
375.0,0.02178615319557748
376.0,0.014342248618300423
377.0,0.007254210021309555
378.0,0.004208772899272285
379.0,0.006701077170695688
380.0,0.013836856987475023
381.0,0.03406343694396344
382.0,0.050073345703228606
383.0,0.0433193044162612
384.0,0.02412628890594135
385.0,0.009627301742037485
386.0,0.006612207793961009
387.0,0.013418059326493906
388.0,0.02503157304513
389.0,0.02845696661848496
390.0,0.02519922676747395
391.0,0.028539980123084643
392.0,0.027573021587841657
393.0,0.020620420758394615
394.0,0.01402148124891318
395.0,0.022607499875013353
396.0,0.02326857450613623
397.0,0.02561051590052776
398.0,0.035168509534922426
399.0,0.030134191847726022
400.0,0.021826990041243863
401.0,0.017595494793694298
402.0,0.02143321322928532
403.0,0.03126548339210499
404.0,0.031417299333403745
405.0,0.024259487831815914
406.0,0.021940743168314944
407.0,0.025868426184478845
408.0,0.030664263060228365
409.0,0.03148242776311422
410.0,0.025717135190461423
411.0,0.02964572474584388
412.0,0.03628563543646048
413.0,0.03819201477990402
414.0,0.03367826395737732
415.0,0.029703787508580822
416.0,0.029582547774106908
417.0,0.03362648411849229
418.0,0.03831211540308114
419.0,0.03690895406270866
420.0,0.03407859175381167
421.0,0.036784938353126295
422.0,0.033663407275821455
423.0,0.03231652858865484
424.0,0.034444609847047884
425.0,0.03585294516912569
426.0,0.035023263883304005
427.0,0.03607331960766424
428.0,0.03935728501478811
429.0,0.03839519504033725
430.0,0.03768795286263766
431.0,0.03798904066845838
432.0,0.03865959061387647
433.0,0.0378486147644223
434.0,0.03780495310666526
435.0,0.03766545443991832
436.0,0.03604445957397341
437.0,0.03744958061142184
438.0,0.038325434743564354
439.0,0.03777096129003065
440.0,0.03778181102197472
441.0,0.03866263158425339
442.0,0.03901613997587386
443.0,0.038382044409736256
444.0,0.03841596770567238
445.0,0.03898339635753621
446.0,0.039126324770162674
447.0,0.0381661325261133
448.0,0.03729809739414581
449.0,0.03680174869639329
450.0,0.0369205556958523
451.0,0.03765512176598558
452.0,0.037579326895768
453.0,0.03766866781645464
454.0,0.03828553035284899
455.0,0.03874234634253552
456.0,0.03811307691956713
457.0,0.037441656560779434
458.0,0.03769330752234246
459.0,0.03868862058015235
460.0,0.0383519004738409
461.0,0.037578039921555444
462.0,0.03810092597245223
463.0,0.039097950034995776
464.0,0.03885408220830834
465.0,0.03780850519868086
466.0,0.03814313484860868
467.0,0.03845671882529478
468.0,0.03853982275910172
469.0,0.03854128782884698
470.0,0.03893581526730174
471.0,0.03935347744358219
472.0,0.039639772153760036
473.0,0.039644308201749016
474.0,0.038892490374799776
475.0,0.038338397968365086
476.0,0.03874280248223116
477.0,0.04030153837744932
478.0,0.03985389666052663
479.0,0.03975229526618644
480.0,0.04047347700249785
481.0,0.0387624529630214
482.0,0.03854069090342408
483.0,0.038791133016702284
484.0,0.038198830037451635
485.0,0.03889819912880823
486.0,0.0399360652652442
487.0,0.04031818519435316
488.0,0.03941281780209515
489.0,0.03922179075279345
490.0,0.03955429096687431
491.0,0.03990354490386923
492.0,0.03970111541109619
493.0,0.040043803925832275
494.0,0.03969801891486462
495.0,0.0382990432225346
496.0,0.03960212575222907
497.0,0.040454035576756996
498.0,0.04050185754364349
499.0,0.04065861078939609
500.0,0.04016822850133716
501.0,0.040411002645045976
502.0,0.041243693341055064
503.0,0.04065690905256365
504.0,0.040693295999295886
505.0,0.04088792440041532
506.0,0.0407193090521296
507.0,0.041085138034984994
508.0,0.041053858290417605
509.0,0.04088884398756641
510.0,0.041261267017303
511.0,0.041547229552930734
512.0,0.041652333648741185
513.0,0.04150838441278301
514.0,0.041041645083324
515.0,0.04126496663849079
516.0,0.041573428051874514
517.0,0.041356483610205545
518.0,0.040939045339296654
519.0,0.041046137461003565
520.0,0.04140926760367947
521.0,0.041405543596692074
522.0,0.041734911055160424
523.0,0.04217439706599726
524.0,0.042352605541352895
525.0,0.04183842162788383
526.0,0.04192520242964778
527.0,0.04221982157544551
528.0,0.04219401689068093
529.0,0.0421485127160158
530.0,0.0423572619097242
531.0,0.042512158125151134
532.0,0.04214651148261403
533.0,0.04224862319305868
534.0,0.042333921090734285
535.0,0.042222546994206
536.0,0.042351145316841275
537.0,0.04291063651453
538.0,0.04334111147499882
539.0,0.04321991832999799
540.0,0.04328469583089751
541.0,0.04339001731214661
542.0,0.043543405286196865
543.0,0.04379057301753352
544.0,0.04351679501994946
545.0,0.043244837075986815
546.0,0.043323461482653584
547.0,0.04359637399090225
548.0,0.04363853898927928
549.0,0.04375573286269382
550.0,0.04419631427288882
551.0,0.04392848322661712
552.0,0.04361034213473232
553.0,0.04350822120969064
554.0,0.04353962028749842
555.0,0.044047409843365415
556.0,0.044647474980252934
557.0,0.04497415771984174
558.0,0.04490676664013599
559.0,0.044837564002957256
560.0,0.04471910288476505
561.0,0.044438948869725305
562.0,0.04447277703653479
563.0,0.04478063597127234
564.0,0.04517308208868745
565.0,0.04535498989419518
566.0,0.04531374630236501
567.0,0.045280990592015936
568.0,0.04538573657250957
569.0,0.04528308790764727
570.0,0.045566546085859236
571.0,0.045937233474762904
572.0,0.04581683829848942
573.0,0.04625554105233899
574.0,0.046612399680406515
575.0,0.04648464302427241
576.0,0.04601623260344434
577.0,0.046140268975717456
578.0,0.04645213189532964
579.0,0.046457843727351344
580.0,0.04689538107130233
581.0,0.04697461940551835
582.0,0.04671006645321854
583.0,0.0466777695955051
584.0,0.04676317321220002
585.0,0.04710682196372909
586.0,0.04759305269840151
587.0,0.04755940147733966
588.0,0.04780455641610609
589.0,0.048035661213965714
590.0,0.047787858274891994
591.0,0.04764228121349213
592.0,0.04793138404956034
593.0,0.048460718937237995
594.0,0.04856317788228208
595.0,0.04852905763983371
596.0,0.04848904589938555
597.0,0.048533641152099925
598.0,0.04871637857214421
599.0,0.04895158796360742
600.0,0.049195539302025616
601.0,0.049425617570505245
602.0,0.049623838256797115
603.0,0.04982990472381422
604.0,0.04993909091538805
605.0,0.049629805018123835
606.0,0.049918495580699246
607.0,0.05034069376251521
608.0,0.05033135249492441
609.0,0.05061757847706409
610.0,0.05074786285243783
611.0,0.05085067433514011
612.0,0.051380991989196406
613.0,0.05115287915303166
614.0,0.05091860704237019
615.0,0.05117845095155177
616.0,0.05132794494402873
617.0,0.05165297798534946
618.0,0.05203019369055729
619.0,0.05222367907062686
620.0,0.052181213814081834
621.0,0.052337933455753716
622.0,0.052729351325367865
623.0,0.0529411148574802
624.0,0.053008368077625316
625.0,0.05302842618475052
626.0,0.05311201312803096
627.0,0.053350313232518196
628.0,0.05354951131760194
629.0,0.05377869063924124
630.0,0.05419178490057762
631.0,0.054306867291584834
632.0,0.05441710279494737
633.0,0.05467035459248246
634.0,0.05485721008884904
635.0,0.05481063516965473
636.0,0.05476496213004096
637.0,0.05500079199949406
638.0,0.05541633177304024
639.0,0.05579608678659996
640.0,0.05598394646595051
641.0,0.05592835356916083
642.0,0.05625974220069035
643.0,0.056646205221398085
644.0,0.05681076922324601
645.0,0.05700330981917771
646.0,0.0572148511797481
647.0,0.05742664938417843
648.0,0.057586161073004176
649.0,0.057484277843225164
650.0,0.05765923981965604
651.0,0.05815475916177993
652.0,0.05836444244143214
653.0,0.058767658031865684
654.0,0.05916882652120895
655.0,0.05932544283142886
656.0,0.05935437307876301
657.0,0.05945108338535908
658.0,0.05971219799195983
659.0,0.06011982259265192
660.0,0.06027574439481069
661.0,0.060568814230344103
662.0,0.061081183365268014
663.0,0.06117631273854175
664.0,0.061257391926434285
665.0,0.0614485753381798
666.0,0.06174845089316868
667.0,0.0619827622922345
668.0,0.06226603275588003
669.0,0.06268082092747251
670.0,0.06324273907657342
671.0,0.0635012025802458
672.0,0.06354142499257244
673.0,0.06359436716565119
674.0,0.06398835816380705
675.0,0.06430575070029655
676.0,0.06455393986067832
677.0,0.06489985831675185
678.0,0.06515628829689665
679.0,0.06545186188719733
680.0,0.06576497724117024
681.0,0.06585458481393094
682.0,0.06619650016907466
683.0,0.06661203336097365
684.0,0.06685759829676506
685.0,0.06706687125499752
686.0,0.06734206723036856
687.0,0.0676464705191976
688.0,0.06787819363204899
689.0,0.06835043926343383
690.0,0.06858087368382623
691.0,0.06849033410322852
692.0,0.0688934417545867
693.0,0.06930521566534778
694.0,0.06959410829805929
695.0,0.06981398464000137
696.0,0.07035930258131827
697.0,0.07084280347954547
698.0,0.07108846712015314
699.0,0.07116919023618413
700.0,0.07153489307221896
701.0,0.0719878203740084
702.0,0.0723614311154966
703.0,0.07289711131701423
704.0,0.07325264011285881
705.0,0.07345747637565289
706.0,0.07370419299402768
707.0,0.07409517968029221
708.0,0.07447972836666913
709.0,0.07480081455998357
710.0,0.07513418609018936
711.0,0.07562964921283138
712.0,0.07615472996946483
713.0,0.07656051489716585
714.0,0.07687377563834973
715.0,0.0770621586531357
716.0,0.07729353309582186
717.0,0.07779529966134048
718.0,0.07831415601110174
719.0,0.07872943348699686
720.0,0.07905323452833514
721.0,0.07946782134540517
722.0,0.07985661320067122
723.0,0.0802420267093992
724.0,0.08065337849718851
725.0,0.08098907336275442
726.0,0.08150805113137637
727.0,0.08202399817635786
728.0,0.08211073425893645
729.0,0.08235672602266407
730.0,0.08293146639492541
731.0,0.08367641540504178
732.0,0.08395556746666502
733.0,0.08427535368697414
734.0,0.0847834440156379
735.0,0.08542695853474885
736.0,0.08583898701847942
737.0,0.0860886610030025
738.0,0.08639336818700931
739.0,0.08702843718797161
740.0,0.0874996226492683
741.0,0.0879406565933897
742.0,0.0884530863327178
743.0,0.08884520953150754
744.0,0.0891951358983743
745.0,0.08960365154436375
746.0,0.09014477194133916
747.0,0.09072976775967909
748.0,0.09111249308805275
749.0,0.0913789612880961
750.0,0.09191639889993318
751.0,0.09271428836708948
752.0,0.09331655191549149
753.0,0.09355832698018052
754.0,0.09413070989483543
755.0,0.09462542218635873
756.0,0.09503334987527416
757.0,0.0954887764760665
758.0,0.09606118745993215
759.0,0.09671663924715508
760.0,0.09729393695817597
761.0,0.09755511680737346
762.0,0.09800895666037315
763.0,0.09855229847004132
764.0,0.09904871516066682
765.0,0.09956631577053153
766.0,0.10017530901728314
767.0,0.10076780217520082
768.0,0.10120975315375422
769.0,0.10167417447945268
770.0,0.10217838996988086
771.0,0.10272197998487557
772.0,0.10329552309943203
773.0,0.10386866106444131
774.0,0.10444538819893552
775.0,0.10502425556110863
776.0,0.10558678615950211
777.0,0.10600581317840707
778.0,0.10649024171595524
779.0,0.10723418117401619
780.0,0.10763605125307897
781.0,0.10816488596491841
782.0,0.10880867909275292
783.0,0.10913534002185872
784.0,0.10985598773199275
785.0,0.11065933371339463
786.0,0.11127640515569384
787.0,0.11186140377216605
788.0,0.11251271154747726
789.0,0.11317700183172408
790.0,0.11374990363133632
791.0,0.11415566860432659
792.0,0.1146937973138652
793.0,0.11541698208473675
794.0,0.1161631584682685
795.0,0.11676136100133777
796.0,0.1174096302729806
797.0,0.1181430887357839
798.0,0.118634827974496
799.0,0.11925380750481214
800.0,0.11994289808946319
801.0,0.12057685228476506
802.0,0.12125298968949128
803.0,0.12192534339723612
804.0,0.12255407237204202
805.0,0.12311196827918944
806.0,0.12359147531535895
807.0,0.12418314843061265
808.0,0.1249373584719922
809.0,0.12570911147416644
810.0,0.12632902300353713
811.0,0.126863119795062
812.0,0.12743456489735677
813.0,0.12816666887403322
814.0,0.12878304063453494
815.0,0.12934647313617223
816.0,0.1300304428107175
817.0,0.13074615947375245
818.0,0.13152246222593927
819.0,0.13223891981390026
820.0,0.13269450904969254
821.0,0.13347942140902405
822.0,0.13444997541301748
823.0,0.13532967181932049
824.0,0.13582629561900553
825.0,0.13659826192203797
826.0,0.13742081395837413
827.0,0.13797964906520893
828.0,0.13863444072826467
829.0,0.13945823346712025
830.0,0.14034078476623413
831.0,0.1410853258442354
832.0,0.14168301712292902
833.0,0.14233272739944747
834.0,0.1430689151807306
835.0,0.14373344235924793
836.0,0.14451326889198382
837.0,0.14531283016107496
838.0,0.14607055164450475
839.0,0.1469239571596139
840.0,0.14769799214779408
841.0,0.14841020067312935
842.0,0.1491138163651152
843.0,0.14969925842862766
844.0,0.15058395975643352
845.0,0.1515883180995099
846.0,0.1522737230272334
847.0,0.15325197963189463
848.0,0.15410651169593867
849.0,0.15473841063401222
850.0,0.155501229991981
851.0,0.15626452179540057
852.0,0.15723689027655227
853.0,0.15837184631927587
854.0,0.15900136477308024
855.0,0.15983629625965243
856.0,0.16063686265087465
857.0,0.1611304308513317
858.0,0.16202882981779235
859.0,0.1628686225250148
860.0,0.163724211657355
861.0,0.1648366724031007
862.0,0.1655884697927561
863.0,0.1663475947407527
864.0,0.16718682350392422
865.0,0.16787913891946615
866.0,0.16892601407961125
867.0,0.16988690653921648
868.0,0.17059911451813561
869.0,0.17153551861845237
870.0,0.1723413253154081
871.0,0.17322584353874418
872.0,0.17430692285363014
873.0,0.1751087706842481
874.0,0.17587190543744885
875.0,0.17660550795239413
876.0,0.17731677589702877
877.0,0.1783674623585185
878.0,0.17934458614862633
879.0,0.18017373328545133
880.0,0.18101762849081274
881.0,0.18193519591882956
882.0,0.18290705257863699
883.0,0.18388049900229128
884.0,0.1847779204110386
885.0,0.1855466267330792
886.0,0.18643944847792626
887.0,0.1874892119185949
888.0,0.18834616759809975
889.0,0.18923527897308415
890.0,0.19034182293119617
891.0,0.19158787133949928
892.0,0.19229399496311372
893.0,0.1932027091804328
894.0,0.19422872366220192
895.0,0.19508413420432158
896.0,0.19578277209946074
897.0,0.19675165981323867
898.0,0.19793381151561232
899.0,0.19903808151069485
900.0,0.19996183940760293
901.0,0.20091282411700498
902.0,0.20186191589643745
903.0,0.202617969016557
904.0,0.2031528406579096
905.0,0.20413787753135457
906.0,0.20547170544997712
907.0,0.20629088856100533
908.0,0.2072112869444696
909.0,0.208345355576356
910.0,0.20940260737091107
911.0,0.20971522204524262
912.0,0.2106473471790319
913.0,0.2119584164833298
914.0,0.21321632306924865
915.0,0.21434728421937244
916.0,0.21542297560525903
917.0,0.2164371602079455
918.0,0.21735209559988591
919.0,0.21807781429828804
920.0,0.21901927350987127
921.0,0.22029809088175192
922.0,0.22172655940663605
923.0,0.22251500505220964
924.0,0.22322951288421183
925.0,0.22404216285049244
926.0,0.22495899279496062
927.0,0.22610311650917864
928.0,0.2274756575668927
929.0,0.22859476128756046
930.0,0.22904822892765733
931.0,0.23029666419098144
932.0,0.23165871939694202
933.0,0.232580524882994
934.0,0.23300617859856196
935.0,0.23482967501176888
936.0,0.23637085802479949
937.0,0.23716965894664208
938.0,0.23811347166145327
939.0,0.23905337848387348
940.0,0.24000931612874668
941.0,0.24101139892164086
942.0,0.24211734511379998
943.0,0.24377482345970836
944.0,0.24489345473709842
945.0,0.24547535494676015
946.0,0.24694440758865333
947.0,0.24749926371288364
948.0,0.2484527991759889
949.0,0.2501784585402712
950.0,0.25111049194182256
951.0,0.25226503619999485
952.0,0.25324379381826306
953.0,0.25378754557580446
954.0,0.25427243194907956
955.0,0.25551989875380543
956.0,0.2572352106223216
957.0,0.2588187134302428
958.0,0.25968600087920674
959.0,0.26051289066253386
960.0,0.2613667513772567
961.0,0.26247912504509224
962.0,0.26459364656338935
963.0,0.26609896726518456
964.0,0.26712153057574345
965.0,0.26803548805394434
966.0,0.26879191619607223
967.0,0.26977481773063755
968.0,0.270823250404207
969.0,0.2718653208723717
970.0,0.2732697201304456
971.0,0.2753439346792237
972.0,0.27718138016234783
973.0,0.278007033975108
974.0,0.2779421019687663
975.0,0.2786900400794527
976.0,0.27937181288558743
977.0,0.2797872578806687
978.0,0.28223063818413135
979.0,0.28412785493089615
980.0,0.28505330472270896
981.0,0.2855879295340939
982.0,0.28699811613798965
983.0,0.2882491764676899
984.0,0.28942154724708374
985.0,0.29079745888536007
986.0,0.2925067263324546
987.0,0.29330394255561154
988.0,0.2939693814183409
989.0,0.2949562947125456
990.0,0.2955332743533081
991.0,0.2965303716444109
992.0,0.2982248959107303
993.0,0.3003090775518102
994.0,0.3019468327453442
995.0,0.3034281690873528
996.0,0.30370489142805884
997.0,0.3037293615281075
998.0,0.3065180043591113
999.0,0.3088395818197748
1000.0,0.3097241481178738
1001.0,0.32025078839711685
1002.0,0.3185310587164074
1003.0,0.31955569510817644
1004.0,0.3206377311019115
1005.0,0.3226833730978869
1006.0,0.32525563891814757
1007.0,0.32740519991570743
1008.0,0.3285842937800385
1009.0,0.3261283438355857
1010.0,0.3253364156402483
1011.0,0.3270878811402
1012.0,0.32867563337841293
1013.0,0.3316278819730336
1014.0,0.3338008382934434
1015.0,0.33643778845779304
1016.0,0.33765534354861537
1017.0,0.3379863546050223
1018.0,0.3381906730148783
1019.0,0.3374404132085737
1020.0,0.33725519887246486
1021.0,0.33799055743897927
1022.0,0.3388651832002482
1023.0,0.3411793801872907
1024.0,0.344115734704737
1025.0,0.34467494463671133
1026.0,0.34560584630343827
1027.0,0.3489524591522888
1028.0,0.34972433977886863
1029.0,0.35051880247140005
1030.0,0.35168682033082604
1031.0,0.3528957710307714
1032.0,0.351954182861384
1033.0,0.3540484528138997
1034.0,0.3571860680544783
1035.0,0.3599267058812077
1036.0,0.3624651814066271
1037.0,0.3633134640621376
1038.0,0.3639600125950072
1039.0,0.3634579540197392
1040.0,0.3632318088498084
1041.0,0.3652724468643374
1042.0,0.36700263651732756
1043.0,0.368285884327851
1044.0,0.37001779235291604
1045.0,0.37238745637449777
1046.0,0.37417083444618143
1047.0,0.3757518913201115
1048.0,0.37779093005136927
1049.0,0.37939101018146487
1050.0,0.37937093421914775
1051.0,0.37830844334477587
1052.0,0.37899565890115317
1053.0,0.3828539350261282
1054.0,0.38651630744237886
1055.0,0.38845008741144976
1056.0,0.3891402875742204
1057.0,0.3887314304452013
1058.0,0.38634711240955344
1059.0,0.38619821289663697
1060.0,0.3880317296863342
1061.0,0.3904295634320836
1062.0,0.3933917750012249
1063.0,0.39526931169075374
1064.0,0.3976181821447442
1065.0,0.4014002296547764
1066.0,0.4046798807990136
1067.0,0.40549021182244593
1068.0,0.4058321551771454
1069.0,0.4065960405289111
1070.0,0.4063238470550289
1071.0,0.4070957252369384
1072.0,0.4089499483690147
1073.0,0.41089251467541593
1074.0,0.4112659490155808
1075.0,0.4129601824670837
1076.0,0.41521432255583096
1077.0,0.41603186112299767
1078.0,0.41758609849582096
1079.0,0.42055306686210575
1080.0,0.42214374024845225
1081.0,0.4240007210255486
1082.0,0.42710690637665794
1083.0,0.42923536136607504
1084.0,0.43066735139994394
1085.0,0.4314814187272487
1086.0,0.432508078580162
1087.0,0.4329966702900277
1088.0,0.4335220978564684
1089.0,0.43463584708259845
1090.0,0.43652907296340143
1091.0,0.43707727063984997
1092.0,0.43745229731796903
1093.0,0.438737553383266
1094.0,0.4399457497633532
1095.0,0.4417373185786773
1096.0,0.44345822691753106
1097.0,0.4449821103916206
1098.0,0.44588053670333894
1099.0,0.4470784843662075
1100.0,0.4486321998689478
1101.0,0.45034149647098753
1102.0,0.451916611779356
1103.0,0.45367948486992815
1104.0,0.4557980237337008
1105.0,0.45747046958647825
1106.0,0.45919357320666526
1107.0,0.460418199939859
1108.0,0.4616152300834109
1109.0,0.4627589692353469
1110.0,0.4632833186322167
1111.0,0.46458441229467484
1112.0,0.4662624555855084
1113.0,0.46831092005087066
1114.0,0.4703340925057408
1115.0,0.47321792242970495
1116.0,0.4751192776365416
1117.0,0.4766231224322963
1118.0,0.4781375539596484
1119.0,0.479224144239163
1120.0,0.4803516861990937
1121.0,0.48166704216969286
1122.0,0.4830022941080802
1123.0,0.4838883524895289
1124.0,0.48486526653230405
1125.0,0.4865334363934028
1126.0,0.48800357398613237
1127.0,0.4895344674044514
1128.0,0.4916847742467522
1129.0,0.49314638822643697
1130.0,0.4940859858095676
1131.0,0.4952764865334118
1132.0,0.49617397934469376
1133.0,0.4974210176635891
1134.0,0.49893905860961113
1135.0,0.5003481370369093
1136.0,0.5014857900035758
1137.0,0.5033103401659859
1138.0,0.5046697937196438
1139.0,0.5056172361935541
1140.0,0.5072871183141571
1141.0,0.5085904478707135
1142.0,0.5098047826955313
1143.0,0.5107476509006701
1144.0,0.5123545437675733
1145.0,0.514111098424034
1146.0,0.5158235620691851
1147.0,0.5181036220143231
1148.0,0.519930392308163
1149.0,0.5212191602054184
1150.0,0.5230130433551706
1151.0,0.5251656625597186
1152.0,0.5269812318440613
1153.0,0.5282412462715443
1154.0,0.5292192751104923
1155.0,0.5300420646117675
1156.0,0.5309308717112061
1157.0,0.5322186716439913
1158.0,0.5340600107236646
1159.0,0.5357670105671014
1160.0,0.5376841218009322
1161.0,0.539394237950523
1162.0,0.5414299341411514
1163.0,0.5429337592075979
1164.0,0.543871144554213
1165.0,0.5450115384013359
1166.0,0.5461090571196369
1167.0,0.5468095141493887
1168.0,0.5480095097810217
1169.0,0.5496404950371397
1170.0,0.5513875450153932
1171.0,0.5536821140464272
1172.0,0.555690692875241
1173.0,0.5579014409937749
1174.0,0.5596353078388812
1175.0,0.5612599477291786
1176.0,0.5626122699254458
1177.0,0.5633864810515103
1178.0,0.5648431203779021
1179.0,0.5664405505389997
1180.0,0.567903218323411
1181.0,0.5697082626623035
1182.0,0.5713847984947428
1183.0,0.5725416461833179
1184.0,0.5737271084992548
1185.0,0.575517667556894
1186.0,0.5770985474427056
1187.0,0.5785488221496942
1188.0,0.5800810764185267
1189.0,0.5815794169365025
1190.0,0.5828930017911214
1191.0,0.5842100806769607
1192.0,0.5854640603525774
1193.0,0.5868996116462928
1194.0,0.588075248509524
1195.0,0.5897079849707468
1196.0,0.5920567037463493
1197.0,0.5940235331553197
1198.0,0.5961640229362706
1199.0,0.59795823319916
1200.0,0.5992031426578017
1201.0,0.6001815741226834
1202.0,0.6018680865785077
1203.0,0.6037465383562692
1204.0,0.6053421579140177
1205.0,0.6074979626011526
1206.0,0.6089478296451702
1207.0,0.6094181585235834
1208.0,0.6106021313543368
1209.0,0.6118725594243155
1210.0,0.6133479775195243
1211.0,0.6154542778901074
1212.0,0.6170411385179683
1213.0,0.61844163822691
1214.0,0.619900658208375
1215.0,0.6210050001064195
1216.0,0.6223053972110697
1217.0,0.6241088180284342
1218.0,0.6252105830305393
1219.0,0.6264373726893246
1220.0,0.6275257914041672
1221.0,0.6287377587050402
1222.0,0.6298365583117245
1223.0,0.631163842242266
1224.0,0.6325570111611674
1225.0,0.6341487616726301
1226.0,0.6361093698264654
1227.0,0.6376561385758538
1228.0,0.6389439118084786
1229.0,0.6406081512392533
1230.0,0.6420776627577746
1231.0,0.6439067389545868
1232.0,0.646339167299529
1233.0,0.648759275705698
1234.0,0.650878642340946
1235.0,0.6526183352532801
1236.0,0.6541367712906992
1237.0,0.6550961508944901
1238.0,0.6566772109432291
1239.0,0.6582063696018733
1240.0,0.659952751988705
1241.0,0.6620144308797044
1242.0,0.6640821956239458
1243.0,0.6666298579832822
1244.0,0.6683952051462477
1245.0,0.6699288589091216
1246.0,0.6714121081999803
1247.0,0.6721248520305297
1248.0,0.6732001149781823
1249.0,0.6745875014144063
1250.0,0.6758913599213503
1251.0,0.6770298813291594
1252.0,0.6783927531624895
1253.0,0.6797686806486979
1254.0,0.6810841938277258
1255.0,0.6827759731059774
1256.0,0.6848507528248529
1257.0,0.6865506455416783
1258.0,0.6883587017932602
1259.0,0.6900724346722352
1260.0,0.6913886003086182
1261.0,0.6930275949580553
1262.0,0.6950962385968774
1263.0,0.6967502118639015
1264.0,0.6983566450999302
1265.0,0.6998028937910283
1266.0,0.7011069924956789
1267.0,0.7021447343644497
1268.0,0.7028892025638004
1269.0,0.7034832356804543
1270.0,0.7045995099784311
1271.0,0.705457600138784
1272.0,0.7071690651119336
1273.0,0.709928057684653
1274.0,0.7117188118614898
1275.0,0.7135901006783179
1276.0,0.7151135982868857
1277.0,0.7160667908685311
1278.0,0.7172104752417751
1279.0,0.7182711087037241
1280.0,0.7194549840966776
1281.0,0.7203900703185208
1282.0,0.721743854235653
1283.0,0.7235038817822924
1284.0,0.7251421835301248
1285.0,0.7270225718310998
1286.0,0.728777847858784
1287.0,0.7308447682249375
1288.0,0.7321239667881446
1289.0,0.7335748310983523
1290.0,0.7349084384314044
1291.0,0.736281621682121
1292.0,0.7375207172672787
1293.0,0.738751706764652
1294.0,0.7400778965816743
1295.0,0.741198704670344
1296.0,0.7418063841066358
1297.0,0.7431230511691913
1298.0,0.7447064765624521
1299.0,0.7463278467993686
1300.0,0.7483010510058198
1301.0,0.7503327725403575
1302.0,0.7526018076763907
1303.0,0.7545621379058371
1304.0,0.7567123556876031
1305.0,0.7585746440073871
1306.0,0.7602012059645472
1307.0,0.7612953023989766
1308.0,0.7629209361721776
1309.0,0.7648184740341477
1310.0,0.7661248372333385
1311.0,0.7672437414764859
1312.0,0.7685513054481001
1313.0,0.7693527898724798
1314.0,0.7707516036079207
1315.0,0.7727467032505341
1316.0,0.7744125563225879
1317.0,0.7762014495392812
1318.0,0.7777264899716592
1319.0,0.7789698523622411
1320.0,0.780442700658844
1321.0,0.7819416266785442
1322.0,0.7833360012963411
1323.0,0.7845293382950822
1324.0,0.7861426358885537
1325.0,0.7880153582173999
1326.0,0.7897055004693402
1327.0,0.7914685439574831
1328.0,0.7937791547980173
1329.0,0.7952626908512628
1330.0,0.7961068724013411
1331.0,0.7974426035451632
1332.0,0.7985709541616349
1333.0,0.800125405696003
1334.0,0.8022822138513503
1335.0,0.8037953758002258
1336.0,0.8051446948870615
1337.0,0.8065369959590829
1338.0,0.807422922408589
1339.0,0.8088148833101436
1340.0,0.8109253661932455
1341.0,0.8123229701486193
1342.0,0.8134090593147526
1343.0,0.8145986303189299
1344.0,0.815088928506513
1345.0,0.8162125187789435
1346.0,0.817512700636115
1347.0,0.819582999097828
1348.0,0.821283814182292
1349.0,0.8232502698769708
1350.0,0.824955678615361
1351.0,0.8265426407599885
1352.0,0.8281118372257129
1353.0,0.8297445438774547
1354.0,0.8311337147331037
1355.0,0.8322641056747473
1356.0,0.8335881718451011
1357.0,0.8347560513524255
1358.0,0.8361356640056149
1359.0,0.8377377293090607
1360.0,0.8393015247745825
1361.0,0.8408272386323536
1362.0,0.8425096109516145
1363.0,0.8444170823963059
1364.0,0.8461169091338338
1365.0,0.8481177478669429
1366.0,0.8495895576756738
1367.0,0.8505795285918359
1368.0,0.8515026371489252
1369.0,0.8526432322392546
1370.0,0.8536749094286207
1371.0,0.8546131432666697
1372.0,0.8556321146140543
1373.0,0.8567665078447253
1374.0,0.8576664297835784
1375.0,0.8588001299219665
1376.0,0.8602769684437341
1377.0,0.8616523400999355
1378.0,0.8628912961944323
1379.0,0.8643524803325384
1380.0,0.8661907256270828
1381.0,0.8676999276983933
1382.0,0.8693680940186378
1383.0,0.8704968734761058
1384.0,0.870836807117779
1385.0,0.8718244533029849
1386.0,0.8728983237846315
1387.0,0.8738886166297671
1388.0,0.8754391545342332
1389.0,0.8765732243328022
1390.0,0.8772181643809471
1391.0,0.8778838454991754
1392.0,0.8787689049392812
1393.0,0.8796333623616335
1394.0,0.8806945875007148
1395.0,0.8819871332193739
1396.0,0.8831323466039722
1397.0,0.8843279222226443
1398.0,0.8854550989492717
1399.0,0.8866326052880292
1400.0,0.887608527954824
1401.0,0.8884465083643515
1402.0,0.8893210511794661
1403.0,0.8898657018271117
1404.0,0.8908649654818014
1405.0,0.8922105329657644
1406.0,0.8933656134108037
1407.0,0.8946887020068305
1408.0,0.8958753513401376
1409.0,0.8969761213378783
1410.0,0.8979738512604681
1411.0,0.8989169211992442
1412.0,0.8998535667129839
1413.0,0.9006961716066747
1414.0,0.9013630067715582
1415.0,0.9023621853282773
1416.0,0.903250689352405
1417.0,0.9044980091638775
1418.0,0.9059910715595098
1419.0,0.9073755350366937
1420.0,0.9090037730047313
1421.0,0.9103785576339886
1422.0,0.9115984802609095
1423.0,0.9128792924489252
1424.0,0.9141361502257206
1425.0,0.9153763326197366
1426.0,0.9166555365003952
1427.0,0.9178145607417761
1428.0,0.9187325368860062
1429.0,0.919957800241365
1430.0,0.9214528666726084
1431.0,0.9226276719992832
1432.0,0.9236825712807406
1433.0,0.9249305182984735
1434.0,0.9260000922046581
1435.0,0.9271892476295408
1436.0,0.9286761137905793
1437.0,0.9301288368500383
1438.0,0.9316138401580777
1439.0,0.9329561688622182
1440.0,0.9343215068755081
1441.0,0.9356955180387881
1442.0,0.9368883421478217
1443.0,0.9378851801374356
1444.0,0.9391285697525943
1445.0,0.9404147624205373
1446.0,0.9418404850209192
1447.0,0.943411981673894
1448.0,0.9449628835377719
1449.0,0.9466795789772157
1450.0,0.9481176391784176
1451.0,0.9493488966988641
1452.0,0.9508592307631184
1453.0,0.9524763974226486
1454.0,0.9538987494881331
1455.0,0.9553363769045119
1456.0,0.956841888206987
1457.0,0.9582590997351468
1458.0,0.9595603470700316
1459.0,0.9610646358883926
1460.0,0.9623296474918875
1461.0,0.9631547076661164
1462.0,0.964230705577361
1463.0,0.9654326485609096
1464.0,0.9665433845032314
1465.0,0.9676664205541291
1466.0,0.9687572971143652
1467.0,0.9696907889844051
1468.0,0.9707769206271465
1469.0,0.9720128728761568
1470.0,0.9733331445451836
1471.0,0.9746190215441344
1472.0,0.9760344856508804
1473.0,0.9773667187468104
1474.0,0.9786177523507144
1475.0,0.9799207011750185
1476.0,0.9811832877360818
1477.0,0.9826842926997734
1478.0,0.9843780315153836
1479.0,0.9858429099627446
1480.0,0.98752968025819
1481.0,0.9887586197649795
1482.0,0.9894318724328146
1483.0,0.9905569916410988
1484.0,0.9916889138112279
1485.0,0.9929328720861712
1486.0,0.9945949740789999
1487.0,0.9958229368711219
1488.0,0.996842757298163
1489.0,0.9978634167247592
1490.0,0.9983822619731322
1491.0,0.9995189152574196
1492.0,1.001067983262032
1493.0,1.0024398384632236
1494.0,1.0042272687194689
1495.0,1.0057181530180945
1496.0,1.0068151326831558
1497.0,1.0081444812398115
1498.0,1.0095584647500415
1499.0,1.0109126401234965
1500.0,1.0123970561476217
1501.0,1.0136605435518902
1502.0,1.0152979121709265
1503.0,1.0166066777647413
1504.0,1.0176851659066855
1505.0,1.0186211100749951
1506.0,1.0196970798807037
1507.0,1.020367599844377
1508.0,1.021618905521109
1509.0,1.023390595154545
1510.0,1.024729889608496
1511.0,1.0261641712776939
1512.0,1.0273059442503207
1513.0,1.0279782296245532
1514.0,1.0292326725838647
1515.0,1.030667091729419
1516.0,1.0319323007009344
1517.0,1.0334985179958203
1518.0,1.034828334057783
1519.0,1.035778629210155
1520.0,1.0370210057543068
1521.0,1.038447639492393
1522.0,1.039774726967433
1523.0,1.0411945994404075
1524.0,1.0424723377877225
1525.0,1.04358975953884
1526.0,1.0448394842900275
1527.0,1.046242946242013
1528.0,1.0473366049735668
1529.0,1.0481777755793402
1530.0,1.049261342164396
1531.0,1.0499701778662573
1532.0,1.0512035422347863
1533.0,1.0534053054784547
1534.0,1.0548806333618044
1535.0,1.0560490393164363
1536.0,1.057374577870084
1537.0,1.0584416712162823
1538.0,1.0593016337149315
1539.0,1.0607693630569996
1540.0,1.0622851955906418
1541.0,1.0639074494765326
1542.0,1.0657302669461604
1543.0,1.0671314568505978
1544.0,1.068611142083651
1545.0,1.0697022247043622
1546.0,1.0702138631142875
1547.0,1.0711910790586374
1548.0,1.0721954394250084
1549.0,1.0733139280089454
1550.0,1.074439518666575
1551.0,1.0759588669068079
1552.0,1.0778561981752972
1553.0,1.0793749115490419
1554.0,1.0811598872795536
1555.0,1.0825660587605928
1556.0,1.083449947896549
1557.0,1.0846598165544619
1558.0,1.085956775094303
1559.0,1.0871888606130462
1560.0,1.0883412657105778
1561.0,1.0896942792071
1562.0,1.0911849934736915
1563.0,1.0925726615064246
1564.0,1.094093482561354
1565.0,1.0954783903955894
1566.0,1.096759376935663
1567.0,1.097955499365401
1568.0,1.0991925490271361
1569.0,1.1002013498606134
1570.0,1.1006821080485774
1571.0,1.1017210187154192
1572.0,1.1029828752562223
1573.0,1.1041856699998147
1574.0,1.1059434831269523
1575.0,1.107190959059434
1576.0,1.1078178147110898
1577.0,1.1088742477126092
1578.0,1.1099729259461364
1579.0,1.1110914584260152
1580.0,1.1126125694420086
1581.0,1.1138302346048345
1582.0,1.1149217795616209
1583.0,1.1158377423405788
1584.0,1.1161408963911665
1585.0,1.1170600150359096
1586.0,1.1183237928201482
1587.0,1.1194355699650367
1588.0,1.1208939577908659
1589.0,1.122323863298107
1590.0,1.1236880593879406
1591.0,1.1248255839798742
1592.0,1.1259944308170393
1593.0,1.1273214645817073
1594.0,1.12838612823474
1595.0,1.129123858964452
1596.0,1.1301681202333886
1597.0,1.1313626606085854
1598.0,1.1323234120393473
1599.0,1.133145687369085
1600.0,1.1343027694544583
1601.0,1.135510682059567
1602.0,1.1366509693124582
1603.0,1.1381447611098887
1604.0,1.1391468528829318
1605.0,1.1397606630178039
1606.0,1.140536718483624
1607.0,1.1412162249323679
1608.0,1.1419967118091245
1609.0,1.1427168224234192
1610.0,1.1436619382744138
1611.0,1.1448639398059477
1612.0,1.145747102443251
1613.0,1.1465612503561071
1614.0,1.1475045255352772
1615.0,1.1482147497659911
1616.0,1.1492507293916725
1617.0,1.1507505316899653
1618.0,1.151817843361428
1619.0,1.1527523343843944
1620.0,1.1536984861306812
1621.0,1.1545445577095208
1622.0,1.1553023396495101
1623.0,1.1560324373656483
1624.0,1.1567361928652231
1625.0,1.15716274321256
1626.0,1.1578810176782954
1627.0,1.1587994577357292
1628.0,1.1596581424920667
1629.0,1.1607846549552265
1630.0,1.1615118751658784
1631.0,1.1617960197273804
1632.0,1.1625444362114103
1633.0,1.1633283364292137
1634.0,1.1641254539232
1635.0,1.1652228097251573
1636.0,1.1662503637981028
1637.0,1.1672492989040772
1638.0,1.1681130714642725
1639.0,1.169029544836572
1640.0,1.1699024452931193
1641.0,1.1705445285118952
1642.0,1.1712392920266828
1643.0,1.1721546437594261
1644.0,1.1727599646548215
1645.0,1.1730306145628346
1646.0,1.1735068697460784
1647.0,1.1741243455709816
1648.0,1.1744248581808623
1649.0,1.1745164908119043
1650.0,1.1747971110266486
1651.0,1.1745889047712792
1652.0,1.1750621673202777
1653.0,1.1761241613235827
1654.0,1.1771645520802236
1655.0,1.1788519864275606
1656.0,1.179888044467005
1657.0,1.1806564261284456
1658.0,1.1814269310925607
1659.0,1.1817139793184213
1660.0,1.1822988642607914
1661.0,1.1830312431010976
1662.0,1.1837421835327007
1663.0,1.184591801948877
1664.0,1.1852980897562717
1665.0,1.185993735634103
1666.0,1.1866600196188206
1667.0,1.186966877874621
1668.0,1.1877470015479226
1669.0,1.188873935341355
1670.0,1.1898554777553807
1671.0,1.1910135126847021
1672.0,1.1921749894525615
1673.0,1.1930384107819096
1674.0,1.1943270431885276
1675.0,1.1963571426796344
1676.0,1.1977140324892173
1677.0,1.1987523198116805
1678.0,1.2000199290780014
1679.0,1.2010027666605272
1680.0,1.2020505368866934
1681.0,1.2036558735495313
1682.0,1.204653923810422
1683.0,1.2049172668461923
1684.0,1.2056152930400772
1685.0,1.2062533431119076
1686.0,1.2070127632410355
1687.0,1.2078240516964824
1688.0,1.2090401434043916
1689.0,1.2106752060731774
1690.0,1.2119903925297155
1691.0,1.213619330549513
1692.0,1.2150929924168306
1693.0,1.216222956006407
1694.0,1.2173787502190312
1695.0,1.2186005724705424
1696.0,1.2196727218251164
1697.0,1.2202166639643461
1698.0,1.2213446938172798
1699.0,1.2231711452442724
1700.0,1.2243902361138113
1701.0,1.2258545491703852
1702.0,1.2267124412458568
1703.0,1.226451464574423
1704.0,1.2268248263300785
1705.0,1.2272087650821184
1706.0,1.2277357840392633
1707.0,1.2285303010437556
1708.0,1.2294586976738038
1709.0,1.2306273696237524
1710.0,1.2317488499466782
1711.0,1.2332438601445928
1712.0,1.2341887316242504
1713.0,1.2345457456422486
1714.0,1.2353252867831066
1715.0,1.2359827128279257
1716.0,1.2367956457774436
1717.0,1.2383044751416739
1718.0,1.2389111205502823
1719.0,1.2388958046761194
1720.0,1.2393080222702493
1721.0,1.239339839459411
1722.0,1.2397650710764554
1723.0,1.2408372005027166
1724.0,1.2414153202776397
1725.0,1.2415142739319394
1726.0,1.242249639296257
1727.0,1.243263389797846
1728.0,1.243888762894628
1729.0,1.2450870020212086
1730.0,1.2456356899716339
1731.0,1.2449546268512293
1732.0,1.245602285048166
1733.0,1.2468994933435436
1734.0,1.247627909753223
1735.0,1.2487885857414327
1736.0,1.2497012899006745
1737.0,1.24994449879437
1738.0,1.2507411288169488
1739.0,1.2521130149484538
1740.0,1.2530690782070792
1741.0,1.2540962246817735
1742.0,1.254431636865594
1743.0,1.2541283693121685
1744.0,1.2543136018373333
1745.0,1.2541043711182767
1746.0,1.2546608649122848
1747.0,1.25606955539807
1748.0,1.2570862481940897
1749.0,1.2580431307973972
1750.0,1.2588205994542931
1751.0,1.2595804628686582
1752.0,1.2600727331370656
1753.0,1.2603276636845582
1754.0,1.2611330471077553
1755.0,1.2617262778959184
1756.0,1.2623307051855919
1757.0,1.2630139883116698
1758.0,1.2629411195751878
1759.0,1.2624790352856978
1760.0,1.2622592265069856
1761.0,1.2628902735472176
1762.0,1.263919532964623
1763.0,1.2645649833590595
1764.0,1.2655489666973712
1765.0,1.266316658446217
1766.0,1.2670170155229055
1767.0,1.2677403285121227
1768.0,1.268539344022306
1769.0,1.2690876408831135
1770.0,1.2692712766744207
1771.0,1.2702127314035268
1772.0,1.2703647901369823
1773.0,1.2707405283535407
1774.0,1.2719756427476496
1775.0,1.2723672753342998
1776.0,1.2732888051200533
1777.0,1.2744301788307442
1778.0,1.2750903592772163
1779.0,1.2760452965887745
1780.0,1.2769222275897227
1781.0,1.2773853643050745
1782.0,1.2775777029843718
1783.0,1.2778197858738352
1784.0,1.278795927662106
1785.0,1.279831168715498
1786.0,1.2801415362590158
1787.0,1.281094894260329
1788.0,1.2818705773785612
1789.0,1.2820822326492218
1790.0,1.283643770230195
1791.0,1.2847783301172528
1792.0,1.2860696957334747
1793.0,1.2872905876115222
1794.0,1.288355044764808
1795.0,1.2889577176081464
1796.0,1.2894730363249078
1797.0,1.289787152380966
1798.0,1.2891534606552795
1799.0,1.2906611882892915
1800.0,1.2919206592588288
1801.0,1.2853760430715653
1802.0,1.284153894762797
1803.0,1.2819203867763735
1804.0,1.2826878434845488
1805.0,1.2864307139651903
1806.0,1.2876599020637265
1807.0,1.2888783400251476
1808.0,1.2900380749926723
1809.0,1.2901098316363262
1810.0,1.290616438234178
1811.0,1.2907417714816425
1812.0,1.2926518884394247
1813.0,1.2940972905101455
1814.0,1.2956604864432726
1815.0,1.2977233126306162
1816.0,1.3014764147826718
1817.0,1.3028523931585623
1818.0,1.3041749587116904
1819.0,1.304105969146497
1820.0,1.300478387889522
1821.0,1.3000374383882403
1822.0,1.301173366833076
1823.0,1.3004516076531714
1824.0,1.3019037526442439
1825.0,1.3040243381956593
1826.0,1.3056208483424483
1827.0,1.3066144535976694
1828.0,1.308405053659762
1829.0,1.31150243334431
1830.0,1.312939565522036
1831.0,1.3131931133516535
1832.0,1.3146117001236397
1833.0,1.3153365239472008
1834.0,1.3149862082169135
1835.0,1.3152415068924765
1836.0,1.3159580287041739
1837.0,1.3162160684754753
1838.0,1.3158607741318116
1839.0,1.316150792995881
1840.0,1.3173082065761106
1841.0,1.3168800902425688
1842.0,1.3173076890571762
1843.0,1.318658563906495
1844.0,1.3182664100928945
1845.0,1.3192276724487884
1846.0,1.3196542191010618
1847.0,1.3191582628572995
1848.0,1.3191062971816123
1849.0,1.3196935155721787
1850.0,1.3199312394740994
1851.0,1.3192697134330031
1852.0,1.3202941267491617
1853.0,1.322182819368962
1854.0,1.3221632909364718
1855.0,1.3212058330307122
1856.0,1.3201187698516603
1857.0,1.3202531389825476
1858.0,1.3207526211954563
1859.0,1.3204487440213994
1860.0,1.3205251204433115
1861.0,1.3213978828714705
1862.0,1.3201715533919554
1863.0,1.3201757159538376
1864.0,1.3213186909438634
1865.0,1.3220790427136073
1866.0,1.3234750566399942
1867.0,1.3232834260980384
1868.0,1.3225317834029062
1869.0,1.321118199830356
1870.0,1.3198882317712124
1871.0,1.3178536133355583
1872.0,1.315534286645156
1873.0,1.3146173848580618
1874.0,1.3138825253839574
1875.0,1.3122694754701607
1876.0,1.3113336235582063
1877.0,1.309294370206645
1878.0,1.3063239311429402
1879.0,1.3045136284102052
1880.0,1.3037436445941648
1881.0,1.3017503550470009
1882.0,1.29984650444127
1883.0,1.2978699307048707
1884.0,1.294883515607913
1885.0,1.2888456590411403
1886.0,1.2837889183196032
1887.0,1.278640429377427
1888.0,1.2712686639408843
1889.0,1.2662444313910832
1890.0,1.260614313195832
1891.0,1.2547937839635188
1892.0,1.2483001791407338
1893.0,1.2432755098943815
1894.0,1.2369808134069582
1895.0,1.2304677983786712
1896.0,1.2242318864413544
1897.0,1.2160507875664803
1898.0,1.207254659850105
1899.0,1.1989966480044805
1900.0,1.190736094570332
1901.0,1.1840070610278859
1902.0,1.1789705557128414
1903.0,1.1739751074726035
1904.0,1.1680046086973306
1905.0,1.1630883889825891
1906.0,1.1572491873191342
1907.0,1.1512071021206673
1908.0,1.1471523845372769
1909.0,1.1433613278966346
1910.0,1.1391189837850086
1911.0,1.1351704070633495
1912.0,1.1313519272235553
1913.0,1.1282843547360002
1914.0,1.1251709404843608
1915.0,1.1227401475181658
1916.0,1.1220905578600682
1917.0,1.1223036942706557
1918.0,1.1217952277071503
1919.0,1.1220573550687956
1920.0,1.1226423569163784
1921.0,1.1222262250884716
1922.0,1.1222376556095484
1923.0,1.122681916271286
1924.0,1.122839867451308
1925.0,1.122478341555844
1926.0,1.123193867490458
1927.0,1.124855112901113
1928.0,1.1261977554835698
1929.0,1.1287625949261566
1930.0,1.1307267365798042
1931.0,1.130853487833071
1932.0,1.1313286168912935
1933.0,1.1314526181354918
1934.0,1.1320434013441707
1935.0,1.1334722596596396
1936.0,1.1354254784540436
1937.0,1.1372361805191402
1938.0,1.139311354748464
1939.0,1.1407380149008564
1940.0,1.1433932951214139
1941.0,1.1453210426591547
1942.0,1.1467250233053945
1943.0,1.1484654685905686
1944.0,1.1482751417758918
1945.0,1.1481089023685684
1946.0,1.1490695146071612
1947.0,1.1503970151038854
1948.0,1.1517517291010462
1949.0,1.1536086266614995
1950.0,1.1560099140140678
1951.0,1.1580209635427217
1952.0,1.1598055538095513
1953.0,1.1622392631757803
1954.0,1.164023911631568
1955.0,1.1658019515499576
1956.0,1.1673987813611333
1957.0,1.1686260793831036
1958.0,1.1695265772356016
1959.0,1.1704916850179576
1960.0,1.1708657191850906
1961.0,1.1720267342260737
1962.0,1.1732045299252585
1963.0,1.1753925160566197
1964.0,1.1780760269019432
1965.0,1.180208542741498
1966.0,1.1834173037242268
1967.0,1.1863336078254199
1968.0,1.1880897374692907
1969.0,1.1893726920787036
1970.0,1.189202425007311
1971.0,1.1883858273383785
1972.0,1.1886535050440543
1973.0,1.189043795494789
1974.0,1.190217756090338
1975.0,1.1921893441472144
1976.0,1.1947009664178687
1977.0,1.1972906706771123
1978.0,1.1994652468476903
1979.0,1.2009479642763865
1980.0,1.2023593513592705
1981.0,1.2045058779910107
1982.0,1.2061188095543984
1983.0,1.2079577069610015
1984.0,1.209653997824595
1985.0,1.2111463728969918
1986.0,1.2119066297610175
1987.0,1.2132285426557752
1988.0,1.2144021630582675
1989.0,1.216388665238591
1990.0,1.2190577596834602
1991.0,1.22148790463659
1992.0,1.2239223870437315
1993.0,1.2256238968823956
1994.0,1.2279143979243285
1995.0,1.229643145645106
1996.0,1.2311599036417105
1997.0,1.2329915900820267
1998.0,1.2352508871496037
1999.0,1.2371491475990672
2000.0,1.2388669137578139
2001.0,1.2414363395206038
2002.0,1.2429238044825006
2003.0,1.2431139674746057
2004.0,1.2432477869892706
2005.0,1.2443486923799407
2006.0,1.2456796567645332
2007.0,1.2468192310095518
2008.0,1.2488266625435698
2009.0,1.2505431723579365
2010.0,1.2518536427565248
2011.0,1.2536177158367745
2012.0,1.2559936753001752
2013.0,1.2578194522798731
2014.0,1.2597105694283801
2015.0,1.2612300381053254
2016.0,1.2617558805632063
2017.0,1.2622973235185926
2018.0,1.264068505465128
2019.0,1.2662597015945054
2020.0,1.2680121741217951
2021.0,1.2701173561608692
2022.0,1.271719567494739
2023.0,1.2720069214907277
2024.0,1.2732623741921933
2025.0,1.2755596126086186
2026.0,1.277244527121257
2027.0,1.27881933242609
2028.0,1.2803536537355213
2029.0,1.2822496454064558
2030.0,1.2828648513634904
2031.0,1.2827791208108823
2032.0,1.2846431508171923
2033.0,1.2861134771336575
2034.0,1.2881881970616296
2035.0,1.2927085578673276
2036.0,1.2954502659011693
2037.0,1.297036359357023
2038.0,1.2975581882777505
2039.0,1.298550340722046
2040.0,1.2982949753100768
2041.0,1.2986589896246112
2042.0,1.300852401379622
2043.0,1.3011365001924047
2044.0,1.3000758118403442
2045.0,1.297924417160461
2046.0,1.2980973172947423
2047.0,1.297248232265806
2048.0,1.298311578070038
2049.0,1.3014392827588506
2050.0,1.303159811835692
2051.0,1.3041667905808234
2052.0,1.305669836739616
2053.0,1.3073559810148632
2054.0,1.3088230225030666
2055.0,1.3106582300948162
2056.0,1.3120253862110463
2057.0,1.3125228149826584
2058.0,1.3135612862834087
2059.0,1.314797836502594
2060.0,1.3158169726602507
2061.0,1.316898696351275
2062.0,1.3181581188992313
2063.0,1.3192029844286062
2064.0,1.3195355978840437
2065.0,1.319491356226602
2066.0,1.3204774891781648
2067.0,1.3211401925251953
2068.0,1.3209937750286476
2069.0,1.3222326095499157
2070.0,1.3248842954497888
2071.0,1.3261913226578066
2072.0,1.3282785885503516
2073.0,1.329051680972328
2074.0,1.3280310936710633
2075.0,1.3276680818100524
2076.0,1.328092054428798
2077.0,1.3276724394975363
2078.0,1.3294021830568177
2079.0,1.3309242254653177
2080.0,1.3304181323252309
2081.0,1.3304639353766694
2082.0,1.3303888822863454
2083.0,1.3291276754708552
2084.0,1.3285654105023093
2085.0,1.328813651283548
2086.0,1.3290192954832594
2087.0,1.329003783157206
2088.0,1.3294417709590114
2089.0,1.3302633542917648
2090.0,1.3310950923351548
2091.0,1.3331132780118553
2092.0,1.335027379949166
2093.0,1.337109134660505
2094.0,1.3369942984327552
2095.0,1.3340585069958186
2096.0,1.3322490730892813
2097.0,1.3326488747110656
2098.0,1.3346928814074102
2099.0,1.335979070831738
2100.0,1.3395506669788646
2101.0,1.3405781105638974
2102.0,1.3389481971397148
2103.0,1.338715770606722
2104.0,1.3385104705366637
2105.0,1.3389042856257707
2106.0,1.339517259249418
2107.0,1.3409943648694531
2108.0,1.342049836704527
2109.0,1.3433122762046414
2110.0,1.3456830171208416
2111.0,1.3473225225540135
2112.0,1.3479792734072957
2113.0,1.3492133315043715
2114.0,1.3498056954014435
2115.0,1.3494963792533055
2116.0,1.348702380928223
2117.0,1.3480311995947865
2118.0,1.3464100432337107
2119.0,1.3419329248279992
2120.0,1.3405764990871734
2121.0,1.3403103330744448
2122.0,1.3403876684117375
2123.0,1.3430589914911129
2124.0,1.3442940702434378
2125.0,1.3449319411008351
2126.0,1.3458023514762942
2127.0,1.3457792412339147
2128.0,1.3455006813732064
2129.0,1.3461647797052974
2130.0,1.34678665276331
2131.0,1.3494612596481665
2132.0,1.3517460862684159
2133.0,1.3538896746260385
2134.0,1.3578714057513617
2135.0,1.3582754844080314
2136.0,1.3563440001617437
2137.0,1.3554154120913688
2138.0,1.3518584162522054
2139.0,1.350505382552791
2140.0,1.3507094319135446
2141.0,1.3506625012223221
2142.0,1.3515529508235389
2143.0,1.3516275383478478
2144.0,1.3511228116710192
2145.0,1.3499154225394194
2146.0,1.348941171645391
2147.0,1.349227541367729
2148.0,1.3487181873387533
2149.0,1.348994740737344
2150.0,1.3508761290007958
2151.0,1.3501904824980775
2152.0,1.3505247924819745
2153.0,1.3525837471329138
2154.0,1.3531016213815636
2155.0,1.3524824746509152
2156.0,1.352563510046763
2157.0,1.352343009988811
2158.0,1.352007492433131
2159.0,1.351069912716363
2160.0,1.3503973159008424
2161.0,1.35094487965498
2162.0,1.3505153222821518
2163.0,1.3485313700437336
2164.0,1.3493725600961461
2165.0,1.3489388858655456
2166.0,1.345755194491406
2167.0,1.346181538200762
2168.0,1.3468588400083619
2169.0,1.3472624024706565
2170.0,1.348277198854232
2171.0,1.348408845862154
2172.0,1.346906849100995
2173.0,1.346604170921762
2174.0,1.3470669024060977
2175.0,1.3471986762928896
2176.0,1.347594863077145
2177.0,1.34856329890629
2178.0,1.3492039154527602
2179.0,1.3501539963398659
2180.0,1.352725228837442
2181.0,1.3531448814741514
2182.0,1.3528573489772526
2183.0,1.3523854319352988
2184.0,1.3513945244048111
2185.0,1.348329577153509
2186.0,1.3457517955907539
2187.0,1.343770230102889
2188.0,1.341891856714002
2189.0,1.3409648463861032
2190.0,1.342302976223309
2191.0,1.3429668996685702
2192.0,1.342353915580005
2193.0,1.3433614952026762
2194.0,1.343513952905121
2195.0,1.3427288550147398
2196.0,1.3418895422775474
2197.0,1.341623550159315
2198.0,1.3405965365529509
2199.0,1.3378699235559355
2200.0,1.336898954689092
2201.0,1.3371379043440565
2202.0,1.335976525288547
2203.0,1.3350033041539664
2204.0,1.3345167548707855
2205.0,1.3336740612641795
2206.0,1.332040564227645
2207.0,1.331742383244734
2208.0,1.3307927527789727
2209.0,1.3305930775565216
2210.0,1.3317808400046527
2211.0,1.334160787774711
2212.0,1.3357742682424818
2213.0,1.336886672016464
2214.0,1.3368076678305871
2215.0,1.3367693289101863
2216.0,1.3374806484526178
2217.0,1.3386169019420153
2218.0,1.3415704888363327
2219.0,1.3420589774662723
2220.0,1.3415081018420818
2221.0,1.3415885643426742
2222.0,1.340028625904626
2223.0,1.3392215317426146
2224.0,1.3398517304191644
2225.0,1.3395193277563302
2226.0,1.337819539383509
2227.0,1.3377374772146193
2228.0,1.3373358591826077
2229.0,1.3388335704336842
2230.0,1.343501378641917
2231.0,1.3453868206912376
2232.0,1.3474949642202456
2233.0,1.3499408290192905
2234.0,1.3449731033927674
2235.0,1.3426302903188134
2236.0,1.3413674991141336
2237.0,1.3359041186021345
2238.0,1.3345673833581249
2239.0,1.3346803887648597
2240.0,1.33396012866563
2241.0,1.3363105745447172
2242.0,1.3377870649281975
2243.0,1.3365626473874512
2244.0,1.3361982337380636
2245.0,1.3339545467173894
2246.0,1.3340189593803846
2247.0,1.3361403924700306
2248.0,1.3369409028024841
2249.0,1.338746803219719
2250.0,1.339241994494469
2251.0,1.3375363592388405
2252.0,1.33775485359604
2253.0,1.3400514992353696
2254.0,1.3396489072710382
2255.0,1.3378377288893788
2256.0,1.3366061112035725
2257.0,1.3323252721565213
2258.0,1.3307274015613904
2259.0,1.3325182002293396
2260.0,1.332891573940173
2261.0,1.3332516254450566
2262.0,1.3345692537643137
2263.0,1.3340080291511345
2264.0,1.3323759949543381
2265.0,1.330676576693952
2266.0,1.3288323537007494
2267.0,1.328505926835517
2268.0,1.3290121061782418
2269.0,1.332704916082792
2270.0,1.3354950866087016
2271.0,1.3353050248326739
2272.0,1.337387168776819
2273.0,1.3375561219942376
2274.0,1.3361957679670258
2275.0,1.336460184423966
2276.0,1.3343265371877793
2277.0,1.3335535288845948
2278.0,1.3327849596701635
2279.0,1.3320299602079106
2280.0,1.3332349041442104
2281.0,1.3326595392110963
2282.0,1.329300938590527
2283.0,1.3280694195046938
2284.0,1.3264257574261962
2285.0,1.325362454600094
2286.0,1.3263266820356532
2287.0,1.3267638250814162
2288.0,1.3272015442601146
2289.0,1.3278520216374217
2290.0,1.3292460772759518
2291.0,1.3297234621767313
2292.0,1.3285884934643228
2293.0,1.3294931630102844
2294.0,1.334622378584812
2295.0,1.3334156664527497
2296.0,1.3303358842909845
2297.0,1.325393969422708
2298.0,1.3169943670077726
2299.0,1.304566499068702
2300.0,1.2990395929495198
2301.0,1.300586556098013
2302.0,1.304284353626363
2303.0,1.3113638166412274
2304.0,1.318717943322154
2305.0,1.3228784761166408
2306.0,1.3239111800218
2307.0,1.3235964164108935
2308.0,1.319814585411039
2309.0,1.3194684837960493
2310.0,1.324514038845413
2311.0,1.3285903607611622
2312.0,1.3353526599340393
2313.0,1.3398199042162109
2314.0,1.3389199094224995
2315.0,1.3354357890704749
2316.0,1.3284617788323292
2317.0,1.3226698909854495
2318.0,1.3219599138245786
2319.0,1.321471682768567
2320.0,1.3207370991711276
2321.0,1.3237355542009406
2322.0,1.325110799467896
2323.0,1.3241448817215253
2324.0,1.3225197295738143
2325.0,1.3222969498989863
2326.0,1.3197707368896874
2327.0,1.3121375642796946
2328.0,1.3124209750957356
2329.0,1.3155787739524756
2330.0,1.3193488817840533
2331.0,1.330559763445707
2332.0,1.3321139538191988
2333.0,1.3306653851001458
2334.0,1.3276680196362727
2335.0,1.3158529968670811
2336.0,1.3121641260491421
2337.0,1.311475290013611
2338.0,1.310214986943518
2339.0,1.310696804886328
2340.0,1.3127439312055817
2341.0,1.3165327295258689
2342.0,1.319059675242512
2343.0,1.3252081246736696
2344.0,1.3303385508421401
2345.0,1.3338701826168147
2346.0,1.3356000458555408
2347.0,1.340834852339318
2348.0,1.3331869155384433
2349.0,1.3244889087584328
2350.0,1.3213287198588295
2351.0,1.3187506368661241
2352.0,1.3192956103989897
2353.0,1.3231228172309284
2354.0,1.3230430739823253
2355.0,1.324217619303625
2356.0,1.3305848988683686
2357.0,1.331725957839098
2358.0,1.3335446094897632
2359.0,1.331061322854833
2360.0,1.3204998721373906
2361.0,1.3175959357667677
2362.0,1.311937854941356
2363.0,1.3048984008351006
2364.0,1.3083162824947243
2365.0,1.3063698988881807
2366.0,1.3048132902672591
2367.0,1.311427973422014
2368.0,1.317996183249204
2369.0,1.322085470171301
2370.0,1.3250643368563184
2371.0,1.3245477926684859
2372.0,1.3144272018057057
2373.0,1.3079224894078392
2374.0,1.3026957503631333
2375.0,1.299672353610721
2376.0,1.301563081026038
2377.0,1.299703564743791
2378.0,1.2978124223117415
2379.0,1.292766647063134
2380.0,1.288689576774507
2381.0,1.2882674917994579
2382.0,1.287292707144254
2383.0,1.2811768357540423
2384.0,1.278929057573131
2385.0,1.280825968677545
2386.0,1.2833539133572733
2387.0,1.2963706556604508
2388.0,1.302801589787634
2389.0,1.2986688872574699
2390.0,1.2945695888747457
2391.0,1.2888161592034626
2392.0,1.282177989405175
2393.0,1.2684641667907026
2394.0,1.2520831373122312
2395.0,1.2438556894337125
2396.0,1.2361880368634877
2397.0,1.239589159073465
2398.0,1.2497205865907297
2399.0,1.2508342124146394
2400.0,1.2632345936206413
2401.0,1.2649454112599792
2402.0,1.253893418717946
2403.0,1.256574222800539
2404.0,1.2497706559397803
2405.0,1.245395978761001
2406.0,1.2554070607902152
2407.0,1.2670025243445415
2408.0,1.2785710021520456
2409.0,1.2814384500941625
2410.0,1.2870437859349306
2411.0,1.283707661745083
2412.0,1.2700092977578525
2413.0,1.2638182222561438
2414.0,1.2568298554234483
2415.0,1.2450958478096508
2416.0,1.2301666948326415
2417.0,1.219905627716224
2418.0,1.207031094084104
2419.0,1.1969023494272322
2420.0,1.1882745567727087
2421.0,1.1856633796507672
2422.0,1.1960364565037755
2423.0,1.203958379459532
2424.0,1.223391394786456
2425.0,1.2290786780034553
2426.0,1.2203417280191
2427.0,1.217395630202563
2428.0,1.1966093967835114
2429.0,1.1945173597558416
2430.0,1.1992277777945168
2431.0,1.1934636550807542
2432.0,1.2048459160622735
2433.0,1.1995374945944837
2434.0,1.2036561690536758
2435.0,1.2205988731752322
2436.0,1.2159119676480732
2437.0,1.220842411085142
2438.0,1.221609448341606
2439.0,1.2158174762002445
2440.0,1.2160284660241212
2441.0,1.2257745193608676
2442.0,1.2314330396017388
2443.0,1.210669640112884
2444.0,1.1948653104932558
2445.0,1.1819783198053215
2446.0,1.1680438266306996
2447.0,1.1744566486481482
2448.0,1.190443479967916
2449.0,1.201010985799793
2450.0,1.1928466090532213
2451.0,1.1785512360805508
2452.0,1.172743869477411
2453.0,1.1548966186740077
2454.0,1.155429225678633
2455.0,1.1725507919370026
2456.0,1.1822550575306918
2457.0,1.1917765233969049
2458.0,1.1865776065201807
2459.0,1.179243892479223
2460.0,1.1712510516081363
2461.0,1.172396182788005
2462.0,1.1668321259977543
2463.0,1.151818435232692
2464.0,1.1354266184188264
2465.0,1.1103341147776253
2466.0,1.1010472861140608
2467.0,1.0914226202892157
2468.0,1.0826346827120061
2469.0,1.0890625861533645
2470.0,1.096398375946451
2471.0,1.099994211777528
2472.0,1.1136008963629147
2473.0,1.132040757343454
2474.0,1.1502899611627548
2475.0,1.187790855357531
2476.0,1.2030359124308088
2477.0,1.1951794719060662
2478.0,1.1956031669759575
2479.0,1.1947526293162245
2480.0,1.1861314083657606
2481.0,1.1909493799408732
2482.0,1.1717974493649042
2483.0,1.1192998271241001
2484.0,1.0886791626754688
2485.0,1.0403162400181287
2486.0,1.0256902919168365
2487.0,1.0370693558060082
2488.0,1.0592829409797775
2489.0,1.1228886641973002
2490.0,1.1490302404976673
2491.0,1.1731110027207428
2492.0,1.1723440987397589
2493.0,1.1240120985672342
2494.0,1.1270654280333587
2495.0,1.1523130829498323
2496.0,1.1610748632790824
2497.0,1.1877617303947838
2498.0,1.191042668681469
2499.0,1.1684433897183029
2500.0,1.1230964478754601
