350.0,-0.18980341458660735
351.0,-0.15230120258586294
352.0,-0.07346279617663216
353.0,-0.014249384744366572
354.0,0.05411863018104024
355.0,0.055399589341255655
356.0,-0.030672911595876616
357.0,-0.0231328438909208
358.0,-0.022514839077467524
359.0,-0.01786895302290115
360.0,0.02071392595810536
361.0,0.034815061457202534
362.0,0.05544024360497685
363.0,0.057506325478416775
364.0,0.006316862996785778
365.0,-0.011894900295672728
366.0,0.005807601245278392
367.0,0.026736189620738298
368.0,0.013776637747817996
369.0,0.031082907285786655
370.0,0.028231841000846476
371.0,0.0051915125676089266
372.0,0.027587472562175818
373.0,0.03336913391303678
374.0,0.02754776401120063
375.0,0.021470798342788762
376.0,0.01603651471042647
377.0,0.021861844887557245
378.0,0.0229018847137658
379.0,0.011774027644349377
380.0,0.022267083953167385
381.0,0.023367965969140057
382.0,0.021855199113233293
383.0,0.031085194407158085
384.0,0.031303873331009556
385.0,0.024810794815017485
386.0,0.02011675627254049
387.0,0.026302427357341108
388.0,0.032544073575973775
389.0,0.032908906693132095
390.0,0.02996059793137595
391.0,0.032420128479987126
392.0,0.03504348600258869
393.0,0.03800284886715191
394.0,0.04031582789602518
395.0,0.038405205591473805
396.0,0.03672498285514919
397.0,0.03383349323488097
398.0,0.029548825967743
399.0,0.029603216674963156
400.0,0.03270402028268842
401.0,0.03650931491347053
402.0,0.039060929917481786
403.0,0.041788357292655655
404.0,0.042388281466802485
405.0,0.03924620141908497
406.0,0.03339367075047749
407.0,0.03842453671408992
408.0,0.04295185018246884
409.0,0.04321074173446549
410.0,0.04455345027883576
411.0,0.04121262894816035
412.0,0.03974600017323769
413.0,0.042046404749902073
414.0,0.03916281486541535
415.0,0.038624754104883925
416.0,0.039543946663303506
417.0,0.0404826380137367
418.0,0.045941328652760044
419.0,0.04536792066046542
420.0,0.04353949478416458
421.0,0.048526869216592154
422.0,0.04523883486024189
423.0,0.04224711578927429
424.0,0.042366694328618865
425.0,0.04226708393073355
426.0,0.041274022149108316
427.0,0.04044119588858362
428.0,0.040744876345306484
429.0,0.0426009953646026
430.0,0.04481109510107352
431.0,0.045604321267186894
432.0,0.04464166408983154
433.0,0.045780987860630486
434.0,0.04575741981031276
435.0,0.04520505056518568
436.0,0.045694426032584876
437.0,0.042460211268552775
438.0,0.04285401639155509
439.0,0.046302602763432635
440.0,0.04506021053591657
441.0,0.045626428732935535
442.0,0.04599970765611271
443.0,0.04469675391933662
444.0,0.04334867904146902
445.0,0.044689629831998645
446.0,0.04682093899202295
447.0,0.0469990957430246
448.0,0.04477055430913507
449.0,0.04417691576980537
450.0,0.04456738932935148
451.0,0.0430854931622465
452.0,0.04357273640427549
453.0,0.044447684569754294
454.0,0.044741713092986884
455.0,0.04489598444065808
456.0,0.04538683020512449
457.0,0.04454651417601317
458.0,0.0422874591549149
459.0,0.04368953235156809
460.0,0.0451290199456028
461.0,0.0452139654761234
462.0,0.04393462094860623
463.0,0.04322230567632471
464.0,0.044581787667838865
465.0,0.04668003517309468
466.0,0.04607869123789129
467.0,0.04463918949204624
468.0,0.04402784979578791
469.0,0.04487486531268244
470.0,0.04610976010935451
471.0,0.04628205445543512
472.0,0.04610539343326753
473.0,0.04630989644929817
474.0,0.044359024652576295
475.0,0.043791390616330896
476.0,0.04485276191338437
477.0,0.0454845530096599
478.0,0.04547288036777339
479.0,0.04568461227919724
480.0,0.046203846436525725
481.0,0.045779136727113805
482.0,0.044472218938076014
483.0,0.04392902367307234
484.0,0.04519512790853629
485.0,0.04628293779143764
486.0,0.046252960350826974
487.0,0.04559591754480706
488.0,0.04547253176002882
489.0,0.045057882201513355
490.0,0.044702381324091295
491.0,0.04462918038766474
492.0,0.04476582712344221
493.0,0.044965018222252906
494.0,0.04492543160835828
495.0,0.044747748499591955
496.0,0.04589707558892927
497.0,0.045919362160480946
498.0,0.045154124722595834
499.0,0.045198882595264354
500.0,0.04576130581554643
501.0,0.04636586800842771
502.0,0.04665093577733169
503.0,0.04644447803857809
504.0,0.04639192569130055
505.0,0.04602915677682638
506.0,0.045247280733002014
507.0,0.045590068719157134
508.0,0.04593442367952217
509.0,0.046132994520284056
510.0,0.04647674864844671
511.0,0.047071221764629
512.0,0.04661063581012744
513.0,0.04544744745655948
514.0,0.04585350105089791
515.0,0.046315301690209414
516.0,0.04624221965402236
517.0,0.04564034812397604
518.0,0.04550120815155244
519.0,0.04573866976630891
520.0,0.046074933188054404
521.0,0.046181685187515635
522.0,0.04620441981967383
523.0,0.04652248599192912
524.0,0.04681127571139471
525.0,0.0459170529823264
526.0,0.0459397866791166
527.0,0.046276251979695086
528.0,0.046162060130406184
529.0,0.046331733223517385
530.0,0.04666831009967507
531.0,0.04684435752982626
532.0,0.046539638121473374
533.0,0.04641098969053984
534.0,0.046487349431336186
535.0,0.046611258644964314
536.0,0.046462847834441316
537.0,0.04696739668500979
538.0,0.047295551472094736
539.0,0.04673094564370577
540.0,0.04649687077771528
541.0,0.04665175962175103
542.0,0.04702065901130495
543.0,0.04725502493041851
544.0,0.04687290589505743
545.0,0.046891577600377425
546.0,0.047512855417619994
547.0,0.047296812276568276
548.0,0.046875939543978486
549.0,0.04680278365492591
550.0,0.047303254157114075
551.0,0.04733653576758655
552.0,0.047115639818131196
553.0,0.04693515111702354
554.0,0.04708794383463527
555.0,0.047381628742411114
556.0,0.04753947280227629
557.0,0.0474748371176248
558.0,0.047487915499471484
559.0,0.04775426339229237
560.0,0.04790391163385808
561.0,0.04754124867664621
562.0,0.04736580661016592
563.0,0.047413161130407104
564.0,0.047597362121846336
565.0,0.04775928523300077
566.0,0.04809878812453939
567.0,0.04824970896447406
568.0,0.04802356453809051
569.0,0.04799814677673794
570.0,0.047952137739285396
571.0,0.04791115484610359
572.0,0.048019258630543994
573.0,0.048438303156672136
574.0,0.04853045214550877
575.0,0.04819926908722902
576.0,0.04819185621497093
577.0,0.048200670818781766
578.0,0.04820979177549048
579.0,0.04829214289421432
580.0,0.04863560521832164
581.0,0.04876546937808147
582.0,0.04862579301614476
583.0,0.04847916057679136
584.0,0.048467143978535424
585.0,0.0486326104371921
586.0,0.04883643736482677
587.0,0.04860944936229997
588.0,0.048693132881967326
589.0,0.049041747381842374
590.0,0.04930612219555667
591.0,0.049096624238922686
592.0,0.04910269659783018
593.0,0.04934343953044433
594.0,0.0491663459323564
595.0,0.049151647856716864
596.0,0.04926947546596375
597.0,0.04939589984384013
598.0,0.049491865515741265
599.0,0.04957441580041376
600.0,0.049652432083313894
601.0,0.049723998108614643
602.0,0.04972261476575241
603.0,0.04978983250544599
604.0,0.0498819550928869
605.0,0.04966614009047016
606.0,0.049933034975553084
607.0,0.05026331375585182
608.0,0.050181593156688006
609.0,0.05034761015904004
610.0,0.05036604649778173
611.0,0.050250699427653193
612.0,0.05032304045795668
613.0,0.05070279439576236
614.0,0.05090654853239758
615.0,0.05075076571520508
616.0,0.050830725910535
617.0,0.05090575304310419
618.0,0.05102086583509365
619.0,0.05123969749151793
620.0,0.05120248272489225
621.0,0.05120325392784445
622.0,0.05136763698447004
623.0,0.05159383276377972
624.0,0.05174094424923574
625.0,0.05173311729672008
626.0,0.05160817869590732
627.0,0.05167485134335983
628.0,0.05156558814816974
629.0,0.05154928346814478
630.0,0.05208802675523941
631.0,0.05207878914480269
632.0,0.05198912576343162
633.0,0.05208090362719899
634.0,0.05199903501264692
635.0,0.05217194649941497
636.0,0.05244625429208968
637.0,0.052613990779730675
638.0,0.05312091125190346
639.0,0.05309605403480084
640.0,0.05266431869245435
641.0,0.05277254352050846
642.0,0.0530259318900691
643.0,0.05314718654634274
644.0,0.05313630540233903
645.0,0.05367141460567289
646.0,0.05378143972151482
647.0,0.0535352654790862
648.0,0.053420403484733724
649.0,0.053442426703334885
650.0,0.053740248903025284
651.0,0.05414075544667696
652.0,0.054110198543272425
653.0,0.054351697784032704
654.0,0.054559313838333734
655.0,0.05441332834371803
656.0,0.05435363151187519
657.0,0.05434043462122352
658.0,0.054501874216251286
659.0,0.054980340398989316
660.0,0.0550570349604685
661.0,0.055080747445728315
662.0,0.05522741291547099
663.0,0.05510003808848389
664.0,0.05528330054280518
665.0,0.05544647524673941
666.0,0.055213850317393
667.0,0.055464397728450375
668.0,0.05598153671851687
669.0,0.05640735135771941
670.0,0.056339409533619995
671.0,0.05612983678622763
672.0,0.05608449639256835
673.0,0.05631700619414265
674.0,0.05652349188566518
675.0,0.05673658098573469
676.0,0.05691015621576698
677.0,0.05700603628590832
678.0,0.05721320462932162
679.0,0.057438845723789614
680.0,0.05758961599798848
681.0,0.05760748680525195
682.0,0.0576512517576405
683.0,0.05782359185050676
684.0,0.058097297356783414
685.0,0.05806714532412738
686.0,0.05815166542800538
687.0,0.05835669361958337
688.0,0.05844810167958622
689.0,0.05881124395913705
690.0,0.058967513809192795
691.0,0.05885414800513817
692.0,0.05936418884192896
693.0,0.05954816902336728
694.0,0.05956433839635952
695.0,0.05980783437574455
696.0,0.05995570388601947
697.0,0.06014864806135537
698.0,0.06039128084879364
699.0,0.06055438100756181
700.0,0.06063840731083877
701.0,0.060697607027601665
702.0,0.06085203755238667
703.0,0.06141297791911159
704.0,0.061617998399591166
705.0,0.061627899525535185
706.0,0.06190513531170476
707.0,0.06203675302399281
708.0,0.06217985241243374
709.0,0.062350853189269445
710.0,0.06236168099363269
711.0,0.06252762812958941
712.0,0.0627591995931355
713.0,0.06292785739431998
714.0,0.06309030170016634
715.0,0.063256916191876
716.0,0.0633536655025837
717.0,0.06332544095639135
718.0,0.06368406419643391
719.0,0.06402413102449772
720.0,0.06416482986580345
721.0,0.06440470793901375
722.0,0.0646619674985816
723.0,0.06480787938568855
724.0,0.0648330431794725
725.0,0.06525512163013789
726.0,0.06550733028755093
727.0,0.06553899948060017
728.0,0.06568161577881729
729.0,0.06600244913597156
730.0,0.06627690614181153
731.0,0.06640563892810848
732.0,0.06658374274991079
733.0,0.06684261764491448
734.0,0.06711264548977855
735.0,0.0673251608400446
736.0,0.0676227910177766
737.0,0.06786935705549751
738.0,0.0680387598575875
739.0,0.06820365733042756
740.0,0.06830769955267156
741.0,0.06864355843807725
742.0,0.06922264905024374
743.0,0.06935763443060014
744.0,0.06951560040526863
745.0,0.06970689876592408
746.0,0.06983997850339856
747.0,0.07013890564485052
748.0,0.0704682008345706
749.0,0.07074326624882124
750.0,0.07095515063524797
751.0,0.07118830802721576
752.0,0.07148307542032162
753.0,0.07181201587033609
754.0,0.07202824852553245
755.0,0.07211521324769747
756.0,0.0722722297216367
757.0,0.07268759705665459
758.0,0.07297754573121883
759.0,0.07329716042224513
760.0,0.07362288509154329
761.0,0.07374554296276879
762.0,0.07385397251247659
763.0,0.07406149066900466
764.0,0.07440977149747037
765.0,0.07483519448039035
766.0,0.07519105226851723
767.0,0.07544758128896736
768.0,0.0756483334107742
769.0,0.07592139893016833
770.0,0.07614797516902679
771.0,0.07635913846005479
772.0,0.07673278985916704
773.0,0.07716582117908453
774.0,0.07746278728252604
775.0,0.07757905775701686
776.0,0.07784970910056484
777.0,0.07800808981798484
778.0,0.07818724317217014
779.0,0.07859500565076794
780.0,0.07903365964199002
781.0,0.07944230736464773
782.0,0.07979022848426756
783.0,0.08007190907067266
784.0,0.08029809260656746
785.0,0.08051879321054677
786.0,0.08077271471235428
787.0,0.08104787865984499
788.0,0.08156888387170773
789.0,0.08205862903468862
790.0,0.0822343579411672
791.0,0.08262225151553203
792.0,0.08282319140804015
793.0,0.08292356396799686
794.0,0.08335500314505787
795.0,0.08379762378226913
796.0,0.08420687005564148
797.0,0.08456839918334016
798.0,0.0848578251962738
799.0,0.08507102234737865
800.0,0.08533490425354615
801.0,0.0857450438030625
802.0,0.08615998525387235
803.0,0.08654868143509213
804.0,0.0869149758402991
805.0,0.08727771138664092
806.0,0.0875717084746443
807.0,0.08779775031371587
808.0,0.08806787570690171
809.0,0.08861074055278118
810.0,0.08904624409154778
811.0,0.08938755753346612
812.0,0.08971510072642895
813.0,0.09002722853182803
814.0,0.09032779478557731
815.0,0.09067773996279836
816.0,0.09112401289980814
817.0,0.09151982246014587
818.0,0.09192434237765279
819.0,0.09230959223331117
820.0,0.09258663749741891
821.0,0.09308195130368929
822.0,0.09354075074548317
823.0,0.0938097687166599
824.0,0.09407535737729879
825.0,0.09449787308693196
826.0,0.0950174280374065
827.0,0.09550829355064772
828.0,0.09590727648502001
829.0,0.09637691685686203
830.0,0.09686365157267243
831.0,0.09720989006534479
832.0,0.0974428631366335
833.0,0.09776986543240691
834.0,0.09825410860100456
835.0,0.09877318459740601
836.0,0.09917066168641975
837.0,0.09956577923452058
838.0,0.10004134572303472
839.0,0.10049044480707904
840.0,0.10092941946653133
841.0,0.10125880476819007
842.0,0.10145630152683052
843.0,0.10191340652168208
844.0,0.10243649874432517
845.0,0.1029940918157828
846.0,0.10361176727609983
847.0,0.10392351627791815
848.0,0.10423725131655767
849.0,0.10466373167808175
850.0,0.10502466690771772
851.0,0.10534908752084005
852.0,0.10597647238247294
853.0,0.10684954684732172
854.0,0.10701180718903351
855.0,0.10736234954317242
856.0,0.10790020868155958
857.0,0.10834931400368383
858.0,0.10848268319031126
859.0,0.10890998891945873
860.0,0.10960401355630947
861.0,0.11019490771130781
862.0,0.1106257098068501
863.0,0.11108286658287549
864.0,0.11165765231303051
865.0,0.11229877815422824
866.0,0.1126854022306592
867.0,0.11290160233568292
868.0,0.11313600475015144
869.0,0.1136099831238872
870.0,0.11435412186686111
871.0,0.11513439381961345
872.0,0.11570366253195254
873.0,0.11593043326906313
874.0,0.1164155505018554
875.0,0.11703011507745903
876.0,0.11744874293921001
877.0,0.11779455097099509
878.0,0.11845837289240298
879.0,0.11916168813847978
880.0,0.11938000601226481
881.0,0.11998283776195076
882.0,0.12048145104141786
883.0,0.1207908533553518
884.0,0.1213140748714339
885.0,0.12198256529059157
886.0,0.12260798155792221
887.0,0.12312467099718201
888.0,0.12368440549008938
889.0,0.12416536176341565
890.0,0.12477737668618827
891.0,0.1255669899601397
892.0,0.12603905168168503
893.0,0.12630084777785555
894.0,0.12673714245166912
895.0,0.12757909223053315
896.0,0.12818610717485804
897.0,0.128665205013227
898.0,0.12916957462279013
899.0,0.12980105448767712
900.0,0.13021861716248254
901.0,0.13084715248696224
902.0,0.13164315691235212
903.0,0.13221588357084776
904.0,0.13247852771402108
905.0,0.1329749637538239
906.0,0.13371733387349127
907.0,0.134169311208514
908.0,0.1348221350316747
909.0,0.1355366163847021
910.0,0.13612852475001522
911.0,0.13650976738424733
912.0,0.13705984064165502
913.0,0.1377112747957578
914.0,0.1382978768742642
915.0,0.1386707187468131
916.0,0.13918003423959993
917.0,0.13979612508818273
918.0,0.14041533688420016
919.0,0.14106337303567265
920.0,0.14152990986670438
921.0,0.142226850669499
922.0,0.14331806932375102
923.0,0.14331668220049568
924.0,0.14366993379353396
925.0,0.14447367079054382
926.0,0.14524098062781565
927.0,0.14599105925060551
928.0,0.146601754469186
929.0,0.14705430184869955
930.0,0.14749494410886488
931.0,0.1485848594909953
932.0,0.14950546943793297
933.0,0.1499617788832298
934.0,0.15020584777629256
935.0,0.15076738982871654
936.0,0.15167988527229323
937.0,0.15257867730269095
938.0,0.1529809031423933
939.0,0.1540617478163789
940.0,0.15487934541558274
941.0,0.15521453978486444
942.0,0.1558119408573929
943.0,0.1562793993269574
944.0,0.1567735949241372
945.0,0.1572935132845738
946.0,0.1576087832537588
947.0,0.1582502849382278
948.0,0.15953038787701784
949.0,0.16095053440479073
950.0,0.16113786070006933
951.0,0.1614996942294324
952.0,0.16202966360599297
953.0,0.16254563208911907
954.0,0.16303855720938365
955.0,0.1638156718164412
956.0,0.16485423434744556
957.0,0.16572221283706923
958.0,0.16552547061722253
959.0,0.1662349842575455
960.0,0.16739295671818247
961.0,0.1681997517088886
962.0,0.16840479896447866
963.0,0.16942381629075676
964.0,0.17054521266883912
965.0,0.17108339584160526
966.0,0.17147530571781663
967.0,0.17262463186619398
968.0,0.17336276143015553
969.0,0.1731856681280117
970.0,0.17388752536222563
971.0,0.17514863074309867
972.0,0.17569362157634397
973.0,0.17549752056417767
974.0,0.1773337744416607
975.0,0.17870220763703845
976.0,0.17910738769670972
977.0,0.17903495201996142
978.0,0.1796980798683451
979.0,0.1802347579590564
980.0,0.18094138075793456
981.0,0.18205987688390152
982.0,0.18322313241822916
983.0,0.1837746583398184
984.0,0.18436816925722183
985.0,0.18535544248476138
986.0,0.1860242880965574
987.0,0.18610120284782242
988.0,0.18686514921040231
989.0,0.18833172188031036
990.0,0.18826795350256184
991.0,0.18950822716287685
992.0,0.19093749042152466
993.0,0.19134457828487883
994.0,0.19073515364977192
995.0,0.1918078422510927
996.0,0.19333995050621486
997.0,0.19435000857977222
998.0,0.1951392617043394
999.0,0.1959818549677906
1000.0,0.1966608997870713
1001.0,0.20016850600283367
1002.0,0.20097096051250404
1003.0,0.20320559273765157
1004.0,0.20655047717505778
1005.0,0.20904370942448214
1006.0,0.2116011842085872
1007.0,0.21429469930537087
1008.0,0.21197334984962765
1009.0,0.2105810899461313
1010.0,0.21267392246477476
1011.0,0.21408201727951795
1012.0,0.21587669564362136
1013.0,0.21799689180550175
1014.0,0.21920990737566992
1015.0,0.2181025021960176
1016.0,0.21798281295470726
1017.0,0.21873559633831202
1018.0,0.21872194930640707
1019.0,0.21738733498399107
1020.0,0.2188888590939543
1021.0,0.2204361181695738
1022.0,0.2226009384969118
1023.0,0.22425978596598564
1024.0,0.22303594666515722
1025.0,0.2230964704402498
1026.0,0.222139957174839
1027.0,0.2207027837348736
1028.0,0.22217861666540076
1029.0,0.22332388591039906
1030.0,0.22449275760721135
1031.0,0.22569168583089638
1032.0,0.22841713229079816
1033.0,0.2302731749820192
1034.0,0.23053922651960412
1035.0,0.23171000087992513
1036.0,0.2322506623526353
1037.0,0.23095865844591298
1038.0,0.23096683665144474
1039.0,0.23097143759864164
1040.0,0.231442981755632
1041.0,0.23324246400733004
1042.0,0.23475985950151812
1043.0,0.2363364859342305
1044.0,0.23828217600151022
1045.0,0.2395425775187706
1046.0,0.23979872472247357
1047.0,0.24006529156416526
1048.0,0.23963610557374684
1049.0,0.23848593569123486
1050.0,0.23866108182958864
1051.0,0.2405298186290686
1052.0,0.24185538817056051
1053.0,0.24216480426875614
1054.0,0.24304517112693266
1055.0,0.24363900852821876
1056.0,0.24489185271591768
1057.0,0.24627666309840715
1058.0,0.2499782145043077
1059.0,0.2527462554193105
1060.0,0.2536457660130512
1061.0,0.2533549573909155
1062.0,0.2522025887046584
1063.0,0.2512890159123589
1064.0,0.2508479504568854
1065.0,0.25203489620103137
1066.0,0.25312707033377735
1067.0,0.2541302535752414
1068.0,0.25609046063225427
1069.0,0.25710318129245147
1070.0,0.25856655227564734
1071.0,0.25987099611640796
1072.0,0.2612369597165801
1073.0,0.26139008668948405
1074.0,0.26216144481591663
1075.0,0.2632805624858037
1076.0,0.2636487756415869
1077.0,0.26419622728231573
1078.0,0.26573783153830444
1079.0,0.2673906923624709
1080.0,0.2682615344398831
1081.0,0.2688550419070095
1082.0,0.2699652751726383
1083.0,0.2709040266065385
1084.0,0.27156364128557975
1085.0,0.2724899179378646
1086.0,0.27359428078977227
1087.0,0.2745291016642259
1088.0,0.2747999295350229
1089.0,0.2763962786775612
1090.0,0.2787522179164206
1091.0,0.2799301416088408
1092.0,0.2807312317709344
1093.0,0.281753795970155
1094.0,0.2822770073634968
1095.0,0.28263427930523594
1096.0,0.28435982739218973
1097.0,0.2853616078652352
1098.0,0.28537718398585354
1099.0,0.28622023330006846
1100.0,0.28750805340641844
1101.0,0.2882691824122138
1102.0,0.28893921958559565
1103.0,0.29001844821860784
1104.0,0.29089800682885003
1105.0,0.29164039652127655
1106.0,0.29255764201523304
1107.0,0.2946989330662215
1108.0,0.296585106835821
1109.0,0.29760334033063574
1110.0,0.29825402533116646
1111.0,0.2982050139348302
1112.0,0.29903962207421697
1113.0,0.29962488804362364
1114.0,0.3012615479266904
1115.0,0.3049262563083718
1116.0,0.3063922106367185
1117.0,0.30697423643714156
1118.0,0.3079440977110791
1119.0,0.30831666458645257
1120.0,0.3079311299795008
1121.0,0.3089480761240853
1122.0,0.31023783688331585
1123.0,0.31144506638021635
1124.0,0.3129299992715879
1125.0,0.31427235749647603
1126.0,0.31518454898439846
1127.0,0.31609534939954936
1128.0,0.3166557700988698
1129.0,0.31743985998820956
1130.0,0.31813874530095854
1131.0,0.31920104472240296
1132.0,0.32016629163238786
1133.0,0.32128101280375937
1134.0,0.3230818535601743
1135.0,0.3244533312604781
1136.0,0.3247794606754879
1137.0,0.32596409943986243
1138.0,0.32618560397451124
1139.0,0.32665057623831933
1140.0,0.32819930668507646
1141.0,0.3286554241904792
1142.0,0.329547623818295
1143.0,0.3306893772672804
1144.0,0.3318563482108789
1145.0,0.33289763504939773
1146.0,0.3342924228319703
1147.0,0.33636574472278913
1148.0,0.3376110176933747
1149.0,0.33827600754291637
1150.0,0.33956872895674844
1151.0,0.34087036366860923
1152.0,0.3412163652228134
1153.0,0.34227838217525774
1154.0,0.34291686524312653
1155.0,0.34293705621364207
1156.0,0.3439039367377534
1157.0,0.34478430099937646
1158.0,0.34575749086079516
1159.0,0.3469677372523393
1160.0,0.34873482370376624
1161.0,0.3498045954831208
1162.0,0.35070710124611676
1163.0,0.3517782396795817
1164.0,0.3523369374172498
1165.0,0.35327174960895674
1166.0,0.3548121248697
1167.0,0.35597750340585527
1168.0,0.3566000405285674
1169.0,0.357349689568808
1170.0,0.3578434144100582
1171.0,0.35882484121100866
1172.0,0.36005548312557245
1173.0,0.36196576689156323
1174.0,0.36331993716314753
1175.0,0.3647242072505943
1176.0,0.36583628880619357
1177.0,0.3666283659175548
1178.0,0.36746407636072276
1179.0,0.3678825703003138
1180.0,0.36882871588100125
1181.0,0.37002823373931
1182.0,0.3713395479050943
1183.0,0.3722709167947796
1184.0,0.3735435088623667
1185.0,0.37493897826441086
1186.0,0.3760492431423228
1187.0,0.376874775837616
1188.0,0.37761694074334207
1189.0,0.3787383116454367
1190.0,0.37933799039452076
1191.0,0.38054507342135624
1192.0,0.3829015375361009
1193.0,0.3843687693448448
1194.0,0.385523586325767
1195.0,0.38661297220903984
1196.0,0.3872649810988345
1197.0,0.38815526344445467
1198.0,0.3891333893007643
1199.0,0.3898523423607852
1200.0,0.3909569362591372
1201.0,0.39234648731260996
1202.0,0.3934073769551977
1203.0,0.3944965006217959
1204.0,0.3954646787638181
1205.0,0.39621746961999393
1206.0,0.3970252696546287
1207.0,0.39778268634609565
1208.0,0.3986596981280984
1209.0,0.39934555614634015
1210.0,0.4003939512656067
1211.0,0.4019774703843899
1212.0,0.4031083547983362
1213.0,0.4042374247168346
1214.0,0.4053208855991051
1215.0,0.40623375766472314
1216.0,0.40674945104292654
1217.0,0.40795069355302915
1218.0,0.4092852768989312
1219.0,0.4105128991882907
1220.0,0.41191882641937244
1221.0,0.4131295725002862
1222.0,0.4143427100431191
1223.0,0.4152774638574386
1224.0,0.4157807647080485
1225.0,0.41687072081824533
1226.0,0.41812081998317524
1227.0,0.4191601501907974
1228.0,0.42053836372321035
1229.0,0.42174732445360613
1230.0,0.4224847148704991
1231.0,0.4235275759061348
1232.0,0.42484630047247773
1233.0,0.42606572786797214
1234.0,0.42732312317448606
1235.0,0.4287517114976838
1236.0,0.4301238885264491
1237.0,0.4316232147288215
1238.0,0.43297871479053074
1239.0,0.4343991236717856
1240.0,0.43542768485132954
1241.0,0.43633799960645236
1242.0,0.43701110737137006
1243.0,0.4370238350836697
1244.0,0.4376799795418477
1245.0,0.4384480876927841
1246.0,0.43931207883537327
1247.0,0.4404112817181649
1248.0,0.44168554970229673
1249.0,0.4432175022314853
1250.0,0.444557119670601
1251.0,0.44617188388968865
1252.0,0.447553363717995
1253.0,0.4487431136199772
1254.0,0.4494774458141156
1255.0,0.4507616385479534
1256.0,0.452216459351548
1257.0,0.45353242846073766
1258.0,0.4551710591038639
1259.0,0.45635832926690423
1260.0,0.4571004452355373
1261.0,0.4581058106950011
1262.0,0.45923521842669024
1263.0,0.4601030788856819
1264.0,0.46056059854062076
1265.0,0.4616127638872998
1266.0,0.46269101130480833
1267.0,0.46394264756237896
1268.0,0.4659618997437082
1269.0,0.46776640879973724
1270.0,0.46892739449531173
1271.0,0.4695610819863006
1272.0,0.4707103908854517
1273.0,0.47171156243971113
1274.0,0.47268497482579297
1275.0,0.47393814001263285
1276.0,0.4750298144271652
1277.0,0.4756805644554426
1278.0,0.4766922758220436
1279.0,0.4781166470997215
1280.0,0.47926707936958685
1281.0,0.4804720372546671
1282.0,0.4814057547310572
1283.0,0.48175976253760316
1284.0,0.4827465795924083
1285.0,0.48419085540000817
1286.0,0.4851960559889014
1287.0,0.4862074131877713
1288.0,0.48740276958251844
1289.0,0.48858347711443734
1290.0,0.48943162107641874
1291.0,0.49036905760540744
1292.0,0.4915777389931902
1293.0,0.492726770857484
1294.0,0.4934861241596952
1295.0,0.49465244677201053
1296.0,0.4965272796675408
1297.0,0.49765926913957304
1298.0,0.4982410518605216
1299.0,0.4992820431225166
1300.0,0.5003961294044146
1301.0,0.5013025749825649
1302.0,0.5022977170769074
1303.0,0.5033435458376864
1304.0,0.5039681274564333
1305.0,0.5049373627767635
1306.0,0.5061170138554624
1307.0,0.5076952965474083
1308.0,0.509054935651034
1309.0,0.5103480348199592
1310.0,0.5119810642624735
1311.0,0.5139356947923522
1312.0,0.5154437567648192
1313.0,0.517112092562758
1314.0,0.5184007720229846
1315.0,0.5192227278074918
1316.0,0.5201288581266186
1317.0,0.5207574976641435
1318.0,0.5217730142817505
1319.0,0.5230403581332664
1320.0,0.5240083664271324
1321.0,0.5248323019021719
1322.0,0.5260284297134998
1323.0,0.5271117902295729
1324.0,0.5283525148214285
1325.0,0.5303630322679205
1326.0,0.5319046277101664
1327.0,0.533245210361949
1328.0,0.5342990588319942
1329.0,0.5354323736717235
1330.0,0.5364534747590762
1331.0,0.537402695531824
1332.0,0.5381654508228417
1333.0,0.539215989965985
1334.0,0.5402780573045545
1335.0,0.5413748448197372
1336.0,0.5427037808072981
1337.0,0.5439541111028425
1338.0,0.5451570058245404
1339.0,0.5462933935714928
1340.0,0.5475906862662081
1341.0,0.5486226566244272
1342.0,0.5491590502205651
1343.0,0.5501509172020711
1344.0,0.5511943653621514
1345.0,0.5523706496568936
1346.0,0.5540357998566211
1347.0,0.5555113873467383
1348.0,0.5567658877807509
1349.0,0.5578824437093194
1350.0,0.5590747791821004
1351.0,0.560036058483413
1352.0,0.5612906862424999
1353.0,0.5628462249058444
1354.0,0.5640455607060623
1355.0,0.5649880536644165
1356.0,0.5663200764927439
1357.0,0.5677286337250637
1358.0,0.5690810818300713
1359.0,0.5709207708851115
1360.0,0.5722249742742793
1361.0,0.5729841289688306
1362.0,0.5740120191750168
1363.0,0.5748889187606807
1364.0,0.5759116219711813
1365.0,0.577269757612758
1366.0,0.5783559331086279
1367.0,0.579121620180247
1368.0,0.5803201300974253
1369.0,0.5811959360664454
1370.0,0.5817960184999653
1371.0,0.582687671228289
1372.0,0.5836512702696239
1373.0,0.5846210089718916
1374.0,0.5857755168631584
1375.0,0.5867303869842627
1376.0,0.5873985944679565
1377.0,0.5885567678985124
1378.0,0.5898351734179034
1379.0,0.5912366661758611
1380.0,0.5933103515363053
1381.0,0.5947117841330518
1382.0,0.5958070090631226
1383.0,0.5968930615947682
1384.0,0.5975027844240404
1385.0,0.5984515184919034
1386.0,0.5995422344988126
1387.0,0.6006388024097299
1388.0,0.6020663063000116
1389.0,0.6031579269823534
1390.0,0.6040574718495932
1391.0,0.604948410619016
1392.0,0.6058371024870021
1393.0,0.6065598034259535
1394.0,0.607317776977242
1395.0,0.6081834395001433
1396.0,0.6089294284559457
1397.0,0.6093565190500142
1398.0,0.6102346967513593
1399.0,0.6112581249468387
1400.0,0.6124287726471888
1401.0,0.6140520949380062
1402.0,0.6152771584905327
1403.0,0.6164334891097006
1404.0,0.6175091504371493
1405.0,0.6182944698620475
1406.0,0.6192579172624619
1407.0,0.6203397599524227
1408.0,0.6213497978706364
1409.0,0.6223984365222619
1410.0,0.6233813045419501
1411.0,0.6243224598137885
1412.0,0.6251899532541957
1413.0,0.6259338979830044
1414.0,0.6267042350949217
1415.0,0.6275572989443602
1416.0,0.6286141079555887
1417.0,0.629607252733489
1418.0,0.6307939081655043
1419.0,0.6317418775005074
1420.0,0.632456787154722
1421.0,0.633529336901829
1422.0,0.6347027496285141
1423.0,0.6358394454724973
1424.0,0.6371690988010534
1425.0,0.6383789409419998
1426.0,0.6394601790990836
1427.0,0.6406464399264344
1428.0,0.6420728502696721
1429.0,0.6431687656093271
1430.0,0.6440898454432482
1431.0,0.6449970940852426
1432.0,0.6454886626609948
1433.0,0.6464106309727954
1434.0,0.6476070365850325
1435.0,0.648748371891614
1436.0,0.6501463194309415
1437.0,0.6514103162017424
1438.0,0.6525830387259018
1439.0,0.6537335595895326
1440.0,0.6549234917767652
1441.0,0.6558748742332974
1442.0,0.6566571521394806
1443.0,0.6575051555789385
1444.0,0.658502123183307
1445.0,0.6595851725935343
1446.0,0.6605834590257378
1447.0,0.6616571463747637
1448.0,0.6627096728235033
1449.0,0.6635192372907096
1450.0,0.6647183919437698
1451.0,0.6662724197445211
1452.0,0.6676042547149098
1453.0,0.6692989290910379
1454.0,0.6702832507133176
1455.0,0.6705980174957431
1456.0,0.6713926587508305
1457.0,0.671965124880072
1458.0,0.6727644520081312
1459.0,0.6740069176990374
1460.0,0.6750782885924552
1461.0,0.6759438118214112
1462.0,0.6770318146363581
1463.0,0.6782951247713436
1464.0,0.6795434033658745
1465.0,0.6808028083127619
1466.0,0.6821660196099266
1467.0,0.6836404007433662
1468.0,0.6851418631080191
1469.0,0.6864907430374334
1470.0,0.6878189009695521
1471.0,0.6891493836859169
1472.0,0.690350118783726
1473.0,0.6915222967178807
1474.0,0.6928613889638551
1475.0,0.6937885217590727
1476.0,0.6942831793755725
1477.0,0.695300191199737
1478.0,0.6963215813939126
1479.0,0.6974416838019277
1480.0,0.6988900807813595
1481.0,0.7001398513223756
1482.0,0.7012010408292483
1483.0,0.7025310833365933
1484.0,0.704209816875285
1485.0,0.7054706470587887
1486.0,0.7067261512911561
1487.0,0.7077383511348281
1488.0,0.7081707568012189
1489.0,0.709057881497534
1490.0,0.7099940755015113
1491.0,0.7110970690772159
1492.0,0.7127402407540714
1493.0,0.7138988665214594
1494.0,0.7146467722508051
1495.0,0.7157909242047616
1496.0,0.7168485911656919
1497.0,0.7180509621940401
1498.0,0.7198915608718146
1499.0,0.7212993801826894
1500.0,0.7224214025599668
1501.0,0.7235342497726719
1502.0,0.7246181283666331
1503.0,0.7255336700874876
1504.0,0.7266687134819281
1505.0,0.7279605484322681
1506.0,0.7291087007154682
1507.0,0.730338600805229
1508.0,0.7313386308247904
1509.0,0.7321099840958697
1510.0,0.7330820999341212
1511.0,0.733892649727662
1512.0,0.7350536264977303
1513.0,0.7366473737466109
1514.0,0.7377929729662429
1515.0,0.7388979496851678
1516.0,0.7399804041607287
1517.0,0.7407304394740948
1518.0,0.741779533663156
1519.0,0.7432145957649795
1520.0,0.7441930795648953
1521.0,0.7447482500076971
1522.0,0.7457978464438468
1523.0,0.7468506229458088
1524.0,0.7480225012012095
1525.0,0.749912496950801
1526.0,0.7511490964655716
1527.0,0.751862809266429
1528.0,0.7528293263531631
1529.0,0.753504916627969
1530.0,0.7545011408532112
1531.0,0.755870453442092
1532.0,0.7571047232750643
1533.0,0.7585621554549494
1534.0,0.7597458368116285
1535.0,0.7605565144499862
1536.0,0.7616293386310242
1537.0,0.7626847976752167
1538.0,0.7637299011017864
1539.0,0.7652437217793024
1540.0,0.7667839219587503
1541.0,0.7680995278852556
1542.0,0.7694079977753662
1543.0,0.770609473263479
1544.0,0.7716615607699296
1545.0,0.7726406481389074
1546.0,0.7734415833893644
1547.0,0.7745984567113603
1548.0,0.7756860236797807
1549.0,0.7771020562969796
1550.0,0.7790688709694551
1551.0,0.780516062812791
1552.0,0.7819067402807455
1553.0,0.7831236871905176
1554.0,0.7840561345505466
1555.0,0.7851209579911428
1556.0,0.786030409828723
1557.0,0.7872072014479836
1558.0,0.7886776380448438
1559.0,0.7897740794231889
1560.0,0.7907939040332319
1561.0,0.791887892973469
1562.0,0.7928109404134662
1563.0,0.7937107510597367
1564.0,0.7946185506256096
1565.0,0.7956910751843519
1566.0,0.7967032834412971
1567.0,0.7977480832112857
1568.0,0.7992057409898746
1569.0,0.800255205113468
1570.0,0.8008043056743406
1571.0,0.8017576244574065
1572.0,0.8028669430896362
1573.0,0.8038388209356265
1574.0,0.8048822520367179
1575.0,0.8059973258645187
1576.0,0.8069840698413703
1577.0,0.8080638025908455
1578.0,0.8093887800522949
1579.0,0.8106084651863108
1580.0,0.811772112230962
1581.0,0.8128998857355383
1582.0,0.8139946779597249
1583.0,0.8151118827971524
1584.0,0.8161519764731137
1585.0,0.817249036103384
1586.0,0.8183145533028802
1587.0,0.819538453873442
1588.0,0.8210441363432521
1589.0,0.822313011969484
1590.0,0.823522281239686
1591.0,0.824811151090917
1592.0,0.8258580980567624
1593.0,0.8266458531215481
1594.0,0.827505274933213
1595.0,0.8282610084671669
1596.0,0.82925401051479
1597.0,0.8302343570597583
1598.0,0.8313714926895974
1599.0,0.8328211011472644
1600.0,0.8339349509599203
1601.0,0.8349192624625137
1602.0,0.8360135487878326
1603.0,0.8370417344749156
1604.0,0.8381100645701056
1605.0,0.8393038820253241
1606.0,0.8403450647452807
1607.0,0.8411982964772496
1608.0,0.8423154724026726
1609.0,0.8435451252535888
1610.0,0.8446948324906065
1611.0,0.8460559032860814
1612.0,0.8470688005371321
1613.0,0.8477044076638512
1614.0,0.8487487016874584
1615.0,0.8498356882252979
1616.0,0.8509528213394472
1617.0,0.8523997646565654
1618.0,0.8535338324764601
1619.0,0.8544342083069756
1620.0,0.855469020778592
1621.0,0.856601082982158
1622.0,0.8574792264793059
1623.0,0.8581580538472642
1624.0,0.859041982601139
1625.0,0.8598117430986121
1626.0,0.8607125741431261
1627.0,0.8618803302327925
1628.0,0.8629028426254837
1629.0,0.8638582998883718
1630.0,0.8648060317692388
1631.0,0.8658760763959924
1632.0,0.8666731385089439
1633.0,0.8671722872610427
1634.0,0.8678995385848428
1635.0,0.8685335373895818
1636.0,0.8693180149147234
1637.0,0.8703652744488485
1638.0,0.8712582070278352
1639.0,0.8720052054600139
1640.0,0.8729618966443253
1641.0,0.8740299942325871
1642.0,0.8750872358394876
1643.0,0.8764305612302863
1644.0,0.8773906927485247
1645.0,0.8781432759657813
1646.0,0.8788553550812039
1647.0,0.879110448339541
1648.0,0.8798841020828587
1649.0,0.8810239893532154
1650.0,0.8819144522146182
1651.0,0.8830298155693648
1652.0,0.8838951444622394
1653.0,0.8843036874112389
1654.0,0.8850543437921351
1655.0,0.8860860312944643
1656.0,0.8868712935967601
1657.0,0.8876721748655435
1658.0,0.8883247741958816
1659.0,0.8884560931523567
1660.0,0.8891717676719155
1661.0,0.8902650272737095
1662.0,0.8912534340714163
1663.0,0.8924716004838357
1664.0,0.893662931259521
1665.0,0.8948792170249111
1666.0,0.8958815387456881
1667.0,0.8970609110291979
1668.0,0.8979142022789292
1669.0,0.89806274018009
1670.0,0.8987511228106435
1671.0,0.8994993596187278
1672.0,0.9004098602763961
1673.0,0.9017577146377455
1674.0,0.9029734021857879
1675.0,0.9042584528541189
1676.0,0.9055003581771601
1677.0,0.9067546047649402
1678.0,0.9079922240993594
1679.0,0.9090447369686141
1680.0,0.9102594847585456
1681.0,0.9114240435071449
1682.0,0.912802568253746
1683.0,0.9148233429170335
1684.0,0.9162472581938084
1685.0,0.9172998898359157
1686.0,0.9185458872999017
1687.0,0.9196963254725976
1688.0,0.920496296860051
1689.0,0.9212425244905751
1690.0,0.9221094135588263
1691.0,0.922544571570133
1692.0,0.9232023747807726
1693.0,0.9240518431376501
1694.0,0.9250964467510572
1695.0,0.926276399866065
1696.0,0.9273787919056066
1697.0,0.928957256720212
1698.0,0.9300854977562021
1699.0,0.930634246908372
1700.0,0.9315181611339245
1701.0,0.9323603983304997
1702.0,0.9333636438779498
1703.0,0.9347301514892831
1704.0,0.9357651205924349
1705.0,0.9366016978082761
1706.0,0.9375253442634321
1707.0,0.9383809241337218
1708.0,0.9393319533970024
1709.0,0.9406233835990309
1710.0,0.9414987234468524
1711.0,0.9419011432934108
1712.0,0.9426484735806308
1713.0,0.9432538629241668
1714.0,0.944139683445335
1715.0,0.9456137253029532
1716.0,0.9465884749105894
1717.0,0.9473101521217198
1718.0,0.9482205802226538
1719.0,0.9488781164926442
1720.0,0.9497881597994963
1721.0,0.9511239630259413
1722.0,0.9522166825624842
1723.0,0.9532914824176969
1724.0,0.9542177494072159
1725.0,0.9547534819440282
1726.0,0.9557608515004974
1727.0,0.9570923720817269
1728.0,0.9580465477018769
1729.0,0.9593295045204501
1730.0,0.9601160075194883
1731.0,0.9600648755645441
1732.0,0.9607054419528704
1733.0,0.9614392899683717
1734.0,0.962450685026011
1735.0,0.964118819128192
1736.0,0.9651104075774447
1737.0,0.9659489147224241
1738.0,0.9665573322206897
1739.0,0.9664672067608201
1740.0,0.9671049731038188
1741.0,0.9680854568689188
1742.0,0.9690455568712326
1743.0,0.9705414508747116
1744.0,0.9713968344651198
1745.0,0.9717988049519084
1746.0,0.9724205548563325
1747.0,0.9727082004955451
1748.0,0.9733394738192873
1749.0,0.9743676047098133
1750.0,0.9750985562710495
1751.0,0.9757596552243851
1752.0,0.9766594136376295
1753.0,0.9775081048803405
1754.0,0.9786632143761425
1755.0,0.9801453706133573
1756.0,0.9809969770715723
1757.0,0.9810348721605635
1758.0,0.9810210979564811
1759.0,0.9808507189057891
1760.0,0.9813603434703786
1761.0,0.9823165368708342
1762.0,0.9833311049522574
1763.0,0.9843978808553135
1764.0,0.9850330536060394
1765.0,0.9864006659607145
1766.0,0.9877591523056829
1767.0,0.9889929839727241
1768.0,0.9905131253005001
1769.0,0.9907489647749784
1770.0,0.9907740956642255
1771.0,0.9909633156031044
1772.0,0.9908235588629472
1773.0,0.9916868437922454
1774.0,0.993053218822193
1775.0,0.9942469379144245
1776.0,0.995776402498761
1777.0,0.9968996520837078
1778.0,0.9979630525113894
1779.0,0.9988369608570887
1780.0,0.999187472243845
1781.0,0.9998394766558509
1782.0,1.000640035326496
1783.0,1.0017393151906353
1784.0,1.0026402666288277
1785.0,1.0034086586265358
1786.0,1.003950211527879
1787.0,1.003512158862093
1788.0,1.0037278239182814
1789.0,1.0046532349658526
1790.0,1.0059979396795529
1791.0,1.00749563899383
1792.0,1.0097438285549956
1793.0,1.0108736625673251
1794.0,1.0112210525362282
1795.0,1.0120221299057495
1796.0,1.0124647670686018
1797.0,1.0135569387371202
1798.0,1.0152908909458034
1799.0,1.0163170797540382
1800.0,1.0174886183212055
1801.0,1.015619678101051
1802.0,1.0155266039505828
1803.0,1.0167448114774948
1804.0,1.017708514596475
1805.0,1.0180692231467539
1806.0,1.018856285156906
1807.0,1.020559863549086
1808.0,1.0214028207176196
1809.0,1.0217259850296665
1810.0,1.0222304327578489
1811.0,1.022625332340209
1812.0,1.022546287835338
1813.0,1.0233819096029464
1814.0,1.0257472576067648
1815.0,1.027824919571149
1816.0,1.0318655159734307
1817.0,1.033186957787725
1818.0,1.0334977341413303
1819.0,1.033457109728437
1820.0,1.0309211033267813
1821.0,1.030448317809687
1822.0,1.0309088774082933
1823.0,1.0312671692507502
1824.0,1.03147571833799
1825.0,1.0327325823768043
1826.0,1.033793695485749
1827.0,1.0345898393305868
1828.0,1.035765163578138
1829.0,1.0375312356261475
1830.0,1.039333168373003
1831.0,1.0414442831962862
1832.0,1.042914098485252
1833.0,1.0452068195981652
1834.0,1.046647209279908
1835.0,1.0477701948512488
1836.0,1.0481648902459395
1837.0,1.0488001237096387
1838.0,1.049496338731228
1839.0,1.049721091406469
1840.0,1.0489380728354851
1841.0,1.0499357997798255
1842.0,1.0501121897250631
1843.0,1.049813899870398
1844.0,1.0512452939521182
1845.0,1.051964164136948
1846.0,1.0529574753464275
1847.0,1.0549332133234803
1848.0,1.0555821577366207
1849.0,1.0549200807018637
1850.0,1.055383312883855
1851.0,1.0560093186375998
1852.0,1.0561969791275512
1853.0,1.0567626660682132
1854.0,1.0584675090332643
1855.0,1.0592311231254097
1856.0,1.0605364441080418
1857.0,1.0612495793495398
1858.0,1.0617973979852706
1859.0,1.0623935149000623
1860.0,1.0630902358750174
1861.0,1.0624174898291274
1862.0,1.0623999551222745
1863.0,1.0632432403322727
1864.0,1.0637549620667215
1865.0,1.064206901206509
1866.0,1.0642093018069128
1867.0,1.0632217346453954
1868.0,1.0632172970494274
1869.0,1.0630236386668073
1870.0,1.0635611547174875
1871.0,1.0650342339053023
1872.0,1.0667512362431815
1873.0,1.0677952585963177
1874.0,1.067830287498526
1875.0,1.0663033059863887
1876.0,1.064480389486893
1877.0,1.063743473556553
1878.0,1.061877268050812
1879.0,1.0605345871266283
1880.0,1.0603186971496863
1881.0,1.0596874212468097
1882.0,1.0584982449924965
1883.0,1.0577694938127349
1884.0,1.0574273046400884
1885.0,1.055473454663286
1886.0,1.0535816925758694
1887.0,1.0518203213669755
1888.0,1.049037039461157
1889.0,1.0466190188394089
1890.0,1.043796208818429
1891.0,1.0405153209581945
1892.0,1.036864701899637
1893.0,1.0337984286744415
1894.0,1.0301535407928548
1895.0,1.0270488790277257
1896.0,1.0242156055068408
1897.0,1.0199659741842082
1898.0,1.0167146765218953
1899.0,1.0135330351595924
1900.0,1.0079850313486407
1901.0,1.0035779117634698
1902.0,0.9994936573116022
1903.0,0.9956478594980531
1904.0,0.9921831400899982
1905.0,0.9899225537520487
1906.0,0.9866714578733254
1907.0,0.9833031047564273
1908.0,0.979777591953644
1909.0,0.9767597195876094
1910.0,0.9751307808648524
1911.0,0.9745964185175775
1912.0,0.974670715185909
1913.0,0.9743191160850356
1914.0,0.9742973115493443
1915.0,0.9735312201189019
1916.0,0.9728094932236785
1917.0,0.972705027760038
1918.0,0.9721819476664285
1919.0,0.9728885977242785
1920.0,0.9748715987330593
1921.0,0.9753077111772118
1922.0,0.9752339349243287
1923.0,0.9768500619558237
1924.0,0.9776636006328178
1925.0,0.9775549805129085
1926.0,0.9777904299120097
1927.0,0.9797932507692209
1928.0,0.9800575393488475
1929.0,0.980327073032321
1930.0,0.9822596539599584
1931.0,0.9833104504121941
1932.0,0.9842793491300955
1933.0,0.9857837583900309
1934.0,0.9861070004534177
1935.0,0.9872332685260209
1936.0,0.9888622117274498
1937.0,0.9900681028090512
1938.0,0.9912181087783978
1939.0,0.9928913522605528
1940.0,0.9941452754667265
1941.0,0.995462722356061
1942.0,0.9977087750927834
1943.0,0.9994726942286717
1944.0,1.0006937725837917
1945.0,1.0020191073734195
1946.0,1.001582053926638
1947.0,1.0009109872391202
1948.0,1.0015127061515618
1949.0,1.0024815333068322
1950.0,1.003385295454631
1951.0,1.0060039276757025
1952.0,1.0093709710614023
1953.0,1.0109698413370407
1954.0,1.012041213559758
1955.0,1.0127248667300266
1956.0,1.0134172563964323
1957.0,1.015444484145395
1958.0,1.017663171784865
1959.0,1.019012952731235
1960.0,1.0200267138045491
1961.0,1.0207729216859474
1962.0,1.0205292323982733
1963.0,1.0210349388573028
1964.0,1.0222185657128566
1965.0,1.0239440669564701
1966.0,1.0262721452422805
1967.0,1.0284019420007504
1968.0,1.030387759812775
1969.0,1.0326623283153085
1970.0,1.0340846960843402
1971.0,1.0345610751934189
1972.0,1.0350525480740507
1973.0,1.0341796885748207
1974.0,1.034778558151958
1975.0,1.036135046214127
1976.0,1.0371658488075197
1977.0,1.037942018819456
1978.0,1.0405292362698249
1979.0,1.0424620855375908
1980.0,1.0446476413436994
1981.0,1.0471841466388772
1982.0,1.047376347996078
1983.0,1.0477616224127788
1984.0,1.0488859905178123
1985.0,1.050458179398923
1986.0,1.0540615406020595
1987.0,1.0558654064068358
1988.0,1.0574076918557556
1989.0,1.0576033551589326
1990.0,1.0574226902589254
1991.0,1.0584227927730565
1992.0,1.0597719658827904
1993.0,1.0617104584093005
1994.0,1.0644412427035197
1995.0,1.0651194517540719
1996.0,1.0663029617331112
1997.0,1.0678645898198338
1998.0,1.0686906557133908
1999.0,1.0686507542016925
2000.0,1.0695422980143954
2001.0,1.0700708305283033
2002.0,1.0714407869433449
2003.0,1.0738834864137035
2004.0,1.0755589892351463
2005.0,1.0772915006637542
2006.0,1.0780070554846375
2007.0,1.079206080848236
2008.0,1.08141972800262
2009.0,1.082788998883609
2010.0,1.0840753903263383
2011.0,1.0858930161141729
2012.0,1.0871595232893068
2013.0,1.0888734742330095
2014.0,1.091617526401164
2015.0,1.093962504588578
2016.0,1.095421627431082
2017.0,1.0971255577207066
2018.0,1.0982740433323999
2019.0,1.100270663936246
2020.0,1.1018231689380549
2021.0,1.1031111854450923
2022.0,1.1042704697401848
2023.0,1.1055289009684093
2024.0,1.1070203016145874
2025.0,1.1088436247590656
2026.0,1.1103105957397577
2027.0,1.1117787472615293
2028.0,1.1128282329361825
2029.0,1.1136548236585866
2030.0,1.1142715623033286
2031.0,1.1144720220262603
2032.0,1.1165826908826937
2033.0,1.1183161411656701
2034.0,1.1194395878217183
2035.0,1.1197545594013143
2036.0,1.1200877533562033
2037.0,1.1212358057377183
2038.0,1.1228105833999826
2039.0,1.1240427404778774
2040.0,1.126287454464427
2041.0,1.1273271084354128
2042.0,1.1267880896026587
2043.0,1.1267946734047638
2044.0,1.1266508070955983
2045.0,1.127208297246411
2046.0,1.1267512915388558
2047.0,1.128629117264875
2048.0,1.1303373108943289
2049.0,1.130422057173712
2050.0,1.1318389341699064
2051.0,1.1337209209609176
2052.0,1.135062847893142
2053.0,1.1363551599611972
2054.0,1.1377800860335094
2055.0,1.139013878834592
2056.0,1.1402322350740461
2057.0,1.1425060013007677
2058.0,1.1434175807794458
2059.0,1.1435218202206288
2060.0,1.1429812899798628
2061.0,1.142618822659556
2062.0,1.1414786122242426
2063.0,1.1427551601132562
2064.0,1.1443343719870789
2065.0,1.1453933306161996
2066.0,1.1482741784676214
2067.0,1.149844332919975
2068.0,1.1510778189716142
2069.0,1.1520998825915545
2070.0,1.1525707301260657
2071.0,1.1529713014914804
2072.0,1.1524835304758598
2073.0,1.152826296707925
2074.0,1.1537925722357714
2075.0,1.1540977449447745
2076.0,1.15513202503958
2077.0,1.1573232919354095
2078.0,1.1564440057394603
2079.0,1.156578688638729
2080.0,1.156622815506132
2081.0,1.1561507398676736
2082.0,1.156415254147208
2083.0,1.157674934940122
2084.0,1.1582135327976517
2085.0,1.1582277294890866
2086.0,1.1589262461862246
2087.0,1.1598425069675047
2088.0,1.1610126907274787
2089.0,1.1625390946689518
2090.0,1.1647009060309839
2091.0,1.1659351481734257
2092.0,1.1676418668119573
2093.0,1.1693068082744005
2094.0,1.1690561812926974
2095.0,1.1691579370128713
2096.0,1.1702343970809843
2097.0,1.1707501558825688
2098.0,1.1710842996370796
2099.0,1.1719540258892533
2100.0,1.17264565423071
2101.0,1.1738187737770458
2102.0,1.1760141107758697
2103.0,1.177274724163423
2104.0,1.1784753649851945
2105.0,1.1793048819340721
2106.0,1.1802147699833592
2107.0,1.1793751164583854
2108.0,1.178411694291509
2109.0,1.178577812611369
2110.0,1.178245580909548
2111.0,1.1792117909837587
2112.0,1.1801959251116394
2113.0,1.1808416628467437
2114.0,1.1815211668207364
2115.0,1.181867714066761
2116.0,1.1819759991538354
2117.0,1.1818034091287013
2118.0,1.182027062544597
2119.0,1.181837059275186
2120.0,1.1825950255906763
2121.0,1.1841949702555592
2122.0,1.185842549417079
2123.0,1.1887768811238095
2124.0,1.1898766640468867
2125.0,1.189617635547476
2126.0,1.1908435740927985
2127.0,1.1912074105697241
2128.0,1.1904650682945532
2129.0,1.1912072445932755
2130.0,1.1916869430423123
2131.0,1.1907768307721511
2132.0,1.1893137495823607
2133.0,1.188858077365858
2134.0,1.1888210808102857
2135.0,1.1879836453066057
2136.0,1.1873420508751915
2137.0,1.1871391634191057
2138.0,1.1862049410224236
2139.0,1.18608180009244
2140.0,1.187271076926014
2141.0,1.1872670586747487
2142.0,1.1868472566061303
2143.0,1.1863255828590564
2144.0,1.1855034511143863
2145.0,1.1852920862529228
2146.0,1.184561271543353
2147.0,1.1846713225397176
2148.0,1.184788327499888
2149.0,1.184364412636168
2150.0,1.185245297502306
2151.0,1.1850169341421055
2152.0,1.1848994748563164
2153.0,1.1845383532212737
2154.0,1.1846269020563696
2155.0,1.1842665235254508
2156.0,1.1851468895566277
2157.0,1.1878220428137023
2158.0,1.1881750362547037
2159.0,1.1875617649561911
2160.0,1.187488647286822
2161.0,1.1862557233515858
2162.0,1.1859549761324586
2163.0,1.1861168456672606
2164.0,1.1876704641170535
2165.0,1.1905187477356851
2166.0,1.1893602129336167
2167.0,1.1876873548023872
2168.0,1.1870834563286394
2169.0,1.1844303928036153
2170.0,1.18307637143618
2171.0,1.1825763696398137
2172.0,1.1838910331822432
2173.0,1.184116783183091
2174.0,1.1838961785340236
2175.0,1.184411243788178
2176.0,1.1851953108741007
2177.0,1.1867128386722023
2178.0,1.1891914645204709
2179.0,1.1913563656280048
2180.0,1.1948644085087186
2181.0,1.195980677527188
2182.0,1.1962354693610595
2183.0,1.1956358710585064
2184.0,1.1930140313408244
2185.0,1.1902657218249644
2186.0,1.1886569931541457
2187.0,1.1889971183756336
2188.0,1.1902123725582396
2189.0,1.1925012676989248
2190.0,1.194240394299029
2191.0,1.1944898600134832
2192.0,1.1940480359773396
2193.0,1.1922034604292573
2194.0,1.1909039195951905
2195.0,1.189109564110295
2196.0,1.1874692311004058
2197.0,1.1856873449648118
2198.0,1.184548969771464
2199.0,1.1831483140030004
2200.0,1.182612499209386
2201.0,1.182397160112605
2202.0,1.1836525583829165
2203.0,1.1873377850462499
2204.0,1.1881475443632734
2205.0,1.1889158283518027
2206.0,1.1893246497056447
2207.0,1.1856366804346294
2208.0,1.1837083934562984
2209.0,1.184748375798975
2210.0,1.187706657757108
2211.0,1.1930625136816129
2212.0,1.196183267247015
2213.0,1.1948147613837505
2214.0,1.1927358070113996
2215.0,1.1896367664298146
2216.0,1.186567370348823
2217.0,1.1856614550834246
2218.0,1.1870682790699625
2219.0,1.188026816712253
2220.0,1.1899068871966276
2221.0,1.1918166053492094
2222.0,1.1948503037906035
2223.0,1.1962259070102084
2224.0,1.1972477106974142
2225.0,1.1972579051893186
2226.0,1.1961732920799746
2227.0,1.194973558446256
2228.0,1.1929895349378368
2229.0,1.1910405817992489
2230.0,1.1875650286268773
2231.0,1.186699650487073
2232.0,1.188297376034517
2233.0,1.186604578166291
2234.0,1.1880713687132334
2235.0,1.1874882600635344
2236.0,1.183842912869137
2237.0,1.1840756698986927
2238.0,1.1846212328470798
2239.0,1.18613429130915
2240.0,1.1878801436834763
2241.0,1.1909389349265576
2242.0,1.194741621435878
2243.0,1.195749523944195
2244.0,1.1962552838512446
2245.0,1.1955565426394696
2246.0,1.1956856251660302
2247.0,1.194529636279713
2248.0,1.1949777077662669
2249.0,1.1971851979235308
2250.0,1.1989864977361
2251.0,1.2014982298418233
2252.0,1.2020560711608794
2253.0,1.2031369680519826
2254.0,1.2015540341826054
2255.0,1.1946472973097935
2256.0,1.1932197716964559
2257.0,1.1936480412086508
2258.0,1.1932149951137763
2259.0,1.1967618470566226
2260.0,1.196988928203523
2261.0,1.193977336317989
2262.0,1.1918373847688248
2263.0,1.190983955886466
2264.0,1.1918700559398954
2265.0,1.1937208071039291
2266.0,1.1962505615744012
2267.0,1.1962222541338707
2268.0,1.1938211332230357
2269.0,1.1936656020199827
2270.0,1.1932414448073505
2271.0,1.1944565216955272
2272.0,1.196419262025253
2273.0,1.1948065655931035
2274.0,1.1949402272121712
2275.0,1.1962981575167302
2276.0,1.1949259402149373
2277.0,1.1940433361250553
2278.0,1.1937092867800299
2279.0,1.1930876293144284
2280.0,1.19172627225061
2281.0,1.1915445766868265
2282.0,1.1913159840871517
2283.0,1.1914489115311842
2284.0,1.1917227235168706
2285.0,1.1922796484125193
2286.0,1.195512427558361
2287.0,1.1959740516488613
2288.0,1.1945599732037335
2289.0,1.1935473840862145
2290.0,1.1898173624476887
2291.0,1.1895041253238092
2292.0,1.190485129923414
2293.0,1.1930894153142382
2294.0,1.2001154047812523
2295.0,1.2031901669501712
2296.0,1.2072817459108953
2297.0,1.206919874319682
2298.0,1.2039273066974316
2299.0,1.1998893658210028
2300.0,1.1953087225857164
2301.0,1.1944223196033872
2302.0,1.1918576512798325
2303.0,1.1903400456637612
2304.0,1.1911045093213257
2305.0,1.1910732941624218
2306.0,1.1920840810531346
2307.0,1.193866052588761
2308.0,1.1926603647010006
2309.0,1.1891750618661916
2310.0,1.1874140041082453
2311.0,1.1880622117087847
2312.0,1.1909276517257292
2313.0,1.1957138714411535
2314.0,1.1977750186290093
2315.0,1.1952333475521268
2316.0,1.1921248571012029
2317.0,1.1881621489838419
2318.0,1.1871096326208066
2319.0,1.1883963014939898
2320.0,1.1908458189939863
2321.0,1.1972201235577462
2322.0,1.2006261947244412
2323.0,1.2043682318672726
2324.0,1.2068765501953032
2325.0,1.2083923849797158
2326.0,1.208026682026412
2327.0,1.2053653445408312
2328.0,1.2026306959737654
2329.0,1.197742130359508
2330.0,1.1958743202264008
2331.0,1.194176628808407
2332.0,1.1949299320727804
2333.0,1.2006524409703085
2334.0,1.2000054401023923
2335.0,1.1971599809225182
2336.0,1.1967109159101144
2337.0,1.1907128695656317
2338.0,1.1913143367277892
2339.0,1.2000226161680534
2340.0,1.2026560958652956
2341.0,1.2051277588737979
2342.0,1.208449854142563
2343.0,1.210955651948805
2344.0,1.210081695136988
2345.0,1.2067229702561362
2346.0,1.2051491064481874
2347.0,1.2005172681640153
2348.0,1.197129699792623
2349.0,1.202047345715346
2350.0,1.2051965667794136
2351.0,1.2009635354514205
2352.0,1.2048123135475073
2353.0,1.2044778296079328
2354.0,1.2031454384252525
2355.0,1.2035538681055424
2356.0,1.1988582295375516
2357.0,1.1948742962522523
2358.0,1.1911371356897622
2359.0,1.1885797223351862
2360.0,1.1884448932520542
2361.0,1.1889959062502167
2362.0,1.190130512151402
2363.0,1.1968611238891076
2364.0,1.1928570041518545
2365.0,1.1832788312143572
2366.0,1.1817635539727864
2367.0,1.1756544371911997
2368.0,1.175845227836753
2369.0,1.1820482908764682
2370.0,1.1824883517902738
2371.0,1.1883713104094245
2372.0,1.1945015775501346
2373.0,1.1944858727278092
2374.0,1.193062339758365
2375.0,1.1878090366188943
2376.0,1.186002395681022
2377.0,1.1870877778634419
2378.0,1.193862105761622
2379.0,1.2005881265706448
2380.0,1.2044950847132796
2381.0,1.206341287992473
2382.0,1.19519880975347
2383.0,1.185969928498518
2384.0,1.175643786221449
2385.0,1.1681213177062748
2386.0,1.1735001973189756
2387.0,1.1766534831608984
2388.0,1.1831143778428688
2389.0,1.189199921533562
2390.0,1.1892853831688626
2391.0,1.1925242662419808
2392.0,1.192161756544525
2393.0,1.1873452000840972
2394.0,1.1855802204740995
2395.0,1.1804253587094757
2396.0,1.1752432088284495
2397.0,1.1808941786114326
2398.0,1.175146940940613
2399.0,1.1674999375199004
2400.0,1.1644957747121865
2401.0,1.1502278963365893
2402.0,1.1559645602585271
2403.0,1.163049405508148
2404.0,1.159931332501462
2405.0,1.1651866213621538
2406.0,1.1647240522350708
2407.0,1.1595873880434546
2408.0,1.1544980906930191
2409.0,1.1629069761551882
2410.0,1.1647961764030748
2411.0,1.1657928857667372
2412.0,1.1831610282652198
2413.0,1.179461763354526
2414.0,1.167774206176062
2415.0,1.1593267421956879
2416.0,1.143518258702994
2417.0,1.1398504670572995
2418.0,1.1391252118962976
2419.0,1.1485919282797112
2420.0,1.1722029636552553
2421.0,1.1673164070427748
2422.0,1.1627643637521026
2423.0,1.1597124522777427
2424.0,1.1359629490067955
2425.0,1.1356884790772785
2426.0,1.1344973179939493
2427.0,1.115536306829037
2428.0,1.1050629905316451
2429.0,1.0886932027161913
2430.0,1.0800833719880358
2431.0,1.0858439445029462
2432.0,1.0908485885519537
2433.0,1.1134366876209223
2434.0,1.1439654036324016
2435.0,1.1621446718594943
2436.0,1.1728440087294523
2437.0,1.1625749556564737
2438.0,1.1530801750133903
2439.0,1.158060212699438
2440.0,1.156972092969928
2441.0,1.1548706894997256
2442.0,1.1518786248885964
2443.0,1.1404649404747207
2444.0,1.1383997579295593
2445.0,1.1598613212736344
2446.0,1.1615812449224718
2447.0,1.152846596709327
2448.0,1.1466486494908095
2449.0,1.1140342619464965
2450.0,1.0900605112942428
2451.0,1.0877306815153207
2452.0,1.0876476696121251
2453.0,1.0944452806289096
2454.0,1.1024032680211744
2455.0,1.0965835077196002
2456.0,1.0879842635890133
2457.0,1.082887716451137
2458.0,1.090057279894984
2459.0,1.0854295789172639
2460.0,1.0751937620888814
2461.0,1.0787840541299678
2462.0,1.069011311738191
2463.0,1.0687425822464118
2464.0,1.0650462736288444
2465.0,1.05277058870941
2466.0,1.0562270310814146
2467.0,1.0666164989561724
2468.0,1.0911543073425183
2469.0,1.1062412645076343
2470.0,1.1089960460088766
2471.0,1.0978225816590725
2472.0,1.0893917245839648
2473.0,1.0877498822453224
2474.0,1.0821634914484657
2475.0,1.0750746411605048
2476.0,1.0635551800058316
2477.0,1.0385884576661126
2478.0,1.025528321392632
2479.0,1.0099549252731135
2480.0,1.004077744628767
2481.0,1.0178569389922345
2482.0,1.0216053687330933
2483.0,1.024753627082418
2484.0,1.0329547902619
2485.0,1.0372373723950938
2486.0,1.0544264901116058
2487.0,1.0705720335798201
2488.0,1.0980548022885128
2489.0,1.1686259166957775
2490.0,1.1863131054048517
2491.0,1.192593801103064
2492.0,1.1776516480943633
2493.0,1.1032517039897463
2494.0,1.0690765110708071
2495.0,1.04423967595611
2496.0,1.0329214761708052
2497.0,1.0343754510711045
2498.0,1.0346409955552571
2499.0,1.0494402870712816
2500.0,1.035307316672456
