350.0,-0.16036992352878834
351.0,-0.0904721307821843
352.0,-0.021413468299133338
353.0,-0.066008232378266
354.0,-0.06576026572202519
355.0,-0.04420544317424442
356.0,-0.04741433455479399
357.0,-0.04196334817638657
358.0,-0.028525429056254145
359.0,-0.015520257851433076
360.0,-0.010263033854388154
361.0,-0.018947310981809514
362.0,0.0029396581951881434
363.0,0.031272313519848716
364.0,0.02475068797453545
365.0,0.021170190655523384
366.0,0.01324974649327534
367.0,0.0030330721627469556
368.0,-6.749801853794392e-05
369.0,0.0033980489978926876
370.0,-0.00015758666078967588
371.0,-0.005249674088171116
372.0,0.013096124532882272
373.0,0.02851667228992803
374.0,0.038434323445883954
375.0,0.03759320440915299
376.0,0.006201199745822328
377.0,0.008960072686175791
378.0,0.01858319878618009
379.0,0.008523780331983772
380.0,0.01492923018163549
381.0,0.01763376857207
382.0,0.019793900191656496
383.0,0.026958806580593384
384.0,0.018785458053094173
385.0,0.014590581471500597
386.0,0.017945166044039843
387.0,0.022177073498370864
388.0,0.027503050449558336
389.0,0.029763033555978553
390.0,0.028967608101077656
391.0,0.02917926335889105
392.0,0.03100307545480421
393.0,0.02932436962129812
394.0,0.02449461101632884
395.0,0.025076522277066613
396.0,0.036489143484734816
397.0,0.037905936419601674
398.0,0.022371115405739852
399.0,0.02882343864719205
400.0,0.031335067260861556
401.0,0.02769800154863899
402.0,0.02528871808268457
403.0,0.03746789089133126
404.0,0.03783507867197561
405.0,0.030701719535892794
406.0,0.0346808418557723
407.0,0.03289214785686368
408.0,0.03300751941673866
409.0,0.03581626591253386
410.0,0.03414769010094128
411.0,0.03463879214306543
412.0,0.037261045545802104
413.0,0.039520842223391806
414.0,0.036724424705299075
415.0,0.03616974881012901
416.0,0.0363065442568731
417.0,0.03567448258303047
418.0,0.04149490048287504
419.0,0.03866105548577762
420.0,0.034538252847538684
421.0,0.04133227172815348
422.0,0.03820754252673355
423.0,0.036480047934025726
424.0,0.03893201740090733
425.0,0.03961382530614155
426.0,0.03875109406643178
427.0,0.03818430009980189
428.0,0.03859748806468845
429.0,0.038460970896883
430.0,0.039969990049850176
431.0,0.04282066103933188
432.0,0.04523151943768804
433.0,0.04291357337213737
434.0,0.0406556257619192
435.0,0.0402875752097183
436.0,0.04131770988648728
437.0,0.0390984112733792
438.0,0.039594643334621975
439.0,0.042456990214971846
440.0,0.041546377669389595
441.0,0.04136839310565143
442.0,0.041693956478871814
443.0,0.04163246222502496
444.0,0.04032021655587643
445.0,0.0413616977291995
446.0,0.042318333337647555
447.0,0.04066151941486807
448.0,0.04026536728893876
449.0,0.04066213187200358
450.0,0.041110663474432464
451.0,0.040899267579748946
452.0,0.040745442620112725
453.0,0.04025471543175314
454.0,0.04000419071498343
455.0,0.04171575316002969
456.0,0.040734538933754116
457.0,0.03998536956744389
458.0,0.0416931245766936
459.0,0.042148443442555215
460.0,0.042409789958960255
461.0,0.042652486858730486
462.0,0.042735339172441725
463.0,0.042338471113176145
464.0,0.04235331058708238
465.0,0.04262025072576555
466.0,0.04212505884746616
467.0,0.042085870995141446
468.0,0.041695163066087365
469.0,0.04095453547620759
470.0,0.04201320013605551
471.0,0.04202029219857736
472.0,0.04151977584894679
473.0,0.041588269934879754
474.0,0.0407544058273648
475.0,0.04101396533452644
476.0,0.042221948302298806
477.0,0.04271887711189814
478.0,0.04152471160808757
479.0,0.04170073642020138
480.0,0.043270087118675034
481.0,0.04116246176567552
482.0,0.04094148392498938
483.0,0.04194713700798281
484.0,0.04234956302347371
485.0,0.04218578883837174
486.0,0.041926671729592635
487.0,0.04138121756853955
488.0,0.04038277801063876
489.0,0.04198812122513559
490.0,0.04311179631952971
491.0,0.042656758710809116
492.0,0.04278923511089882
493.0,0.04246593354979683
494.0,0.04169574525105666
495.0,0.04104950741035546
496.0,0.042038543882078255
497.0,0.04361630437195896
498.0,0.04435620898306986
499.0,0.04314259749761165
500.0,0.042112935319683395
501.0,0.041765477265628584
502.0,0.04200683389321776
503.0,0.04226406717355638
504.0,0.042911278369726864
505.0,0.04372210899827515
506.0,0.04422172909410656
507.0,0.043513527060838046
508.0,0.042923084227669744
509.0,0.042760867078709255
510.0,0.042834386399755446
511.0,0.04318505024402742
512.0,0.043619222985479926
513.0,0.04381965622562542
514.0,0.043378351622191225
515.0,0.043064505638690236
516.0,0.04288570029533549
517.0,0.04278712438368438
518.0,0.04307502099813319
519.0,0.04340503464777195
520.0,0.04342599670530835
521.0,0.042929951488722036
522.0,0.04254199464538275
523.0,0.042652187839339974
524.0,0.04315109111132458
525.0,0.04339082066200393
526.0,0.04375041783910345
527.0,0.04403242946436394
528.0,0.04400379358058536
529.0,0.043634452652663226
530.0,0.04346625206507167
531.0,0.043538299658332766
532.0,0.043601715865543976
533.0,0.043573035303037376
534.0,0.04368327335588049
535.0,0.04392310085095834
536.0,0.043911111602327295
537.0,0.044078626152983524
538.0,0.044172059610716484
539.0,0.04401721825394022
540.0,0.04433760952617609
541.0,0.04471697406315847
542.0,0.044707443495464724
543.0,0.044037812221610254
544.0,0.04419016829907746
545.0,0.04438052887574721
546.0,0.044202125741835324
547.0,0.04435906333827408
548.0,0.04463407081043981
549.0,0.044978191103378126
550.0,0.045238608304505754
551.0,0.04464800084451148
552.0,0.04416315081290749
553.0,0.044120238489806014
554.0,0.044300966069564074
555.0,0.044915852637923526
556.0,0.045329177418253215
557.0,0.04516930787729279
558.0,0.044803262941358384
559.0,0.04472163634186762
560.0,0.04479911679688044
561.0,0.04476031893347111
562.0,0.04506997046774597
563.0,0.04526864278374465
564.0,0.04525874088897541
565.0,0.0453621460102353
566.0,0.04542823144548832
567.0,0.04554577647685042
568.0,0.045726585255556944
569.0,0.04562763454646261
570.0,0.04570809163743483
571.0,0.04581742074678632
572.0,0.04562744959241662
573.0,0.04603665509543272
574.0,0.04614118460249688
575.0,0.045671945038974135
576.0,0.04546596461318034
577.0,0.04567252184958805
578.0,0.04599511977250732
579.0,0.0461348545554182
580.0,0.04641310877393662
581.0,0.04627625718394754
582.0,0.045891980630934304
583.0,0.04590366848563858
584.0,0.046136770645875576
585.0,0.04633169492353766
586.0,0.046389463931187376
587.0,0.04654059200147838
588.0,0.04663562967519494
589.0,0.046610428804884314
590.0,0.046482207898365525
591.0,0.04646737176886312
592.0,0.04678860348389049
593.0,0.04723090026526566
594.0,0.04719245206758568
595.0,0.0472096324880416
596.0,0.04717253885841015
597.0,0.04703123466895627
598.0,0.047255481090962004
599.0,0.04742080509829334
600.0,0.04751571923517349
601.0,0.047694002079229664
602.0,0.04769102389514954
603.0,0.04777512083934002
604.0,0.047904138127218505
605.0,0.0475318139963385
606.0,0.04759932089846864
607.0,0.04785288453806323
608.0,0.04790109600523248
609.0,0.048199407009277336
610.0,0.0482841323828899
611.0,0.04822308095442687
612.0,0.04842876612513487
613.0,0.04830958206788693
614.0,0.048353061453211714
615.0,0.048773221360168734
616.0,0.04892286194301648
617.0,0.049075236030992134
618.0,0.04916324434213481
619.0,0.04906808417128011
620.0,0.048973921004533946
621.0,0.04914818944358463
622.0,0.04950866025782864
623.0,0.04961061609162257
624.0,0.04954254947796316
625.0,0.04956141328646611
626.0,0.049767078368667186
627.0,0.04966786188156378
628.0,0.04962314710707879
629.0,0.04981407180801682
630.0,0.0502561155969835
631.0,0.050502084704050786
632.0,0.05066251399682369
633.0,0.05075638262258305
634.0,0.05054293177886957
635.0,0.05033555793779147
636.0,0.05041462300871112
637.0,0.05087707485848933
638.0,0.051184483444281455
639.0,0.05132313765921314
640.0,0.05138418733772256
641.0,0.05151119791636801
642.0,0.051335241386315345
643.0,0.0513571399531797
644.0,0.0518036057906448
645.0,0.0519471426296342
646.0,0.051993607243605945
647.0,0.05208367704158587
648.0,0.05225389951760041
649.0,0.0518649230330611
650.0,0.05187420737069822
651.0,0.05242526556160857
652.0,0.05255153095740831
653.0,0.05281228280275796
654.0,0.05302388879489506
655.0,0.05299379957580521
656.0,0.05306136185355978
657.0,0.053004071207439475
658.0,0.05300255461938308
659.0,0.053413308579372556
660.0,0.053677525849827816
661.0,0.05389587041509841
662.0,0.05411173968502655
663.0,0.05410110040504859
664.0,0.05416113564933939
665.0,0.0543308774069468
666.0,0.05453865861046251
667.0,0.054630752260567426
668.0,0.05480981872639466
669.0,0.05507860683935554
670.0,0.05524620650346126
671.0,0.05528415482160049
672.0,0.05530344404912125
673.0,0.055451273345355365
674.0,0.05595449396659364
675.0,0.05609086028436573
676.0,0.0560441014757697
677.0,0.05631590570177652
678.0,0.056393344015019685
679.0,0.05650422923934017
680.0,0.05669236772519277
681.0,0.05669127177382302
682.0,0.05708026700881888
683.0,0.057413406174261626
684.0,0.05730643621995448
685.0,0.057514792908000045
686.0,0.057600503529246505
687.0,0.0575718827694586
688.0,0.057720670186810256
689.0,0.058008386781152846
690.0,0.058209186361942215
691.0,0.05826188838820842
692.0,0.058427973158314994
693.0,0.058788239143790465
694.0,0.05911978114619278
695.0,0.059220299278894516
696.0,0.059524046071053806
697.0,0.05981966450295964
698.0,0.05994799939329906
699.0,0.059854573681914436
700.0,0.060031330863343474
701.0,0.06042355221683638
702.0,0.06084130126936287
703.0,0.061051937773854245
704.0,0.06113172564188596
705.0,0.06120004106740284
706.0,0.06134485951795236
707.0,0.0612305061057651
708.0,0.06147322906381693
709.0,0.062056163750598664
710.0,0.06216862376531765
711.0,0.06252618075663136
712.0,0.06280992870350761
713.0,0.06274087588964106
714.0,0.06284879793705986
715.0,0.063067871373655
716.0,0.06339187554418241
717.0,0.06380604023904629
718.0,0.06403771254628012
719.0,0.0642042994193034
720.0,0.06439128361449903
721.0,0.06457004162851325
722.0,0.06466971921762632
723.0,0.0648691812740256
724.0,0.06528267015292083
725.0,0.06554489816762063
726.0,0.06567570281713289
727.0,0.06574794917504548
728.0,0.06588397575156148
729.0,0.06631652044965844
730.0,0.06676080119881521
731.0,0.06699632836173518
732.0,0.06702316309677353
733.0,0.06731125009846788
734.0,0.06769982272096148
735.0,0.06793162288167169
736.0,0.06840903922747847
737.0,0.06865889319400545
738.0,0.06873699364287808
739.0,0.06911745116755906
740.0,0.06929653691571627
741.0,0.06943753492994753
742.0,0.0696800365959882
743.0,0.06987824866483705
744.0,0.07017794658480066
745.0,0.07056360355243692
746.0,0.07094656628965147
747.0,0.07120477966033438
748.0,0.07146391725238811
749.0,0.0716998390145484
750.0,0.07176001735593598
751.0,0.0719197766204997
752.0,0.07225757464590044
753.0,0.07272553161178967
754.0,0.07309793375231864
755.0,0.07341708405402754
756.0,0.07370880740373419
757.0,0.07398465257049867
758.0,0.07413320582152495
759.0,0.07445585658967514
760.0,0.07488240112555408
761.0,0.07499746151496545
762.0,0.07533555411938195
763.0,0.0757614892139991
764.0,0.07608100970993305
765.0,0.07624015904447652
766.0,0.07652128394341373
767.0,0.07689450853504079
768.0,0.07721948951005525
769.0,0.07754433844366852
770.0,0.07787399582537466
771.0,0.07819059068469626
772.0,0.078465326804803
773.0,0.07883242984062303
774.0,0.07922006284294227
775.0,0.07956401096167455
776.0,0.07991638183878681
777.0,0.08017638150080147
778.0,0.08048451655451702
779.0,0.0809690730689444
780.0,0.08118926806586119
781.0,0.08152837626251747
782.0,0.08200981677874336
783.0,0.08231019189141577
784.0,0.08248282795545965
785.0,0.08279901285831075
786.0,0.08332390753558686
787.0,0.08363046784936293
788.0,0.08399464540065214
789.0,0.08438844684537043
790.0,0.08472736295361694
791.0,0.08513628915298553
792.0,0.0854597096857909
793.0,0.08574043438261628
794.0,0.08616785658515093
795.0,0.08671439028449253
796.0,0.08713118662710617
797.0,0.08739301136072179
798.0,0.08789626438155253
799.0,0.08819035913773077
800.0,0.08840862283744091
801.0,0.08878294252419877
802.0,0.08926601524804642
803.0,0.08976260354852571
804.0,0.09022793199432709
805.0,0.0906473238335926
806.0,0.0909153622577554
807.0,0.09127430313319515
808.0,0.09177106516331641
809.0,0.09216984891835955
810.0,0.09254944337124808
811.0,0.09292421312023219
812.0,0.0933173062939008
813.0,0.09381678786803216
814.0,0.09426491072511221
815.0,0.09461249819373445
816.0,0.0948976495419866
817.0,0.09531739956617098
818.0,0.09592088473471877
819.0,0.09646442989276617
820.0,0.09653850168734654
821.0,0.09696958923312796
822.0,0.09754723631453449
823.0,0.0980319923953896
824.0,0.09844133886950358
825.0,0.0989325835350985
826.0,0.09943301421498105
827.0,0.09984331278404493
828.0,0.10022914465607045
829.0,0.10075066795783326
830.0,0.10137203309060021
831.0,0.10192776020648443
832.0,0.10222324644063233
833.0,0.10255936882895213
834.0,0.10305884967612369
835.0,0.10359247270382055
836.0,0.10415485509099248
837.0,0.10454697044836922
838.0,0.10480593115795116
839.0,0.10553985161369096
840.0,0.10605349990706064
841.0,0.10645877486563264
842.0,0.10699461361734607
843.0,0.10725357891347838
844.0,0.10785350985518448
845.0,0.10853081006072296
846.0,0.1086704901938897
847.0,0.10941773527269419
848.0,0.10996926719225213
849.0,0.11015640831739087
850.0,0.11068896868432954
851.0,0.11108504531034374
852.0,0.11168421564333077
853.0,0.11249605827392677
854.0,0.1125699061977145
855.0,0.11301662195706702
856.0,0.11374692291633051
857.0,0.1143574526316801
858.0,0.11477031472642579
859.0,0.11525841553096039
860.0,0.11588301561983382
861.0,0.11655377419778218
862.0,0.11710728359531179
863.0,0.11759025866583947
864.0,0.1180715450924862
865.0,0.11861611346646243
866.0,0.11923462327651588
867.0,0.11973454342302417
868.0,0.12015130174657615
869.0,0.12089625868967194
870.0,0.12150154591896278
871.0,0.12195068954119356
872.0,0.1223631233868568
873.0,0.12288705599711952
874.0,0.1235598742968613
875.0,0.12426730326762889
876.0,0.12484635130942555
877.0,0.12522290900973104
878.0,0.1256353622598357
879.0,0.12614662968914198
880.0,0.1267153023023169
881.0,0.12748022961532765
882.0,0.12810355488765804
883.0,0.12864456001824132
884.0,0.1295103746962756
885.0,0.1299267374569604
886.0,0.1302593645987914
887.0,0.13083280058214833
888.0,0.13161475450619867
889.0,0.13228590395318904
890.0,0.13290648311312012
891.0,0.13356955725404634
892.0,0.13422345161724883
893.0,0.13455938921516278
894.0,0.13497768214375702
895.0,0.13583230898740714
896.0,0.13638203090631695
897.0,0.13745025279441145
898.0,0.13852631083007705
899.0,0.13876840536920826
900.0,0.13920183868149913
901.0,0.13974946424456958
902.0,0.14037701184360457
903.0,0.14108013653159582
904.0,0.14161807250209038
905.0,0.14232833700650233
906.0,0.14307137043846357
907.0,0.14325768181192583
908.0,0.14349646996281706
909.0,0.14427093035407104
910.0,0.14542438221131454
911.0,0.14600646464719438
912.0,0.14671930667482158
913.0,0.14749978160357052
914.0,0.14819376249099384
915.0,0.14877748790493628
916.0,0.14943073164728618
917.0,0.15041043621279632
918.0,0.1515686891319969
919.0,0.15164017367506635
920.0,0.15201933660255137
921.0,0.1526755128943603
922.0,0.1531820476905695
923.0,0.15354743287297276
924.0,0.15437090232180786
925.0,0.1555126021907233
926.0,0.15648935937217584
927.0,0.15702045251043736
928.0,0.1575978947515748
929.0,0.15823347899087364
930.0,0.15872721524516062
931.0,0.15946901097371813
932.0,0.16041893517960315
933.0,0.16126247686438924
934.0,0.16165934942745602
935.0,0.16232837343195017
936.0,0.16302524046757175
937.0,0.16353170473964454
938.0,0.16385584838463804
939.0,0.1649643273100144
940.0,0.16614291676433357
941.0,0.16691663861250303
942.0,0.16736674107327282
943.0,0.16809528800086904
944.0,0.16893808434438246
945.0,0.16983246578464853
946.0,0.17093962043017089
947.0,0.17153309566491992
948.0,0.17223578820159166
949.0,0.1732588079030745
950.0,0.17395524124868283
951.0,0.17460881843550846
952.0,0.17531816148446344
953.0,0.17609447466427894
954.0,0.17685451587868106
955.0,0.1773771935167313
956.0,0.1775816480416645
957.0,0.17775381204070645
958.0,0.17865573335718615
959.0,0.17981821589516592
960.0,0.18098408235524757
961.0,0.1819865241980101
962.0,0.18276909317769122
963.0,0.18384226624758213
964.0,0.18463301543576988
965.0,0.18477516120575194
966.0,0.18479593909299494
967.0,0.18592354150221402
968.0,0.1874737827825479
969.0,0.18858360087579754
970.0,0.18916751158678943
971.0,0.18946984140898113
972.0,0.18977620175178658
973.0,0.19036191519216444
974.0,0.19142841350033146
975.0,0.19320994446995216
976.0,0.19409234603073539
977.0,0.19365890587630188
978.0,0.19450478078945793
979.0,0.1954034457685499
980.0,0.19613352743419135
981.0,0.19706312965216716
982.0,0.19912766733903361
983.0,0.2001600876357374
984.0,0.2004553480747935
985.0,0.20072439315809784
986.0,0.2012425752171826
987.0,0.20229794663964676
988.0,0.2032179944217894
989.0,0.20379557112884625
990.0,0.20484380145508704
991.0,0.20588657478776048
992.0,0.2067088320122024
993.0,0.20742223180916144
994.0,0.20843969252079753
995.0,0.2089646537360998
996.0,0.20978701058504834
997.0,0.2111788313182454
998.0,0.21240982257793675
999.0,0.21296309140346142
1000.0,0.21333791674046265
1001.0,0.21779869193757975
1002.0,0.21792231204610632
1003.0,0.21968842603082253
1004.0,0.22272369368929845
1005.0,0.22376559966726572
1006.0,0.22490278403613123
1007.0,0.2255258735000483
1008.0,0.22403223196432
1009.0,0.22288030935559386
1010.0,0.22421191723001407
1011.0,0.22657574865174168
1012.0,0.22879231407506326
1013.0,0.2306659195953913
1014.0,0.23258542071732138
1015.0,0.23507011330377464
1016.0,0.23664395778641206
1017.0,0.23789136869199487
1018.0,0.23819967904268588
1019.0,0.23943405315755856
1020.0,0.23811963582741127
1021.0,0.23684014343933654
1022.0,0.23819982841824525
1023.0,0.23832631733078488
1024.0,0.23773108031791998
1025.0,0.2393549262767849
1026.0,0.24059548403179948
1027.0,0.2415265589953099
1028.0,0.243209091316746
1029.0,0.2448642463100129
1030.0,0.24647943690617674
1031.0,0.24780121908546676
1032.0,0.24860823169536642
1033.0,0.24963676296346926
1034.0,0.24962050979866415
1035.0,0.248152783977879
1036.0,0.2476502507748099
1037.0,0.24916921189373628
1038.0,0.25064688070882285
1039.0,0.2524126954473833
1040.0,0.25529224445857307
1041.0,0.2576242999115758
1042.0,0.25894964596319126
1043.0,0.2600736007215742
1044.0,0.26137733669331875
1045.0,0.2624520240109734
1046.0,0.2623455401793143
1047.0,0.2637977124325649
1048.0,0.26646636267201707
1049.0,0.2680212886696803
1050.0,0.26954876528736865
1051.0,0.26939345975424583
1052.0,0.26724321069624396
1053.0,0.26634488677185725
1054.0,0.26775603244743534
1055.0,0.2696327310173414
1056.0,0.2706346338740328
1057.0,0.27223079668474304
1058.0,0.27439364388768284
1059.0,0.273952287512899
1060.0,0.2726159954953531
1061.0,0.2739094907146683
1062.0,0.2740356962838252
1063.0,0.2756239355663921
1064.0,0.2792642758071389
1065.0,0.28152121696126386
1066.0,0.28352699743990073
1067.0,0.28386122887376963
1068.0,0.2828108907232915
1069.0,0.2817596292179678
1070.0,0.28101293866592
1071.0,0.28170257070215193
1072.0,0.2836040064901936
1073.0,0.28536447352173083
1074.0,0.2872537019400526
1075.0,0.29046572889767447
1076.0,0.2913524869253989
1077.0,0.2912306248148449
1078.0,0.2929581565974849
1079.0,0.29371741558644904
1080.0,0.2943450532672764
1081.0,0.29567136087146906
1082.0,0.29619172857377046
1083.0,0.2970081952732906
1084.0,0.2985204524766316
1085.0,0.30145432676120265
1086.0,0.30288165063886785
1087.0,0.30430899668514183
1088.0,0.30485065242289194
1089.0,0.3046489317471727
1090.0,0.3055701902331504
1091.0,0.30687119771159127
1092.0,0.30792920169841353
1093.0,0.30920995167859744
1094.0,0.3093284672083572
1095.0,0.3094716024245244
1096.0,0.3097890883793901
1097.0,0.3102522863783796
1098.0,0.31178825928681175
1099.0,0.3131385363046286
1100.0,0.3150854381528175
1101.0,0.31669306095018235
1102.0,0.3185250253963637
1103.0,0.31922877771655517
1104.0,0.32047025658762174
1105.0,0.32226863041564874
1106.0,0.32330393087386433
1107.0,0.3241185850337119
1108.0,0.3252016251856221
1109.0,0.3260311171039639
1110.0,0.3265655068180013
1111.0,0.327129729806737
1112.0,0.32791351751124276
1113.0,0.3281969524315414
1114.0,0.3293047190505034
1115.0,0.3314162130318105
1116.0,0.3329436504445045
1117.0,0.33474133509017556
1118.0,0.3358789715974395
1119.0,0.3362480722361995
1120.0,0.3370421069610665
1121.0,0.33825538892389584
1122.0,0.3392442481608369
1123.0,0.3411536220907371
1124.0,0.34279984681434567
1125.0,0.34338657497282177
1126.0,0.3439760492617828
1127.0,0.3447209373594573
1128.0,0.34490328046414687
1129.0,0.34589420164818085
1130.0,0.3478020565953009
1131.0,0.34902128377096375
1132.0,0.349863254727781
1133.0,0.35099554469778205
1134.0,0.3520102041489298
1135.0,0.3532029403921107
1136.0,0.35471483544834664
1137.0,0.3562334064936079
1138.0,0.35759088320209553
1139.0,0.3585719506014325
1140.0,0.3593419319866284
1141.0,0.3604608758648277
1142.0,0.3616195115177452
1143.0,0.36275915240159484
1144.0,0.3640453597464692
1145.0,0.3657805470847026
1146.0,0.3669637532080444
1147.0,0.3677922357584784
1148.0,0.3687594113711154
1149.0,0.36955640624622466
1150.0,0.37045243751412194
1151.0,0.37118096610289686
1152.0,0.3723071979110074
1153.0,0.3734700285819613
1154.0,0.37505331975669304
1155.0,0.37721604128340847
1156.0,0.3792723690724185
1157.0,0.38057024746803936
1158.0,0.3811312339049079
1159.0,0.3821573002805098
1160.0,0.38292536108176195
1161.0,0.3837612515149996
1162.0,0.38483925425129306
1163.0,0.38608408749917383
1164.0,0.3871380829204987
1165.0,0.38831180218614814
1166.0,0.38984034298047343
1167.0,0.39137964955178994
1168.0,0.39275000386770687
1169.0,0.3938008893984518
1170.0,0.3950760322407856
1171.0,0.39631501057016905
1172.0,0.39736624077402577
1173.0,0.3980464654481355
1174.0,0.3992289500853863
1175.0,0.40080734962090014
1176.0,0.401854232256483
1177.0,0.402925944504788
1178.0,0.40396915017349894
1179.0,0.4042525375434517
1180.0,0.405182328360955
1181.0,0.4066787809889383
1182.0,0.4079810741562025
1183.0,0.40922296099113903
1184.0,0.41053895294096776
1185.0,0.41164453338103024
1186.0,0.4127691734988999
1187.0,0.41388596261467797
1188.0,0.4149913261420923
1189.0,0.41616884672555254
1190.0,0.4174768956458491
1191.0,0.4185084469604265
1192.0,0.41939878615459236
1193.0,0.4204951064845452
1194.0,0.42136629483864
1195.0,0.42243939960529703
1196.0,0.4239163730446973
1197.0,0.42516693553954016
1198.0,0.42618766479574266
1199.0,0.4275481733662047
1200.0,0.4287806824613884
1201.0,0.4297830100227558
1202.0,0.43074330178957904
1203.0,0.43205582891936095
1204.0,0.4331932450931998
1205.0,0.434292890047984
1206.0,0.4354205351139851
1207.0,0.4366195394318848
1208.0,0.4375940093329538
1209.0,0.43842994777572475
1210.0,0.43952112205086175
1211.0,0.44043152236104177
1212.0,0.4415760242141481
1213.0,0.4431069716525088
1214.0,0.44442426567382604
1215.0,0.445586444024854
1216.0,0.4470509452165577
1217.0,0.44854164232083654
1218.0,0.4499553765383575
1219.0,0.45130662448636644
1220.0,0.45284514894946676
1221.0,0.45397129887426974
1222.0,0.45471776461784064
1223.0,0.4556841633336857
1224.0,0.45631375404731916
1225.0,0.4575150284654005
1226.0,0.45918257422784026
1227.0,0.46060993889756646
1228.0,0.4624793228244584
1229.0,0.46381396640557393
1230.0,0.4644107696161045
1231.0,0.46559520719960795
1232.0,0.4670787563740755
1233.0,0.46820584576634694
1234.0,0.469396458955024
1235.0,0.4710669738946077
1236.0,0.47233386178726355
1237.0,0.47323208724344956
1238.0,0.474399911537477
1239.0,0.4757434700731631
1240.0,0.47686028920932866
1241.0,0.4778507729553409
1242.0,0.47897169835504316
1243.0,0.48004105837853006
1244.0,0.4811671757758087
1245.0,0.48236709702166836
1246.0,0.4835583401049479
1247.0,0.48469759309291255
1248.0,0.48597519866738853
1249.0,0.4874392288112962
1250.0,0.48876495344851867
1251.0,0.4900234873498438
1252.0,0.4913969302566023
1253.0,0.49270325092826106
1254.0,0.493976172459098
1255.0,0.4951518669163561
1256.0,0.4962308192159571
1257.0,0.4974520302959482
1258.0,0.49865883710974984
1259.0,0.4998859528126271
1260.0,0.5012621759355681
1261.0,0.5025433474929047
1262.0,0.5037292012173389
1263.0,0.5048999981543838
1264.0,0.5060793621670168
1265.0,0.5072806873033989
1266.0,0.5083928595891498
1267.0,0.5095682910763599
1268.0,0.5107963757701998
1269.0,0.5120746980732007
1270.0,0.513291421742336
1271.0,0.514502347335638
1272.0,0.5157457247897997
1273.0,0.5169275665748532
1274.0,0.5182725076194673
1275.0,0.5196451001830202
1276.0,0.5211615995670696
1277.0,0.5232065027223548
1278.0,0.5244250978463837
1279.0,0.52520344157864
1280.0,0.5262570855829484
1281.0,0.5267035491699196
1282.0,0.5277001981652403
1283.0,0.529423540892846
1284.0,0.5307444964147651
1285.0,0.5318252359847792
1286.0,0.5331540015508256
1287.0,0.5344915074967876
1288.0,0.5359385176501197
1289.0,0.5372404583265157
1290.0,0.5387734067809297
1291.0,0.5399224492318998
1292.0,0.5406173363352844
1293.0,0.5417740346164784
1294.0,0.5430502750352793
1295.0,0.5442662787969877
1296.0,0.545560290508776
1297.0,0.5469579750381907
1298.0,0.548436797178529
1299.0,0.5497689950023036
1300.0,0.5515257950177285
1301.0,0.5526113468461911
1302.0,0.5527773474309181
1303.0,0.5536273357388681
1304.0,0.5541130501789983
1305.0,0.5552763769157867
1306.0,0.5569118551072522
1307.0,0.5595288826645228
1308.0,0.5609790934267048
1309.0,0.5623998329630532
1310.0,0.5636239196153562
1311.0,0.5641030190231694
1312.0,0.565216756335554
1313.0,0.5667843117098318
1314.0,0.5679369813392893
1315.0,0.568861952008382
1316.0,0.5700530285686306
1317.0,0.5712501937139629
1318.0,0.5724409704955111
1319.0,0.5738231686449073
1320.0,0.5751239396495216
1321.0,0.5762745659724042
1322.0,0.5775165698358571
1323.0,0.5789217366705841
1324.0,0.5802033862028699
1325.0,0.5813882239377088
1326.0,0.5826125659027592
1327.0,0.5838276813843839
1328.0,0.5849888817549135
1329.0,0.5862206541358465
1330.0,0.5873962863853431
1331.0,0.5888611704761798
1332.0,0.5905047014909585
1333.0,0.5920349830811237
1334.0,0.5938602355345839
1335.0,0.5953175325136306
1336.0,0.5965721173626735
1337.0,0.5977546300516666
1338.0,0.5987713533729941
1339.0,0.5997787476387024
1340.0,0.6005023586519678
1341.0,0.6015198751065186
1342.0,0.6025787708572553
1343.0,0.60377665014429
1344.0,0.6051305308370124
1345.0,0.6066256659575272
1346.0,0.6083970319593939
1347.0,0.6100890088846914
1348.0,0.6115942382370181
1349.0,0.6133466644285955
1350.0,0.6143557276958441
1351.0,0.6147632604565736
1352.0,0.6155082373950566
1353.0,0.6157403943743034
1354.0,0.6167181774877504
1355.0,0.618129631892261
1356.0,0.6195296683099651
1357.0,0.6213829975861653
1358.0,0.6229088624565934
1359.0,0.6244426763855794
1360.0,0.6257852400727887
1361.0,0.6270176879934052
1362.0,0.6280892037963594
1363.0,0.6287864084002377
1364.0,0.6297647173901282
1365.0,0.6308006289743991
1366.0,0.6317786151332319
1367.0,0.6330789528592927
1368.0,0.6339322971637713
1369.0,0.6349346307538511
1370.0,0.6357532983132558
1371.0,0.6368363654099898
1372.0,0.6379602405419822
1373.0,0.6393554698982108
1374.0,0.6411152669306263
1375.0,0.6424014686907957
1376.0,0.6435751700957363
1377.0,0.6449388611679664
1378.0,0.6462320565718006
1379.0,0.6474009133958686
1380.0,0.6487702983468855
1381.0,0.6499998919767765
1382.0,0.6507823874629044
1383.0,0.6518747064029228
1384.0,0.6532359797151212
1385.0,0.6544661829488861
1386.0,0.6557047909685877
1387.0,0.65686738203141
1388.0,0.657874036817615
1389.0,0.6590408740460056
1390.0,0.6599507406145457
1391.0,0.6615305056660139
1392.0,0.662856943400708
1393.0,0.6644184658244138
1394.0,0.6655165757257521
1395.0,0.6664369876502415
1396.0,0.6672867036902549
1397.0,0.6678188351164078
1398.0,0.6686403893034081
1399.0,0.6694627799971021
1400.0,0.6704601200757335
1401.0,0.6716939831526221
1402.0,0.6726923247358928
1403.0,0.6737662358659736
1404.0,0.6747165965035817
1405.0,0.6752662913356343
1406.0,0.6762422435821532
1407.0,0.6774311861770727
1408.0,0.6785735766889995
1409.0,0.6800772742334137
1410.0,0.6812660502429129
1411.0,0.6821225086232117
1412.0,0.6831964996132491
1413.0,0.6840673508766012
1414.0,0.6853062410795876
1415.0,0.6868826345273807
1416.0,0.6882076822550462
1417.0,0.6894368110893014
1418.0,0.6906533535324161
1419.0,0.6916937269496306
1420.0,0.6924843252699012
1421.0,0.6934898258245039
1422.0,0.6944331197071999
1423.0,0.6955987093686029
1424.0,0.6970306054897516
1425.0,0.6981360817717075
1426.0,0.6990016450706238
1427.0,0.7003281518598313
1428.0,0.7018694204873357
1429.0,0.7031347656505119
1430.0,0.7046384593087546
1431.0,0.7060018578434343
1432.0,0.7069337234828551
1433.0,0.7080429134367323
1434.0,0.7095239123086017
1435.0,0.7106602400670988
1436.0,0.7114307540384657
1437.0,0.7123926671594762
1438.0,0.71330927722337
1439.0,0.7143504046026036
1440.0,0.715128424833145
1441.0,0.7159605481974555
1442.0,0.716724044534591
1443.0,0.717404409520623
1444.0,0.71852473490331
1445.0,0.7199958447106131
1446.0,0.7213309506765428
1447.0,0.7230109846440911
1448.0,0.7241720263018451
1449.0,0.7249445453778175
1450.0,0.7261338467368101
1451.0,0.7272880263073948
1452.0,0.7284389283146171
1453.0,0.7298753368349576
1454.0,0.7311776524502213
1455.0,0.7321427023434142
1456.0,0.7334830573486533
1457.0,0.7352913336842806
1458.0,0.7366313221135528
1459.0,0.7377072733266142
1460.0,0.7390532468993418
1461.0,0.7404394148102722
1462.0,0.7416253901156118
1463.0,0.7429895206701399
1464.0,0.7442086833279384
1465.0,0.7449112342872077
1466.0,0.7459319830156711
1467.0,0.7472411911684258
1468.0,0.7484386229813385
1469.0,0.7496227957460202
1470.0,0.750734083050254
1471.0,0.751793288276609
1472.0,0.7526464943226804
1473.0,0.7538102360140129
1474.0,0.755160420701127
1475.0,0.7562862835383998
1476.0,0.757388047298839
1477.0,0.7586597354053378
1478.0,0.7599129319216698
1479.0,0.7610567347766315
1480.0,0.7622195162840938
1481.0,0.7636066382574542
1482.0,0.764854539972062
1483.0,0.7663480363853777
1484.0,0.7684552947502843
1485.0,0.7699883510726134
1486.0,0.7714231203078862
1487.0,0.7725433529393118
1488.0,0.7731003530552196
1489.0,0.7740712787465245
1490.0,0.7749856477346642
1491.0,0.7759766471255835
1492.0,0.7772115106087976
1493.0,0.7784122149143379
1494.0,0.7795367899987538
1495.0,0.7807356769481659
1496.0,0.7822251906267248
1497.0,0.7834724657338733
1498.0,0.7843632002288684
1499.0,0.7855474545143165
1500.0,0.7870027732302689
1501.0,0.7880692001020139
1502.0,0.7892485828368875
1503.0,0.7908099201062557
1504.0,0.7918320363894135
1505.0,0.7923993227646632
1506.0,0.7934712948917703
1507.0,0.7945005251293764
1508.0,0.7958032128044772
1509.0,0.7975185669906716
1510.0,0.7989011451460886
1511.0,0.800327220812585
1512.0,0.8015613728083618
1513.0,0.8024790948704952
1514.0,0.8038189375048482
1515.0,0.805266899546962
1516.0,0.8066916863737917
1517.0,0.8085175553843491
1518.0,0.8098139424861831
1519.0,0.8107171638537084
1520.0,0.8118356702497397
1521.0,0.8127615256951325
1522.0,0.8138868692468935
1523.0,0.8152228878423551
1524.0,0.8164814311790712
1525.0,0.817826850787937
1526.0,0.8190322810137387
1527.0,0.8200063624950833
1528.0,0.8212881797328994
1529.0,0.8226755108121319
1530.0,0.8240200849188672
1531.0,0.8256202754137364
1532.0,0.8270776910708968
1533.0,0.8285194959476366
1534.0,0.8297514649054479
1535.0,0.8309072491892434
1536.0,0.8319699395312161
1537.0,0.8327976600941829
1538.0,0.8334724767299894
1539.0,0.8344615700346094
1540.0,0.8353413801248533
1541.0,0.8364568335326751
1542.0,0.8377175574281084
1543.0,0.8390296647789767
1544.0,0.8405451395483002
1545.0,0.841818248782209
1546.0,0.8431127696381611
1547.0,0.8442466869108199
1548.0,0.84513925359105
1549.0,0.8461931479940774
1550.0,0.8472897160900086
1551.0,0.8483262582748251
1552.0,0.849225060977642
1553.0,0.8504689773534664
1554.0,0.851842169561795
1555.0,0.8531892521298744
1556.0,0.8549341909780144
1557.0,0.8562438038881385
1558.0,0.857209634690527
1559.0,0.8583941864626613
1560.0,0.8594209468940344
1561.0,0.8606933058054171
1562.0,0.862288478238488
1563.0,0.8636141777271377
1564.0,0.8650067841021056
1565.0,0.8661874137707286
1566.0,0.8669167428406311
1567.0,0.8680854545754491
1568.0,0.8695699119036754
1569.0,0.8707201846576319
1570.0,0.8718694026502634
1571.0,0.8730517777031048
1572.0,0.8739943317367472
1573.0,0.8749756350979353
1574.0,0.8761586349374945
1575.0,0.8772393959085253
1576.0,0.878035003334991
1577.0,0.8790532502554834
1578.0,0.8803732985143959
1579.0,0.8814367945906846
1580.0,0.8822586850805978
1581.0,0.8833591335392759
1582.0,0.8844673614479802
1583.0,0.8856074732931262
1584.0,0.8871284168402234
1585.0,0.8884195745977735
1586.0,0.8894824551451619
1587.0,0.890602392836126
1588.0,0.891789340245042
1589.0,0.8928097290926673
1590.0,0.8937453168398243
1591.0,0.8945838714753378
1592.0,0.8955665325132838
1593.0,0.8964174089146556
1594.0,0.8975329659304965
1595.0,0.8989739953751397
1596.0,0.8999835630359706
1597.0,0.9008233751525483
1598.0,0.9018941757900318
1599.0,0.9028290458554523
1600.0,0.9039810716045751
1601.0,0.9054128897254202
1602.0,0.9067188735241831
1603.0,0.9080874026341662
1604.0,0.9091884395356084
1605.0,0.9102460437106136
1606.0,0.9112145043048953
1607.0,0.9118456025716267
1608.0,0.9127817478888582
1609.0,0.9137101502254151
1610.0,0.9150001553474608
1611.0,0.9166608446131211
1612.0,0.9179709700860943
1613.0,0.9193521681588483
1614.0,0.9207609417127433
1615.0,0.9220566060459813
1616.0,0.9232181806205051
1617.0,0.9245710629859037
1618.0,0.9255967852787683
1619.0,0.9259097186713751
1620.0,0.9270331600955278
1621.0,0.9286950139679543
1622.0,0.9298672013856586
1623.0,0.9313200396667907
1624.0,0.932309415836627
1625.0,0.9327344699512385
1626.0,0.9333013180838038
1627.0,0.9336834299384121
1628.0,0.9343313919590611
1629.0,0.9349672099843677
1630.0,0.935714317693313
1631.0,0.9368169079569032
1632.0,0.9376495808981977
1633.0,0.9382196938604117
1634.0,0.9390834454344086
1635.0,0.9400023844038833
1636.0,0.9409781935226642
1637.0,0.9421876647675685
1638.0,0.9433441249538572
1639.0,0.944496656179361
1640.0,0.9456283517075292
1641.0,0.9467776452959517
1642.0,0.9479165541872707
1643.0,0.9490488282262053
1644.0,0.9501345469636997
1645.0,0.9512405262537219
1646.0,0.9522915218271214
1647.0,0.953477509568318
1648.0,0.9542569762562021
1649.0,0.9546180752788547
1650.0,0.9552926812566772
1651.0,0.9558621012720381
1652.0,0.9563861034439034
1653.0,0.9570373862777558
1654.0,0.9577598573501594
1655.0,0.9582405767041873
1656.0,0.9590357340076299
1657.0,0.960606512022304
1658.0,0.9613684227320757
1659.0,0.961332658568338
1660.0,0.9620697466299348
1661.0,0.9627897248259187
1662.0,0.9636396346312658
1663.0,0.9654342286276864
1664.0,0.9665621656810243
1665.0,0.9670524626940598
1666.0,0.9678051818919229
1667.0,0.9686076411865461
1668.0,0.9692930297918022
1669.0,0.9696898991137086
1670.0,0.9705725672670115
1671.0,0.9719431850691443
1672.0,0.9727685000007619
1673.0,0.9736274462316088
1674.0,0.9744611545061607
1675.0,0.9744822569844224
1676.0,0.9752160023543855
1677.0,0.9768221617503329
1678.0,0.9778832318087647
1679.0,0.9786551973604882
1680.0,0.9797945256568741
1681.0,0.980796675957556
1682.0,0.9820441485382615
1683.0,0.9841274811128509
1684.0,0.9855877474799205
1685.0,0.9867497348392901
1686.0,0.9877675837445731
1687.0,0.9882830215167104
1688.0,0.9890198516855653
1689.0,0.9897028394797456
1690.0,0.9905774779580419
1691.0,0.9916678809131529
1692.0,0.9926999869406463
1693.0,0.9938453136589663
1694.0,0.9949527200982632
1695.0,0.9959566021896953
1696.0,0.9969998285390678
1697.0,0.998047391925122
1698.0,0.9991219079799728
1699.0,1.000325219118019
1700.0,1.0014290159933452
1701.0,1.0023183687823913
1702.0,1.0035343450695913
1703.0,1.0048993951391754
1704.0,1.006139165397361
1705.0,1.0077199375905705
1706.0,1.0090267727662536
1707.0,1.0097540743139743
1708.0,1.011083298205482
1709.0,1.0130473566235245
1710.0,1.0142866662471197
1711.0,1.0154743457975393
1712.0,1.0165505002764395
1713.0,1.0168750058638776
1714.0,1.0176170993123017
1715.0,1.018393321387823
1716.0,1.0194747739954757
1717.0,1.0212484156221053
1718.0,1.0223351675663677
1719.0,1.023417908161586
1720.0,1.0243718854663748
1721.0,1.0243072759106167
1722.0,1.0250901084284105
1723.0,1.0263815713508548
1724.0,1.0275957158449456
1725.0,1.0295859406819257
1726.0,1.0306956382376389
1727.0,1.0311510006170164
1728.0,1.0319001934324534
1729.0,1.032110183618327
1730.0,1.032793067377275
1731.0,1.0343576731797244
1732.0,1.0351992463031894
1733.0,1.0354651282455654
1734.0,1.0362731258269415
1735.0,1.0370398440951856
1736.0,1.0377114712317916
1737.0,1.0388184290053277
1738.0,1.039650774593577
1739.0,1.040109765116535
1740.0,1.0405962533151711
1741.0,1.04108437794768
1742.0,1.0417755960292467
1743.0,1.0423935355560034
1744.0,1.042994801664413
1745.0,1.0438978304703612
1746.0,1.0447020806179177
1747.0,1.0450818402946946
1748.0,1.046036470065557
1749.0,1.0475989603313276
1750.0,1.0485455646455601
1751.0,1.049545099193829
1752.0,1.0502310004774351
1753.0,1.050134129219088
1754.0,1.0509158544996928
1755.0,1.051754784985101
1756.0,1.0521775976006538
1757.0,1.0535757771982783
1758.0,1.0545100113622095
1759.0,1.0550724821773074
1760.0,1.0562148855292515
1761.0,1.0564909128203137
1762.0,1.0570396331110454
1763.0,1.0584118485997647
1764.0,1.0590892121499966
1765.0,1.0604746393707476
1766.0,1.0624417302081575
1767.0,1.0632987254608317
1768.0,1.0640739846775706
1769.0,1.0650004589527686
1770.0,1.0653857339557138
1771.0,1.0659784633094747
1772.0,1.0672752673260673
1773.0,1.0686673269805111
1774.0,1.0693513310853218
1775.0,1.0696066004521825
1776.0,1.0698032176167904
1777.0,1.070019567441467
1778.0,1.0706340840383288
1779.0,1.0717681357255122
1780.0,1.0728166504310923
1781.0,1.073460329577078
1782.0,1.0742021320979422
1783.0,1.0748346255347465
1784.0,1.0757431358352432
1785.0,1.0773088143415868
1786.0,1.07878596063155
1787.0,1.0800410098965723
1788.0,1.0809316861824971
1789.0,1.0815192674128074
1790.0,1.0821367429977176
1791.0,1.0830526256714772
1792.0,1.084888004628305
1793.0,1.0857992191245265
1794.0,1.0858265470228954
1795.0,1.0867493898236045
1796.0,1.0875518182351909
1797.0,1.088152878654497
1798.0,1.0898045978408766
1799.0,1.089708507382413
1800.0,1.0901582712730977
1801.0,1.088412184312636
1802.0,1.087879681064417
1803.0,1.0884888303056715
1804.0,1.0895533964357222
1805.0,1.0916645776153224
1806.0,1.0924436083808717
1807.0,1.0932117887185375
1808.0,1.0934143694222989
1809.0,1.0919856579417495
1810.0,1.0921473581499963
1811.0,1.0924846191685385
1812.0,1.0938952984878618
1813.0,1.095602063472621
1814.0,1.0968086938857728
1815.0,1.0977961395213083
1816.0,1.098227903832094
1817.0,1.0992467266742114
1818.0,1.1004521654193098
1819.0,1.101602051594605
1820.0,1.102691059306236
1821.0,1.1042187098326204
1822.0,1.1063010184925786
1823.0,1.1069546421129177
1824.0,1.1101780655029474
1825.0,1.1139786196280461
1826.0,1.1155325074902862
1827.0,1.1167280739098457
1828.0,1.1174917749282878
1829.0,1.1155931781125639
1830.0,1.1150983087207935
1831.0,1.1144960987187436
1832.0,1.1155378819709625
1833.0,1.1164916553706614
1834.0,1.117808546017003
1835.0,1.1189026028340652
1836.0,1.120815272052628
1837.0,1.121068679168771
1838.0,1.1197790320747505
1839.0,1.1201218456567126
1840.0,1.1207666703526917
1841.0,1.1209911834223905
1842.0,1.12138792903751
1843.0,1.1228414801623985
1844.0,1.1230755833508428
1845.0,1.1232533221028393
1846.0,1.1245764467995942
1847.0,1.127518811611926
1848.0,1.128906776256584
1849.0,1.1302497639709088
1850.0,1.131339118442355
1851.0,1.1320680576653515
1852.0,1.1322014324694212
1853.0,1.1317219738376085
1854.0,1.1319751316347038
1855.0,1.1333680559104051
1856.0,1.1336445647310074
1857.0,1.133621178504998
1858.0,1.1336518463401244
1859.0,1.1338760423494079
1860.0,1.1330883223585506
1861.0,1.1332631139623046
1862.0,1.1349707244503355
1863.0,1.1365582030053374
1864.0,1.136948448349242
1865.0,1.1367490818296602
1866.0,1.1363307448252895
1867.0,1.1351727308732804
1868.0,1.1348601373665412
1869.0,1.1348057503158115
1870.0,1.1355629037288526
1871.0,1.137000732530713
1872.0,1.138904403134856
1873.0,1.140062036928501
1874.0,1.1393679715686698
1875.0,1.1373629859716672
1876.0,1.1360783050932817
1877.0,1.1344962255295818
1878.0,1.1334004471221617
1879.0,1.1323613957062055
1880.0,1.1312313897375237
1881.0,1.1295316624006588
1882.0,1.1278768132355814
1883.0,1.1263673942782475
1884.0,1.1233492058732113
1885.0,1.1214245363568573
1886.0,1.119375274102984
1887.0,1.1161403378619932
1888.0,1.1140873701536413
1889.0,1.1119803401700135
1890.0,1.1083864635842913
1891.0,1.1037398402867067
1892.0,1.099217921616277
1893.0,1.0939626158477478
1894.0,1.0889550274364634
1895.0,1.0848091319257305
1896.0,1.0818146068405614
1897.0,1.0790348708376398
1898.0,1.0754487930014125
1899.0,1.071891211518892
1900.0,1.0675764245482007
1901.0,1.0639196332892404
1902.0,1.060624811286686
1903.0,1.0570938653852462
1904.0,1.0528316042571904
1905.0,1.0495110359448583
1906.0,1.0466023050267048
1907.0,1.0432716763249668
1908.0,1.040726975625444
1909.0,1.0385622790254803
1910.0,1.0354788468807004
1911.0,1.0328881881127654
1912.0,1.0312137212043315
1913.0,1.029566176543402
1914.0,1.028453336425575
1915.0,1.0269478307131237
1916.0,1.0255520489158652
1917.0,1.0244911874165512
1918.0,1.0237293018881855
1919.0,1.023772732459692
1920.0,1.0246801925140854
1921.0,1.0252881403127805
1922.0,1.0252707638227707
1923.0,1.0255900214360425
1924.0,1.0259829915580896
1925.0,1.0261040934186916
1926.0,1.026519508961303
1927.0,1.0277580127718349
1928.0,1.0299107477198082
1929.0,1.0317701632445508
1930.0,1.0326012351155898
1931.0,1.0338907433204063
1932.0,1.0342894869737782
1933.0,1.0347503180623236
1934.0,1.0369173089365034
1935.0,1.0384202826835298
1936.0,1.0396968124819568
1937.0,1.0409499744764896
1938.0,1.0421641721949184
1939.0,1.0426854526000344
1940.0,1.0438214568466746
1941.0,1.0448552562837674
1942.0,1.0460880654970592
1943.0,1.0473832794203748
1944.0,1.0484057156851596
1945.0,1.0502498565651757
1946.0,1.0516258188444216
1947.0,1.0526700617208904
1948.0,1.0538417220595253
1949.0,1.0549860298728682
1950.0,1.055818424490005
1951.0,1.0568276170298692
1952.0,1.0583789048391468
1953.0,1.0597246071332502
1954.0,1.0598834595653837
1955.0,1.0602446590016605
1956.0,1.060065015373309
1957.0,1.0608415285629949
1958.0,1.0629781540842704
1959.0,1.0648295681854185
1960.0,1.0676766203046508
1961.0,1.0702795949536144
1962.0,1.0729982866479097
1963.0,1.0749369298550795
1964.0,1.0769801573799966
1965.0,1.0780544739456632
1966.0,1.0779183997688588
1967.0,1.0779878367960067
1968.0,1.0786651978323398
1969.0,1.079601291397356
1970.0,1.0818622153587312
1971.0,1.0842998749888153
1972.0,1.0862203922412663
1973.0,1.0880676890148293
1974.0,1.0896723669609247
1975.0,1.0907643878273694
1976.0,1.0922342543659764
1977.0,1.0933576844182138
1978.0,1.0953384740266858
1979.0,1.097256772162956
1980.0,1.0983810179839237
1981.0,1.1000500744900166
1982.0,1.1016088100292833
1983.0,1.1023523929235357
1984.0,1.1038538049480173
1985.0,1.1049523218742023
1986.0,1.1055468411390341
1987.0,1.1063437718511129
1988.0,1.1075913459947104
1989.0,1.1076920735983298
1990.0,1.1078536975409083
1991.0,1.1091819031501986
1992.0,1.1104872840052558
1993.0,1.112039983120427
1994.0,1.115157095532999
1995.0,1.1183739341913266
1996.0,1.1207004535566534
1997.0,1.1236863279840605
1998.0,1.1251670700862444
1999.0,1.124659917104831
2000.0,1.1253579909663374
2001.0,1.1257793734019703
2002.0,1.1261720885012547
2003.0,1.1286650697393046
2004.0,1.1300555697074561
2005.0,1.1313845516733754
2006.0,1.1338162682144397
2007.0,1.1348148271704603
2008.0,1.1360195324060982
2009.0,1.1370896330066034
2010.0,1.1374740533869379
2011.0,1.1386627804153489
2012.0,1.1399871872741218
2013.0,1.1417212622215092
2014.0,1.1439141662241763
2015.0,1.1468807986640799
2016.0,1.149418137626465
2017.0,1.1510289641326303
2018.0,1.1523194188292498
2019.0,1.152754781838762
2020.0,1.1524512250109684
2021.0,1.1530173980215284
2022.0,1.1536326378358983
2023.0,1.1545065010833293
2024.0,1.1554801380937834
2025.0,1.1566798976109192
2026.0,1.1581376717742302
2027.0,1.1598600387748492
2028.0,1.1614013003774952
2029.0,1.1633392872216142
2030.0,1.1648874217688574
2031.0,1.1660524003301487
2032.0,1.1673257889719642
2033.0,1.1685626207270265
2034.0,1.170239900374638
2035.0,1.1728513909233327
2036.0,1.175105105820027
2037.0,1.177725736286724
2038.0,1.1817877316650283
2039.0,1.18393017117518
2040.0,1.185290555688115
2041.0,1.1865021830961935
2042.0,1.1859598702986416
2043.0,1.1865526669512245
2044.0,1.1876518070141762
2045.0,1.1889623720541491
2046.0,1.1897270896735248
2047.0,1.1901256029218918
2048.0,1.18886411371133
2049.0,1.1870597182550893
2050.0,1.1861786151138294
2051.0,1.1857466887373174
2052.0,1.186704474073776
2053.0,1.18963304004589
2054.0,1.191663479095959
2055.0,1.194984412613442
2056.0,1.196994907487457
2057.0,1.1984587269183216
2058.0,1.19972655911021
2059.0,1.2006939772046052
2060.0,1.2000121142569402
2061.0,1.2018679250718052
2062.0,1.2022653063019713
2063.0,1.200772243815517
2064.0,1.2006192533060924
2065.0,1.1987067904236368
2066.0,1.1961260782537573
2067.0,1.1963892527158315
2068.0,1.1997675251296431
2069.0,1.2009608906285125
2070.0,1.202664759806728
2071.0,1.2045062908453341
2072.0,1.2057710216522834
2073.0,1.2070124894350245
2074.0,1.2093616379505323
2075.0,1.2102651079375368
2076.0,1.2107739913273714
2077.0,1.2092846342241883
2078.0,1.2079552404008456
2079.0,1.2090278019276484
2080.0,1.209597907202935
2081.0,1.2116605280213673
2082.0,1.2128685557173446
2083.0,1.214227317380247
2084.0,1.2151621560199768
2085.0,1.21566155295147
2086.0,1.2160846864482984
2087.0,1.2161330165450916
2088.0,1.216819266110161
2089.0,1.2178142378663188
2090.0,1.2183269684451676
2091.0,1.2194539218621878
2092.0,1.2212490487684335
2093.0,1.2215068897072865
2094.0,1.222267215172222
2095.0,1.2226887501052979
2096.0,1.2226521671815578
2097.0,1.2234420114292286
2098.0,1.224923827455885
2099.0,1.2258170278677099
2100.0,1.2272021117238128
2101.0,1.2277650532992215
2102.0,1.227173593540719
2103.0,1.2269547824956448
2104.0,1.2267890496889526
2105.0,1.2264006473151923
2106.0,1.2249342265163383
2107.0,1.2260255535483138
2108.0,1.226147024965092
2109.0,1.2276566164367004
2110.0,1.2306113620671884
2111.0,1.232167827954928
2112.0,1.233551605538934
2113.0,1.234144163741369
2114.0,1.2351533642537325
2115.0,1.2359217105185756
2116.0,1.236693492052191
2117.0,1.2372681616573116
2118.0,1.2384756846363885
2119.0,1.2399859879455426
2120.0,1.2408850500578903
2121.0,1.2431812293370932
2122.0,1.243349090660248
2123.0,1.2404738226140137
2124.0,1.2398344680976583
2125.0,1.239345602796832
2126.0,1.2394720822340948
2127.0,1.2393028524028231
2128.0,1.2395766543221636
2129.0,1.2398158002017559
2130.0,1.2386415790810568
2131.0,1.2385809606158305
2132.0,1.2385531826513294
2133.0,1.2384317022614764
2134.0,1.238042988894988
2135.0,1.2374635914006997
2136.0,1.2372676234091273
2137.0,1.2362538699087315
2138.0,1.2330476902414333
2139.0,1.2321853599716301
2140.0,1.2321237556327531
2141.0,1.2328976232347324
2142.0,1.2352419905757344
2143.0,1.2381399333044292
2144.0,1.239935047861245
2145.0,1.2401043937253842
2146.0,1.2398153117862603
2147.0,1.2387233518720646
2148.0,1.2370245165600338
2149.0,1.2369862240199736
2150.0,1.236439604059289
2151.0,1.2359649493954978
2152.0,1.2365921248390421
2153.0,1.2385807287135697
2154.0,1.2390810724981725
2155.0,1.2401078446046188
2156.0,1.2400946623619795
2157.0,1.2383203288712838
2158.0,1.2378747664446814
2159.0,1.2374469727583797
2160.0,1.2374510194938328
2161.0,1.2380770550713571
2162.0,1.2387427269077373
2163.0,1.2392857969796054
2164.0,1.2408178514618258
2165.0,1.242849039312981
2166.0,1.2456602659771918
2167.0,1.2466865601562427
2168.0,1.2470475020833973
2169.0,1.2448183405531406
2170.0,1.240753769742353
2171.0,1.2387968981174222
2172.0,1.2362323099143344
2173.0,1.2354799293541237
2174.0,1.237436446249759
2175.0,1.2373892683022074
2176.0,1.2362443853315115
2177.0,1.237127114501096
2178.0,1.239237129454156
2179.0,1.2397129059481615
2180.0,1.2413526465116864
2181.0,1.2419345076062476
2182.0,1.2393071628704768
2183.0,1.238794436243487
2184.0,1.2391885972960992
2185.0,1.2401731076657516
2186.0,1.242146697200714
2187.0,1.2440944102303482
2188.0,1.246132406122064
2189.0,1.246987285502454
2190.0,1.2466979769594435
2191.0,1.2472844278354311
2192.0,1.2454403940556478
2193.0,1.2441730834439557
2194.0,1.2426889820406306
2195.0,1.240065144914099
2196.0,1.2377487435284065
2197.0,1.2348482721747072
2198.0,1.233529881318033
2199.0,1.2330814319672596
2200.0,1.2333113494065533
2201.0,1.236073278065435
2202.0,1.2372362772675027
2203.0,1.2365948437828147
2204.0,1.2373172907216907
2205.0,1.238572501039381
2206.0,1.2393682020278238
2207.0,1.242084790246437
2208.0,1.2449759323549914
2209.0,1.2429231805389858
2210.0,1.2417793262797985
2211.0,1.24214318113263
2212.0,1.2417205220069165
2213.0,1.2448438444907444
2214.0,1.246743833974457
2215.0,1.244960346992764
2216.0,1.2423141434582543
2217.0,1.241754798488342
2218.0,1.2412428459972036
2219.0,1.2425672768362968
2220.0,1.247258455004366
2221.0,1.2484262555713228
2222.0,1.248108170255447
2223.0,1.248161700096752
2224.0,1.2462939237783295
2225.0,1.2466596970436958
2226.0,1.2496472817183089
2227.0,1.2499899365969374
2228.0,1.2488373817532525
2229.0,1.2489412584927555
2230.0,1.2494408803322388
2231.0,1.2489439807413762
2232.0,1.2482003844300347
2233.0,1.2487277662411993
2234.0,1.2477929176765359
2235.0,1.2437026533337179
2236.0,1.2443890125263803
2237.0,1.2447531467152897
2238.0,1.2410240893413749
2239.0,1.2423770181780636
2240.0,1.2454197203956119
2241.0,1.24446427383124
2242.0,1.246017182207845
2243.0,1.24606014162409
2244.0,1.2417522614723417
2245.0,1.2398366928431024
2246.0,1.2378475863764242
2247.0,1.2357975784368291
2248.0,1.2354241025387542
2249.0,1.235872539980519
2250.0,1.2359780006386794
2251.0,1.2381833274120733
2252.0,1.2389833611979997
2253.0,1.2389688243266728
2254.0,1.2384307861745307
2255.0,1.2371387148093727
2256.0,1.2367367097037045
2257.0,1.2361947025128428
2258.0,1.2359980612345385
2259.0,1.2366747201586572
2260.0,1.2362107304786893
2261.0,1.234605823561464
2262.0,1.233514012247649
2263.0,1.2342151710949838
2264.0,1.2329406502762812
2265.0,1.233553483081014
2266.0,1.2355106598449048
2267.0,1.2343173658218514
2268.0,1.235783326751003
2269.0,1.2373283818995484
2270.0,1.236895889473801
2271.0,1.238053574695759
2272.0,1.2390711279526545
2273.0,1.2375583645200872
2274.0,1.2364811148002148
2275.0,1.2371106747820895
2276.0,1.2376989947323394
2277.0,1.2383534674667174
2278.0,1.2394109223836725
2279.0,1.2424767945225368
2280.0,1.2470055090733334
2281.0,1.248730444446667
2282.0,1.2526634027231902
2283.0,1.2528280133861434
2284.0,1.246930162153165
2285.0,1.2468946277513355
2286.0,1.2486983457658933
2287.0,1.2488510859523105
2288.0,1.2522683008050857
2289.0,1.2513849492127942
2290.0,1.2456760987102853
2291.0,1.2443546480265568
2292.0,1.243003817484562
2293.0,1.2417214735178481
2294.0,1.2431607977610262
2295.0,1.2434446411611375
2296.0,1.2429294071321997
2297.0,1.2427200812199835
2298.0,1.2418418829569275
2299.0,1.2390840839853086
2300.0,1.2346455578252926
2301.0,1.2325658460444833
2302.0,1.2339586536038878
2303.0,1.2355059427954898
2304.0,1.2382844197094653
2305.0,1.2401271754919172
2306.0,1.2390535020669426
2307.0,1.2429926866205707
2308.0,1.2455103782066823
2309.0,1.2427924113457633
2310.0,1.243810615561724
2311.0,1.2397482421786008
2312.0,1.2340196891313517
2313.0,1.2381136990543617
2314.0,1.241119627538759
2315.0,1.2422940025794666
2316.0,1.243548447427812
2317.0,1.2427884200393702
2318.0,1.2440369116856906
2319.0,1.244471971129668
2320.0,1.2455226648051805
2321.0,1.2512291367731332
2322.0,1.2498518549515545
2323.0,1.2424708940411844
2324.0,1.2393811653986821
2325.0,1.235367611119898
2326.0,1.2328056373935625
2327.0,1.2318212083488673
2328.0,1.234012884017475
2329.0,1.2357305212657919
2330.0,1.2381981539419604
2331.0,1.2473590294815189
2332.0,1.2513862579991504
2333.0,1.254777186904615
2334.0,1.2558332869942224
2335.0,1.2535407285959541
2336.0,1.249670707210299
2337.0,1.240207481626461
2338.0,1.236222857192749
2339.0,1.2316323221901722
2340.0,1.2323094436007629
2341.0,1.2410884958318484
2342.0,1.2449652184944293
2343.0,1.2510295827297253
2344.0,1.2542744810365631
2345.0,1.2519166576589653
2346.0,1.2524478502688803
2347.0,1.256203810035865
2348.0,1.252771752044006
2349.0,1.2532980715224098
2350.0,1.2520088158551321
2351.0,1.2433827585975816
2352.0,1.2433235714962023
2353.0,1.2401707004369524
2354.0,1.2361375029473316
2355.0,1.2323933804391964
2356.0,1.2273340318915882
2357.0,1.2279097716274796
2358.0,1.2274410451253714
2359.0,1.2307940924682645
2360.0,1.2400189419830587
2361.0,1.2425409906006888
2362.0,1.240856111423471
2363.0,1.2443317059790457
2364.0,1.2450606949452319
2365.0,1.242488295300362
2366.0,1.2390254688645541
2367.0,1.2335420864002813
2368.0,1.2283723694131865
2369.0,1.2219450768011115
2370.0,1.223158287408547
2371.0,1.2235654477956033
2372.0,1.2170777240678061
2373.0,1.21872939995839
2374.0,1.220511385524961
2375.0,1.2232511850652183
2376.0,1.2302134235809397
2377.0,1.234627154632967
2378.0,1.239542660168726
2379.0,1.2438071046597627
2380.0,1.2484068443185905
2381.0,1.2433889967206095
2382.0,1.2372339974721145
2383.0,1.2351824255828276
2384.0,1.2209246441742168
2385.0,1.2126761530841252
2386.0,1.2093950295641855
2387.0,1.2112054315719996
2388.0,1.2256631464689391
2389.0,1.229083200609777
2390.0,1.2324081534168088
2391.0,1.2267940027589987
2392.0,1.209285438079263
2393.0,1.214524499635386
2394.0,1.216058892918665
2395.0,1.2210737706952133
2396.0,1.234295843698355
2397.0,1.2268024206403345
2398.0,1.2339505176529648
2399.0,1.2395730535465268
2400.0,1.2291889190325065
2401.0,1.2242811360461006
2402.0,1.2205330229103373
2403.0,1.2164995723264984
2404.0,1.208269483649548
2405.0,1.2075648948313316
2406.0,1.2045581975086879
2407.0,1.1939416276951278
2408.0,1.192429394868258
2409.0,1.190510614675478
2410.0,1.1788647075295682
2411.0,1.171908733390346
2412.0,1.1670968358557672
2413.0,1.1643270474037648
2414.0,1.1769311671787226
2415.0,1.1713747325607118
2416.0,1.1590571955286653
2417.0,1.1623596669267247
2418.0,1.1527899729461324
2419.0,1.1641189437836212
2420.0,1.1924740051445906
2421.0,1.1953451548909144
2422.0,1.1970358191731816
2423.0,1.1986689220420712
2424.0,1.1851192696176567
2425.0,1.1761818597210834
2426.0,1.1669389322258232
2427.0,1.1596823576249944
2428.0,1.1689789314393992
2429.0,1.1727466626568803
2430.0,1.1818087031611997
2431.0,1.1859409347517114
2432.0,1.1753206877893567
2433.0,1.1726095773943896
2434.0,1.1726094076119138
2435.0,1.1753729219988713
2436.0,1.1836838910801046
2437.0,1.1902158174537676
2438.0,1.1877567077010844
2439.0,1.1930062473844425
2440.0,1.19302268432562
2441.0,1.1799499882161146
2442.0,1.17975445801923
2443.0,1.1848102211688294
2444.0,1.1775573907832215
2445.0,1.1753423008551653
2446.0,1.1730106933952247
2447.0,1.1537969187027608
2448.0,1.1444558982783475
2449.0,1.1457365106739474
2450.0,1.1482190893518553
2451.0,1.1485080647589907
2452.0,1.1344742603563118
2453.0,1.1214459279833453
2454.0,1.1285300695231322
2455.0,1.1385498654085144
2456.0,1.1529352240206352
2457.0,1.1775151504648504
2458.0,1.1800421989365766
2459.0,1.1736567457449325
2460.0,1.1730171219282348
2461.0,1.1521986556119461
2462.0,1.126353544932204
2463.0,1.1066394022009718
2464.0,1.092712709825442
2465.0,1.1057350372422141
2466.0,1.1332005700108507
2467.0,1.167833451737751
2468.0,1.1853923903062062
2469.0,1.163013226174838
2470.0,1.1294907683716686
2471.0,1.1103817028440646
2472.0,1.0987143540922921
2473.0,1.10530317272588
2474.0,1.1110792577636133
2475.0,1.1072054282334578
2476.0,1.1118490076213667
2477.0,1.13647507400586
2478.0,1.1469483912851244
2479.0,1.1623786495243509
2480.0,1.1578978559878943
2481.0,1.116246133024999
2482.0,1.1129394010920977
2483.0,1.1258526853875281
2484.0,1.1324538440289358
2485.0,1.1764879765051117
2486.0,1.1743295970314136
2487.0,1.1163263920033033
2488.0,1.0923032634999152
2489.0,1.0653616951951395
2490.0,1.0596321888156277
2491.0,1.0881935297404104
2492.0,1.0934864832199562
2493.0,1.0991189089394864
2494.0,1.0968188154856149
2495.0,1.069890418998206
2496.0,1.0705341153158212
2497.0,1.0866843947006573
2498.0,1.0867265588211619
2499.0,1.1007608468432437
2500.0,1.096041691047668
