350.0,-0.19960966016837056
351.0,-0.14336348961677084
352.0,-0.04665220665769135
353.0,-0.12512924959399357
354.0,-0.13518868813014115
355.0,-0.055477443895421336
356.0,0.031067890619016766
357.0,-0.04649746331937594
358.0,-0.03392491603749837
359.0,0.019847785728848356
360.0,0.0006545519447546313
361.0,-0.00875848189118355
362.0,-0.010969657217980908
363.0,-0.010691894272442581
364.0,-0.011401058172407958
365.0,-0.0088976226372979
366.0,-0.00454832415250818
367.0,-0.0032546990830959496
368.0,-0.009216217501820376
369.0,-0.011684063701286409
370.0,-0.016177798438561836
371.0,-0.016508622527756367
372.0,0.0062033840308077905
373.0,0.011663221207582545
374.0,0.00486290412830687
375.0,-0.0028863387189286788
376.0,-0.004813451649348655
377.0,-0.001493126493934882
378.0,-0.00046062803868153376
379.0,-0.002463233495269825
380.0,0.01645842208915689
381.0,0.01578711216917421
382.0,0.00887125534076216
383.0,0.019451847076709453
384.0,0.02579288088211823
385.0,0.025069682298029923
386.0,0.022902279160362568
387.0,0.02680058411980196
388.0,0.022947731891621994
389.0,0.02128082434216081
390.0,0.025736896704894603
391.0,0.032093312295652786
392.0,0.02648201984534397
393.0,0.023108287526213103
394.0,0.026874197262755622
395.0,0.02360762672870471
396.0,0.026457056171828836
397.0,0.032057773737407515
398.0,0.03478399972757821
399.0,0.031942929886477144
400.0,0.029929385040035672
401.0,0.028444735074576552
402.0,0.026365231349128895
403.0,0.030144064781049272
404.0,0.02671903287359415
405.0,0.02377792294654232
406.0,0.03598734987598679
407.0,0.03810677045153767
408.0,0.03524688274145767
409.0,0.030943584988956115
410.0,0.025016707925826068
411.0,0.026535492873338257
412.0,0.0329914989731732
413.0,0.038812021254424976
414.0,0.0372421533779357
415.0,0.03421851306768234
416.0,0.03314683906510823
417.0,0.03488771487289321
418.0,0.034947933776282775
419.0,0.03574575886585415
420.0,0.03932325154821579
421.0,0.044966443024188965
422.0,0.03912215645400445
423.0,0.03557044603621309
424.0,0.03653221119020981
425.0,0.03378631423016377
426.0,0.03361738686557445
427.0,0.03608923680111175
428.0,0.039438623446729146
429.0,0.040852673859169505
430.0,0.03795469488425512
431.0,0.03639548309649818
432.0,0.0397416839917071
433.0,0.0397836058916927
434.0,0.04044972173085525
435.0,0.04214939562759533
436.0,0.04316694596634267
437.0,0.039375192674493804
438.0,0.03746009761310631
439.0,0.03801326449637384
440.0,0.03590377798624316
441.0,0.036985512019200584
442.0,0.038870316055786905
443.0,0.03936346217923643
444.0,0.03887133444233842
445.0,0.03950997367959563
446.0,0.03998434666120203
447.0,0.038823546924995844
448.0,0.037622490767400076
449.0,0.0379591970927554
450.0,0.039524714608975185
451.0,0.04076464629257801
452.0,0.04029498153156928
453.0,0.039764264776122195
454.0,0.03977081598847877
455.0,0.03926256301317387
456.0,0.03786601412146619
457.0,0.03739502583985805
458.0,0.038922424853920404
459.0,0.040684795303949604
460.0,0.0414257556961783
461.0,0.04102030066018215
462.0,0.04010058357668982
463.0,0.03998456425324158
464.0,0.039590506327211526
465.0,0.03920429535541357
466.0,0.040187163014429476
467.0,0.039976891269535915
468.0,0.03956035027141525
469.0,0.03980840832031512
470.0,0.04036933037805188
471.0,0.040007049537545546
472.0,0.039403121485076194
473.0,0.0395547599405002
474.0,0.040051092147140095
475.0,0.04066077186602546
476.0,0.041216265514188444
477.0,0.04154943112911514
478.0,0.04094117954040342
479.0,0.04052278152258575
480.0,0.04070363853494635
481.0,0.04054123443310836
482.0,0.039630925388845856
483.0,0.039333854015885995
484.0,0.04055271616704275
485.0,0.041318634967833556
486.0,0.04147787155272396
487.0,0.04111317063821995
488.0,0.04063559027664997
489.0,0.041546668353839834
490.0,0.04196694003324578
491.0,0.041288289846687275
492.0,0.04090391049209332
493.0,0.04116132193051084
494.0,0.04064480630208947
495.0,0.03911565814275216
496.0,0.04111852185359169
497.0,0.04208205449549455
498.0,0.041427347597048116
499.0,0.04073673629295541
500.0,0.04144922175294597
501.0,0.042197589055220655
502.0,0.04229074404904205
503.0,0.04214280564940953
504.0,0.04229089030798043
505.0,0.04230030723859491
506.0,0.0419369233978691
507.0,0.042167848978740194
508.0,0.04215422960146889
509.0,0.042001015976371375
510.0,0.042146217730644205
511.0,0.04203778831704993
512.0,0.04210578616477544
513.0,0.042448567840078194
514.0,0.042703597123218154
515.0,0.04294722791753649
516.0,0.04296253569908375
517.0,0.042640125393773085
518.0,0.04225493421943853
519.0,0.04201235504561479
520.0,0.04196579025298863
521.0,0.04211264604472865
522.0,0.04280359715490378
523.0,0.0431015589867172
524.0,0.04280624336823926
525.0,0.04271638692066961
526.0,0.042788499939594375
527.0,0.04286713701248595
528.0,0.04288199846754389
529.0,0.04319190845041037
530.0,0.04315273530002577
531.0,0.04320330119204751
532.0,0.04404547556769011
533.0,0.04347462426855817
534.0,0.04301947826584118
535.0,0.043408606356996456
536.0,0.0437526947771628
537.0,0.04390874295445732
538.0,0.0440002912327861
539.0,0.04410515525968532
540.0,0.04371637893670769
541.0,0.04379459029905248
542.0,0.04420005566061495
543.0,0.04414278542402827
544.0,0.044057514298345694
545.0,0.044124283374419856
546.0,0.04425604868688856
547.0,0.0439471395867065
548.0,0.044061358768233944
549.0,0.04451854688937262
550.0,0.044912941426827176
551.0,0.04484216086333558
552.0,0.044755631869336815
553.0,0.04473855620831627
554.0,0.044602628995682805
555.0,0.045046362704274076
556.0,0.045277998335515594
557.0,0.04499374929760691
558.0,0.04544648334503725
559.0,0.04567760436647206
560.0,0.04558011172888163
561.0,0.04538526741606455
562.0,0.04533506645400175
563.0,0.04544111815136556
564.0,0.04556695366783552
565.0,0.04546890844390639
566.0,0.045786851379454915
567.0,0.046085579133516366
568.0,0.04600564396991386
569.0,0.04601306235302329
570.0,0.045875454087717864
571.0,0.04585341045245282
572.0,0.04634017523965985
573.0,0.04686733024914078
574.0,0.04684780750223441
575.0,0.046268322004014234
576.0,0.04588764575575386
577.0,0.04617664878152538
578.0,0.04676366768032951
579.0,0.04712386611122314
580.0,0.047223500932433014
581.0,0.04722017394830511
582.0,0.04715507587943792
583.0,0.04702062420684355
584.0,0.04728011796663414
585.0,0.04755093573882425
586.0,0.04755957529522715
587.0,0.04743819408996362
588.0,0.04740388884531121
589.0,0.04750382521284394
590.0,0.04772274131982536
591.0,0.04815545263417381
592.0,0.04838915761932936
593.0,0.04840141076007504
594.0,0.04855924834614668
595.0,0.048718751780826956
596.0,0.04874266786830653
597.0,0.04860508714922942
598.0,0.04854273275108903
599.0,0.04874458788168205
600.0,0.04908562292367674
601.0,0.049301286627990444
602.0,0.04951174750170141
603.0,0.04968620929184039
604.0,0.04971256025827013
605.0,0.04937437144141833
606.0,0.04950873078861407
607.0,0.049824948949963525
608.0,0.04991440481943299
609.0,0.050233794219235364
610.0,0.05041006397443248
611.0,0.0504577576394636
612.0,0.05065027085508278
613.0,0.050612477549553295
614.0,0.05059168924273833
615.0,0.05079365366952239
616.0,0.051184377742814584
617.0,0.05148505561544118
618.0,0.05162199533958821
619.0,0.051642484138243114
620.0,0.0516996163533453
621.0,0.051822096954155523
622.0,0.052031256188373134
623.0,0.05233987036405389
624.0,0.05239862016153936
625.0,0.05230106546600834
626.0,0.05228789357518729
627.0,0.0527446853680424
628.0,0.053041208862314115
629.0,0.05306846785159315
630.0,0.0530523069990403
631.0,0.05330348832612561
632.0,0.053542691577328654
633.0,0.05363291026903048
634.0,0.05376978249678412
635.0,0.053912636676945125
636.0,0.05403960794352352
637.0,0.05415093649216626
638.0,0.05435556423104776
639.0,0.0543983413478589
640.0,0.05436017667274844
641.0,0.054592303703588134
642.0,0.054936132092472244
643.0,0.055258321663303675
644.0,0.05552371464289739
645.0,0.05596703403153317
646.0,0.05600923092757689
647.0,0.055901713559768994
648.0,0.05613765962577302
649.0,0.056228175951272885
650.0,0.056463960666449264
651.0,0.056877446912316075
652.0,0.0571284498874305
653.0,0.05719933971193632
654.0,0.05721384405348862
655.0,0.05731550133695175
656.0,0.057565322500094995
657.0,0.057846338058830486
658.0,0.058091118416296716
659.0,0.05827355176399711
660.0,0.05840384701677157
661.0,0.05867479224286821
662.0,0.05906548112450454
663.0,0.05913351681362489
664.0,0.05935200572515922
665.0,0.05968104923644469
666.0,0.059923314034223615
667.0,0.05996437977039574
668.0,0.0601587353200693
669.0,0.06054483090264304
670.0,0.06084816990288327
671.0,0.060875048487900166
672.0,0.06088364856976961
673.0,0.061110626500394075
674.0,0.06155493250325324
675.0,0.06178228327150386
676.0,0.06189378360124467
677.0,0.06219250009812111
678.0,0.062432686490443826
679.0,0.06272018509387185
680.0,0.06304183503023857
681.0,0.06320273085387045
682.0,0.06331681757153788
683.0,0.0634556325940885
684.0,0.06365564318472469
685.0,0.06386546207443347
686.0,0.06411432558371544
687.0,0.06447571006056275
688.0,0.06500998663910434
689.0,0.06540129918112954
690.0,0.06549255590082528
691.0,0.06541980049436497
692.0,0.06578602548742482
693.0,0.06615897867161429
694.0,0.06653704750289453
695.0,0.06699236880198162
696.0,0.06730648822756902
697.0,0.06746891702952441
698.0,0.06755355225261522
699.0,0.06770118195546285
700.0,0.0680111288361736
701.0,0.0684090877658008
702.0,0.0688278109613764
703.0,0.06936317071168237
704.0,0.06943277212634902
705.0,0.0693731312253597
706.0,0.06977795432946755
707.0,0.07009117257278974
708.0,0.07032785664214093
709.0,0.07054686740801437
710.0,0.0708071387899466
711.0,0.07131282252375681
712.0,0.07176927274874367
713.0,0.07194899648686232
714.0,0.07217327279601371
715.0,0.07246367375513814
716.0,0.07279618172221008
717.0,0.07312444799759597
718.0,0.07350197522881564
719.0,0.07391071972458992
720.0,0.07432149584267553
721.0,0.07470501828457561
722.0,0.07501713746334726
723.0,0.07524411680817851
724.0,0.07544709628070367
725.0,0.07593518461537135
726.0,0.0762890900428905
727.0,0.07644016927636586
728.0,0.07659561129121123
729.0,0.07689757457944014
730.0,0.0773693145324906
731.0,0.07790027191769514
732.0,0.07817687047463753
733.0,0.07847832508786204
734.0,0.078891036062859
735.0,0.07936343424648629
736.0,0.07952872485315815
737.0,0.07979359230415642
738.0,0.08020158361573151
739.0,0.08049267831181507
740.0,0.08097795128508402
741.0,0.08149117559852109
742.0,0.0818727175650642
743.0,0.08212007166784084
744.0,0.0824484566275059
745.0,0.08280404381922328
746.0,0.08309714509945806
747.0,0.083638906251176
748.0,0.08406492947545077
749.0,0.0843282415744315
750.0,0.08469997631658824
751.0,0.08504137592414024
752.0,0.08547660992376677
753.0,0.08602291280165189
754.0,0.08635045838440646
755.0,0.08673904523642431
756.0,0.0871600476394015
757.0,0.08750177281006212
758.0,0.08786225419248432
759.0,0.08829009483277984
760.0,0.08876065110508756
761.0,0.08918732544196152
762.0,0.08962661796111193
763.0,0.09007840465859625
764.0,0.09053765859508081
765.0,0.0910280571982829
766.0,0.09138382046807113
767.0,0.09169035951432997
768.0,0.0921072231229895
769.0,0.09259426732254541
770.0,0.09310949932401665
771.0,0.09366654741822301
772.0,0.09431402320924684
773.0,0.09465565926436499
774.0,0.094914914758684
775.0,0.09531486388668871
776.0,0.09583157138746798
777.0,0.09617830077942353
778.0,0.09657525119862018
779.0,0.09729937257247813
780.0,0.0978519221659546
781.0,0.09827079004031634
782.0,0.09866534600925538
783.0,0.09916391002535577
784.0,0.09955947507388511
785.0,0.09996937174811406
786.0,0.10050511080049204
787.0,0.10116025284842468
788.0,0.10183920626002571
789.0,0.10231322315213502
790.0,0.10248240329375088
791.0,0.10295264385992797
792.0,0.10348292141219416
793.0,0.10402424745514083
794.0,0.10467500936956334
795.0,0.10521760495744666
796.0,0.10572082458731058
797.0,0.1062195155127004
798.0,0.10661889639745246
799.0,0.10711077059210405
800.0,0.10768178346706478
801.0,0.10825936262892825
802.0,0.10879838090255965
803.0,0.10935394406493229
804.0,0.10987900365891334
805.0,0.11030102958374248
806.0,0.11084018137280144
807.0,0.11140296958474982
808.0,0.111961565358098
809.0,0.11261624504379245
810.0,0.11324391920980377
811.0,0.11378347997371675
812.0,0.1142171246326808
813.0,0.11457801434207537
814.0,0.11502961713828008
815.0,0.1156268937532201
816.0,0.1163335355850885
817.0,0.11698561369516253
818.0,0.1175365441822967
819.0,0.11804415617626207
820.0,0.11863321964948922
821.0,0.11911016157820843
822.0,0.11971212998352974
823.0,0.1204917467842119
824.0,0.12105986100060331
825.0,0.12165006968570907
826.0,0.12227456834884783
827.0,0.1228680495222187
828.0,0.1233053213342923
829.0,0.12395503482071377
830.0,0.1247684626111601
831.0,0.1254511481507486
832.0,0.12583431252630903
833.0,0.12636094833616957
834.0,0.12711684351099176
835.0,0.12774101336790292
836.0,0.12831613707113967
837.0,0.12896571189331338
838.0,0.1297016633839911
839.0,0.13029331369121094
840.0,0.13081575769625822
841.0,0.13132674520403154
842.0,0.13188276825742615
843.0,0.1325396236317569
844.0,0.13318936458966818
845.0,0.1338809816203242
846.0,0.13471757123542843
847.0,0.13545588886747092
848.0,0.13601076030134163
849.0,0.1364207375384342
850.0,0.13684760080032965
851.0,0.13747189688593292
852.0,0.13834037538110935
853.0,0.13928752048697082
854.0,0.1398041063242589
855.0,0.14036948155636958
856.0,0.14100739514710292
857.0,0.1416320584974781
858.0,0.1423087132464911
859.0,0.14297450857005864
860.0,0.1436547697998209
861.0,0.1444139510768848
862.0,0.14529401042966364
863.0,0.1459071584590185
864.0,0.1463673619803607
865.0,0.1472241965009164
866.0,0.1481239907852421
867.0,0.14887941940116178
868.0,0.1495157251478305
869.0,0.15032962452420814
870.0,0.15096451371467476
871.0,0.15155010570934577
872.0,0.15225226041135456
873.0,0.15301813562483374
874.0,0.15368064971261391
875.0,0.15430457155314167
876.0,0.15499903147651997
877.0,0.15561912024988886
878.0,0.15644584839316975
879.0,0.1573383410259618
880.0,0.15797039417786057
881.0,0.15868312409212795
882.0,0.15951337870016374
883.0,0.1604142187461747
884.0,0.1612662036764193
885.0,0.1619083450032388
886.0,0.16256352485704448
887.0,0.1633228142251669
888.0,0.16398699172916345
889.0,0.16474371253299577
890.0,0.1655795479666998
891.0,0.16640672753772567
892.0,0.16708046900543638
893.0,0.16769513750563672
894.0,0.16834217923318057
895.0,0.16907485596824368
896.0,0.1698213479352274
897.0,0.17055655655939336
898.0,0.1712836377600572
899.0,0.17203376058734085
900.0,0.17285256584819186
901.0,0.17382835052444873
902.0,0.17481497466113022
903.0,0.1755441824632149
904.0,0.1761261863531613
905.0,0.17704610754026195
906.0,0.17805426012476508
907.0,0.17828841982366767
908.0,0.17922240761901584
909.0,0.18017677515709468
910.0,0.18076180051070742
911.0,0.18147546969252784
912.0,0.18249536952776582
913.0,0.1835425733335275
914.0,0.1844094695878396
915.0,0.18523895339300414
916.0,0.18620584765733986
917.0,0.18714442360031522
918.0,0.1878502237317567
919.0,0.18825044753938774
920.0,0.18897572418199754
921.0,0.1901035000805418
922.0,0.19138716545843182
923.0,0.1923390609485304
924.0,0.19289724295830468
925.0,0.19332747942865372
926.0,0.19407433305049543
927.0,0.1956533187304936
928.0,0.19667563933388144
929.0,0.19704498076886418
930.0,0.19755235943501087
931.0,0.19899946182233927
932.0,0.2000137917876657
933.0,0.20039527910609245
934.0,0.20090535939838935
935.0,0.20172680127636564
936.0,0.20278428637012982
937.0,0.20399608939549274
938.0,0.20527513961067903
939.0,0.20627905551355852
940.0,0.20706629674038485
941.0,0.20775893003125373
942.0,0.20847226556826273
943.0,0.20920326716417267
944.0,0.21017207501140545
945.0,0.21135849736637569
946.0,0.21241365667433634
947.0,0.2129515900269058
948.0,0.2138687391188838
949.0,0.2151951955834977
950.0,0.21557929213887755
951.0,0.21647180608599584
952.0,0.21769889597270298
953.0,0.21867924777644965
954.0,0.21880268093681363
955.0,0.2194156891258687
956.0,0.22044076736819967
957.0,0.2215760792577784
958.0,0.22271371335875037
959.0,0.22374234102245763
960.0,0.2246809302854745
961.0,0.2256662024065432
962.0,0.2269589481832842
963.0,0.2281681625194836
964.0,0.22899960615013748
965.0,0.22957814093073534
966.0,0.23071317316760348
967.0,0.23160358008151452
968.0,0.23236600472510943
969.0,0.23325500870550278
970.0,0.23431593912856158
971.0,0.2352783870760327
972.0,0.2358912117336717
973.0,0.23621296728189067
974.0,0.2368160391925665
975.0,0.23815760185039153
976.0,0.23966992620660163
977.0,0.2406375242434141
978.0,0.24068429240786912
979.0,0.24152715782395195
980.0,0.24294949843632502
981.0,0.2442571916883028
982.0,0.2449114208473111
983.0,0.24603557547946692
984.0,0.2471645331754255
985.0,0.24801558044540323
986.0,0.24923363155403477
987.0,0.2502156900363289
988.0,0.25050831029004167
989.0,0.25085052593610213
990.0,0.2534096276351989
991.0,0.2543415414422475
992.0,0.25509403603390124
993.0,0.25647138747394543
994.0,0.2570448849748866
995.0,0.2585709767528559
996.0,0.25898222216152483
997.0,0.2587855601432492
998.0,0.26170940412054033
999.0,0.2636224838079606
1000.0,0.2645994347813307
1001.0,0.27813856030524853
1002.0,0.2793516894986572
1003.0,0.2800462826800772
1004.0,0.28055607110211506
1005.0,0.28230221345677836
1006.0,0.2844333521936813
1007.0,0.28515606342048394
1008.0,0.2872639806906832
1009.0,0.2878966496923582
1010.0,0.28810415415891644
1011.0,0.28778035201767443
1012.0,0.2887728247625671
1013.0,0.29268961221683404
1014.0,0.29566342550233393
1015.0,0.30163238940946807
1016.0,0.3031088394664427
1017.0,0.3021541193133603
1018.0,0.3005321786238739
1019.0,0.3000297084664637
1020.0,0.2996426803562007
1021.0,0.30077152368546106
1022.0,0.3022585085407203
1023.0,0.30299538984771496
1024.0,0.3031128084677482
1025.0,0.30259806369141184
1026.0,0.30098545949844363
1027.0,0.2995346135405332
1028.0,0.3004794513613445
1029.0,0.301735193916731
1030.0,0.30416553794558976
1031.0,0.3081630772194513
1032.0,0.31185439174011753
1033.0,0.3124140555778761
1034.0,0.3142431362865805
1035.0,0.3159560963160237
1036.0,0.31538813969462154
1037.0,0.3159716605668876
1038.0,0.3163655529984263
1039.0,0.3160309272626787
1040.0,0.31668095351351777
1041.0,0.3178339769363253
1042.0,0.31917845163546993
1043.0,0.32054599283831
1044.0,0.3223381102737538
1045.0,0.324203671071279
1046.0,0.32573808809445315
1047.0,0.32644456457776005
1048.0,0.32674303025688545
1049.0,0.32717969444422856
1050.0,0.32730904759356694
1051.0,0.3286267696104572
1052.0,0.33008353353999725
1053.0,0.33115862142957864
1054.0,0.33335638799619793
1055.0,0.33489977880185473
1056.0,0.3363506739664219
1057.0,0.3379243750144833
1058.0,0.339174148969531
1059.0,0.3390882876978538
1060.0,0.33995226616019364
1061.0,0.34053659339837733
1062.0,0.3408697306126669
1063.0,0.34298128186268123
1064.0,0.3448947070059643
1065.0,0.3447910195724457
1066.0,0.34519958123875816
1067.0,0.3465925416750284
1068.0,0.34711748120727176
1069.0,0.3477606680994927
1070.0,0.3493153419828938
1071.0,0.35039628972651377
1072.0,0.3509253634825447
1073.0,0.35102172504232787
1074.0,0.3522885398977506
1075.0,0.35443323839729834
1076.0,0.35617679706627464
1077.0,0.35807217777305894
1078.0,0.35961496417655153
1079.0,0.359635956926955
1080.0,0.3614479005596138
1081.0,0.36320367171784795
1082.0,0.3633880080240271
1083.0,0.36582394380135275
1084.0,0.3673801182742595
1085.0,0.3674620419326252
1086.0,0.3687115455928008
1087.0,0.37134141238296425
1088.0,0.3719785611209746
1089.0,0.3728080433399179
1090.0,0.3745745938903127
1091.0,0.37661235063514126
1092.0,0.3788691529284846
1093.0,0.37992554797793177
1094.0,0.38066525754693326
1095.0,0.3802474370062418
1096.0,0.3801291116740158
1097.0,0.3816987644315147
1098.0,0.3827660749820439
1099.0,0.38365859770079724
1100.0,0.3844931827521909
1101.0,0.3858084559742507
1102.0,0.38708220683516337
1103.0,0.3882158980579351
1104.0,0.3899183590232783
1105.0,0.39192051869287886
1106.0,0.3924608424983998
1107.0,0.3934472611647795
1108.0,0.39593379831984715
1109.0,0.39715631676086305
1110.0,0.3976430197868545
1111.0,0.39911072262978053
1112.0,0.4004278225192767
1113.0,0.4006110927993403
1114.0,0.402025015819902
1115.0,0.4052639145331925
1116.0,0.40674439636771703
1117.0,0.40735687124288866
1118.0,0.4086603350473178
1119.0,0.40986198336880036
1120.0,0.4105694411138511
1121.0,0.41150953102692256
1122.0,0.4130935280753552
1123.0,0.41464857145543565
1124.0,0.4159910016777845
1125.0,0.4172077124427331
1126.0,0.41831651478898213
1127.0,0.4198081311260442
1128.0,0.4211211188687509
1129.0,0.422527034707417
1130.0,0.4246481220267845
1131.0,0.4263755114359676
1132.0,0.42780815299476405
1133.0,0.42884176567601634
1134.0,0.4299409618457385
1135.0,0.4304753917580455
1136.0,0.4302637341250592
1137.0,0.431026017893423
1138.0,0.43237275651958845
1139.0,0.4340064932405847
1140.0,0.43603754416399587
1141.0,0.43723672783132567
1142.0,0.438567833004401
1143.0,0.4394733365456828
1144.0,0.440873004232385
1145.0,0.44260868309658835
1146.0,0.44416170166196367
1147.0,0.44600991718579336
1148.0,0.44744389731658213
1149.0,0.448607238660462
1150.0,0.44952402202603586
1151.0,0.4508100227009254
1152.0,0.4515962035547268
1153.0,0.45271553787434915
1154.0,0.4542575007915385
1155.0,0.45494675374445454
1156.0,0.45599339929288607
1157.0,0.4570387239703871
1158.0,0.4576853940731993
1159.0,0.4588790780806508
1160.0,0.46065768209998875
1161.0,0.46208923626324017
1162.0,0.463567167925068
1163.0,0.46496301616455044
1164.0,0.4661015188931007
1165.0,0.467561677302251
1166.0,0.46919235386426
1167.0,0.47079000066548143
1168.0,0.4728986745987911
1169.0,0.47470077239750497
1170.0,0.4754492562015477
1171.0,0.4771237642560667
1172.0,0.4785245418588759
1173.0,0.47950742077959857
1174.0,0.4808941369572657
1175.0,0.4827167974831405
1176.0,0.484140341170582
1177.0,0.4854406035746847
1178.0,0.48680026697126444
1179.0,0.488155768219182
1180.0,0.48948135913585333
1181.0,0.4908851306779978
1182.0,0.4919617724238125
1183.0,0.4933271422784555
1184.0,0.4950665586820268
1185.0,0.4963430082803118
1186.0,0.49778649666925406
1187.0,0.4988067538289386
1188.0,0.4989562109603379
1189.0,0.5002023495172448
1190.0,0.5017129305427579
1191.0,0.503401843710238
1192.0,0.5060074123186566
1193.0,0.5079643566530112
1194.0,0.5097470994571646
1195.0,0.5114449305825797
1196.0,0.5131062198973291
1197.0,0.5143863906835642
1198.0,0.5153780697213541
1199.0,0.5161387924120248
1200.0,0.5173419612987099
1201.0,0.5185860909165927
1202.0,0.5192476485075174
1203.0,0.5203089635626965
1204.0,0.5215021095850975
1205.0,0.5223734120481701
1206.0,0.5235372291552906
1207.0,0.5253003865734482
1208.0,0.5267718976220007
1209.0,0.5279803959533288
1210.0,0.529296199912444
1211.0,0.5311505871494244
1212.0,0.5324171782238664
1213.0,0.5328538193521456
1214.0,0.5339634918761508
1215.0,0.5355275369048681
1216.0,0.5363852125153206
1217.0,0.5374137340436526
1218.0,0.5388715696446815
1219.0,0.5403006994633829
1220.0,0.5415211222151052
1221.0,0.5429630450644541
1222.0,0.544777235524177
1223.0,0.5463561433075715
1224.0,0.5478238152549181
1225.0,0.5492265148129207
1226.0,0.5506567960356702
1227.0,0.5522044469349997
1228.0,0.5536428770417543
1229.0,0.5550707184499764
1230.0,0.5566566376829712
1231.0,0.55814712289145
1232.0,0.5593977173861874
1233.0,0.5608463123313201
1234.0,0.5625948452542227
1235.0,0.564161826015008
1236.0,0.5655534710752987
1237.0,0.5669402427129443
1238.0,0.5681603771460275
1239.0,0.5690544707666741
1240.0,0.5701842252075376
1241.0,0.5711220661525273
1242.0,0.5725899003310594
1243.0,0.5745683125409333
1244.0,0.5760565661030556
1245.0,0.5779879372276439
1246.0,0.5792986612799986
1247.0,0.579632794456375
1248.0,0.5805067118239992
1249.0,0.5810234045040087
1250.0,0.5822208754932953
1251.0,0.5839232550636151
1252.0,0.5860602428084846
1253.0,0.587775732153218
1254.0,0.5897946784571599
1255.0,0.591457786538619
1256.0,0.5927543262633425
1257.0,0.5941733293210474
1258.0,0.5957158457839511
1259.0,0.5970269261677681
1260.0,0.5979631740878767
1261.0,0.5992381460698115
1262.0,0.6006570457715457
1263.0,0.6019778946038976
1264.0,0.6032622883188258
1265.0,0.6047511515937463
1266.0,0.6062688410212507
1267.0,0.6078310137277134
1268.0,0.6098344916480322
1269.0,0.6115346824932613
1270.0,0.6129186046508828
1271.0,0.6140204534209643
1272.0,0.6152174635139757
1273.0,0.6160997275137711
1274.0,0.617288776763928
1275.0,0.6187087400432851
1276.0,0.6199216587172658
1277.0,0.6211472004650098
1278.0,0.6222624354969724
1279.0,0.6231380702865227
1280.0,0.6242198575641313
1281.0,0.6252285969463027
1282.0,0.6264969845990298
1283.0,0.6281635958186624
1284.0,0.6295627447630656
1285.0,0.6309830793455045
1286.0,0.6323519286419556
1287.0,0.6334717447813975
1288.0,0.6347055088901592
1289.0,0.63600571936778
1290.0,0.6373723621872671
1291.0,0.6388176596988858
1292.0,0.6403874857704914
1293.0,0.6418180019064723
1294.0,0.6432427900369226
1295.0,0.6447081563236333
1296.0,0.6462052068013561
1297.0,0.6475360411397095
1298.0,0.6487928819386909
1299.0,0.6501341886528602
1300.0,0.6513558547561591
1301.0,0.6526112525226768
1302.0,0.6538964118388579
1303.0,0.6553166109483548
1304.0,0.6567160063533174
1305.0,0.6581928115706274
1306.0,0.6597705666570464
1307.0,0.6615570125795426
1308.0,0.6632961316054706
1309.0,0.6650172827098564
1310.0,0.666834490142315
1311.0,0.6689015456422587
1312.0,0.6705783160855041
1313.0,0.6722068340062316
1314.0,0.6736012377381747
1315.0,0.6746226120203913
1316.0,0.6758236052033553
1317.0,0.6768027585944716
1318.0,0.6781289098844883
1319.0,0.6799732310070472
1320.0,0.6812099165631696
1321.0,0.6820987924088736
1322.0,0.6833166648646953
1323.0,0.6841311752956005
1324.0,0.685343232951805
1325.0,0.6871103013213521
1326.0,0.6888508686138649
1327.0,0.6906609827701036
1328.0,0.6925915820482492
1329.0,0.6942865015591604
1330.0,0.6960747785297083
1331.0,0.6976113637242631
1332.0,0.6990043547081125
1333.0,0.7001332511118843
1334.0,0.7009734466623126
1335.0,0.7019879119717034
1336.0,0.7026310908795833
1337.0,0.7037109566591975
1338.0,0.7049651979909352
1339.0,0.7064783668198114
1340.0,0.708508532086382
1341.0,0.7101329761323556
1342.0,0.7117375249224213
1343.0,0.7134135558813424
1344.0,0.7149632447232228
1345.0,0.7164200059623677
1346.0,0.7180680921158794
1347.0,0.7194731312269779
1348.0,0.7209020390610648
1349.0,0.722157994944627
1350.0,0.7233435072079575
1351.0,0.7245449399175864
1352.0,0.7256782622694447
1353.0,0.7264427137384786
1354.0,0.7276687745406566
1355.0,0.7289819180918508
1356.0,0.7306161826067044
1357.0,0.7327699339833115
1358.0,0.7345112236678615
1359.0,0.7365170974184181
1360.0,0.7380817084493647
1361.0,0.739147702671655
1362.0,0.7403258233222738
1363.0,0.7413602090698601
1364.0,0.7423943030892229
1365.0,0.7433691872652686
1366.0,0.7443986945531458
1367.0,0.7455361721998434
1368.0,0.7463267908315053
1369.0,0.7475515135063845
1370.0,0.7489308472257066
1371.0,0.7502176515382328
1372.0,0.7517049938331992
1373.0,0.7529979629013198
1374.0,0.7541885791276605
1375.0,0.7553067363263483
1376.0,0.7562620771034125
1377.0,0.7574717643682125
1378.0,0.7586334565704389
1379.0,0.7600083660288569
1380.0,0.7617119373346224
1381.0,0.7633004688517834
1382.0,0.76515508850114
1383.0,0.766522344866349
1384.0,0.7676253144316865
1385.0,0.7687016303436078
1386.0,0.7691554285949239
1387.0,0.77014590683626
1388.0,0.7715103034387971
1389.0,0.7727888312394771
1390.0,0.774239246524769
1391.0,0.7757938933601247
1392.0,0.7770831669219127
1393.0,0.77826747792451
1394.0,0.7793189212335243
1395.0,0.7802395709220086
1396.0,0.7810514145742464
1397.0,0.7815015858174753
1398.0,0.7824982457434865
1399.0,0.7836670657994338
1400.0,0.7848333757112186
1401.0,0.7863593499259832
1402.0,0.7876296741151272
1403.0,0.7887171678000245
1404.0,0.7898955154114606
1405.0,0.7910984465054833
1406.0,0.7923053451675759
1407.0,0.7935645353406889
1408.0,0.7946771787612912
1409.0,0.7957285226162834
1410.0,0.7967730176425866
1411.0,0.7977136150470379
1412.0,0.7987041729651458
1413.0,0.7994881543430591
1414.0,0.8007225612535078
1415.0,0.8021354166958098
1416.0,0.8030842332697401
1417.0,0.8043720248848673
1418.0,0.8058966566440577
1419.0,0.8071956625832423
1420.0,0.8083736776487422
1421.0,0.8097502247868994
1422.0,0.8112363022876767
1423.0,0.8125032722083876
1424.0,0.8138929904183214
1425.0,0.8150293444670904
1426.0,0.8157169554329672
1427.0,0.816784549271023
1428.0,0.8178666982883758
1429.0,0.8191470272186863
1430.0,0.8207999058117029
1431.0,0.8221858480102668
1432.0,0.8236334845745061
1433.0,0.8248980678965568
1434.0,0.8257871048569955
1435.0,0.8269298357890836
1436.0,0.8281816002626802
1437.0,0.8293955202477779
1438.0,0.8305127858907988
1439.0,0.8320125068421667
1440.0,0.8335724176798123
1441.0,0.8348693266226279
1442.0,0.8360643087070256
1443.0,0.8373881529111757
1444.0,0.8387767441145862
1445.0,0.8401704765480742
1446.0,0.8412614647899549
1447.0,0.8424017779508447
1448.0,0.8434791799658848
1449.0,0.8439464743315993
1450.0,0.845202215805724
1451.0,0.8470699561292848
1452.0,0.8485261351236555
1453.0,0.8503044761286124
1454.0,0.8515354510626862
1455.0,0.8521771037481146
1456.0,0.8531947437218962
1457.0,0.8541093767075288
1458.0,0.8551533568286617
1459.0,0.8563011819837227
1460.0,0.8576433782034731
1461.0,0.8592393652370985
1462.0,0.8605894849421053
1463.0,0.8620450110015264
1464.0,0.8634339780937598
1465.0,0.8644426525497171
1466.0,0.8656953371332231
1467.0,0.8669682899615478
1468.0,0.8686768107302655
1469.0,0.8702267367559199
1470.0,0.8713666529472396
1471.0,0.872778175325893
1472.0,0.8741247901432961
1473.0,0.875553217991786
1474.0,0.8772049506008617
1475.0,0.8785750483682067
1476.0,0.879847302175792
1477.0,0.8810823379262748
1478.0,0.8821745376452129
1479.0,0.8832965891381527
1480.0,0.8842685195409435
1481.0,0.885501114938073
1482.0,0.8867465362772456
1483.0,0.8882369554055001
1484.0,0.8902448114581704
1485.0,0.8917230250318544
1486.0,0.8930427846817901
1487.0,0.8943703466223022
1488.0,0.8951861377977007
1489.0,0.8965580334390574
1490.0,0.8984528363473216
1491.0,0.9000217454029423
1492.0,0.9018449564594596
1493.0,0.9032793276756893
1494.0,0.9041686008898661
1495.0,0.9053348769059987
1496.0,0.9064437232591291
1497.0,0.907640808602298
1498.0,0.909204957475175
1499.0,0.9104337986262089
1500.0,0.9112758190510375
1501.0,0.912473421070895
1502.0,0.9135228219740236
1503.0,0.9144026578562379
1504.0,0.9155622443135211
1505.0,0.9169341611666808
1506.0,0.9181781029046683
1507.0,0.9194152432744499
1508.0,0.9207926927943323
1509.0,0.9221408319648194
1510.0,0.9237450258946808
1511.0,0.9256858121754644
1512.0,0.9272629488622317
1513.0,0.9290102781622618
1514.0,0.9302835348323674
1515.0,0.9309200304538526
1516.0,0.9321320412624674
1517.0,0.9333717695294808
1518.0,0.9347006197832892
1519.0,0.936518276851453
1520.0,0.9378894499482626
1521.0,0.9388641732110752
1522.0,0.9401420208304873
1523.0,0.9413761237845664
1524.0,0.9427529945574755
1525.0,0.9444872841295334
1526.0,0.9459461116716773
1527.0,0.9472785886844467
1528.0,0.9486525200742673
1529.0,0.9498596338953007
1530.0,0.9512385694681319
1531.0,0.9529002234136214
1532.0,0.9542770262128932
1533.0,0.9556796518500735
1534.0,0.9568518090147057
1535.0,0.9575693882606774
1536.0,0.9584951729905772
1537.0,0.9593391428647533
1538.0,0.9602743381697105
1539.0,0.9616178109689374
1540.0,0.9630135920945702
1541.0,0.9643086438604257
1542.0,0.9657899533770162
1543.0,0.9669939103429617
1544.0,0.9680295294550464
1545.0,0.9689521945268905
1546.0,0.9695255213369225
1547.0,0.9708239510796924
1548.0,0.9723088825791402
1549.0,0.9737910676309056
1550.0,0.9758858871448932
1551.0,0.9774110715840822
1552.0,0.9785307292402661
1553.0,0.9798450535307585
1554.0,0.9811900940421082
1555.0,0.9824644182329094
1556.0,0.9837878507462914
1557.0,0.9848362067224539
1558.0,0.9855448518337802
1559.0,0.986663124451352
1560.0,0.987761315168075
1561.0,0.9889920817694122
1562.0,0.9907681904013904
1563.0,0.9919808543909541
1564.0,0.9927756017082751
1565.0,0.9938301740750846
1566.0,0.9946294916164433
1567.0,0.995820408278438
1568.0,0.9975496830667727
1569.0,0.9988596888432442
1570.0,0.9999882387618856
1571.0,1.001363102549848
1572.0,1.0028352611767364
1573.0,1.0040215027828203
1574.0,1.0053341035037204
1575.0,1.0064623118941967
1576.0,1.007052011817906
1577.0,1.007922232207667
1578.0,1.0088548612189736
1579.0,1.0099488232229739
1580.0,1.0112802795215332
1581.0,1.0124575938393798
1582.0,1.0136812493431178
1583.0,1.0149265163530543
1584.0,1.0160977565517995
1585.0,1.0172333450988542
1586.0,1.0183311873120287
1587.0,1.0195624550517004
1588.0,1.0207575750346145
1589.0,1.022035385772818
1590.0,1.0234134320693202
1591.0,1.0250597718508525
1592.0,1.0263428637234815
1593.0,1.0275565965121531
1594.0,1.0286343152460227
1595.0,1.0294401630100063
1596.0,1.0305703718706063
1597.0,1.0317810598883292
1598.0,1.0328863405282764
1599.0,1.0340857040893543
1600.0,1.0352361154790395
1601.0,1.036200136563028
1602.0,1.0374213755722772
1603.0,1.0389254150923393
1604.0,1.040060719227615
1605.0,1.0411491747222064
1606.0,1.042115806284476
1607.0,1.0426663736099784
1608.0,1.0437852080959602
1609.0,1.0451753167436664
1610.0,1.0463945275216657
1611.0,1.047929937994068
1612.0,1.0490610205600164
1613.0,1.049830545635602
1614.0,1.0507908003195143
1615.0,1.0517086228624075
1616.0,1.0526583918783208
1617.0,1.0536221393814482
1618.0,1.0546609915940577
1619.0,1.055651302810867
1620.0,1.0568348947323742
1621.0,1.058426527621157
1622.0,1.0594208934088392
1623.0,1.0601498309535413
1624.0,1.0610418685370886
1625.0,1.0615789381180643
1626.0,1.0624050155549136
1627.0,1.0635367150970216
1628.0,1.06458689342413
1629.0,1.065636750360348
1630.0,1.0666212461174347
1631.0,1.0676744287812157
1632.0,1.0686749278063752
1633.0,1.069460885751782
1634.0,1.070496073673231
1635.0,1.0719191111538213
1636.0,1.0728102469209522
1637.0,1.0733734053584858
1638.0,1.0742057692626987
1639.0,1.074682855306017
1640.0,1.0756066988630957
1641.0,1.077220371084928
1642.0,1.078330368843252
1643.0,1.0793139836870753
1644.0,1.080269319886389
1645.0,1.0811141273096967
1646.0,1.0817954875196614
1647.0,1.0822870721013205
1648.0,1.082913140757065
1649.0,1.0835098740933093
1650.0,1.0839689371087902
1651.0,1.0843604995988387
1652.0,1.0849451668454626
1653.0,1.0854025785439074
1654.0,1.08599861596325
1655.0,1.0870525465265959
1656.0,1.0877624365573864
1657.0,1.0881666145948576
1658.0,1.0887333438943547
1659.0,1.0890044291591428
1660.0,1.0898238234283606
1661.0,1.0911789017347848
1662.0,1.0922735455899137
1663.0,1.0936409706640888
1664.0,1.094820413777512
1665.0,1.0956443224846113
1666.0,1.0966473412132391
1667.0,1.0979236807500916
1668.0,1.0989384547931058
1669.0,1.099736008494333
1670.0,1.1007197379306648
1671.0,1.1015820568027668
1672.0,1.1025347754192658
1673.0,1.1034348417157942
1674.0,1.1047095747281945
1675.0,1.1062795742292837
1676.0,1.1078381567426343
1677.0,1.1101576478508217
1678.0,1.111652881622836
1679.0,1.1124161125484726
1680.0,1.1134761237157946
1681.0,1.113982801583614
1682.0,1.1150378791768096
1683.0,1.1168906009088864
1684.0,1.1182720456752742
1685.0,1.1193628736058412
1686.0,1.1208391444087087
1687.0,1.1227365749757015
1688.0,1.1238467903841007
1689.0,1.1247326877510666
1690.0,1.1257296134396875
1691.0,1.1259642637210303
1692.0,1.1266324810675339
1693.0,1.1277814221530766
1694.0,1.1288998676723345
1695.0,1.1297694454159153
1696.0,1.1309934821777652
1697.0,1.1329781785373398
1698.0,1.1343493808017886
1699.0,1.1356206579988155
1700.0,1.1367630785103364
1701.0,1.1374311064976816
1702.0,1.1380844415798061
1703.0,1.1384566531567186
1704.0,1.1392056371612571
1705.0,1.1399891416887107
1706.0,1.1410111752748155
1707.0,1.1427156287180933
1708.0,1.1438847240325267
1709.0,1.1448889953389096
1710.0,1.1457559538950077
1711.0,1.1463383009633143
1712.0,1.1469402744196497
1713.0,1.1472172213579739
1714.0,1.1479439741864146
1715.0,1.1488294998842026
1716.0,1.1496557221665853
1717.0,1.1509565463314126
1718.0,1.1518356386824833
1719.0,1.152240043047068
1720.0,1.1529700021745108
1721.0,1.1538571291273076
1722.0,1.1547289791083362
1723.0,1.1557770424473541
1724.0,1.1566399853375564
1725.0,1.1570603342852468
1726.0,1.1578882137472049
1727.0,1.1590722798629067
1728.0,1.1598389058510328
1729.0,1.1606830371511596
1730.0,1.1615357275767915
1731.0,1.1619877932106701
1732.0,1.162858894152488
1733.0,1.1641306051496574
1734.0,1.165134266163335
1735.0,1.1661224650456647
1736.0,1.166982144489325
1737.0,1.167574598529903
1738.0,1.1685247159994436
1739.0,1.169627520293244
1740.0,1.1705064314786118
1741.0,1.1715686032944834
1742.0,1.1724351608922299
1743.0,1.1731207673752908
1744.0,1.1736990741875577
1745.0,1.1741263431203193
1746.0,1.174698872533648
1747.0,1.1751424555029217
1748.0,1.175746015304951
1749.0,1.1765761280522187
1750.0,1.1772739217304093
1751.0,1.177793216599142
1752.0,1.178490713808774
1753.0,1.1794056120376148
1754.0,1.1796045209261687
1755.0,1.1805065457622583
1756.0,1.1814109339890517
1757.0,1.1818775502328172
1758.0,1.182937011933318
1759.0,1.1841588577677955
1760.0,1.185275407614416
1761.0,1.186036485180413
1762.0,1.1867796347958532
1763.0,1.1876642635095929
1764.0,1.1880725928151636
1765.0,1.1891450040433225
1766.0,1.1907973047992684
1767.0,1.191976251627355
1768.0,1.193155751766517
1769.0,1.1939506564289442
1770.0,1.194313511072167
1771.0,1.1949579330241793
1772.0,1.1956927465681801
1773.0,1.1969915562022966
1774.0,1.1983721205899573
1775.0,1.199537670507142
1776.0,1.20098692193353
1777.0,1.2022007071886749
1778.0,1.2035833077975822
1779.0,1.2044085737727128
1780.0,1.2048620662355003
1781.0,1.2057241705202373
1782.0,1.2069019638002474
1783.0,1.2085353513511234
1784.0,1.2096814969017176
1785.0,1.2103791803565216
1786.0,1.2101592279476714
1787.0,1.2092852609028188
1788.0,1.2094723721309657
1789.0,1.2103273629715958
1790.0,1.2116146946486623
1791.0,1.2125967303890928
1792.0,1.2133646010879449
1793.0,1.2139004119012176
1794.0,1.214437256687384
1795.0,1.21485672949263
1796.0,1.2149041372100011
1797.0,1.2154972021678574
1798.0,1.2160176093381387
1799.0,1.2175347142955302
1800.0,1.2186976800463376
1801.0,1.217443615525436
1802.0,1.2169545189793334
1803.0,1.2167136909130039
1804.0,1.2161742577564638
1805.0,1.213744949364675
1806.0,1.2133882617095202
1807.0,1.2135080762075305
1808.0,1.2148427324023212
1809.0,1.2187182785725104
1810.0,1.2199581015189591
1811.0,1.221047414482742
1812.0,1.2217613215111993
1813.0,1.22020352035867
1814.0,1.2191463811542746
1815.0,1.220605135020322
1816.0,1.224774112469082
1817.0,1.2268189691801907
1818.0,1.2304707528944305
1819.0,1.231885651713019
1820.0,1.2303663512144831
1821.0,1.2304488685080475
1822.0,1.2304798111057786
1823.0,1.230989982587036
1824.0,1.2307262288000935
1825.0,1.2324498072020296
1826.0,1.233180349636037
1827.0,1.2328600654397306
1828.0,1.2338495491535182
1829.0,1.2354248138149824
1830.0,1.2372677220353614
1831.0,1.2402584776025183
1832.0,1.242268164673966
1833.0,1.2452401369869484
1834.0,1.2475256860725215
1835.0,1.2484463727151265
1836.0,1.248117537731891
1837.0,1.2485995971108486
1838.0,1.248120475025248
1839.0,1.2478528173264316
1840.0,1.2472512634441326
1841.0,1.2488860030952795
1842.0,1.2482774620703374
1843.0,1.2480447247469895
1844.0,1.2494955094462021
1845.0,1.2490568559907953
1846.0,1.2495868644555537
1847.0,1.251030160113961
1848.0,1.251716786544363
1849.0,1.2516631296055738
1850.0,1.2525061194953866
1851.0,1.2537283181016128
1852.0,1.2544998531757874
1853.0,1.2556851811115575
1854.0,1.2576069781473824
1855.0,1.2580156250815324
1856.0,1.258789906532637
1857.0,1.2595599179223276
1858.0,1.2603297027944689
1859.0,1.2603674081143839
1860.0,1.2604798526034606
1861.0,1.2600155205682364
1862.0,1.2581188535195469
1863.0,1.2571694764463297
1864.0,1.2571242801525264
1865.0,1.2569474424876566
1866.0,1.257824471821978
1867.0,1.2578734796015942
1868.0,1.2581592043788765
1869.0,1.258364963291694
1870.0,1.259035578873429
1871.0,1.2595406815070351
1872.0,1.26137282754021
1873.0,1.2629894125422543
1874.0,1.2628944527051187
1875.0,1.2612499586836001
1876.0,1.2591644124941723
1877.0,1.2563588924144502
1878.0,1.2523893930847922
1879.0,1.2505272992207968
1880.0,1.2500337899167544
1881.0,1.2488324521445762
1882.0,1.2482394738134923
1883.0,1.2490937049291175
1884.0,1.2468614807459835
1885.0,1.24325319550203
1886.0,1.2399422635043715
1887.0,1.2361902929571462
1888.0,1.2321167320524218
1889.0,1.2282878780859856
1890.0,1.2237937250051987
1891.0,1.2189413829277957
1892.0,1.212845161823308
1893.0,1.2066095573538436
1894.0,1.2001152605138883
1895.0,1.1940514721262192
1896.0,1.1880744195698194
1897.0,1.181740814862795
1898.0,1.1764785437769807
1899.0,1.1722259245995277
1900.0,1.1671154166506659
1901.0,1.1617300349035287
1902.0,1.156425077322531
1903.0,1.1516391900157017
1904.0,1.1461796438174678
1905.0,1.140808640513072
1906.0,1.1372300380111664
1907.0,1.133902864524968
1908.0,1.1290709537256147
1909.0,1.1260336934434703
1910.0,1.1242405142972736
1911.0,1.1223833079389658
1912.0,1.1219645051024993
1913.0,1.1207555951915598
1914.0,1.119654907057857
1915.0,1.1170004691898514
1916.0,1.1147658435065806
1917.0,1.1136693219095386
1918.0,1.1136737540908561
1919.0,1.1149453757700816
1920.0,1.116210569169414
1921.0,1.1168890651585968
1922.0,1.1175650781663289
1923.0,1.1185466395748165
1924.0,1.1193358095985326
1925.0,1.1202159910066658
1926.0,1.121476878439204
1927.0,1.1224472105555534
1928.0,1.1219805930752471
1929.0,1.1224580458995121
1930.0,1.1235994570213892
1931.0,1.1242172740173058
1932.0,1.1262710540190297
1933.0,1.1284818323863313
1934.0,1.13009440611109
1935.0,1.1324165283302536
1936.0,1.1342480700670867
1937.0,1.1358114220718534
1938.0,1.1370649965358337
1939.0,1.1384328672286483
1940.0,1.139640538515049
1941.0,1.1410290628956319
1942.0,1.1427351584197394
1943.0,1.1448465563723282
1944.0,1.1457759841758448
1945.0,1.146604317783656
1946.0,1.147750129010512
1947.0,1.1477805540184938
1948.0,1.1488525807287777
1949.0,1.150719783942669
1950.0,1.1523649735270354
1951.0,1.1539266402202681
1952.0,1.1563829901693774
1953.0,1.1570890489108316
1954.0,1.1578910717100679
1955.0,1.1586069070144236
1956.0,1.1598959907855344
1957.0,1.1621206170677336
1958.0,1.163578800687912
1959.0,1.1651478319905602
1960.0,1.1667162121182388
1961.0,1.1676964204152416
1962.0,1.167958249156362
1963.0,1.1696127754159733
1964.0,1.1702020496629797
1965.0,1.1711546057699653
1966.0,1.1733020959109768
1967.0,1.1754390964797166
1968.0,1.1776970174304187
1969.0,1.180342272104142
1970.0,1.1816085759101544
1971.0,1.1819739917676684
1972.0,1.1825448088073665
1973.0,1.181690050010458
1974.0,1.1824880293345752
1975.0,1.1841779670930446
1976.0,1.1860642168273248
1977.0,1.1873921952882884
1978.0,1.19078143712529
1979.0,1.1933001291843095
1980.0,1.1950883558281635
1981.0,1.197302382048786
1982.0,1.1980833124062042
1983.0,1.1984500412739758
1984.0,1.1993998929594896
1985.0,1.2012937712773493
1986.0,1.205429121525234
1987.0,1.2075514573235266
1988.0,1.209273644416306
1989.0,1.2109734731879644
1990.0,1.2118928270230576
1991.0,1.2121780621120604
1992.0,1.2140542136953665
1993.0,1.215741111536775
1994.0,1.218104316481487
1995.0,1.2197739549937459
1996.0,1.2211086917958076
1997.0,1.2229383145960633
1998.0,1.2240966943985712
1999.0,1.2236071930459649
2000.0,1.2245775521839946
2001.0,1.2261652034575896
2002.0,1.2271711959430438
2003.0,1.2293935320419633
2004.0,1.231555480386659
2005.0,1.2326639503145629
2006.0,1.2339032592855435
2007.0,1.236031670677593
2008.0,1.2380318702105046
2009.0,1.239875339337305
2010.0,1.2426871876111292
2011.0,1.2449306498262518
2012.0,1.2460409551010236
2013.0,1.2479319089891274
2014.0,1.25117144354302
2015.0,1.2523992972375524
2016.0,1.2529157006196479
2017.0,1.2547253087950756
2018.0,1.2555980628721668
2019.0,1.257249723323566
2020.0,1.2594607642397457
2021.0,1.2610406229763556
2022.0,1.2621261412823235
2023.0,1.2637779409570644
2024.0,1.2648274231556498
2025.0,1.2648469550153658
2026.0,1.2663071978143492
2027.0,1.2683141799654656
2028.0,1.2694963319572683
2029.0,1.271505767336901
2030.0,1.2728009606913695
2031.0,1.2722941757471298
2032.0,1.273506054846744
2033.0,1.2748638502455019
2034.0,1.2752753373093526
2035.0,1.274821150216371
2036.0,1.2754939830111809
2037.0,1.2762814129377331
2038.0,1.2768282477355943
2039.0,1.2779473504314867
2040.0,1.2801877828759392
2041.0,1.2813894801778445
2042.0,1.2818665360969101
2043.0,1.283172652359976
2044.0,1.28484113375242
2045.0,1.2866223623245023
2046.0,1.2874325755991283
2047.0,1.288126591318415
2048.0,1.288679136197715
2049.0,1.2883530542309483
2050.0,1.2895414653678874
2051.0,1.2917013586150674
2052.0,1.2930182626533084
2053.0,1.294310530443223
2054.0,1.2954951622710917
2055.0,1.2961967798367235
2056.0,1.2972900222540196
2057.0,1.2990750832544122
2058.0,1.2997230185817514
2059.0,1.3000904070577453
2060.0,1.2995889449894167
2061.0,1.2993458164610954
2062.0,1.2985653430739834
2063.0,1.2991019880664532
2064.0,1.3010854492964652
2065.0,1.3025722011831145
2066.0,1.3050243187018025
2067.0,1.3058900943216925
2068.0,1.3057801632963044
2069.0,1.3061877083045357
2070.0,1.3054623690898242
2071.0,1.3057955508800099
2072.0,1.3069512368319283
2073.0,1.30762305142722
2074.0,1.3086683008884197
2075.0,1.3089060174251521
2076.0,1.3097785492540919
2077.0,1.3112614236019842
2078.0,1.3100092749588492
2079.0,1.3111043149697368
2080.0,1.3118261236449071
2081.0,1.3120676488310579
2082.0,1.3126205641397424
2083.0,1.3139458671766189
2084.0,1.3142176685401956
2085.0,1.3132795234210568
2086.0,1.314048368019139
2087.0,1.3155464838611006
2088.0,1.3172327601356073
2089.0,1.3201056439462888
2090.0,1.3224042551824047
2091.0,1.3231754821755768
2092.0,1.3243472665042963
2093.0,1.3253822011290979
2094.0,1.323677928521329
2095.0,1.3227390003154296
2096.0,1.3233657484952062
2097.0,1.323802861953355
2098.0,1.3248361087698903
2099.0,1.3254303005656134
2100.0,1.3259136064971446
2101.0,1.3266959762032808
2102.0,1.3277298612583552
2103.0,1.3282653382970502
2104.0,1.3285752399307647
2105.0,1.3292246821465838
2106.0,1.3302603471975325
2107.0,1.3295967751631625
2108.0,1.329686557729879
2109.0,1.3311612893854181
2110.0,1.3309277956653423
2111.0,1.3312070860455967
2112.0,1.3317312117271762
2113.0,1.3316138641759232
2114.0,1.3317402294108756
2115.0,1.3315254709266886
2116.0,1.332234615291038
2117.0,1.3333703063160536
2118.0,1.3344833970988594
2119.0,1.3362744944046596
2120.0,1.3375168656360805
2121.0,1.338355284187458
2122.0,1.3395373755587647
2123.0,1.3414158658497837
2124.0,1.3420100091330458
2125.0,1.3415938248583716
2126.0,1.342758320221636
2127.0,1.341297236698076
2128.0,1.3399530528556438
2129.0,1.3399670684957299
2130.0,1.3382289983115196
2131.0,1.3366047696297036
2132.0,1.3347026155920494
2133.0,1.333596674820607
2134.0,1.3325329525581198
2135.0,1.3316249546736652
2136.0,1.3314468830762967
2137.0,1.3313751492678334
2138.0,1.3303826212920753
2139.0,1.331039797873204
2140.0,1.3334459652474953
2141.0,1.334947143918046
2142.0,1.3372290450169815
2143.0,1.3390307803985242
2144.0,1.3390753699607347
2145.0,1.3387125314303563
2146.0,1.3369469570298596
2147.0,1.33539900997897
2148.0,1.335419314835096
2149.0,1.3347635116829613
2150.0,1.3344754867516109
2151.0,1.335423511903103
2152.0,1.335037814503022
2153.0,1.3331328526876207
2154.0,1.332526288350317
2155.0,1.332118894961545
2156.0,1.3320492284566154
2157.0,1.3328210351362915
2158.0,1.3327929154878562
2159.0,1.3320330815388892
2160.0,1.3322067074702597
2161.0,1.3332643831641697
2162.0,1.333714324963762
2163.0,1.3349139049606746
2164.0,1.334852607855659
2165.0,1.3358377883766448
2166.0,1.3338704747985144
2167.0,1.3308829482711693
2168.0,1.3303697963871726
2169.0,1.3265240496089015
2170.0,1.323188260393885
2171.0,1.322111074798155
2172.0,1.3230762725339065
2173.0,1.3226371845557636
2174.0,1.3229557920279922
2175.0,1.3230297499456551
2176.0,1.3211056445271894
2177.0,1.3224324341449818
2178.0,1.3274459072686855
2179.0,1.3296702791783332
2180.0,1.333741379575744
2181.0,1.3342361067091977
2182.0,1.3300291186100452
2183.0,1.3276685639970516
2184.0,1.3238797040579575
2185.0,1.3215508353704766
2186.0,1.3204647225044124
2187.0,1.32157175883056
2188.0,1.3244668805355464
2189.0,1.32649097541176
2190.0,1.3277645176642867
2191.0,1.3280600755960301
2192.0,1.3275004306922098
2193.0,1.32722792409508
2194.0,1.3273695973348865
2195.0,1.328871566095481
2196.0,1.3284445564746543
2197.0,1.3270477990973488
2198.0,1.3255291660648947
2199.0,1.3230871762968186
2200.0,1.3214940147146856
2201.0,1.319103691509802
2202.0,1.3190489351591612
2203.0,1.3205433068697627
2204.0,1.3209559211054254
2205.0,1.3229708039596852
2206.0,1.324190298128019
2207.0,1.3209043787706447
2208.0,1.3196802312444413
2209.0,1.3206394770993501
2210.0,1.3224549446440332
2211.0,1.329168574581275
2212.0,1.3332240782847364
2213.0,1.331231412120909
2214.0,1.3293578278898097
2215.0,1.3260690740399277
2216.0,1.323961817314575
2217.0,1.3230679496301858
2218.0,1.3246889148145469
2219.0,1.3256507761978484
2220.0,1.326777599572854
2221.0,1.3281850868201248
2222.0,1.3309908477870187
2223.0,1.3317791999864805
2224.0,1.332265819205346
2225.0,1.3306237844655602
2226.0,1.3267315967976527
2227.0,1.3248394319792434
2228.0,1.3210798872440284
2229.0,1.3199775510699032
2230.0,1.3206391340586492
2231.0,1.321998286994213
2232.0,1.326786653659434
2233.0,1.3280164013716032
2234.0,1.3284313006225492
2235.0,1.3289472843283523
2236.0,1.3242462048823458
2237.0,1.3226387257455188
2238.0,1.321836452073639
2239.0,1.3208574758644533
2240.0,1.3231179560779145
2241.0,1.3252912434875521
2242.0,1.3280919739429253
2243.0,1.3295658541543145
2244.0,1.3288340860228713
2245.0,1.327776924350678
2246.0,1.3259910357331655
2247.0,1.3215837595872308
2248.0,1.3203687058255695
2249.0,1.3198860209962833
2250.0,1.3202015947261736
2251.0,1.323362947526092
2252.0,1.324195142479676
2253.0,1.325318490930613
2254.0,1.3246082446001408
2255.0,1.3200839748890187
2256.0,1.3197077848115364
2257.0,1.321476060928656
2258.0,1.3211235483076147
2259.0,1.3222398672474023
2260.0,1.322233585045689
2261.0,1.319532407794813
2262.0,1.3179580949212544
2263.0,1.3171532436361992
2264.0,1.3188861253316757
2265.0,1.3209539023640358
2266.0,1.3200877506514423
2267.0,1.319370554094224
2268.0,1.3163256277135162
2269.0,1.3142524483744644
2270.0,1.314733348337287
2271.0,1.3158176143948395
2272.0,1.3174823967257188
2273.0,1.3144016289610168
2274.0,1.3118685602781213
2275.0,1.3117061641876127
2276.0,1.3097387243011593
2277.0,1.3090445093030232
2278.0,1.3104016373813439
2279.0,1.311677763456137
2280.0,1.313146570179106
2281.0,1.3142645798449317
2282.0,1.3163119609125162
2283.0,1.3171568650291319
2284.0,1.3163531254801004
2285.0,1.315774942572145
2286.0,1.3157021606845891
2287.0,1.3161471544045518
2288.0,1.316694303306534
2289.0,1.3168358958592816
2290.0,1.3165957390613556
2291.0,1.3169498545458267
2292.0,1.316986389290498
2293.0,1.3175497980435245
2294.0,1.319961894812362
2295.0,1.3210075447234315
2296.0,1.3242671817441969
2297.0,1.3191378609204276
2298.0,1.3168817098930836
2299.0,1.3139569976359522
2300.0,1.3066981862299856
2301.0,1.304525910025559
2302.0,1.2976257596805434
2303.0,1.2937757130440795
2304.0,1.2943060093822396
2305.0,1.2937036456184454
2306.0,1.2994702357136432
2307.0,1.3030679239846832
2308.0,1.302616845843964
2309.0,1.3039338269430163
2310.0,1.301532769858803
2311.0,1.3008448145520448
2312.0,1.304432342900257
2313.0,1.3068810963637163
2314.0,1.3110013910139098
2315.0,1.3128847618433852
2316.0,1.3103770856095933
2317.0,1.3085727444957944
2318.0,1.3050883243400637
2319.0,1.300481749363353
2320.0,1.3015797761499612
2321.0,1.308785056131457
2322.0,1.3114390668162264
2323.0,1.3163929976700062
2324.0,1.3195131998726337
2325.0,1.3192098240151713
2326.0,1.3195364124786852
2327.0,1.3213735903585342
2328.0,1.3190640388836923
2329.0,1.3113279009176364
2330.0,1.3100095507727962
2331.0,1.3114501935356726
2332.0,1.3103287266390722
2333.0,1.3123031444745026
2334.0,1.311640726424511
2335.0,1.304529260983204
2336.0,1.3036020478876424
2337.0,1.306766426697673
2338.0,1.3074246066311415
2339.0,1.3099818304698267
2340.0,1.3100274079049272
2341.0,1.3076894884864096
2342.0,1.3080462963022041
2343.0,1.3094661025074987
2344.0,1.3091191163856148
2345.0,1.306540520484997
2346.0,1.3051227015103934
2347.0,1.3021883136337635
2348.0,1.3030701014531576
2349.0,1.3068049616144446
2350.0,1.3134284275192745
2351.0,1.3149490517919136
2352.0,1.3168909723844056
2353.0,1.3140941533256443
2354.0,1.3083680941894307
2355.0,1.3052326221586277
2356.0,1.2981109850050794
2357.0,1.292768434700716
2358.0,1.2953534874392756
2359.0,1.2967500144211517
2360.0,1.2994210383215152
2361.0,1.301648394368498
2362.0,1.2996872544758717
2363.0,1.305036238729578
2364.0,1.306307654086993
2365.0,1.3062259979563895
2366.0,1.3132839772946558
2367.0,1.3105491140448595
2368.0,1.3110837286728123
2369.0,1.3154938265733567
2370.0,1.309559405564621
2371.0,1.3119186705097041
2372.0,1.313244672015135
2373.0,1.3074607098243993
2374.0,1.3056378940226427
2375.0,1.2978488107722936
2376.0,1.2913448436121282
2377.0,1.2912993921446299
2378.0,1.2956983079421833
2379.0,1.298853396771904
2380.0,1.3022457327835775
2381.0,1.307804508970281
2382.0,1.3014754720342092
2383.0,1.2977976104510769
2384.0,1.2971763946130326
2385.0,1.29171059135289
2386.0,1.297563995867561
2387.0,1.3022216163430844
2388.0,1.3020216360798247
2389.0,1.3014035728126594
2390.0,1.2917776588570684
2391.0,1.2880248090639392
2392.0,1.2896831851475896
2393.0,1.2921275215022217
2394.0,1.3010466348779735
2395.0,1.301399842288873
2396.0,1.2948988746796941
2397.0,1.292236602599945
2398.0,1.283674746832431
2399.0,1.2773743896483944
2400.0,1.2731133143798512
2401.0,1.2626686727161778
2402.0,1.26157089138623
2403.0,1.2733238965451474
2404.0,1.280298960796718
2405.0,1.2832340607662067
2406.0,1.296693325596115
2407.0,1.2934047298552809
2408.0,1.284587545114678
2409.0,1.2949247462186113
2410.0,1.283463668054963
2411.0,1.2649659233008113
2412.0,1.2652203975225347
2413.0,1.2500747422076417
2414.0,1.2362988263524857
2415.0,1.2416428729316973
2416.0,1.237914021611339
2417.0,1.2398211585382977
2418.0,1.2478243827965205
2419.0,1.2540893297163036
2420.0,1.2668178929914917
2421.0,1.2711651692758388
2422.0,1.2707141291362056
2423.0,1.2574431081432758
2424.0,1.2407371468152226
2425.0,1.2312660915071965
2426.0,1.2152241740152097
2427.0,1.2047947529588703
2428.0,1.1951849193536184
2429.0,1.1846774460496188
2430.0,1.182153976174329
2431.0,1.1803678244911022
2432.0,1.178092252787494
2433.0,1.1920639598625093
2434.0,1.2137329742905605
2435.0,1.2307353285463933
2436.0,1.2482109077001584
2437.0,1.237152789662704
2438.0,1.2255176157745367
2439.0,1.2265436496391622
2440.0,1.2262100611166333
2441.0,1.2417526043387987
2442.0,1.2499946393688217
2443.0,1.2510267720554686
2444.0,1.2454776804070902
2445.0,1.2327796043972816
2446.0,1.2229929220329825
2447.0,1.2114089179233214
2448.0,1.2099260536287912
2449.0,1.2097859235445556
2450.0,1.1907812266606967
2451.0,1.184399509209807
2452.0,1.1824884529447741
2453.0,1.1726418318890959
2454.0,1.197572203842208
2455.0,1.2041801383058712
2456.0,1.1854055844266778
2457.0,1.1845915379082432
2458.0,1.1664117582001998
2459.0,1.1473158388842337
2460.0,1.1499340464694043
2461.0,1.1570719418517854
2462.0,1.1554628944720189
2463.0,1.1543896143258872
2464.0,1.1455713793905673
2465.0,1.1265474012357097
2466.0,1.131111205825375
2467.0,1.145768496499838
2468.0,1.178736168150316
2469.0,1.2161149760778416
2470.0,1.2179434303085097
2471.0,1.2192814482520904
2472.0,1.2113452919484315
2473.0,1.191261852709948
2474.0,1.1780849583353625
2475.0,1.1517240397316046
2476.0,1.13477150336941
2477.0,1.1278167491558637
2478.0,1.116619960647444
2479.0,1.1066305157519007
2480.0,1.1002232903511222
2481.0,1.092993682005348
2482.0,1.0829653515800488
2483.0,1.0735183982112824
2484.0,1.0744598466104553
2485.0,1.0755038010763902
2486.0,1.0870808274610078
2487.0,1.104052710224169
2488.0,1.1224870111774188
2489.0,1.1665516578339268
2490.0,1.1837171656241245
2491.0,1.201566193518908
2492.0,1.1988806253397561
2493.0,1.1613522574556117
2494.0,1.1392532304422656
2495.0,1.1068963064518618
2496.0,1.103294338445295
2497.0,1.117590212395881
2498.0,1.1028513934308188
2499.0,1.0952095878349764
2500.0,1.0471217728731788
