350.0,-0.15709238174385068
351.0,-0.14613356447053819
352.0,-0.026123396451718267
353.0,-0.019060186621174136
354.0,-0.014637749969512143
355.0,0.008999230692617656
356.0,0.029175621087591187
357.0,-0.05359615238714266
358.0,-0.06334305068327437
359.0,-0.018778943132989535
360.0,0.0023843429007019187
361.0,0.02540718497039977
362.0,0.02335007957463075
363.0,0.015263269154893244
364.0,0.026176643433320785
365.0,-0.012188355443346496
366.0,-0.01920216179618381
367.0,0.008812227094730063
368.0,0.014691786654573371
369.0,0.03639250747834357
370.0,0.04317659989969024
371.0,0.03377220141133015
372.0,0.0428205626975014
373.0,0.03091449025819765
374.0,0.02553317926945942
375.0,0.03655704718180484
376.0,0.022118163635159987
377.0,0.022432444059239914
378.0,0.028910431450220694
379.0,0.027436307028825664
380.0,0.019730775359947706
381.0,0.011464247681356727
382.0,0.01878858951329049
383.0,0.04594062606976737
384.0,0.043707980029042685
385.0,0.03663686029359734
386.0,0.03373066835426877
387.0,0.032048227123541204
388.0,0.0291689483598651
389.0,0.029889176190068485
390.0,0.03303276139362469
391.0,0.03277349733894156
392.0,0.04159778237194126
393.0,0.04568900580702054
394.0,0.03821853763070396
395.0,0.026057200887430357
396.0,0.03096726880180782
397.0,0.04014931619786742
398.0,0.040226930065218956
399.0,0.03778322335663533
400.0,0.03816860664963257
401.0,0.040724154772155734
402.0,0.04292436322789895
403.0,0.045174437683529314
404.0,0.0449096480639271
405.0,0.042923405177387526
406.0,0.042023012458360015
407.0,0.04475366276371151
408.0,0.0435891221865572
409.0,0.03950640400419105
410.0,0.041693089065485675
411.0,0.04227229159759928
412.0,0.04529589700018371
413.0,0.05048194266560764
414.0,0.04742938122200962
415.0,0.045248544590957916
416.0,0.04392557230792542
417.0,0.04275473386548905
418.0,0.047127407231947124
419.0,0.04606744076873647
420.0,0.043741538095579645
421.0,0.04796803152515267
422.0,0.046233261399057715
423.0,0.044594705902180724
424.0,0.04402170093822638
425.0,0.04093960675509269
426.0,0.043310095406241304
427.0,0.04665165504138219
428.0,0.04728638791435389
429.0,0.04545595165534201
430.0,0.04592588098800038
431.0,0.04775688100276825
432.0,0.04888757593654527
433.0,0.048729464147357245
434.0,0.04845594933104788
435.0,0.04849959305979415
436.0,0.04876568217971269
437.0,0.04845193795727958
438.0,0.04838487313005268
439.0,0.04852182995928062
440.0,0.04806037739514673
441.0,0.04873201088568147
442.0,0.048969433184625925
443.0,0.048082507721748914
444.0,0.047780690900978404
445.0,0.048624718676083624
446.0,0.049725657830524614
447.0,0.049850537387591015
448.0,0.048265814878461676
449.0,0.047169329811359954
450.0,0.047397038897373414
451.0,0.04856848368596013
452.0,0.048321494305653176
453.0,0.048595381474052346
454.0,0.04934034996434345
455.0,0.0477299490625878
456.0,0.0475383975194387
457.0,0.047931918006810494
458.0,0.047934916642026176
459.0,0.0489180037049515
460.0,0.04934091480273048
461.0,0.04921067879363619
462.0,0.04907873093158681
463.0,0.04862326397508816
464.0,0.04886760311025136
465.0,0.04918928004517991
466.0,0.047785583940116706
467.0,0.0477289988924805
468.0,0.04870273462336419
469.0,0.049709219204087086
470.0,0.04953608618487498
471.0,0.050425083602413566
472.0,0.05016559270343758
473.0,0.04719640507647603
474.0,0.04799229201354861
475.0,0.04888651872677962
476.0,0.04904423264774826
477.0,0.04954870128623209
478.0,0.04873240692702232
479.0,0.04923870096702179
480.0,0.05081906688479782
481.0,0.04834363082781123
482.0,0.047271913610722485
483.0,0.04793194870272744
484.0,0.04919883733175892
485.0,0.05021614731323226
486.0,0.04996447925407633
487.0,0.04916593832970959
488.0,0.04925224792450194
489.0,0.04866287140443245
490.0,0.048473232569256404
491.0,0.049014911502442186
492.0,0.04938446677796666
493.0,0.05034997746676185
494.0,0.05037862725835409
495.0,0.04882373579414194
496.0,0.04897211779085805
497.0,0.04921368914021145
498.0,0.04908158661126455
499.0,0.0488416480862688
500.0,0.049766015000156844
501.0,0.05068277199427477
502.0,0.05073491291031472
503.0,0.0497395542455261
504.0,0.0494194363672152
505.0,0.049609853562530094
506.0,0.04977047366668335
507.0,0.0495786893000079
508.0,0.04977795728844491
509.0,0.05046810751091819
510.0,0.05122672181725145
511.0,0.05055644296116584
512.0,0.04971389877694231
513.0,0.04932329771695779
514.0,0.049014275786824255
515.0,0.04992025891960946
516.0,0.05088399820895027
517.0,0.0509257746471993
518.0,0.05097340345676507
519.0,0.05062605148568308
520.0,0.05006650303830363
521.0,0.049742182032205935
522.0,0.04979921009209989
523.0,0.05030910795000325
524.0,0.05090860566094505
525.0,0.05076526295135378
526.0,0.050888778133749944
527.0,0.050794339974215015
528.0,0.05020704448600115
529.0,0.05051742697126512
530.0,0.05075774041214456
531.0,0.05093656309648426
532.0,0.05146117371441686
533.0,0.05150618317100568
534.0,0.05090269709142824
535.0,0.05023946340658123
536.0,0.05101725058843927
537.0,0.051243028471428434
538.0,0.05123697105295702
539.0,0.051544592053385324
540.0,0.051239751040522974
541.0,0.051053929599239385
542.0,0.05115392421921774
543.0,0.05129414813051598
544.0,0.051129956845909375
545.0,0.051240839257431316
546.0,0.051804592644532195
547.0,0.052190181029758406
548.0,0.05194926219942246
549.0,0.0514313496271951
550.0,0.05120041392687313
551.0,0.051468250455930745
552.0,0.05164324286906221
553.0,0.05165248018522179
554.0,0.051845160629499364
555.0,0.052009403950337686
556.0,0.052083775708902325
557.0,0.05199471454306544
558.0,0.05149874485919338
559.0,0.05161842948410848
560.0,0.052082691873117926
561.0,0.05223168265589708
562.0,0.05231522977555818
563.0,0.05232858486230718
564.0,0.05225411189681498
565.0,0.05208236434954798
566.0,0.05218974698076814
567.0,0.05238713013282219
568.0,0.05248443842139203
569.0,0.05264843089935415
570.0,0.05277239216732386
571.0,0.052618462580887884
572.0,0.05206806497580564
573.0,0.05238152119235787
574.0,0.052738933538953835
575.0,0.05269640949422402
576.0,0.052619494938332234
577.0,0.0529205620690746
578.0,0.053173065744812294
579.0,0.05300518057860153
580.0,0.05320701286457682
581.0,0.053005490466571
582.0,0.05266200950672721
583.0,0.053051092286492234
584.0,0.05314736084357615
585.0,0.05328432567118634
586.0,0.0535532850610737
587.0,0.05320336497013735
588.0,0.05306708425066217
589.0,0.05333567027414713
590.0,0.05382937903385982
591.0,0.053758698486428
592.0,0.05370458378902694
593.0,0.05377553992065881
594.0,0.0535824519180067
595.0,0.05382093406399168
596.0,0.0541200246588101
597.0,0.05415252150795857
598.0,0.05431314194930842
599.0,0.05429885095018437
600.0,0.05423714580065509
601.0,0.0543915328741932
602.0,0.0542866541177576
603.0,0.054445513766642535
604.0,0.05481780261605383
605.0,0.05443210927128045
606.0,0.054461773669838266
607.0,0.054585205051187406
608.0,0.05442359255059538
609.0,0.055059143696645496
610.0,0.055257051344251
611.0,0.05499103123126996
612.0,0.05510895871072894
613.0,0.055281026895874816
614.0,0.055322211234700686
615.0,0.05522998177771168
616.0,0.055317637231515365
617.0,0.055692202532905195
618.0,0.05591341266558626
619.0,0.05558072495561004
620.0,0.055757019709991
621.0,0.0560097121712512
622.0,0.05611324737253076
623.0,0.05616079896910468
624.0,0.05603630500071025
625.0,0.05603583798224177
626.0,0.05628978935145768
627.0,0.05617334515980095
628.0,0.05623715651829361
629.0,0.056484491894210266
630.0,0.05663928863562318
631.0,0.05687346793820023
632.0,0.05700265508173378
633.0,0.056957154113273054
634.0,0.056894395463880754
635.0,0.056888839416909025
636.0,0.05699700799256005
637.0,0.057230975093247115
638.0,0.05752491920287425
639.0,0.05764717439707785
640.0,0.05759968546321328
641.0,0.05758443203989467
642.0,0.05760532504951591
643.0,0.057685994166608905
644.0,0.05784668433671327
645.0,0.05814225903506375
646.0,0.058211415843824596
647.0,0.05822446886156404
648.0,0.058476307047951155
649.0,0.058443753927578806
650.0,0.05841191825496896
651.0,0.05854115277498653
652.0,0.05876370644701117
653.0,0.05904417325735874
654.0,0.05919402359183559
655.0,0.059125922300411145
656.0,0.05917743442919617
657.0,0.059167580463230826
658.0,0.059223019005137954
659.0,0.05958805410130632
660.0,0.05965380408123431
661.0,0.05970634829341016
662.0,0.059943074550300145
663.0,0.06020991320604457
664.0,0.06044194545953546
665.0,0.060578120110698325
666.0,0.0606024707036692
667.0,0.06062049500317614
668.0,0.06079543659493372
669.0,0.061043657751949115
670.0,0.061076760977719684
671.0,0.061168761614179924
672.0,0.061310137305984516
673.0,0.06147014446329392
674.0,0.061709690160212154
675.0,0.061929106584234055
676.0,0.06205923438144106
677.0,0.06209488256270178
678.0,0.06235095173249593
679.0,0.06243146750864019
680.0,0.06234423646837158
681.0,0.06267899267084294
682.0,0.06305125577270289
683.0,0.06321182690133573
684.0,0.06310292302675316
685.0,0.06316386075217602
686.0,0.06330700095064908
687.0,0.06347331668643663
688.0,0.06363386712587056
689.0,0.06391611190183853
690.0,0.06406141743386805
691.0,0.06405285640626351
692.0,0.06439786959879402
693.0,0.06463914191724401
694.0,0.06466772197094571
695.0,0.06458793143557685
696.0,0.06489946954828013
697.0,0.06527148917535795
698.0,0.06547463448385092
699.0,0.06543518899928398
700.0,0.06553532571168255
701.0,0.06575142191317268
702.0,0.0660027571885344
703.0,0.06629427273738187
704.0,0.06642269369100291
705.0,0.06651459009527502
706.0,0.06678921323706313
707.0,0.06704471947101256
708.0,0.06736131008595338
709.0,0.06761609114770081
710.0,0.06744523694183853
711.0,0.06757637002180984
712.0,0.06789533633533144
713.0,0.06816829409702803
714.0,0.06846933987222827
715.0,0.0685740584293642
716.0,0.0685573554541871
717.0,0.06866165888787028
718.0,0.06895117826771018
719.0,0.06929715010459096
720.0,0.06960027526069143
721.0,0.06984368203415824
722.0,0.07008577515459846
723.0,0.07019781759106901
724.0,0.07013627557640692
725.0,0.07034255470874377
726.0,0.07070020328275431
727.0,0.07103975333251505
728.0,0.07120407401481961
729.0,0.07153163933587378
730.0,0.07187873896347398
731.0,0.0720956035814959
732.0,0.07213342323437213
733.0,0.07215235087465019
734.0,0.07240618266572871
735.0,0.07299926860338031
736.0,0.07331884655795158
737.0,0.07344987985163126
738.0,0.07353993647405509
739.0,0.0737466187815238
740.0,0.07387883133448478
741.0,0.07409590733164441
742.0,0.07445418894775088
743.0,0.07467763714389829
744.0,0.07495788346479189
745.0,0.07524207785404911
746.0,0.07542873796278472
747.0,0.07561830152355589
748.0,0.07586350727162017
749.0,0.07612780185028338
750.0,0.07631415254621654
751.0,0.07673980616963837
752.0,0.07708433259165978
753.0,0.07719276111329257
754.0,0.0775697473296046
755.0,0.0777678232493322
756.0,0.07795309614425835
757.0,0.0784036370615629
758.0,0.07865001530002229
759.0,0.07893128791671168
760.0,0.07924754103871072
761.0,0.07935387541351077
762.0,0.0796532313428684
763.0,0.08003398373088157
764.0,0.0803497057547005
765.0,0.08059607767985022
766.0,0.08094256295396769
767.0,0.08125809107369217
768.0,0.0813924508229397
769.0,0.08181255728012178
770.0,0.08224844839400454
771.0,0.08255326048789684
772.0,0.08275781904155052
773.0,0.0830315740190403
774.0,0.08336353872051169
775.0,0.08369719287309102
776.0,0.08396679933361358
777.0,0.08416726326955576
778.0,0.08440705095671998
779.0,0.08478298003203141
780.0,0.08509221927635405
781.0,0.08536608181044572
782.0,0.08571150156349117
783.0,0.0862498169209893
784.0,0.08646461158468352
785.0,0.08665362372308627
786.0,0.0870313029870049
787.0,0.08736738914717596
788.0,0.08757044839259283
789.0,0.08780481642141516
790.0,0.08824201598416816
791.0,0.08863916229134265
792.0,0.08901274078487732
793.0,0.08936786538922505
794.0,0.08969499201115659
795.0,0.08993266271418349
796.0,0.09027703265256244
797.0,0.09076740249749628
798.0,0.09113211330305679
799.0,0.09151162546797209
800.0,0.09185694020898591
801.0,0.09212596787739355
802.0,0.09247330019296088
803.0,0.09285310558865092
804.0,0.09331826063335599
805.0,0.09392120422063412
806.0,0.09423058088955494
807.0,0.09459906064331354
808.0,0.09510797088669766
809.0,0.09540507844654206
810.0,0.09571760335679913
811.0,0.09605507034682165
812.0,0.09638894965685706
813.0,0.09670113345750367
814.0,0.09720744783265696
815.0,0.09771054663350014
816.0,0.09793717823886462
817.0,0.09826260106282624
818.0,0.09866558768521928
819.0,0.09908001846716977
820.0,0.09942735298673472
821.0,0.09974554888464277
822.0,0.10032373377586286
823.0,0.10109412080831999
824.0,0.10129730414806745
825.0,0.1016026643707016
826.0,0.10201961466296904
827.0,0.10243108827008643
828.0,0.10301195396261846
829.0,0.10354431339914512
830.0,0.10396823904469477
831.0,0.1043227896890277
832.0,0.10456749710016704
833.0,0.10485778527927288
834.0,0.10531064905892751
835.0,0.10595714430084652
836.0,0.10645116516787011
837.0,0.10686476917383056
838.0,0.10730627713807724
839.0,0.1077770360597924
840.0,0.10826210933842828
841.0,0.10871835312478809
842.0,0.10912699148791154
843.0,0.10958690759986234
844.0,0.11016396484059407
845.0,0.11069267325685551
846.0,0.11095203744681123
847.0,0.11139736577021306
848.0,0.11181767102355182
849.0,0.1121120279135799
850.0,0.11238981628750735
851.0,0.11290124671078447
852.0,0.11353207192417829
853.0,0.11407957255707449
854.0,0.11431017957279009
855.0,0.11476210475402548
856.0,0.11542741019926607
857.0,0.11605892722017376
858.0,0.11625059862030603
859.0,0.1165557597790737
860.0,0.11716139766059341
861.0,0.11794408066396052
862.0,0.1183583144111715
863.0,0.11875582210595431
864.0,0.11927427606192488
865.0,0.11979052195621306
866.0,0.12042252205128008
867.0,0.1208951833498142
868.0,0.12122173603116922
869.0,0.12192205445771423
870.0,0.12241836206175014
871.0,0.12298835140975029
872.0,0.12377755020049491
873.0,0.12398688290938747
874.0,0.12443790451163046
875.0,0.1249827168941962
876.0,0.12530197268646345
877.0,0.12598582595394642
878.0,0.126698111130366
879.0,0.1272592084061227
880.0,0.12765303865800307
881.0,0.1280469016151606
882.0,0.12864093036235102
883.0,0.12928823967155081
884.0,0.12956909738217356
885.0,0.1300839170588491
886.0,0.1307367773501294
887.0,0.13132553257792426
888.0,0.131680206005167
889.0,0.1325309487194037
890.0,0.13327093315371308
891.0,0.13351198542253623
892.0,0.13412817534531482
893.0,0.13479624756960593
894.0,0.1353088660842793
895.0,0.13566545150370027
896.0,0.1365004415364132
897.0,0.13724728033558736
898.0,0.13772159689026467
899.0,0.13807067967037553
900.0,0.13900640049475638
901.0,0.13963713160104704
902.0,0.14008492468204647
903.0,0.14105856161044927
904.0,0.14138602263120764
905.0,0.1416813655069147
906.0,0.14217451624746924
907.0,0.14254976311633596
908.0,0.14312549089786608
909.0,0.14384111554711504
910.0,0.14449041210134944
911.0,0.14479324996886445
912.0,0.14561575565353432
913.0,0.14644675050371359
914.0,0.14695744804591138
915.0,0.1477525347186138
916.0,0.1484451262882591
917.0,0.14904480744626217
918.0,0.1496095106097467
919.0,0.15001345299553023
920.0,0.15060177310499268
921.0,0.15119000141949823
922.0,0.15167380061447072
923.0,0.15294638399664154
924.0,0.15400484498321845
925.0,0.15451385127858214
926.0,0.15467449606972813
927.0,0.1553888507160099
928.0,0.15608732880160472
929.0,0.1566885527164796
930.0,0.15737713401547113
931.0,0.15793489232813798
932.0,0.15850270013316586
933.0,0.15914886851034257
934.0,0.15982625823659125
935.0,0.1602288047514846
936.0,0.16059914325830793
937.0,0.16125432130088538
938.0,0.1624280456742501
939.0,0.1636811055002349
940.0,0.16452581597819887
941.0,0.16491218749778963
942.0,0.16526485021275725
943.0,0.16597924290987887
944.0,0.16648055420514216
945.0,0.16682661977543567
946.0,0.16789534633039965
947.0,0.16827543714329446
948.0,0.16881302969951392
949.0,0.16973180216844752
950.0,0.16994077097691504
951.0,0.17028526195221105
952.0,0.17125377674235176
953.0,0.1725032126569949
954.0,0.1726565344510148
955.0,0.17332419524682913
956.0,0.17407775477101212
957.0,0.17458546301021
958.0,0.1754159949253039
959.0,0.17614711889549883
960.0,0.1768110682476085
961.0,0.17757489733785312
962.0,0.17864079644874628
963.0,0.1800716731065909
964.0,0.18082769805519852
965.0,0.18061633742582334
966.0,0.1809916803181599
967.0,0.18205361205252163
968.0,0.18278226383380775
969.0,0.18286870597077698
970.0,0.18395025441220167
971.0,0.18504627216500547
972.0,0.18568312730183373
973.0,0.18607591510011098
974.0,0.1874482830842852
975.0,0.1886312002170833
976.0,0.1893057900183198
977.0,0.18950295861582742
978.0,0.18945992010383123
979.0,0.1904181000427467
980.0,0.19139782221023255
981.0,0.1919342539292295
982.0,0.19348616729310136
983.0,0.1942121561093635
984.0,0.19438479239488338
985.0,0.19495093731481095
986.0,0.19690588236099035
987.0,0.19788226270791914
988.0,0.19753233472379136
989.0,0.19713071968242582
990.0,0.19927871312948037
991.0,0.19972518184050278
992.0,0.20041465603191128
993.0,0.20191562032718832
994.0,0.20157553048413496
995.0,0.2036638904048662
996.0,0.20504510120867692
997.0,0.20449264035035783
998.0,0.20461364907744425
999.0,0.2057544640048231
1000.0,0.20675026832941773
1001.0,0.2207305632277648
1002.0,0.21919009256766384
1003.0,0.2192955230589564
1004.0,0.22008342126858832
1005.0,0.2224772290751871
1006.0,0.2241293379803093
1007.0,0.22416669983473178
1008.0,0.22544061715201164
1009.0,0.2244781785976595
1010.0,0.2213651971159138
1011.0,0.22208736300693077
1012.0,0.22233571228446264
1013.0,0.22187665753376712
1014.0,0.2224561783148897
1015.0,0.22367715708922598
1016.0,0.22473895894260706
1017.0,0.22576008249611726
1018.0,0.22820572211257065
1019.0,0.2303153720863234
1020.0,0.23352467716550498
1021.0,0.23518836186913245
1022.0,0.2360615442656081
1023.0,0.237494361757893
1024.0,0.23499030321887285
1025.0,0.23197270207435783
1026.0,0.2333258641139971
1027.0,0.2357449820378463
1028.0,0.23955182904148845
1029.0,0.24185845687320115
1030.0,0.24590118605170141
1031.0,0.24573544261715016
1032.0,0.24326476267832067
1033.0,0.2415258945789928
1034.0,0.24094524862475278
1035.0,0.24078181403769794
1036.0,0.2424659708037704
1037.0,0.24478700159164804
1038.0,0.24591354946709665
1039.0,0.24786949249316723
1040.0,0.24947718686185835
1041.0,0.24871328298988246
1042.0,0.24844019105837853
1043.0,0.2490761744909611
1044.0,0.24970885489620429
1045.0,0.2504778248166325
1046.0,0.2526101689531495
1047.0,0.2550487535313546
1048.0,0.25741717424190597
1049.0,0.2577048893405866
1050.0,0.2582852767060114
1051.0,0.26047616683197583
1052.0,0.2609604387901197
1053.0,0.2614960769968556
1054.0,0.26200309376237835
1055.0,0.26130954259780664
1056.0,0.26120112288073455
1057.0,0.260982984632653
1058.0,0.2615463111310538
1059.0,0.2622038200744146
1060.0,0.2625468891963497
1061.0,0.2632003808686621
1062.0,0.2643019314700958
1063.0,0.26554153986416984
1064.0,0.26720086656431724
1065.0,0.269065208074795
1066.0,0.2714860837822486
1067.0,0.2738328116642289
1068.0,0.27431937797838185
1069.0,0.2741978534285281
1070.0,0.27312811738420995
1071.0,0.27280049605623613
1072.0,0.27152343040724153
1073.0,0.2733632701537366
1074.0,0.2757021428009654
1075.0,0.27752219824028246
1076.0,0.27994597809805577
1077.0,0.2806616486637601
1078.0,0.2800527200995806
1079.0,0.28033206434618757
1080.0,0.28067898186759593
1081.0,0.2816931109955378
1082.0,0.2844800618940217
1083.0,0.2871665440393925
1084.0,0.28865718689239545
1085.0,0.2895066184097328
1086.0,0.29052777719413186
1087.0,0.2909139756903336
1088.0,0.29102133114310613
1089.0,0.2920104740939191
1090.0,0.29400717640530427
1091.0,0.2948307375924418
1092.0,0.29582130226960157
1093.0,0.29761860290961134
1094.0,0.29833492440354487
1095.0,0.2983726948390784
1096.0,0.29832880897591346
1097.0,0.29832933205396134
1098.0,0.2992619210493742
1099.0,0.3003057023215265
1100.0,0.30259475285306325
1101.0,0.3037469235991045
1102.0,0.3045024940557381
1103.0,0.3049866398398886
1104.0,0.3061625458450476
1105.0,0.30834073748128726
1106.0,0.3099493508485286
1107.0,0.3108340582803085
1108.0,0.31186200837295197
1109.0,0.31221708905265944
1110.0,0.31169467530889655
1111.0,0.3128239454509069
1112.0,0.3138814586059352
1113.0,0.3141526369980462
1114.0,0.31504970669835086
1115.0,0.31748587929486594
1116.0,0.3186075485964433
1117.0,0.3188859513150053
1118.0,0.31997934368376085
1119.0,0.32140023607423784
1120.0,0.32232477438279866
1121.0,0.32270151341980524
1122.0,0.3236379832614001
1123.0,0.325114592389248
1124.0,0.326469776883654
1125.0,0.32840897391297125
1126.0,0.3301282729278339
1127.0,0.3314010379563313
1128.0,0.33203467274499854
1129.0,0.3326873789237553
1130.0,0.33301361149728564
1131.0,0.3337369593039138
1132.0,0.33409335008362556
1133.0,0.3349778931396671
1134.0,0.33639931588637767
1135.0,0.3378689968496887
1136.0,0.3393009707826489
1137.0,0.34069608799994255
1138.0,0.3417216486977743
1139.0,0.3426026073914489
1140.0,0.34303721260599496
1141.0,0.3435613291985634
1142.0,0.34430494135344913
1143.0,0.3450055591701828
1144.0,0.34586037002157044
1145.0,0.3468976721328568
1146.0,0.34804582353465663
1147.0,0.3493638418185391
1148.0,0.35050195820182833
1149.0,0.351636358122018
1150.0,0.3532274030906831
1151.0,0.35396160841070257
1152.0,0.3548809455616808
1153.0,0.3555472169398231
1154.0,0.35615578485198174
1155.0,0.35769856569504793
1156.0,0.3589699778670871
1157.0,0.36000962435602796
1158.0,0.36124635296559593
1159.0,0.36235440207379455
1160.0,0.36276006213985373
1161.0,0.36392128460900286
1162.0,0.36568991350833896
1163.0,0.36724152650032926
1164.0,0.36936132760408175
1165.0,0.37050783522831315
1166.0,0.3710123065237692
1167.0,0.37165319944009345
1168.0,0.3724414687838599
1169.0,0.37355756724321765
1170.0,0.37480722363362146
1171.0,0.3762302827635668
1172.0,0.37755314707084986
1173.0,0.3784348809500532
1174.0,0.37959322844156174
1175.0,0.3812033117942555
1176.0,0.38248552101556027
1177.0,0.3834743223976236
1178.0,0.38447300320490296
1179.0,0.38543068609004905
1180.0,0.38652707496550626
1181.0,0.3876582198953522
1182.0,0.388682072408198
1183.0,0.38978586928852876
1184.0,0.390796013101455
1185.0,0.3915416595241622
1186.0,0.3924011348800576
1187.0,0.3931854378283462
1188.0,0.3937790668869212
1189.0,0.3947921804583839
1190.0,0.3960217796280638
1191.0,0.39712723597192273
1192.0,0.39843131536898635
1193.0,0.3997577130303845
1194.0,0.40095695992800473
1195.0,0.4022217793311817
1196.0,0.40405218275395755
1197.0,0.40519324603939955
1198.0,0.40583698297230214
1199.0,0.40636842992067174
1200.0,0.40745686900140804
1201.0,0.4086569766035631
1202.0,0.4100189878861039
1203.0,0.4116732190764641
1204.0,0.4132014049000972
1205.0,0.41452627131659636
1206.0,0.4158314740474168
1207.0,0.4175375505892134
1208.0,0.4186412356355449
1209.0,0.41889846076547205
1210.0,0.4199283640529559
1211.0,0.4210939577977994
1212.0,0.42233462775590996
1213.0,0.4242365052444813
1214.0,0.42557967891402276
1215.0,0.42668261417988285
1216.0,0.4276639757343349
1217.0,0.4283270456077024
1218.0,0.42936814909093907
1219.0,0.430167439425186
1220.0,0.4308504647594825
1221.0,0.43173432717461985
1222.0,0.43246751396848376
1223.0,0.43355406126229845
1224.0,0.43505547552327223
1225.0,0.4362578616510052
1226.0,0.4375583916108546
1227.0,0.4387267320783929
1228.0,0.43967572044171066
1229.0,0.44070087636882754
1230.0,0.4418827875281426
1231.0,0.4428427825849904
1232.0,0.44362599860021634
1233.0,0.44430684523857117
1234.0,0.44517914286376103
1235.0,0.44658885419020256
1236.0,0.4480275221123807
1237.0,0.4499411640701946
1238.0,0.45160595533002224
1239.0,0.4534193529494697
1240.0,0.45476972627565
1241.0,0.45599488720895104
1242.0,0.4571438607144693
1243.0,0.45786578861948324
1244.0,0.4588406560969759
1245.0,0.45981061823820035
1246.0,0.46091317680956473
1247.0,0.4620956238453572
1248.0,0.4632958131073955
1249.0,0.46467038623798745
1250.0,0.46601108445693606
1251.0,0.4672474640438068
1252.0,0.46867429774331776
1253.0,0.4699995329980751
1254.0,0.4715202119508197
1255.0,0.47242615438482516
1256.0,0.47294466716961947
1257.0,0.4737367854889402
1258.0,0.4742619870365043
1259.0,0.4749121592107047
1260.0,0.4757404120816116
1261.0,0.47660992711127037
1262.0,0.47737655786190475
1263.0,0.4782196529939784
1264.0,0.47921032040217115
1265.0,0.48029120118287083
1266.0,0.48098644998127954
1267.0,0.4823270036318712
1268.0,0.4843142826206101
1269.0,0.48633550684296833
1270.0,0.48789144234665155
1271.0,0.4896163764162549
1272.0,0.49104388945101785
1273.0,0.4918409886260863
1274.0,0.4931388236912692
1275.0,0.49488911016894577
1276.0,0.496084015843563
1277.0,0.49707625097030267
1278.0,0.4980211682575724
1279.0,0.49843424887678095
1280.0,0.4994126474328089
1281.0,0.5006936236087884
1282.0,0.5018855430776716
1283.0,0.5033919030942237
1284.0,0.5046934951831263
1285.0,0.5060330903754424
1286.0,0.507047627999627
1287.0,0.5076622635360734
1288.0,0.5084090594275414
1289.0,0.5094878564869708
1290.0,0.5103696206307631
1291.0,0.5118102906734286
1292.0,0.5141388305632073
1293.0,0.5155577339591667
1294.0,0.5169549078006377
1295.0,0.5178753240733721
1296.0,0.517868354485782
1297.0,0.5187313721208294
1298.0,0.5196357342627289
1299.0,0.5207616380204582
1300.0,0.5225369100600371
1301.0,0.5240028379885081
1302.0,0.5254445658811832
1303.0,0.5267641333772706
1304.0,0.5278905050253123
1305.0,0.5291848190427566
1306.0,0.5305053633986206
1307.0,0.5318327203974991
1308.0,0.5329772082760003
1309.0,0.5341895737356873
1310.0,0.5352589252691198
1311.0,0.5358875062882831
1312.0,0.5370965216119516
1313.0,0.5386969084331046
1314.0,0.5399658383801127
1315.0,0.5414215336408047
1316.0,0.5425856674514998
1317.0,0.5432387333367059
1318.0,0.5443528345214503
1319.0,0.545582990596005
1320.0,0.5468712851158228
1321.0,0.5485878991463736
1322.0,0.549926381437366
1323.0,0.5508830453235704
1324.0,0.5521656168814877
1325.0,0.5532915753747625
1326.0,0.5547031610391135
1327.0,0.5563453296561853
1328.0,0.5586140656229593
1329.0,0.559995561799756
1330.0,0.5610474655666807
1331.0,0.5624641692979867
1332.0,0.5635593125389685
1333.0,0.5649298146231119
1334.0,0.5669174390861
1335.0,0.56831878031636
1336.0,0.569273834215091
1337.0,0.5705239651400464
1338.0,0.571983981785284
1339.0,0.5730009389292025
1340.0,0.573733498976395
1341.0,0.5746632982364387
1342.0,0.5751422569926978
1343.0,0.5761009052271467
1344.0,0.5776624899061604
1345.0,0.5789659150663667
1346.0,0.5802478174018619
1347.0,0.581707505027483
1348.0,0.5828308473592091
1349.0,0.58372452547678
1350.0,0.5848376303446169
1351.0,0.5857579814177386
1352.0,0.5870519710851424
1353.0,0.588897994553338
1354.0,0.5899768695543978
1355.0,0.5908098305253725
1356.0,0.5917758259864921
1357.0,0.5920412190265
1358.0,0.593099410551208
1359.0,0.5948192892925019
1360.0,0.5962850484659749
1361.0,0.5981295652537971
1362.0,0.5995626074742181
1363.0,0.6006970493157074
1364.0,0.6018788607369935
1365.0,0.6026946289453089
1366.0,0.6038227945663273
1367.0,0.6053498320438317
1368.0,0.6065638197790525
1369.0,0.6076179815212099
1370.0,0.6087636599288838
1371.0,0.6095110649866777
1372.0,0.6095405777817569
1373.0,0.6106148406531201
1374.0,0.6120406731234832
1375.0,0.6133215582711828
1376.0,0.6151750896548539
1377.0,0.6165344451650614
1378.0,0.617611399414419
1379.0,0.6186180192826635
1380.0,0.6195384016888369
1381.0,0.620451220013228
1382.0,0.6210123392327327
1383.0,0.621897831378151
1384.0,0.6231471784132109
1385.0,0.6240794149379326
1386.0,0.6247457490362676
1387.0,0.625708937122526
1388.0,0.6268606697053035
1389.0,0.6277343401854202
1390.0,0.6285062030532328
1391.0,0.6296361606533175
1392.0,0.6304857657917041
1393.0,0.6308606493717805
1394.0,0.631883555283888
1395.0,0.6332919754308268
1396.0,0.634468406994203
1397.0,0.6358299292233747
1398.0,0.6369329009207331
1399.0,0.6377582711700928
1400.0,0.6388616932346439
1401.0,0.6401248055507299
1402.0,0.6411805182301895
1403.0,0.6421518002966846
1404.0,0.6433020993879082
1405.0,0.6444105709490892
1406.0,0.6454790596761568
1407.0,0.646889643758349
1408.0,0.6479478083617406
1409.0,0.6485445150312912
1410.0,0.6494269272096006
1411.0,0.6502142643543443
1412.0,0.6512026877030606
1413.0,0.6523330575703884
1414.0,0.6537162201797097
1415.0,0.655049425754905
1416.0,0.6562335150919105
1417.0,0.6575238986900083
1418.0,0.6588280662912246
1419.0,0.660054338939307
1420.0,0.661394555740266
1421.0,0.6624993389625693
1422.0,0.6633868704386238
1423.0,0.6643883385269221
1424.0,0.6653158949795904
1425.0,0.6662482815551097
1426.0,0.6670054764356086
1427.0,0.6682176179678087
1428.0,0.669833467892338
1429.0,0.671061118904631
1430.0,0.6723248830561911
1431.0,0.6736715829037524
1432.0,0.6747292856675527
1433.0,0.6759419863134041
1434.0,0.6775445458830148
1435.0,0.6789174508857434
1436.0,0.6801433645042964
1437.0,0.6812975926166097
1438.0,0.6822150662157463
1439.0,0.683487141314028
1440.0,0.6845485477901666
1441.0,0.6856762247851726
1442.0,0.6868781532836145
1443.0,0.6878247505132341
1444.0,0.6889656573151801
1445.0,0.6900101941639939
1446.0,0.6912417488690923
1447.0,0.6927212709565314
1448.0,0.6940213139330729
1449.0,0.6954046229475785
1450.0,0.6965001396548427
1451.0,0.6974130693804996
1452.0,0.6983417574689036
1453.0,0.698925515695257
1454.0,0.6999541859401737
1455.0,0.7012076652349842
1456.0,0.7024230217789379
1457.0,0.7038646461838538
1458.0,0.7051941963885151
1459.0,0.7063448206356969
1460.0,0.7077059830604978
1461.0,0.7094564213477437
1462.0,0.7107791506977077
1463.0,0.7120222988900744
1464.0,0.7131406357461411
1465.0,0.7136518825974268
1466.0,0.7145630154508165
1467.0,0.7156444783657713
1468.0,0.7168303844269953
1469.0,0.718222716376168
1470.0,0.7194327138089334
1471.0,0.7206325206318126
1472.0,0.7218058741860652
1473.0,0.7228629606452456
1474.0,0.7237407581217936
1475.0,0.7249572489925692
1476.0,0.7262435517526361
1477.0,0.7275029825322739
1478.0,0.729017935543831
1479.0,0.730304514681823
1480.0,0.7312442714482966
1481.0,0.7326056104911176
1482.0,0.7342743964643865
1483.0,0.7356776040434619
1484.0,0.7372213061778643
1485.0,0.7385492266991277
1486.0,0.7396064843594059
1487.0,0.7407119342611856
1488.0,0.7416973660011822
1489.0,0.7428442107527339
1490.0,0.7439592277989773
1491.0,0.7451951488806069
1492.0,0.7466266683762627
1493.0,0.7480408882609759
1494.0,0.7495844384892371
1495.0,0.7509705684193493
1496.0,0.7523840174989832
1497.0,0.7536513219100813
1498.0,0.7545297459808017
1499.0,0.7557126208371017
1500.0,0.7571461957113041
1501.0,0.7583617467715212
1502.0,0.7595194125787539
1503.0,0.7609984665167543
1504.0,0.7621673329670051
1505.0,0.7629507729128469
1506.0,0.7643180182774517
1507.0,0.7659582084797204
1508.0,0.7673768203191149
1509.0,0.7690612099315232
1510.0,0.7704180670442038
1511.0,0.7714623015159412
1512.0,0.772653243026009
1513.0,0.7736690657767488
1514.0,0.7751203941087761
1515.0,0.7768780920439045
1516.0,0.7783731752560237
1517.0,0.7802084994234947
1518.0,0.7815353240437998
1519.0,0.7823629827523604
1520.0,0.7833822617298286
1521.0,0.784253079182546
1522.0,0.7852646635073779
1523.0,0.7861997446212244
1524.0,0.7874191702572478
1525.0,0.7888766773417418
1526.0,0.7902973135496296
1527.0,0.7919937049311607
1528.0,0.7934724864364185
1529.0,0.7946582437111429
1530.0,0.7961412158984874
1531.0,0.7979319531626208
1532.0,0.7993719265397778
1533.0,0.8009077242076832
1534.0,0.8022049511530952
1535.0,0.8030756584835754
1536.0,0.803985765290011
1537.0,0.8048496515547408
1538.0,0.8055977729006303
1539.0,0.8063851662709778
1540.0,0.8073899609472792
1541.0,0.8084872812672221
1542.0,0.809817929152679
1543.0,0.8109956813331074
1544.0,0.8122093035665556
1545.0,0.8133682883239933
1546.0,0.8144673954149476
1547.0,0.8156430409972948
1548.0,0.8168610446437907
1549.0,0.8179922134734449
1550.0,0.8190645369045233
1551.0,0.8202938502171395
1552.0,0.8214895926122903
1553.0,0.8228476602247862
1554.0,0.8244291415558076
1555.0,0.8258711499660166
1556.0,0.8274302983968567
1557.0,0.8287315050772629
1558.0,0.8297961543763548
1559.0,0.8310886446049881
1560.0,0.832262832220587
1561.0,0.8336031886918566
1562.0,0.8352755020289487
1563.0,0.8366832954598598
1564.0,0.8380802879373759
1565.0,0.8392958125837169
1566.0,0.8403091703886808
1567.0,0.8413653988998238
1568.0,0.8421806741133188
1569.0,0.8432765887606051
1570.0,0.8445520962346996
1571.0,0.8457654862637338
1572.0,0.8473403188636808
1573.0,0.8484142434634153
1574.0,0.8489868914747197
1575.0,0.8498953465119172
1576.0,0.85058125900865
1577.0,0.8515290642693727
1578.0,0.8529356056932282
1579.0,0.8541709177897997
1580.0,0.8553722712751397
1581.0,0.8565842495574747
1582.0,0.8577605664953386
1583.0,0.8589767309413616
1584.0,0.8602074783872098
1585.0,0.8614641754325638
1586.0,0.8626701713018274
1587.0,0.8640213623006102
1588.0,0.8656841449824294
1589.0,0.8670522201879994
1590.0,0.8683256323084241
1591.0,0.869562341104875
1592.0,0.8708779266886348
1593.0,0.8720384204123725
1594.0,0.8732142379508209
1595.0,0.874500195369399
1596.0,0.8758166178586451
1597.0,0.8770126191082935
1598.0,0.8782435724668485
1599.0,0.8796814961542345
1600.0,0.8809243131006221
1601.0,0.8819481662260596
1602.0,0.8831050924339198
1603.0,0.8843978777326336
1604.0,0.885471351195814
1605.0,0.8864487421322468
1606.0,0.8873713868638445
1607.0,0.8881363887654197
1608.0,0.8890246884771161
1609.0,0.8897116938821585
1610.0,0.8909504713922857
1611.0,0.8926676477955182
1612.0,0.893916828537388
1613.0,0.8953201477192526
1614.0,0.8965320325746815
1615.0,0.897437816849602
1616.0,0.8982581566099458
1617.0,0.8990254420303374
1618.0,0.8998853821718222
1619.0,0.9003390949076858
1620.0,0.9013393637199137
1621.0,0.9029893067843734
1622.0,0.9040664652723811
1623.0,0.905064127264459
1624.0,0.9060090008843377
1625.0,0.9065785693735217
1626.0,0.907450684528413
1627.0,0.9085825644376637
1628.0,0.9094842940301179
1629.0,0.9102614995751802
1630.0,0.9111803503804876
1631.0,0.9121429941510766
1632.0,0.912994391217506
1633.0,0.9139330713265599
1634.0,0.9147604126406125
1635.0,0.9152263339524778
1636.0,0.9160748310404989
1637.0,0.9171290139270496
1638.0,0.9181699284364859
1639.0,0.9193010269917611
1640.0,0.9206010602129944
1641.0,0.922095992070329
1642.0,0.9234351704130538
1643.0,0.9249626826990461
1644.0,0.9262316780857286
1645.0,0.9272809170145894
1646.0,0.9282725143370505
1647.0,0.9293206729314957
1648.0,0.930050528365581
1649.0,0.9304040757737577
1650.0,0.9308669456170929
1651.0,0.9311590587738087
1652.0,0.9314662331412076
1653.0,0.9316522700170852
1654.0,0.9321560379200844
1655.0,0.9325854055471604
1656.0,0.9334047629217036
1657.0,0.9348958442038885
1658.0,0.9359916670801204
1659.0,0.9370407333726446
1660.0,0.9381800140255829
1661.0,0.9391634618523254
1662.0,0.9402872487001913
1663.0,0.9418293254735605
1664.0,0.9428912186344998
1665.0,0.9436513111561713
1666.0,0.9444865114051192
1667.0,0.9451536177541822
1668.0,0.9457741789714595
1669.0,0.9459853490098087
1670.0,0.9468521607971006
1671.0,0.9481595749415702
1672.0,0.9492703549159697
1673.0,0.9508128710850018
1674.0,0.9522848161521654
1675.0,0.9534983692727381
1676.0,0.95468247583911
1677.0,0.9559932279508322
1678.0,0.9572900621913811
1679.0,0.9583728183875613
1680.0,0.9595774300106243
1681.0,0.9610879127493043
1682.0,0.962330429627391
1683.0,0.9633943016082264
1684.0,0.964495505316407
1685.0,0.9655242656431892
1686.0,0.9665317197528759
1687.0,0.9673773057279663
1688.0,0.9684430983673729
1689.0,0.9694784086402018
1690.0,0.9706668085958283
1691.0,0.9723023641005305
1692.0,0.9736601460855429
1693.0,0.9747443135081705
1694.0,0.9762208690971442
1695.0,0.9780006025955383
1696.0,0.979419503238375
1697.0,0.9808019936715054
1698.0,0.9822777513249487
1699.0,0.9837037852493824
1700.0,0.9848400268034758
1701.0,0.9858654013942991
1702.0,0.9871378803699103
1703.0,0.988012861302194
1704.0,0.9891888293307421
1705.0,0.9911769380236161
1706.0,0.9924860684506899
1707.0,0.9932301688561511
1708.0,0.9944195627566279
1709.0,0.9956643557364577
1710.0,0.9967955925328168
1711.0,0.9982713823046929
1712.0,0.9993475033592838
1713.0,0.9997394722845085
1714.0,1.0006610800013642
1715.0,1.0018616505425402
1716.0,1.0027548008358032
1717.0,1.003753354817935
1718.0,1.0049708288429264
1719.0,1.006036358425663
1720.0,1.0072017649189768
1721.0,1.0087305848126904
1722.0,1.009836714860369
1723.0,1.0107757284281378
1724.0,1.0114309007774445
1725.0,1.0121046933903344
1726.0,1.0122840088537028
1727.0,1.0115937163594304
1728.0,1.0116558098572368
1729.0,1.0114925812480444
1730.0,1.0119690284732352
1731.0,1.013510332230485
1732.0,1.0142836316638777
1733.0,1.0147542503613918
1734.0,1.01559608726545
1735.0,1.0163608418129284
1736.0,1.017089962707906
1737.0,1.0183911551561566
1738.0,1.0192183034679123
1739.0,1.0194056410878096
1740.0,1.0198449114096446
1741.0,1.0200671416015634
1742.0,1.0207800107575022
1743.0,1.0218206140982202
1744.0,1.022786218644474
1745.0,1.0244134744042728
1746.0,1.0254706726487326
1747.0,1.0260039774994192
1748.0,1.0266467176797336
1749.0,1.0270530959256254
1750.0,1.0275582626898305
1751.0,1.0281203859168686
1752.0,1.028884264104461
1753.0,1.0297738316608849
1754.0,1.0309157903270512
1755.0,1.0317844545828463
1756.0,1.0326738607338484
1757.0,1.0334115874519687
1758.0,1.0340174667969646
1759.0,1.0348141286008334
1760.0,1.0356702626265366
1761.0,1.0364791992180475
1762.0,1.0380231317976198
1763.0,1.0397726957758913
1764.0,1.0408563015686076
1765.0,1.0427318680872726
1766.0,1.043861056003977
1767.0,1.0441707152439543
1768.0,1.0452426270319284
1769.0,1.045927494440494
1770.0,1.0465328057133247
1771.0,1.047304668236491
1772.0,1.0483229102513167
1773.0,1.049103756178272
1774.0,1.0495086003597713
1775.0,1.0505200355287045
1776.0,1.051472494525457
1777.0,1.0525122568988996
1778.0,1.0536505332789736
1779.0,1.0547147360848639
1780.0,1.056018549447022
1781.0,1.0570721149969753
1782.0,1.058641355542047
1783.0,1.0599640937958843
1784.0,1.0608491673572136
1785.0,1.0627103901933288
1786.0,1.0640091124861526
1787.0,1.065007826884331
1788.0,1.0661899892923028
1789.0,1.0664615113116847
1790.0,1.0672042963178427
1791.0,1.0680994250581417
1792.0,1.0694187778488562
1793.0,1.0704261208148147
1794.0,1.0711973901608338
1795.0,1.072235165036493
1796.0,1.0732359008892765
1797.0,1.073943609494502
1798.0,1.0747211379414
1799.0,1.0749445098146702
1800.0,1.0752419114113445
1801.0,1.0698592098236543
1802.0,1.0692255781954934
1803.0,1.0704277323672255
1804.0,1.0713914809777645
1805.0,1.0728189351535886
1806.0,1.0741904723533229
1807.0,1.0760909937141034
1808.0,1.0771007207452086
1809.0,1.0778961645256875
1810.0,1.0788134090434607
1811.0,1.0791688233339674
1812.0,1.0797178392555489
1813.0,1.08125953404554
1814.0,1.0819962132173866
1815.0,1.0831050310722834
1816.0,1.084146800720293
1817.0,1.0856890027473978
1818.0,1.087586589924988
1819.0,1.0894018359696889
1820.0,1.092308870779398
1821.0,1.0939121110226007
1822.0,1.0952890515939804
1823.0,1.094891598128077
1824.0,1.0953550075663951
1825.0,1.0962025003965712
1826.0,1.0977469503188526
1827.0,1.1008184746013852
1828.0,1.1030747887294123
1829.0,1.1057044933630285
1830.0,1.1072472072835282
1831.0,1.1079986967770967
1832.0,1.1093794406123705
1833.0,1.1084258605959136
1834.0,1.1084676192021001
1835.0,1.108965530131524
1836.0,1.109528848103422
1837.0,1.1094083824666876
1838.0,1.1093909759442822
1839.0,1.1096183874893841
1840.0,1.10907653630151
1841.0,1.1096387565186678
1842.0,1.110252644944715
1843.0,1.1117511496320183
1844.0,1.1117597292256478
1845.0,1.1094389825082254
1846.0,1.109465314474741
1847.0,1.1097398101165719
1848.0,1.110762049736019
1849.0,1.113981269852982
1850.0,1.1159505183684846
1851.0,1.1182783198318915
1852.0,1.1188253508871873
1853.0,1.1191286500987105
1854.0,1.1188934109270265
1855.0,1.1190769101667144
1856.0,1.1199377607562984
1857.0,1.1204579713576188
1858.0,1.1214173078391632
1859.0,1.1222271850979786
1860.0,1.1228123789814692
1861.0,1.1230081478197753
1862.0,1.1244132195064869
1863.0,1.1258103031815396
1864.0,1.1264601047154195
1865.0,1.1272753421901784
1866.0,1.1280424148839612
1867.0,1.1275767251883582
1868.0,1.127308047986846
1869.0,1.127023627513027
1870.0,1.1266273689894577
1871.0,1.1258604907105896
1872.0,1.1254305941328668
1873.0,1.1240113183480298
1874.0,1.123305617924713
1875.0,1.1225686881081347
1876.0,1.1213442553204591
1877.0,1.120845996905063
1878.0,1.119395287761577
1879.0,1.11846065950994
1880.0,1.1175791157562545
1881.0,1.1166755972978972
1882.0,1.116152857262442
1883.0,1.1154390466538109
1884.0,1.1136814266991368
1885.0,1.111102259006243
1886.0,1.107870348868689
1887.0,1.1054786657190052
1888.0,1.1035563315721064
1889.0,1.1001633099221362
1890.0,1.0959225428444128
1891.0,1.0909654964162017
1892.0,1.0853110336927168
1893.0,1.079310160860779
1894.0,1.0744821042575983
1895.0,1.0702493326537248
1896.0,1.0660633377361344
1897.0,1.0616742233799152
1898.0,1.0567607767476666
1899.0,1.0525384319885434
1900.0,1.0483371896495817
1901.0,1.0443319419078323
1902.0,1.0407197394464407
1903.0,1.0372775334487645
1904.0,1.0328009705680503
1905.0,1.028781047173161
1906.0,1.025318056644001
1907.0,1.0212758810618399
1908.0,1.0181727095970887
1909.0,1.015820062836803
1910.0,1.013492762380868
1911.0,1.0116594980147209
1912.0,1.0103295517860278
1913.0,1.0087741610801733
1914.0,1.0073731384522338
1915.0,1.0050751273624599
1916.0,1.0037136841165522
1917.0,1.003452815673665
1918.0,1.003453760755756
1919.0,1.004379621620449
1920.0,1.0058143570093698
1921.0,1.0058618827044075
1922.0,1.0055273339882356
1923.0,1.0057409792446197
1924.0,1.0059407368354891
1925.0,1.0057320206755964
1926.0,1.0065062280181951
1927.0,1.007223404179758
1928.0,1.0085945722400926
1929.0,1.010662453250616
1930.0,1.0114117467823258
1931.0,1.0130501068675397
1932.0,1.0139542919682114
1933.0,1.0145178301745879
1934.0,1.0166062509437013
1935.0,1.0178989992380794
1936.0,1.0196440218247003
1937.0,1.0214300318906762
1938.0,1.0232327857898276
1939.0,1.024696773479553
1940.0,1.0268146586787732
1941.0,1.0281747638023082
1942.0,1.0299538122713143
1943.0,1.0316437217976164
1944.0,1.0329083284351643
1945.0,1.035293316601139
1946.0,1.037416141457082
1947.0,1.0394570303378914
1948.0,1.0412556112326923
1949.0,1.0430448705873037
1950.0,1.0445086461733517
1951.0,1.0456391263593103
1952.0,1.0459955753101549
1953.0,1.0475676489796828
1954.0,1.04797879972961
1955.0,1.0479181620905542
1956.0,1.0487620685656664
1957.0,1.0488782463117696
1958.0,1.0494938776212772
1959.0,1.0503969077583728
1960.0,1.0517596843920234
1961.0,1.0537525098797234
1962.0,1.0561685864862713
1963.0,1.05858608892848
1964.0,1.0619713278960512
1965.0,1.0639713924153538
1966.0,1.0649981953639087
1967.0,1.066031263750331
1968.0,1.0666255357839962
1969.0,1.0675705971879665
1970.0,1.0689599746838399
1971.0,1.0709559191091809
1972.0,1.0725098990477153
1973.0,1.0743698962976438
1974.0,1.0755384617071555
1975.0,1.075972006093882
1976.0,1.0766325210443528
1977.0,1.0780992043450623
1978.0,1.0799589061380699
1979.0,1.0831971271992338
1980.0,1.0858868561282944
1981.0,1.0876257017870283
1982.0,1.0892644069148996
1983.0,1.0903324946705493
1984.0,1.0911068633401204
1985.0,1.0923732630430585
1986.0,1.0940419840648963
1987.0,1.0956998747463416
1988.0,1.0973288151025025
1989.0,1.099657729563011
1990.0,1.1018101441703243
1991.0,1.1027359829725982
1992.0,1.1043212801024134
1993.0,1.104342899393789
1994.0,1.1049133605624266
1995.0,1.106571840724945
1996.0,1.108082531872194
1997.0,1.1103904980012254
1998.0,1.1124809097255806
1999.0,1.1143266564811791
2000.0,1.1163426191905732
2001.0,1.118600121111364
2002.0,1.120127300747584
2003.0,1.1230756398001176
2004.0,1.1252882713687606
2005.0,1.1275006967384484
2006.0,1.13049039663423
2007.0,1.1309082697640662
2008.0,1.1312721413640345
2009.0,1.1321453989665882
2010.0,1.1319382192706753
2011.0,1.1331568013161113
2012.0,1.1363086719483007
2013.0,1.1383223938913059
2014.0,1.1406521225657578
2015.0,1.1417051806065153
2016.0,1.1430970818445723
2017.0,1.14320143743761
2018.0,1.1432046682258452
2019.0,1.1448823830609807
2020.0,1.1468835962122288
2021.0,1.1491790754993922
2022.0,1.1518215212701144
2023.0,1.1546636258845264
2024.0,1.1565945242542295
2025.0,1.1579374573446963
2026.0,1.1591007872029784
2027.0,1.1591898846646795
2028.0,1.1599860773607107
2029.0,1.1609592114962886
2030.0,1.1617418211493933
2031.0,1.1631471219480307
2032.0,1.164092416312565
2033.0,1.1654271164563226
2034.0,1.1669032303949223
2035.0,1.1686346201124835
2036.0,1.1708513309576758
2037.0,1.1724752802762288
2038.0,1.1744121613118421
2039.0,1.1754434602259396
2040.0,1.175437690944344
2041.0,1.1761909356594362
2042.0,1.1754348890881794
2043.0,1.1767744582009358
2044.0,1.1804750503288162
2045.0,1.1825281339059779
2046.0,1.1842402216393162
2047.0,1.1872796675012474
2048.0,1.1862260676094096
2049.0,1.1852581078958295
2050.0,1.1846323899784725
2051.0,1.1839640378638638
2052.0,1.1846449321149122
2053.0,1.1863058118184526
2054.0,1.1880251796251307
2055.0,1.1917326168717144
2056.0,1.193268391644516
2057.0,1.1940591161627732
2058.0,1.1951114403024519
2059.0,1.1951540891744274
2060.0,1.1951318959374604
2061.0,1.1969775482741603
2062.0,1.197560685236414
2063.0,1.1970983443919263
2064.0,1.1961097403500391
2065.0,1.1948144109424528
2066.0,1.1943939122610918
2067.0,1.1950814569253438
2068.0,1.1978552881908653
2069.0,1.1993770947472617
2070.0,1.200992354005272
2071.0,1.2026270595311892
2072.0,1.2044157723077569
2073.0,1.205883396821423
2074.0,1.2075499486651704
2075.0,1.2087790307068413
2076.0,1.2095909221750814
2077.0,1.208312009353614
2078.0,1.2071960491137674
2079.0,1.2071571750573387
2080.0,1.2066110570035655
2081.0,1.207976881978973
2082.0,1.2094900473636396
2083.0,1.212464268504087
2084.0,1.2134805612872852
2085.0,1.214197587967015
2086.0,1.2146146982425188
2087.0,1.2132113260500117
2088.0,1.213775354081045
2089.0,1.2152635667709146
2090.0,1.217001295335933
2091.0,1.2194621409249433
2092.0,1.221309939988702
2093.0,1.221420401335724
2094.0,1.2210759269700298
2095.0,1.220541522271222
2096.0,1.2207946142354849
2097.0,1.2211421139924936
2098.0,1.222240580743776
2099.0,1.2231518696356103
2100.0,1.223944740158362
2101.0,1.2247206335132301
2102.0,1.2259584046394443
2103.0,1.2265192437151622
2104.0,1.226945836252384
2105.0,1.2267855390587894
2106.0,1.2252925188965238
2107.0,1.2254248067550295
2108.0,1.2248206366575864
2109.0,1.2267424771028104
2110.0,1.2291184953644259
2111.0,1.229394279865166
2112.0,1.2305028336749784
2113.0,1.2293235643272844
2114.0,1.2306277111554782
2115.0,1.233707895087144
2116.0,1.2354085910895454
2117.0,1.2378063282569507
2118.0,1.2392968701668208
2119.0,1.2392960241764281
2120.0,1.2393803407924038
2121.0,1.2403785257908282
2122.0,1.2399937313859288
2123.0,1.2369104268236242
2124.0,1.236155481610619
2125.0,1.2361341794917104
2126.0,1.2357136934678754
2127.0,1.2371052866718772
2128.0,1.2386779288162701
2129.0,1.239024942914995
2130.0,1.2397372927795345
2131.0,1.2397548563871807
2132.0,1.2400297509474578
2133.0,1.2398772702175942
2134.0,1.2396203125623357
2135.0,1.2389664554250428
2136.0,1.2376370602662459
2137.0,1.23599928081714
2138.0,1.2328031396541073
2139.0,1.2316484136569248
2140.0,1.2312238810697709
2141.0,1.2319807718302347
2142.0,1.2351875601794347
2143.0,1.2375006676467903
2144.0,1.2374221152206886
2145.0,1.236021523660063
2146.0,1.233894693603478
2147.0,1.2321458118510749
2148.0,1.2321499075905977
2149.0,1.2342327095427676
2150.0,1.2354438977437014
2151.0,1.235876399753221
2152.0,1.2366848228227127
2153.0,1.2377321132612387
2154.0,1.2372902645213728
2155.0,1.2362176666247329
2156.0,1.2354196349603486
2157.0,1.2325870426658494
2158.0,1.232275706098327
2159.0,1.2333910149816203
2160.0,1.234573294182464
2161.0,1.23770335509588
2162.0,1.2396056357476348
2163.0,1.2408379362084294
2164.0,1.243078301914264
2165.0,1.2442816517793616
2166.0,1.2448708528108516
2167.0,1.2439453469217676
2168.0,1.2428815026422053
2169.0,1.2422317164976069
2170.0,1.2405337934757632
2171.0,1.2403730271645799
2172.0,1.2414288355019512
2173.0,1.2420200074189214
2174.0,1.2440507280675366
2175.0,1.2435758376358865
2176.0,1.2414110840752548
2177.0,1.240906734427373
2178.0,1.2395039230685625
2179.0,1.2386760151177005
2180.0,1.2392617641861308
2181.0,1.2391679200272372
2182.0,1.2382963504139177
2183.0,1.237922111770071
2184.0,1.2377973973333274
2185.0,1.238536073325565
2186.0,1.2386847273760393
2187.0,1.238549285564456
2188.0,1.2392764129877256
2189.0,1.2403232392524466
2190.0,1.2408373086462074
2191.0,1.2426458845853503
2192.0,1.2425487747649837
2193.0,1.241405621729836
2194.0,1.2404920462892268
2195.0,1.2385908634726495
2196.0,1.2368873305633288
2197.0,1.2347021280603987
2198.0,1.233517144442057
2199.0,1.2328812889666603
2200.0,1.232623992962764
2201.0,1.2328810018341299
2202.0,1.2340699955700631
2203.0,1.2348779932210205
2204.0,1.2372992759058263
2205.0,1.241960778221554
2206.0,1.2464941057646544
2207.0,1.2493274014330007
2208.0,1.2503494208250994
2209.0,1.2462325216464323
2210.0,1.2425672658171716
2211.0,1.242511147652547
2212.0,1.2421955245508265
2213.0,1.2458224198913739
2214.0,1.2479420127382406
2215.0,1.2446445999996893
2216.0,1.2427794330471185
2217.0,1.2420781811186892
2218.0,1.2398858269562223
2219.0,1.2412521268816796
2220.0,1.247548852511957
2221.0,1.2490514644147024
2222.0,1.2499247151610704
2223.0,1.2497731200558144
2224.0,1.2452991837666594
2225.0,1.244980345065092
2226.0,1.2474284700557823
2227.0,1.2479960693679957
2228.0,1.2501603952215785
2229.0,1.2504557013872384
2230.0,1.2470188331039442
2231.0,1.2465847998748778
2232.0,1.2466808331515358
2233.0,1.2490049615433538
2234.0,1.2506007265630579
2235.0,1.2510097277935723
2236.0,1.2492595237165383
2237.0,1.2466689927771344
2238.0,1.2444091867682123
2239.0,1.2443844284438372
2240.0,1.2475917562863919
2241.0,1.2475306709322211
2242.0,1.2477524500056294
2243.0,1.2494567803580259
2244.0,1.2490904734430461
2245.0,1.251055529073699
2246.0,1.251826010661695
2247.0,1.2523162167018607
2248.0,1.2535606990723316
2249.0,1.2550029508911023
2250.0,1.255360886580317
2251.0,1.257125491247241
2252.0,1.2571934984508815
2253.0,1.2546342282714216
2254.0,1.2528326393227351
2255.0,1.2506143300223846
2256.0,1.2495630497212258
2257.0,1.2490040515854088
2258.0,1.24848829960872
2259.0,1.249228898594129
2260.0,1.2488387549334157
2261.0,1.2474098352669856
2262.0,1.2460633397277554
2263.0,1.2466018807314319
2264.0,1.244624945513506
2265.0,1.2441042276191043
2266.0,1.2433223572520427
2267.0,1.241804023869893
2268.0,1.243529905326269
2269.0,1.246782718248369
2270.0,1.2506720426027371
2271.0,1.2534243315360438
2272.0,1.2558792192179395
2273.0,1.2509385037247776
2274.0,1.2457989550324202
2275.0,1.2446875389366288
2276.0,1.2422786621517536
2277.0,1.2426175413436742
2278.0,1.2478063837867295
2279.0,1.2501168374172402
2280.0,1.2522436077913721
2281.0,1.2529195282902028
2282.0,1.2535100702364939
2283.0,1.2533511704491456
2284.0,1.2502251877720099
2285.0,1.2510691173052177
2286.0,1.253798996359551
2287.0,1.2537485441719254
2288.0,1.2566663642786806
2289.0,1.2550829405760113
2290.0,1.2471424881702913
2291.0,1.2460258387223824
2292.0,1.2458196827538324
2293.0,1.2441436530386585
2294.0,1.2445162961411105
2295.0,1.2455596699736724
2296.0,1.2457577439874121
2297.0,1.248515264308089
2298.0,1.2499454015554676
2299.0,1.2481328825659113
2300.0,1.2426258563028116
2301.0,1.2398400819871394
2302.0,1.2421678618113665
2303.0,1.2468400184676431
2304.0,1.2512256127720889
2305.0,1.2539603697558126
2306.0,1.2532125132886867
2307.0,1.2547427939236842
2308.0,1.2560578737954238
2309.0,1.2532706559839282
2310.0,1.2519215148728131
2311.0,1.2460377974160985
2312.0,1.2402273471439689
2313.0,1.2412041493536772
2314.0,1.2454762106696278
2315.0,1.2504721680686943
2316.0,1.250685314629537
2317.0,1.25073465521415
2318.0,1.250820275617748
2319.0,1.245143882519389
2320.0,1.2429718430440342
2321.0,1.245778934569261
2322.0,1.2431133082288974
2323.0,1.2359264659387403
2324.0,1.2337844709741137
2325.0,1.2320096501518185
2326.0,1.2310820543818053
2327.0,1.2309652249950145
2328.0,1.2363665269933584
2329.0,1.2457982789137445
2330.0,1.250406517204315
2331.0,1.25935895979868
2332.0,1.2639441019307291
2333.0,1.2626793978369666
2334.0,1.2641512757175835
2335.0,1.2676398280907657
2336.0,1.2657832338206145
2337.0,1.2586487822054582
2338.0,1.2548582771923527
2339.0,1.2488027195965805
2340.0,1.248181623418841
2341.0,1.2535076736750632
2342.0,1.2552497521043673
2343.0,1.2588397987668096
2344.0,1.258915535845076
2345.0,1.2548072678002098
2346.0,1.2523861553861289
2347.0,1.249215953099745
2348.0,1.2459451144313007
2349.0,1.2473573844490136
2350.0,1.2464289113697484
2351.0,1.2451923577623687
2352.0,1.244634163458857
2353.0,1.2392672053309217
2354.0,1.2381263168910839
2355.0,1.234147345053407
2356.0,1.2317855350617852
2357.0,1.2344688959020853
2358.0,1.2286083569922197
2359.0,1.2232426218341224
2360.0,1.2263115366570314
2361.0,1.226772265438556
2362.0,1.2298120347938506
2363.0,1.2376286513412478
2364.0,1.2382309935166629
2365.0,1.2378332512108103
2366.0,1.2359180819825608
2367.0,1.2359970156049953
2368.0,1.237170073294859
2369.0,1.2370233681115104
2370.0,1.2375450499236136
2371.0,1.2322689249664458
2372.0,1.2298585961229875
2373.0,1.2294659353189108
2374.0,1.2303426173146308
2375.0,1.2352974070299034
2376.0,1.2364546515614439
2377.0,1.239215581597011
2378.0,1.240256426749619
2379.0,1.2330836287563047
2380.0,1.232980294004164
2381.0,1.2283069633201764
2382.0,1.2225697407276925
2383.0,1.231186549563994
2384.0,1.2341999220414648
2385.0,1.2356498478481315
2386.0,1.2349796316117576
2387.0,1.2350977619279244
2388.0,1.2358238395043386
2389.0,1.2295511064600675
2390.0,1.2276274925968726
2391.0,1.2120072728946654
2392.0,1.201533355338569
2393.0,1.2084426455710224
2394.0,1.2108669285495535
2395.0,1.2286618301502126
2396.0,1.238103176189626
2397.0,1.2247186969494634
2398.0,1.2209399069794518
2399.0,1.2173014602899854
2400.0,1.2135300119913905
2401.0,1.21386188955075
2402.0,1.2176741240152709
2403.0,1.2173673148658224
2404.0,1.2010072831825693
2405.0,1.194364786813117
2406.0,1.191688586594533
2407.0,1.1853517220305774
2408.0,1.1914887769545426
2409.0,1.1928309844020177
2410.0,1.1868320179548475
2411.0,1.1840318758673172
2412.0,1.1803171243005117
2413.0,1.182147675127638
2414.0,1.1938039596289283
2415.0,1.177434379416339
2416.0,1.1521052465197752
2417.0,1.150643759627119
2418.0,1.1400572131645452
2419.0,1.1564754589974144
2420.0,1.193949395346475
2421.0,1.2019977198004606
2422.0,1.2131267321474657
2423.0,1.227509432376131
2424.0,1.2251121807912722
2425.0,1.2192357817067425
2426.0,1.2084556317981874
2427.0,1.1900595543538015
2428.0,1.1743435459319793
2429.0,1.1743393130266109
2430.0,1.185670889047002
2431.0,1.1869726284451714
2432.0,1.181400551500378
2433.0,1.1755573827414358
2434.0,1.1628506307930533
2435.0,1.1544395019664184
2436.0,1.1615251641811197
2437.0,1.1618533654060745
2438.0,1.156021859396662
2439.0,1.1570762377277377
2440.0,1.1517870077527357
2441.0,1.1430389438011999
2442.0,1.144826888798073
2443.0,1.1656712563277678
2444.0,1.1784825680912476
2445.0,1.1772411373332423
2446.0,1.1833129079235047
2447.0,1.1762734469982759
2448.0,1.1613059406403132
2449.0,1.153704557903239
2450.0,1.1433036470180462
2451.0,1.1321863195750987
2452.0,1.11764294377556
2453.0,1.1196573640414866
2454.0,1.1405978824057994
2455.0,1.1420139468478658
2456.0,1.1363385527121255
2457.0,1.134597941964459
2458.0,1.127619169389493
2459.0,1.1150132440475564
2460.0,1.1098230559822024
2461.0,1.115613959426406
2462.0,1.0994375803393004
2463.0,1.0871514909457574
2464.0,1.0977619690798461
2465.0,1.126264472960271
2466.0,1.1710918516566242
2467.0,1.1997186237279478
2468.0,1.2034631879500075
2469.0,1.164065729246926
2470.0,1.1091973796037946
2471.0,1.0874665126244443
2472.0,1.0770425435181692
2473.0,1.092693955651321
2474.0,1.0964265628004415
2475.0,1.09890563046994
2476.0,1.104428553540495
2477.0,1.1095651156294475
2478.0,1.106621166960291
2479.0,1.1066836762708767
2480.0,1.0975867248418363
2481.0,1.0558150274770384
2482.0,1.062164243062576
2483.0,1.1073425098931782
2484.0,1.1224492713950442
2485.0,1.1609544492154007
2486.0,1.1615247849487524
2487.0,1.0961027918422679
2488.0,1.086488275102674
2489.0,1.1028115386132835
2490.0,1.1143615689647097
2491.0,1.1568440720603086
2492.0,1.1622974331667535
2493.0,1.149646043837211
2494.0,1.1283711258481008
2495.0,1.075923758540926
2496.0,1.0621068054971756
2497.0,1.055491734167768
2498.0,1.0583901772351172
2499.0,1.090165078719206
2500.0,1.106149588678133
