350.0,-0.06150524729434635
351.0,0.019547041532214898
352.0,0.015704322318196025
353.0,-0.005317130959719354
354.0,0.005435776680441138
355.0,0.035014709014433286
356.0,0.049065742382893816
357.0,0.0067817198859875605
358.0,0.0491598666348778
359.0,0.09440521483993491
360.0,0.03111896865996891
361.0,0.0028399154093301823
362.0,0.0037084375544762737
363.0,0.01954640354013022
364.0,0.0357484689743323
365.0,0.03686407736658255
366.0,0.04009554503647918
367.0,0.038080186993268046
368.0,0.009823911959758744
369.0,0.012107248580038336
370.0,0.023357930198921073
371.0,0.03391290399680634
372.0,0.05369113827935695
373.0,0.05109346424528953
374.0,0.03786215144120811
375.0,0.02770674082165944
376.0,0.02522888081101594
377.0,0.022282172654002223
378.0,0.030786938588116267
379.0,0.05073127327052108
380.0,0.03909964000111741
381.0,0.03766086007364393
382.0,0.04419099686133673
383.0,0.04370015339516442
384.0,0.039689398070148534
385.0,0.03548341626634716
386.0,0.03696081222756096
387.0,0.04725071330975113
388.0,0.049342295002791796
389.0,0.041105587230199594
390.0,0.03281116307695302
391.0,0.04173994595968939
392.0,0.04357492623417987
393.0,0.04498137777946547
394.0,0.05014797276336684
395.0,0.053146685265919646
396.0,0.05313372934147064
397.0,0.048937174834591576
398.0,0.042829189859012226
399.0,0.04491166275623861
400.0,0.046042420301674845
401.0,0.045969988874375506
402.0,0.04721778358883883
403.0,0.0511000066281542
404.0,0.049698166695252496
405.0,0.046586647194740684
406.0,0.05026296048336525
407.0,0.0538705569740727
408.0,0.05574306148185998
409.0,0.054954496591306495
410.0,0.05121650646816679
411.0,0.049551603211710205
412.0,0.0500833040029789
413.0,0.05125927660341291
414.0,0.05039753899351922
415.0,0.05276426856614758
416.0,0.05392149872493183
417.0,0.051189314572924166
418.0,0.05562512829316038
419.0,0.052067361951819886
420.0,0.04808607578587047
421.0,0.05601681597757043
422.0,0.05503647329625467
423.0,0.051291609980923046
424.0,0.049654311194969186
425.0,0.051704315002113685
426.0,0.051966692827114205
427.0,0.05207863252407249
428.0,0.053216886872981435
429.0,0.054272080399636935
430.0,0.05374171949481755
431.0,0.05368683159594116
432.0,0.055531353486999405
433.0,0.05657604673558748
434.0,0.054059703764026475
435.0,0.05189392083575354
436.0,0.05482348916677687
437.0,0.05335096235278913
438.0,0.053973961338991364
439.0,0.057022627977346516
440.0,0.056645931997030656
441.0,0.05488971642372185
442.0,0.05396540489498258
443.0,0.05457269562727509
444.0,0.05476161216118439
445.0,0.05417433560776568
446.0,0.054259789371340086
447.0,0.055728810150557376
448.0,0.05433003372444595
449.0,0.054485466424698266
450.0,0.05576846983501979
451.0,0.05521247333917687
452.0,0.054621810329388294
453.0,0.05419356238119254
454.0,0.05427507777179174
455.0,0.05548371313861507
456.0,0.05450059300790589
457.0,0.05334034869607352
458.0,0.053956590120125276
459.0,0.055346113812486594
460.0,0.05532436559765644
461.0,0.05488240281820747
462.0,0.055666587534020935
463.0,0.054946067987201246
464.0,0.055006282721472156
465.0,0.055942554104900837
466.0,0.05582660323638253
467.0,0.05558812512215109
468.0,0.055357161832076666
469.0,0.05528475621901306
470.0,0.05580016993242346
471.0,0.05601223411319917
472.0,0.0558440066439255
473.0,0.05562864586467945
474.0,0.056255302342221
475.0,0.05587872850064678
476.0,0.05507426170301001
477.0,0.055749706178067154
478.0,0.05556975401038266
479.0,0.05575309564357835
480.0,0.05660966559113187
481.0,0.056544031256156056
482.0,0.05603520162110498
483.0,0.055503327310931376
484.0,0.05535084358322574
485.0,0.055992618644685514
486.0,0.05591070934406385
487.0,0.055326645328557696
488.0,0.05534441962397752
489.0,0.055521327341508254
490.0,0.055960216542684044
491.0,0.0563983819317006
492.0,0.05609112038725151
493.0,0.05549851790044331
494.0,0.05493097222655437
495.0,0.054885522474639105
496.0,0.05675777484068843
497.0,0.05720410700458747
498.0,0.056273074604724325
499.0,0.0557042591177493
500.0,0.055846807322755154
501.0,0.056073056631947824
502.0,0.05602007541414911
503.0,0.055775960588224545
504.0,0.056372603386699895
505.0,0.05729221937216984
506.0,0.05765450835131421
507.0,0.056458965300401974
508.0,0.055697283377750074
509.0,0.055913571549138154
510.0,0.05673345346870423
511.0,0.057075133635108966
512.0,0.05668795725549583
513.0,0.056236181527273194
514.0,0.05722527487326115
515.0,0.05676672749030932
516.0,0.05593270024721043
517.0,0.05605781233275337
518.0,0.056812944864368775
519.0,0.05703249000733219
520.0,0.056546442557669566
521.0,0.055840257605585406
522.0,0.055874735091427076
523.0,0.05630003234130412
524.0,0.05673783749053755
525.0,0.05695474627304958
526.0,0.057472389788190574
527.0,0.05758187096882805
528.0,0.05694863022291784
529.0,0.05715854454890718
530.0,0.057310645372796114
531.0,0.05721660890213602
532.0,0.05709547573852692
533.0,0.057085298151551285
534.0,0.057188819901296005
535.0,0.05731975747153692
536.0,0.057298818107068064
537.0,0.05738683714208643
538.0,0.057449716752564765
539.0,0.057364166711482915
540.0,0.05741083996266182
541.0,0.057409118333649166
542.0,0.05744193273463511
543.0,0.05769422645596056
544.0,0.05753190951222547
545.0,0.05755091645605729
546.0,0.057886181283842555
547.0,0.05764875742710764
548.0,0.057526932874390126
549.0,0.05757473714784915
550.0,0.05762642054455972
551.0,0.057452795272154016
552.0,0.05718711326024309
553.0,0.057084016688637884
554.0,0.057429330445956044
555.0,0.05778804797004604
556.0,0.05802765333301981
557.0,0.05810734414530999
558.0,0.058023402140597174
559.0,0.058115231259225186
560.0,0.05803130401906497
561.0,0.057419666021649815
562.0,0.05742635054715625
563.0,0.057674687092838524
564.0,0.05785524509850814
565.0,0.057850115524213
566.0,0.0581362963767849
567.0,0.05848261359447482
568.0,0.0585965887583621
569.0,0.058421943508545834
570.0,0.05817222254931618
571.0,0.058001010667109
572.0,0.058018562660781446
573.0,0.05831511389763029
574.0,0.058541356404403465
575.0,0.0584747106797928
576.0,0.05811754802447021
577.0,0.05822034880373442
578.0,0.058439480020594244
579.0,0.058388025219411305
580.0,0.05879147872138907
581.0,0.058734656049041094
582.0,0.058417741721809094
583.0,0.05871561557009985
584.0,0.05852493331608419
585.0,0.0584568805843284
586.0,0.05880441187937061
587.0,0.05883770824165986
588.0,0.05888059586329955
589.0,0.0589086791180098
590.0,0.058839400200903565
591.0,0.05886162484159367
592.0,0.058706533694424995
593.0,0.058511848139488475
594.0,0.05879800665221288
595.0,0.05908057019132528
596.0,0.05920649008845499
597.0,0.059176859603985756
598.0,0.059201838384952785
599.0,0.05925681263744111
600.0,0.0592199335976143
601.0,0.05899788379097161
602.0,0.059100140260926894
603.0,0.05945051646864677
604.0,0.05971566979652866
605.0,0.05929710611711598
606.0,0.05928862437357912
607.0,0.05942551406771583
608.0,0.05930838954799942
609.0,0.05956670153730928
610.0,0.05963520332917842
611.0,0.05957806917517106
612.0,0.059870533649289986
613.0,0.05987858016671864
614.0,0.05983656787483864
615.0,0.05988673741410933
616.0,0.059677243724140884
617.0,0.059857663710133464
618.0,0.06017656099387487
619.0,0.060167101962086585
620.0,0.06023210804155023
621.0,0.06022477747189823
622.0,0.06018702018063896
623.0,0.06037549952943461
624.0,0.060343278894190604
625.0,0.06028194986932187
626.0,0.060386653437282764
627.0,0.06045805561001873
628.0,0.06038094783932049
629.0,0.060326503968683574
630.0,0.06056388406953397
631.0,0.06069543445676747
632.0,0.06071737787626498
633.0,0.060681848234305426
634.0,0.060651757694797914
635.0,0.06060576179934795
636.0,0.06068725042854693
637.0,0.060967293417973654
638.0,0.0610534933081919
639.0,0.06091179150847866
640.0,0.06077646268371503
641.0,0.061045831314175195
642.0,0.06112786264648963
643.0,0.061255248435518606
644.0,0.06155129180014651
645.0,0.06155526350150156
646.0,0.061473946659995185
647.0,0.06140730801249361
648.0,0.06140595503597679
649.0,0.06141808257043736
650.0,0.06146921638188006
651.0,0.06163002519566038
652.0,0.062012168304063475
653.0,0.06200348822985443
654.0,0.06189873424955715
655.0,0.0620134814601728
656.0,0.06193710293192837
657.0,0.06187948682385136
658.0,0.062007952500700896
659.0,0.062390830649058794
660.0,0.06247178702846
661.0,0.06242930850681358
662.0,0.06240282494276802
663.0,0.06226835537079988
664.0,0.06238552539348481
665.0,0.06254120253808249
666.0,0.06247634440873548
667.0,0.06269761893904229
668.0,0.06283624823716787
669.0,0.06288695225906898
670.0,0.0631792136178444
671.0,0.06324540392096742
672.0,0.06315095027524907
673.0,0.06308380225085512
674.0,0.06330184493010571
675.0,0.0633744949214635
676.0,0.06324012336909576
677.0,0.06307582634628112
678.0,0.06337813164596527
679.0,0.0637043404347046
680.0,0.06378397679088506
681.0,0.0636797201081354
682.0,0.06368720177969407
683.0,0.06372756310635498
684.0,0.06368528869590366
685.0,0.06369933066762513
686.0,0.06360648133649148
687.0,0.06362782030417763
688.0,0.0641304030801579
689.0,0.06429205132453414
690.0,0.0641031952227303
691.0,0.06384958755963561
692.0,0.0641341574846438
693.0,0.06446294686592212
694.0,0.0646221544767944
695.0,0.06458152403965321
696.0,0.06472169183507616
697.0,0.06474166598074867
698.0,0.0646328933379072
699.0,0.06467133616479255
700.0,0.06495079398953518
701.0,0.06516968266339636
702.0,0.06520055553967342
703.0,0.06554834445486486
704.0,0.06554175148992189
705.0,0.06539134435597217
706.0,0.06556077491785525
707.0,0.06550167842967027
708.0,0.06558487357051326
709.0,0.06586057956605336
710.0,0.06593750569874908
711.0,0.06604897714793403
712.0,0.0661310719963918
713.0,0.06613348451117967
714.0,0.06625290273904928
715.0,0.06626574691142546
716.0,0.06624835346522669
717.0,0.06640815499153387
718.0,0.06652969425114963
719.0,0.06662469915529472
720.0,0.06674092664296552
721.0,0.06694366140679003
722.0,0.06711698605591665
723.0,0.06719749636620127
724.0,0.06720565283422945
725.0,0.0674074767354766
726.0,0.06754658990662907
727.0,0.06751429635923059
728.0,0.06736490036698092
729.0,0.06758816339271047
730.0,0.06792299914861842
731.0,0.06811497253839319
732.0,0.06810722707303292
733.0,0.06822792066253565
734.0,0.06833309524871525
735.0,0.06824219463492429
736.0,0.06836134932385167
737.0,0.06853180500216396
738.0,0.06870023122383716
739.0,0.06891111953089124
740.0,0.06906924800852011
741.0,0.06914858912088323
742.0,0.06916383759570718
743.0,0.06916827735518499
744.0,0.06931905697249931
745.0,0.06949324178705331
746.0,0.0695345566225732
747.0,0.06971414229149095
748.0,0.06989545277030781
749.0,0.06996690723852264
750.0,0.06988532029249969
751.0,0.07000191662855304
752.0,0.07022322000175855
753.0,0.0704230103342569
754.0,0.07061452577903884
755.0,0.07069236229227348
756.0,0.07074124450208938
757.0,0.07088564745263042
758.0,0.07101013541820309
759.0,0.07112599433109572
760.0,0.07124127691204661
761.0,0.07135767827221867
762.0,0.07154282103233349
763.0,0.0717552444167221
764.0,0.07191736054426721
765.0,0.07189900375789565
766.0,0.07196231891700236
767.0,0.07208262613772876
768.0,0.07215611229275828
769.0,0.07234187014706765
770.0,0.0725144825354746
771.0,0.07263374081012906
772.0,0.07275770156110888
773.0,0.07285884035015582
774.0,0.07298826986415512
775.0,0.07317516750603052
776.0,0.07338523259701145
777.0,0.07347670987585626
778.0,0.07357388979839201
779.0,0.07381675353761304
780.0,0.07385170070235596
781.0,0.07387935117276052
782.0,0.07399568643354973
783.0,0.07417022473030345
784.0,0.07434991538921788
785.0,0.07448366929215257
786.0,0.07459291639199289
787.0,0.07484416624751117
788.0,0.07499697171816863
789.0,0.0751012232739395
790.0,0.07527278348478765
791.0,0.0754410679620417
792.0,0.0756123762062966
793.0,0.07577087965024842
794.0,0.07588700006487781
795.0,0.07596528856047847
796.0,0.07610099993338873
797.0,0.07629794107457358
798.0,0.0763867985051673
799.0,0.07666200645161828
800.0,0.07690475208405492
801.0,0.07689667428456809
802.0,0.07695411992046068
803.0,0.0771004202366383
804.0,0.07732501555269584
805.0,0.07756605492890101
806.0,0.07757333705944598
807.0,0.07768256108881065
808.0,0.07798391376128334
809.0,0.07818225079514142
810.0,0.07811935875527921
811.0,0.07818380561372987
812.0,0.07860985357330304
813.0,0.07890253961038851
814.0,0.0789759805270626
815.0,0.07905839360048923
816.0,0.07939274630352632
817.0,0.079407581842927
818.0,0.07952622386274585
819.0,0.07978868517939937
820.0,0.07986754409766084
821.0,0.07999649267283955
822.0,0.08020454205301589
823.0,0.08044850841151881
824.0,0.08061488602305315
825.0,0.08080306046611105
826.0,0.08112514199172882
827.0,0.0815456302883908
828.0,0.08150599546497135
829.0,0.08155430244861064
830.0,0.08183139016977925
831.0,0.08217994485705
832.0,0.08221827718005416
833.0,0.08239156276103494
834.0,0.08279131326001835
835.0,0.08304642626228667
836.0,0.08326459811703901
837.0,0.08337078386025344
838.0,0.08338972452179598
839.0,0.08360421889090905
840.0,0.0839025333886203
841.0,0.08417022536003599
842.0,0.08429623726929254
843.0,0.08416285098423928
844.0,0.08439683079822811
845.0,0.08481329159234235
846.0,0.08484219705667495
847.0,0.08512397759949589
848.0,0.08544249655499439
849.0,0.08558125778938384
850.0,0.0854524667388704
851.0,0.08554728096798545
852.0,0.08597199401584145
853.0,0.08649458886597351
854.0,0.08638295597052749
855.0,0.08657190823849507
856.0,0.08696763504267008
857.0,0.08722805579645479
858.0,0.08737336787125995
859.0,0.08744346913352254
860.0,0.08755268901677998
861.0,0.08781104747975606
862.0,0.08809009188169967
863.0,0.08826308842811717
864.0,0.08840132772977802
865.0,0.08873666034102141
866.0,0.08919011993615736
867.0,0.08931744034749065
868.0,0.0891414377772163
869.0,0.08945327263527972
870.0,0.08989244648642147
871.0,0.09030114508415085
872.0,0.09057125027960874
873.0,0.09058897979169872
874.0,0.09075982436205461
875.0,0.09095604175861378
876.0,0.09096908176456697
877.0,0.09113466531175858
878.0,0.09176039223243222
879.0,0.09243294971728291
880.0,0.09246426557456518
881.0,0.09251371965478772
882.0,0.09267512516455667
883.0,0.09292868038506794
884.0,0.0931902489373386
885.0,0.09353381315909857
886.0,0.09380180707108841
887.0,0.09401570453609871
888.0,0.09449908868143235
889.0,0.09462085287759227
890.0,0.09461708935501749
891.0,0.09476836505498652
892.0,0.09494338329396264
893.0,0.09514437404900096
894.0,0.0955738322579037
895.0,0.09625599028351144
896.0,0.09638462037581283
897.0,0.09638071137950398
898.0,0.09649715415429226
899.0,0.09681953538342304
900.0,0.09706509023912915
901.0,0.09745565138236724
902.0,0.0979639500139675
903.0,0.09835517961265221
904.0,0.09841213448768943
905.0,0.09854556507043566
906.0,0.098757146809526
907.0,0.09864285522767488
908.0,0.0989580338358263
909.0,0.0994877242145464
910.0,0.09987529358621512
911.0,0.09983776453347186
912.0,0.10008584049919443
913.0,0.10038194039572586
914.0,0.10054534289789858
915.0,0.10091693110000824
916.0,0.10093205729887166
917.0,0.10126888190985443
918.0,0.10221370768818507
919.0,0.10209465992821155
920.0,0.10209067642867355
921.0,0.10235125829206787
922.0,0.1027137314725648
923.0,0.10321711674409248
924.0,0.10382174095191232
925.0,0.10427729176972694
926.0,0.10442257478877852
927.0,0.10486121226928463
928.0,0.1053360162828564
929.0,0.1053370573829997
930.0,0.10463375782095838
931.0,0.1051135757862442
932.0,0.1057506273647881
933.0,0.10602973961004751
934.0,0.10603122468475093
935.0,0.10607566031700372
936.0,0.10644768420480251
937.0,0.10702663504346466
938.0,0.10742442049815273
939.0,0.10817505745076625
940.0,0.1086621595651378
941.0,0.10865315704294158
942.0,0.1085130557960722
943.0,0.10891065407932185
944.0,0.109233051660381
945.0,0.1093619421697604
946.0,0.10994886878124956
947.0,0.11009148924055091
948.0,0.11072782815135358
949.0,0.11171915996326595
950.0,0.11121454576750706
951.0,0.1115120912241629
952.0,0.11199347942694565
953.0,0.11208709777404256
954.0,0.1122084637311163
955.0,0.11239906110789043
956.0,0.11281979890197721
957.0,0.11333199335697713
958.0,0.1133241056640449
959.0,0.11379697680647814
960.0,0.11425792275884794
961.0,0.1144994585598087
962.0,0.11544443197963027
963.0,0.11594332043346388
964.0,0.11582650846504582
965.0,0.11563342954537126
966.0,0.11665388452903391
967.0,0.11747514895863917
968.0,0.11766774149237837
969.0,0.11742000269296446
970.0,0.11753628104429918
971.0,0.11859667429584735
972.0,0.11880760407733094
973.0,0.11774155994140507
974.0,0.1187080259570646
975.0,0.11962492746462369
976.0,0.11939943618532503
977.0,0.11845336432555816
978.0,0.11941378654627924
979.0,0.12040518465179768
980.0,0.1211214364798803
981.0,0.1215180586519805
982.0,0.12137038228702808
983.0,0.12211123720752289
984.0,0.1225893238768772
985.0,0.12237409545630457
986.0,0.12322186149428356
987.0,0.12361313467077595
988.0,0.1234085868692464
989.0,0.12311961358756558
990.0,0.12367165297122296
991.0,0.12436412780451638
992.0,0.1256284951037945
993.0,0.12712687597599226
994.0,0.12734087259077978
995.0,0.12641644572234564
996.0,0.12620522714720642
997.0,0.12721688363220762
998.0,0.12796527661108903
999.0,0.1279628329319087
1000.0,0.12913048709245517
1001.0,0.13183759580315943
1002.0,0.13395399261529276
1003.0,0.13576034700075248
1004.0,0.1397086772918716
1005.0,0.14003470605654694
1006.0,0.1375034155435276
1007.0,0.13724358638082973
1008.0,0.1345689354406265
1009.0,0.1325669187989675
1010.0,0.13367752174549002
1011.0,0.13308257359561956
1012.0,0.13408525058557058
1013.0,0.13681056296000016
1014.0,0.138223486191019
1015.0,0.14009477974849122
1016.0,0.14095206617751133
1017.0,0.14083572491909366
1018.0,0.14053588637959888
1019.0,0.13922256913429762
1020.0,0.14026776695049903
1021.0,0.14142195912438055
1022.0,0.14053527660171294
1023.0,0.14228875030219068
1024.0,0.1436996884409833
1025.0,0.1435272775713026
1026.0,0.14451985477226126
1027.0,0.14404783641463326
1028.0,0.14292445350429003
1029.0,0.1424620313440936
1030.0,0.14224705393728956
1031.0,0.14159000332124702
1032.0,0.14179082107612273
1033.0,0.143199350907885
1034.0,0.1441183097385083
1035.0,0.14462250391586995
1036.0,0.14567453853234655
1037.0,0.145210954268656
1038.0,0.14546367051697742
1039.0,0.14845936025676462
1040.0,0.15036575859435955
1041.0,0.1510989700218067
1042.0,0.15136933385599113
1043.0,0.15150104568742692
1044.0,0.15015644698555025
1045.0,0.14953478606847453
1046.0,0.14981193331630158
1047.0,0.15003357302755227
1048.0,0.1504814154356522
1049.0,0.15153116284271861
1050.0,0.15245467376363003
1051.0,0.15189289003759665
1052.0,0.15098664981569418
1053.0,0.15074945403825527
1054.0,0.1511761963410053
1055.0,0.15255180144538188
1056.0,0.15389463183724097
1057.0,0.15615811715754305
1058.0,0.15764148410225795
1059.0,0.15724592362172055
1060.0,0.15700967809104735
1061.0,0.15698253312061586
1062.0,0.15580463317994553
1063.0,0.1565128359348468
1064.0,0.15797778669657092
1065.0,0.15846242068016192
1066.0,0.15927861931216056
1067.0,0.15956339237876735
1068.0,0.15938189127839397
1069.0,0.16026357996825977
1070.0,0.16094486702326227
1071.0,0.1615520300125652
1072.0,0.1621335598263836
1073.0,0.16296174803134483
1074.0,0.16287970679887154
1075.0,0.16264010612865104
1076.0,0.16169553930546807
1077.0,0.16063026470974043
1078.0,0.1608465928654654
1079.0,0.16117423773443673
1080.0,0.16213364706267375
1081.0,0.1649617395042309
1082.0,0.16631340032245537
1083.0,0.1667892152033414
1084.0,0.16736663540147745
1085.0,0.16688408611498504
1086.0,0.16678120105920854
1087.0,0.166504389031407
1088.0,0.1675238024581684
1089.0,0.1682620315411747
1090.0,0.16966295584458657
1091.0,0.17090054912169128
1092.0,0.17096701324418156
1093.0,0.1714703693597328
1094.0,0.17194497198316835
1095.0,0.17157433206879533
1096.0,0.1721625184993215
1097.0,0.17285287962494428
1098.0,0.1726962639676416
1099.0,0.1729903064215004
1100.0,0.17380890342701197
1101.0,0.17453085235290908
1102.0,0.17538464262351872
1103.0,0.17563993080766366
1104.0,0.1758930629849261
1105.0,0.17579886517424637
1106.0,0.17547797123697784
1107.0,0.17636354042549388
1108.0,0.17685917801992185
1109.0,0.17733411423528198
1110.0,0.17783319779007964
1111.0,0.17738815707600344
1112.0,0.17782682748478199
1113.0,0.1790219337663415
1114.0,0.17973819693457896
1115.0,0.18043932448167557
1116.0,0.1812683160542585
1117.0,0.18241197067342857
1118.0,0.18282478192485263
1119.0,0.18264399762310973
1120.0,0.18319135331667413
1121.0,0.18350355257394782
1122.0,0.18339225142930976
1123.0,0.18449528230394796
1124.0,0.18565017087802338
1125.0,0.18573252701654464
1126.0,0.18564825139625396
1127.0,0.18604422244541083
1128.0,0.18596003849059503
1129.0,0.1866546316028647
1130.0,0.18852011597772728
1131.0,0.1897762453038601
1132.0,0.191385093051383
1133.0,0.19201894724014265
1134.0,0.1919506585095773
1135.0,0.19200828442512158
1136.0,0.1913803070446376
1137.0,0.19124272044225402
1138.0,0.19247034111044273
1139.0,0.1932706153817555
1140.0,0.19376192572941886
1141.0,0.19439692581661935
1142.0,0.19495198957210108
1143.0,0.19509912861164966
1144.0,0.19539506009518126
1145.0,0.19578653736833876
1146.0,0.19646595781009743
1147.0,0.1971701485031286
1148.0,0.1977710122399192
1149.0,0.1988477402523991
1150.0,0.19936333391094227
1151.0,0.19970887319140163
1152.0,0.19988917964703998
1153.0,0.1997658266854568
1154.0,0.2004100313730699
1155.0,0.2014020138733582
1156.0,0.2020453433157262
1157.0,0.20273991670584177
1158.0,0.20377671517974816
1159.0,0.20454051341191218
1160.0,0.20477754659866468
1161.0,0.20562062720078764
1162.0,0.20690759170056996
1163.0,0.20773223010197356
1164.0,0.20888886895463601
1165.0,0.20951108208692737
1166.0,0.20948728369737776
1167.0,0.20975520973613748
1168.0,0.2097226912527715
1169.0,0.20974425093001564
1170.0,0.21041866256986713
1171.0,0.21094215423281673
1172.0,0.21147308620304056
1173.0,0.21222296624757267
1174.0,0.2127879880918691
1175.0,0.2131755197608325
1176.0,0.21367368627887356
1177.0,0.21429143719414898
1178.0,0.21483885777743417
1179.0,0.2152043769187199
1180.0,0.21572610712767107
1181.0,0.2162918272043714
1182.0,0.21699101536253865
1183.0,0.21759547117736996
1184.0,0.2182617457135653
1185.0,0.21916080471919838
1186.0,0.2196832088949785
1187.0,0.2205010895704955
1188.0,0.2216781861693499
1189.0,0.2223302381442619
1190.0,0.22304321545561356
1191.0,0.22324729680091096
1192.0,0.2225881876177012
1193.0,0.22277894190232894
1194.0,0.22299658489581442
1195.0,0.2233022595026256
1196.0,0.22412471939392817
1197.0,0.22480508798376655
1198.0,0.22506070467238168
1199.0,0.226066344150469
1200.0,0.2273987600822599
1201.0,0.22789058988333363
1202.0,0.228348268626152
1203.0,0.2288829794633275
1204.0,0.2294736866539085
1205.0,0.23003270853460658
1206.0,0.23055360141467354
1207.0,0.23107286431646112
1208.0,0.23172996560301726
1209.0,0.23245191786781208
1210.0,0.23295417136825272
1211.0,0.23351574513974913
1212.0,0.2340555152525426
1213.0,0.2339925206587735
1214.0,0.23459371933634743
1215.0,0.23583859696337311
1216.0,0.23691991801904444
1217.0,0.2376431966623199
1218.0,0.23851642888663005
1219.0,0.2388933271167239
1220.0,0.238441692296549
1221.0,0.23886402787977357
1222.0,0.2394318350875129
1223.0,0.24017513246308425
1224.0,0.24154093295164453
1225.0,0.24232193078557582
1226.0,0.2428700069573457
1227.0,0.24354204683267255
1228.0,0.2441087338095744
1229.0,0.2446313021664366
1230.0,0.24514980013047366
1231.0,0.24571470697833453
1232.0,0.24622456677814109
1233.0,0.24662280922727925
1234.0,0.24720166836566124
1235.0,0.24788514094756045
1236.0,0.24876625461775914
1237.0,0.24984593925092907
1238.0,0.2506576470631708
1239.0,0.2517057579817546
1240.0,0.252406569941043
1241.0,0.2526352659713538
1242.0,0.2532119639319453
1243.0,0.25389179251273397
1244.0,0.2544723866595589
1245.0,0.2550426499071667
1246.0,0.25564623529047914
1247.0,0.2561107378317771
1248.0,0.25677234152668255
1249.0,0.25763877057782875
1250.0,0.25848847780895223
1251.0,0.25948599666174377
1252.0,0.26037943217861936
1253.0,0.26123540993063055
1254.0,0.2621179436593315
1255.0,0.2627690225585096
1256.0,0.2633671507298743
1257.0,0.26373677642270155
1258.0,0.2636740702171059
1259.0,0.26405823461896544
1260.0,0.2644294592847814
1261.0,0.2649554502299635
1262.0,0.26588494231258936
1263.0,0.26654448630202104
1264.0,0.26702419691490903
1265.0,0.267670393704833
1266.0,0.26820019605555717
1267.0,0.26898901540921144
1268.0,0.2702290489878774
1269.0,0.27116707282698643
1270.0,0.2719493681613194
1271.0,0.2727615014101096
1272.0,0.2733862783525218
1273.0,0.2737160303386634
1274.0,0.2740897602014962
1275.0,0.27440724038743164
1276.0,0.2747963924360993
1277.0,0.27503572933776554
1278.0,0.27545170756813586
1279.0,0.27605775815861533
1280.0,0.2765774322274561
1281.0,0.27702320127158553
1282.0,0.2776092625466909
1283.0,0.2781271632375053
1284.0,0.2789216320088812
1285.0,0.28009183835382256
1286.0,0.2810565751307035
1287.0,0.28201688456209495
1288.0,0.28314088670736126
1289.0,0.2840492052388568
1290.0,0.284862110547453
1291.0,0.28547373796491504
1292.0,0.2858866156759361
1293.0,0.2864930770620084
1294.0,0.28689440250920384
1295.0,0.2875434501134839
1296.0,0.28841477798849785
1297.0,0.2893121330771821
1298.0,0.29054604288656527
1299.0,0.29123705592880655
1300.0,0.2917794765791145
1301.0,0.2922617574933796
1302.0,0.2918691241211587
1303.0,0.29232565600387944
1304.0,0.2934746836604153
1305.0,0.29434381074430493
1306.0,0.2952903696501291
1307.0,0.2966854497705959
1308.0,0.2974391178099668
1309.0,0.2977485004798312
1310.0,0.2983665031188631
1311.0,0.2987951052569938
1312.0,0.2996135743712798
1313.0,0.3009694553368114
1314.0,0.30157334731241475
1315.0,0.3018993113658976
1316.0,0.302443806215024
1317.0,0.30251794374502855
1318.0,0.30298331525863603
1319.0,0.3037873207099852
1320.0,0.30468201267625683
1321.0,0.3057423981722959
1322.0,0.30669062416673326
1323.0,0.30800579030595265
1324.0,0.3089642530839964
1325.0,0.30954957882326456
1326.0,0.31017952392437065
1327.0,0.31074464020941295
1328.0,0.31120269592228406
1329.0,0.31164096870485114
1330.0,0.3118982691448225
1331.0,0.3125546412914245
1332.0,0.313268128891996
1333.0,0.3141436707821815
1334.0,0.31544507285968726
1335.0,0.3164554707372645
1336.0,0.3174434252027072
1337.0,0.3183210863348641
1338.0,0.319140771146189
1339.0,0.3198809369468582
1340.0,0.32052215386790084
1341.0,0.3211030975058664
1342.0,0.3215963232117108
1343.0,0.32205538372430126
1344.0,0.32225895839113977
1345.0,0.32274275404799546
1346.0,0.3231771769646369
1347.0,0.32392764731933715
1348.0,0.32484366082795374
1349.0,0.3261875253202221
1350.0,0.32698798111511884
1351.0,0.32771413816830053
1352.0,0.32850827824547063
1353.0,0.3290697502438071
1354.0,0.32976229235178367
1355.0,0.3305769741898986
1356.0,0.33143390783708365
1357.0,0.33219593894557015
1358.0,0.33307560372853473
1359.0,0.3343559594653414
1360.0,0.3352176719242212
1361.0,0.3356810083114153
1362.0,0.3364771069423592
1363.0,0.3374613394484883
1364.0,0.3381370843214242
1365.0,0.33896215936612395
1366.0,0.33951766329002736
1367.0,0.3396833006086487
1368.0,0.3396618111404919
1369.0,0.3399307681044764
1370.0,0.34016968673618536
1371.0,0.34068222515055974
1372.0,0.3413350422676204
1373.0,0.3421002238080429
1374.0,0.3432750967730367
1375.0,0.3439087707723683
1376.0,0.344304397588009
1377.0,0.34498394985066794
1378.0,0.3454918427912974
1379.0,0.3461357210547421
1380.0,0.3469731501776979
1381.0,0.34791422926466814
1382.0,0.3490220898661781
1383.0,0.3498503377866523
1384.0,0.3507095792015162
1385.0,0.351563376041918
1386.0,0.35214165323041435
1387.0,0.3527955126477097
1388.0,0.35346513988638417
1389.0,0.35434069583667416
1390.0,0.35542480442102503
1391.0,0.3562630644129548
1392.0,0.3570593707684098
1393.0,0.3580603510390044
1394.0,0.35876598188014625
1395.0,0.3589898489373305
1396.0,0.35972286506069506
1397.0,0.3607279890043008
1398.0,0.3614839577667637
1399.0,0.36235579683879976
1400.0,0.3630399083276111
1401.0,0.36350960783982256
1402.0,0.364023676370234
1403.0,0.3644725735199556
1404.0,0.36498243573184913
1405.0,0.36524801742730145
1406.0,0.3659643779470177
1407.0,0.3670857164059295
1408.0,0.36798928821131954
1409.0,0.3692557857470678
1410.0,0.3700994172142747
1411.0,0.37047456547478913
1412.0,0.3710440789790058
1413.0,0.3714302776001284
1414.0,0.37204738225158474
1415.0,0.37293611890614375
1416.0,0.3733631878807355
1417.0,0.3739421654863614
1418.0,0.3744193168158291
1419.0,0.3751403413625261
1420.0,0.37602487894022635
1421.0,0.3767130720158024
1422.0,0.3775166625402352
1423.0,0.3781054820570666
1424.0,0.3783588073099897
1425.0,0.37887934932284223
1426.0,0.3793002969755238
1427.0,0.3800866792398475
1428.0,0.381204840646067
1429.0,0.38216849357233434
1430.0,0.38353216839040244
1431.0,0.3844229118210547
1432.0,0.38478432936807994
1433.0,0.38551992428256626
1434.0,0.3863514827208634
1435.0,0.3870291184315512
1436.0,0.3878995579294419
1437.0,0.38859039865701184
1438.0,0.38904280971401717
1439.0,0.3893059752778832
1440.0,0.38991102041482967
1441.0,0.3907672713199817
1442.0,0.391971075738081
1443.0,0.3930490299249514
1444.0,0.39397508902544937
1445.0,0.39491110264290363
1446.0,0.39570066280497285
1447.0,0.3962491085593308
1448.0,0.3969087358685538
1449.0,0.397567494922828
1450.0,0.3982633767828787
1451.0,0.3989317471241478
1452.0,0.39966533946312466
1453.0,0.40045897391228796
1454.0,0.40121335139215814
1455.0,0.4019777159727989
1456.0,0.4027481574946275
1457.0,0.40354675827604714
1458.0,0.40427976325946197
1459.0,0.40496897734693765
1460.0,0.4056918070185225
1461.0,0.4064201775980213
1462.0,0.40712943906374227
1463.0,0.40769316410048795
1464.0,0.40848303431681465
1465.0,0.409335767447642
1466.0,0.41028281796424304
1467.0,0.41141798997570284
1468.0,0.4127582928174576
1469.0,0.41367629494530844
1470.0,0.4144991467675855
1471.0,0.4153800981853909
1472.0,0.4161472170650012
1473.0,0.41679964557563615
1474.0,0.4175115191549798
1475.0,0.4180693305262524
1476.0,0.4183073208888497
1477.0,0.4188625640570717
1478.0,0.4194698447736406
1479.0,0.4202181317559354
1480.0,0.4210724275231339
1481.0,0.4219867809589767
1482.0,0.4231826110561359
1483.0,0.424068805771483
1484.0,0.424940832142611
1485.0,0.42565706643580675
1486.0,0.4259088134626962
1487.0,0.4266904902340675
1488.0,0.42781998335726823
1489.0,0.4286197675307185
1490.0,0.4295856524769846
1491.0,0.43038195785682176
1492.0,0.43062623878061473
1493.0,0.4313256256038868
1494.0,0.43226136507465074
1495.0,0.4332393364193411
1496.0,0.43456805634090623
1497.0,0.43565230558787765
1498.0,0.4367914326634313
1499.0,0.43773150744138917
1500.0,0.4383468399082387
1501.0,0.43899440853404914
1502.0,0.4398937364180802
1503.0,0.44082925700332193
1504.0,0.4416752464068666
1505.0,0.442661848432345
1506.0,0.44356043970180664
1507.0,0.4442825076478102
1508.0,0.4450951659960596
1509.0,0.446075575036943
1510.0,0.44689570379859195
1511.0,0.4474967502475736
1512.0,0.44837749477340566
1513.0,0.44936904414497775
1514.0,0.4503463311960981
1515.0,0.4515603324426716
1516.0,0.4524457703943821
1517.0,0.4530320555771868
1518.0,0.4539534599390006
1519.0,0.4550061253108379
1520.0,0.45580662781347164
1521.0,0.4566476996585633
1522.0,0.4574989129314228
1523.0,0.4581131159717513
1524.0,0.4588318736473598
1525.0,0.45981417644023714
1526.0,0.4605827815306994
1527.0,0.46099857664724647
1528.0,0.4617175065736575
1529.0,0.4625336914165528
1530.0,0.4634321301083217
1531.0,0.4645389422112766
1532.0,0.46562783426733595
1533.0,0.46700283523486463
1534.0,0.4679506994338979
1535.0,0.4685598085978515
1536.0,0.4693353646038546
1537.0,0.46983674210068166
1538.0,0.4704093005943506
1539.0,0.47167089597201717
1540.0,0.47292035675450245
1541.0,0.4739128971731548
1542.0,0.4749800140884975
1543.0,0.47587384819900175
1544.0,0.4764646645159214
1545.0,0.47721326707740824
1546.0,0.4779745596412295
1547.0,0.478838257088455
1548.0,0.479731116861227
1549.0,0.4805914421209759
1550.0,0.48153094138665853
1551.0,0.4824901498752827
1552.0,0.4833865433881398
1553.0,0.4843003551093079
1554.0,0.48533230930417004
1555.0,0.4862897854035272
1556.0,0.487166995220621
1557.0,0.48806053544647415
1558.0,0.4889518817753705
1559.0,0.4899080098874015
1560.0,0.49101186977516204
1561.0,0.49178062445849186
1562.0,0.4924994798705592
1563.0,0.493072152457071
1564.0,0.4930848511961484
1565.0,0.4936284458337795
1566.0,0.49433854664058946
1567.0,0.4951875385947571
1568.0,0.49663662001744824
1569.0,0.49746773749085277
1570.0,0.4980497612411544
1571.0,0.4986564821952128
1572.0,0.49884817528010833
1573.0,0.4992673894027456
1574.0,0.49992019963846873
1575.0,0.5004297672294789
1576.0,0.5007510104689723
1577.0,0.5012878047626689
1578.0,0.5018515811052356
1579.0,0.5025376535302317
1580.0,0.503505683990122
1581.0,0.5043570999699782
1582.0,0.5051553626935693
1583.0,0.5060359662866987
1584.0,0.5069635308218902
1585.0,0.5078504927242632
1586.0,0.5087846578499211
1587.0,0.5097141178179002
1588.0,0.5106893208399258
1589.0,0.5115148211093484
1590.0,0.5122699691159268
1591.0,0.5129364408853849
1592.0,0.5138080562541519
1593.0,0.5146281437033837
1594.0,0.5155303269061238
1595.0,0.5166606801533337
1596.0,0.5176156534049563
1597.0,0.5183754115601038
1598.0,0.5194440774541501
1599.0,0.5206378591215659
1600.0,0.5218805157894844
1601.0,0.5233731330766437
1602.0,0.5245172942513645
1603.0,0.5255494202498334
1604.0,0.5266330682149696
1605.0,0.5275762007076871
1606.0,0.5285596992553131
1607.0,0.5297505353567125
1608.0,0.5305173468521303
1609.0,0.5309914863127244
1610.0,0.5315696094140201
1611.0,0.5319413570502844
1612.0,0.5324770698211002
1613.0,0.5329526916062667
1614.0,0.5337947462677598
1615.0,0.534790264063303
1616.0,0.5359014529406847
1617.0,0.5374424881992271
1618.0,0.5386794189584465
1619.0,0.5398885494799952
1620.0,0.5409708570252866
1621.0,0.5419581363919069
1622.0,0.5428943006173504
1623.0,0.543632693076059
1624.0,0.5445626101247879
1625.0,0.5455443507734078
1626.0,0.546495781178102
1627.0,0.5477009815877883
1628.0,0.5484891074622996
1629.0,0.5489692183690348
1630.0,0.5495704321187561
1631.0,0.5498667143613514
1632.0,0.5505013851417602
1633.0,0.5515263766574975
1634.0,0.5522052002407674
1635.0,0.5527533826482027
1636.0,0.5534383113010659
1637.0,0.5539224251965869
1638.0,0.5546216708320125
1639.0,0.5555607600745174
1640.0,0.5565088148553583
1641.0,0.5576037185919255
1642.0,0.5585349278594528
1643.0,0.5595840704843345
1644.0,0.5603849263944497
1645.0,0.5609626792749963
1646.0,0.5614788405908343
1647.0,0.5614497349105422
1648.0,0.562204812338307
1649.0,0.5634478643951584
1650.0,0.5644048861026604
1651.0,0.5658496668461045
1652.0,0.5669330443271479
1653.0,0.5676451515239046
1654.0,0.5682746479553241
1655.0,0.5688047202084401
1656.0,0.5694070551342406
1657.0,0.569683686763534
1658.0,0.5702322013509067
1659.0,0.5710230628038284
1660.0,0.5718000104800124
1661.0,0.5728049811605356
1662.0,0.5735138913988924
1663.0,0.5740483097378092
1664.0,0.5747098593253805
1665.0,0.5751524399009648
1666.0,0.5758340002982625
1667.0,0.5768155590285777
1668.0,0.577674802839503
1669.0,0.5785369752175127
1670.0,0.5793647652848195
1671.0,0.5801372450364649
1672.0,0.5809885267069932
1673.0,0.5819946454479215
1674.0,0.582768618433664
1675.0,0.5831796455065971
1676.0,0.5840547206899084
1677.0,0.5850047449481128
1678.0,0.5860657206720096
1679.0,0.5877926007564225
1680.0,0.5890749743525452
1681.0,0.5900284249558219
1682.0,0.5910838885418412
1683.0,0.5921278188860842
1684.0,0.592977321019283
1685.0,0.5936888794557165
1686.0,0.594507512285628
1687.0,0.5951790464735436
1688.0,0.5959281595303035
1689.0,0.5967027073851189
1690.0,0.5976414229433642
1691.0,0.5987685625483007
1692.0,0.5997331617916709
1693.0,0.6009664633369857
1694.0,0.6018558764688836
1695.0,0.6021615480657693
1696.0,0.6028774815403244
1697.0,0.6035217453963365
1698.0,0.6044985309826489
1699.0,0.6062716251249519
1700.0,0.607258761890801
1701.0,0.6078419525975808
1702.0,0.6086224666507122
1703.0,0.6088794281653286
1704.0,0.6096083587443561
1705.0,0.610897476439346
1706.0,0.6119914802700781
1707.0,0.6131775712796279
1708.0,0.6141614133557612
1709.0,0.6151176233064888
1710.0,0.6158252360306112
1711.0,0.616023813614214
1712.0,0.6167726526663749
1713.0,0.6178689126111799
1714.0,0.6186948400441715
1715.0,0.6195852787541027
1716.0,0.6205246111526785
1717.0,0.6211185679143882
1718.0,0.6219071777751116
1719.0,0.6232198553067541
1720.0,0.6242101153733711
1721.0,0.6249105486378633
1722.0,0.6258054842271298
1723.0,0.6269037984708602
1724.0,0.6275420802316414
1725.0,0.6278197140991961
1726.0,0.6284671089199496
1727.0,0.6289126047449987
1728.0,0.6296396024375941
1729.0,0.6309741240968626
1730.0,0.6319154235153893
1731.0,0.632749922775589
1732.0,0.6333170564332563
1733.0,0.6334899892111263
1734.0,0.6340401019911442
1735.0,0.6345127473324598
1736.0,0.6352994258970612
1737.0,0.6365651579551864
1738.0,0.63742631534986
1739.0,0.6382893532605999
1740.0,0.6389813128976712
1741.0,0.639365779335119
1742.0,0.6399701841211118
1743.0,0.6404505987211403
1744.0,0.6413299667374507
1745.0,0.6425863571490068
1746.0,0.643599579325563
1747.0,0.6449052783920963
1748.0,0.6456056247899987
1749.0,0.6457262470510429
1750.0,0.646393937048852
1751.0,0.6469792501431237
1752.0,0.6476966657628205
1753.0,0.6487716492162884
1754.0,0.6497262860664379
1755.0,0.6506571735487152
1756.0,0.6515067483078063
1757.0,0.6521533974738719
1758.0,0.6526077313783499
1759.0,0.6529962050895592
1760.0,0.6537957924366967
1761.0,0.6548357533941092
1762.0,0.655271680115377
1763.0,0.6559183298754523
1764.0,0.6567790763863688
1765.0,0.6573476445833661
1766.0,0.6585162128840122
1767.0,0.6597541848631305
1768.0,0.6605283682543066
1769.0,0.6612756612214349
1770.0,0.6616356418327897
1771.0,0.66196813733303
1772.0,0.6626869409576123
1773.0,0.6631721604045285
1774.0,0.6636474040606872
1775.0,0.6641443368542375
1776.0,0.6644514110750688
1777.0,0.6650554080954032
1778.0,0.6660492614939009
1779.0,0.6675533886562515
1780.0,0.6691023426106788
1781.0,0.6700480858457922
1782.0,0.670917523792653
1783.0,0.6719444247412292
1784.0,0.6731090798379173
1785.0,0.6741768764248756
1786.0,0.6750339695780299
1787.0,0.675937778360516
1788.0,0.6766519493048119
1789.0,0.6775110840861512
1790.0,0.6791269611327765
1791.0,0.680139516424341
1792.0,0.6808105978873594
1793.0,0.6818431579001614
1794.0,0.6826779220746444
1795.0,0.6834011447765557
1796.0,0.6841509796370846
1797.0,0.6847085211549799
1798.0,0.6853926411727512
1799.0,0.686100453736319
1800.0,0.6867316818172409
1801.0,0.6871903448198943
1802.0,0.6888510551190334
1803.0,0.6900928593897206
1804.0,0.6907793430833465
1805.0,0.6908939237564254
1806.0,0.6910916055998471
1807.0,0.6905593278301945
1808.0,0.6907919601089065
1809.0,0.6907777231594912
1810.0,0.6914470022235916
1811.0,0.6924227968080268
1812.0,0.6946558208803518
1813.0,0.6950923199720592
1814.0,0.6964604329421193
1815.0,0.6975177898301391
1816.0,0.6974717349553676
1817.0,0.6986903386028174
1818.0,0.7013508526232918
1819.0,0.7029260232310598
1820.0,0.7047028669428638
1821.0,0.7060897798223766
1822.0,0.7070454982578591
1823.0,0.7072006131114266
1824.0,0.7083617339903286
1825.0,0.7092341171273456
1826.0,0.7099401148038513
1827.0,0.7107328480215609
1828.0,0.7112408534963797
1829.0,0.7109146144968095
1830.0,0.7116370536200893
1831.0,0.7125759550321835
1832.0,0.7140202327451095
1833.0,0.7163031748585459
1834.0,0.7174399304836029
1835.0,0.7186587108905459
1836.0,0.7202169195162195
1837.0,0.7203898579582555
1838.0,0.7195894241080893
1839.0,0.7195474472622659
1840.0,0.7185432225412611
1841.0,0.7181148343903918
1842.0,0.7203753318966278
1843.0,0.720556448851536
1844.0,0.7215843727106546
1845.0,0.7235523173627644
1846.0,0.7241140678553613
1847.0,0.7237550849449692
1848.0,0.7241653401727907
1849.0,0.7238135546851913
1850.0,0.7243460441523076
1851.0,0.7256683635011345
1852.0,0.7267099021188276
1853.0,0.7283109703314562
1854.0,0.7292300089027015
1855.0,0.7294785553253321
1856.0,0.7300656917538125
1857.0,0.7301779403334814
1858.0,0.729398620852944
1859.0,0.7296148791655346
1860.0,0.7299088466478735
1861.0,0.7304782919196333
1862.0,0.7318905037149037
1863.0,0.7335650363075708
1864.0,0.7355440840106103
1865.0,0.736689384456539
1866.0,0.7368561206527602
1867.0,0.7369464220526714
1868.0,0.7375941718585017
1869.0,0.7385349653609394
1870.0,0.7390342045558533
1871.0,0.7400403218059178
1872.0,0.740184980352227
1873.0,0.7398945761632025
1874.0,0.7389527340191957
1875.0,0.738248764102879
1876.0,0.7385866354525659
1877.0,0.7382344577945396
1878.0,0.737061229921683
1879.0,0.736432115971014
1880.0,0.7358631076863579
1881.0,0.7353230782302665
1882.0,0.734816619369141
1883.0,0.7346294267252828
1884.0,0.7346802433027951
1885.0,0.7351588268979236
1886.0,0.7352319983788199
1887.0,0.7345996773293402
1888.0,0.7332639420200392
1889.0,0.7311919065958212
1890.0,0.7294532460814309
1891.0,0.7274110281428485
1892.0,0.7256172927207466
1893.0,0.7245942209348206
1894.0,0.7237329676728111
1895.0,0.7223124017997442
1896.0,0.7212103572368941
1897.0,0.7185388847470461
1898.0,0.7143318333260386
1899.0,0.7101563608081154
1900.0,0.7063989637202741
1901.0,0.7034831122564189
1902.0,0.7010726033238596
1903.0,0.6999805383954164
1904.0,0.6994387121066689
1905.0,0.6983526503306017
1906.0,0.6977882653266452
1907.0,0.6975006917418186
1908.0,0.6963802049316905
1909.0,0.695475768157315
1910.0,0.6950585367057946
1911.0,0.6939574732879363
1912.0,0.6937855146079472
1913.0,0.6942344381270088
1914.0,0.6956623880705857
1915.0,0.6963854248040743
1916.0,0.6969285782648293
1917.0,0.6972314406749173
1918.0,0.696518464644979
1919.0,0.6961067915484895
1920.0,0.6968336033107719
1921.0,0.697236010401035
1922.0,0.6975309491947825
1923.0,0.6981617230622938
1924.0,0.6989467157916098
1925.0,0.6996827189294306
1926.0,0.7006343625795148
1927.0,0.7021941053703168
1928.0,0.7038754736303423
1929.0,0.7048549381956909
1930.0,0.7058811694261714
1931.0,0.7069752738073072
1932.0,0.7082573557660636
1933.0,0.7091051796514286
1934.0,0.7096653756514953
1935.0,0.7108216942024992
1936.0,0.7107818051438674
1937.0,0.7110118843637518
1938.0,0.7113089114710073
1939.0,0.7123289988762704
1940.0,0.7120746644188073
1941.0,0.7119049944879143
1942.0,0.712258077308975
1943.0,0.7132074805913189
1944.0,0.714787699218842
1945.0,0.7173763924785603
1946.0,0.7200280442995713
1947.0,0.721726566958734
1948.0,0.7232897689556087
1949.0,0.7247349954276208
1950.0,0.7251733090638803
1951.0,0.725733745488075
1952.0,0.726820008404377
1953.0,0.7270571000162043
1954.0,0.7283053892507169
1955.0,0.729819618065204
1956.0,0.7311028567956681
1957.0,0.7330721003455705
1958.0,0.7342898180562067
1959.0,0.7351844158113553
1960.0,0.7354617613790181
1961.0,0.7361547822041168
1962.0,0.7364597779798104
1963.0,0.7373810407452606
1964.0,0.7384355093541406
1965.0,0.7392980826794673
1966.0,0.7410426290008038
1967.0,0.7427392165995105
1968.0,0.7448000798913881
1969.0,0.746480409180447
1970.0,0.7472009391197593
1971.0,0.7487728947624139
1972.0,0.7500577307291892
1973.0,0.7514918162299343
1974.0,0.7525055941329429
1975.0,0.7536884905680885
1976.0,0.753364748363233
1977.0,0.7535603527427626
1978.0,0.7553073406102003
1979.0,0.7573538863146091
1980.0,0.7593625108256585
1981.0,0.7606491233072697
1982.0,0.76119270249983
1983.0,0.7615923421627959
1984.0,0.7621779200301364
1985.0,0.7632927660103408
1986.0,0.7652626517089
1987.0,0.7668484578082667
1988.0,0.7682739385440583
1989.0,0.7705461787334409
1990.0,0.7725323299547716
1991.0,0.7732289441415009
1992.0,0.7750779882031396
1993.0,0.7759975833069723
1994.0,0.7767488354869481
1995.0,0.7786759387900897
1996.0,0.7796460663440519
1997.0,0.7803071049542921
1998.0,0.7809458135149505
1999.0,0.7804873854721501
2000.0,0.7809448958194353
2001.0,0.7818239512644217
2002.0,0.7823215638869675
2003.0,0.7839784452228354
2004.0,0.786594519860691
2005.0,0.7880077260258159
2006.0,0.7902017557964491
2007.0,0.7915286646219185
2008.0,0.7920850390525254
2009.0,0.7931928731806634
2010.0,0.7945035947198578
2011.0,0.7950646478579242
2012.0,0.7947477378781597
2013.0,0.7960803948916233
2014.0,0.7975961951863212
2015.0,0.8001503603817449
2016.0,0.8028858650339147
2017.0,0.8056113683436078
2018.0,0.8070278907063116
2019.0,0.8064648360744533
2020.0,0.8072975224589741
2021.0,0.8078180025441326
2022.0,0.807878823116878
2023.0,0.8096054571539709
2024.0,0.8104345023433728
2025.0,0.810394272153777
2026.0,0.811302981031583
2027.0,0.8129787866563795
2028.0,0.8138472848386749
2029.0,0.8146742278901002
2030.0,0.815383655192734
2031.0,0.8164284721541787
2032.0,0.8177329487091846
2033.0,0.8193564760717222
2034.0,0.8214447115312037
2035.0,0.8230807421843894
2036.0,0.8240788681631732
2037.0,0.82445778526198
2038.0,0.8239736495726837
2039.0,0.8242573899306799
2040.0,0.8235072588371991
2041.0,0.8242054730407713
2042.0,0.8267421394014655
2043.0,0.8281076485891636
2044.0,0.829499589945368
2045.0,0.8309236984347411
2046.0,0.831333544239221
2047.0,0.8319983887867721
2048.0,0.8330119996990012
2049.0,0.8329326960511205
2050.0,0.8334184333399658
2051.0,0.8343559613850255
2052.0,0.8350634600143978
2053.0,0.8364449826376357
2054.0,0.8369980489997326
2055.0,0.8364651968960514
2056.0,0.8368684645521546
2057.0,0.8372863419926148
2058.0,0.8377729617675347
2059.0,0.8384332111409921
2060.0,0.8402326644590882
2061.0,0.8413380983185318
2062.0,0.8418186186174575
2063.0,0.8430815398165787
2064.0,0.8434101865484311
2065.0,0.8437228077279014
2066.0,0.8455593172009246
2067.0,0.8468529931075449
2068.0,0.848624892343415
2069.0,0.849894429906461
2070.0,0.8504975813800281
2071.0,0.851578521531599
2072.0,0.8525731133441938
2073.0,0.853916943024594
2074.0,0.8553263787589395
2075.0,0.8578254432968195
2076.0,0.8603179192666152
2077.0,0.8620273437500566
2078.0,0.8639363426502852
2079.0,0.8648293653798507
2080.0,0.8642752477712191
2081.0,0.8645775247734331
2082.0,0.864646880580869
2083.0,0.8643637245873794
2084.0,0.8641628397933371
2085.0,0.86387490598822
2086.0,0.8639479051733245
2087.0,0.8631835716433527
2088.0,0.8639244434290081
2089.0,0.8662294582876398
2090.0,0.8680444929512725
2091.0,0.8691910162895782
2092.0,0.8717532989584588
2093.0,0.8717392594615702
2094.0,0.8708055271279236
2095.0,0.8708458451974365
2096.0,0.8703447715590074
2097.0,0.8712812132611655
2098.0,0.8739382836746851
2099.0,0.8754482013979087
2100.0,0.8774766419067835
2101.0,0.8784036292774157
2102.0,0.8780173861474825
2103.0,0.8782450864882683
2104.0,0.8776990150175609
2105.0,0.8783119465103109
2106.0,0.8796807591050908
2107.0,0.8815146233774848
2108.0,0.8820829227589594
2109.0,0.8843253059373669
2110.0,0.8849112795568299
2111.0,0.8841237726538622
2112.0,0.8842510554287366
2113.0,0.8837818022666698
2114.0,0.8847257951459071
2115.0,0.8868516345780575
2116.0,0.8876662873069102
2117.0,0.8892259400868312
2118.0,0.8903185578174512
2119.0,0.8901622588637942
2120.0,0.8907384907039485
2121.0,0.8918125541626236
2122.0,0.8918395965143762
2123.0,0.8916429397488327
2124.0,0.8910030393659539
2125.0,0.8889234187688865
2126.0,0.8887562069105982
2127.0,0.8883488667701002
2128.0,0.8879871830864956
2129.0,0.8897922157221834
2130.0,0.891504700236623
2131.0,0.8936792593484161
2132.0,0.8957676297296359
2133.0,0.8975858686722824
2134.0,0.8994917486585077
2135.0,0.9009814960389857
2136.0,0.9026287016676956
2137.0,0.903019065151424
2138.0,0.9019093508593943
2139.0,0.9017575071671576
2140.0,0.9009092501310694
2141.0,0.9008263958887073
2142.0,0.9022709130219914
2143.0,0.9023076322831627
2144.0,0.901187759394909
2145.0,0.9016212822921624
2146.0,0.9025890484449338
2147.0,0.9032852624661477
2148.0,0.9046109631018049
2149.0,0.9058850826730186
2150.0,0.9059838918243137
2151.0,0.9059224346217987
2152.0,0.905922906830196
2153.0,0.905849610185404
2154.0,0.9056511357433874
2155.0,0.9050042758432352
2156.0,0.9053715058584678
2157.0,0.9067773766771098
2158.0,0.9070903299111361
2159.0,0.9076506895036279
2160.0,0.9069973213979988
2161.0,0.9042197635497532
2162.0,0.9031666652631501
2163.0,0.9014920832843616
2164.0,0.9022958820438746
2165.0,0.9044089823839517
2166.0,0.9059245269078032
2167.0,0.9070823639795117
2168.0,0.9079065394186709
2169.0,0.9092623181544955
2170.0,0.909548971863052
2171.0,0.9094391341568192
2172.0,0.9097420791571789
2173.0,0.9087847689601226
2174.0,0.905375624564668
2175.0,0.9050235819880897
2176.0,0.9049774693620962
2177.0,0.9057454706452711
2178.0,0.9086363818520468
2179.0,0.9105769459282463
2180.0,0.9135362119726756
2181.0,0.9151641684520286
2182.0,0.916821606116743
2183.0,0.9171511895700265
2184.0,0.9158598192561904
2185.0,0.9138058515754021
2186.0,0.9123921748213932
2187.0,0.9108130761354467
2188.0,0.9097017012238561
2189.0,0.9101340312693127
2190.0,0.9104993459783319
2191.0,0.909478137400653
2192.0,0.908392688720224
2193.0,0.9069252232098362
2194.0,0.9069766185594555
2195.0,0.9075012274763271
2196.0,0.9086839285364147
2197.0,0.9122735587115578
2198.0,0.9133586977548278
2199.0,0.912746919165949
2200.0,0.9138418893262849
2201.0,0.9150650705035669
2202.0,0.9159540255735765
2203.0,0.9176761369553879
2204.0,0.918597410955265
2205.0,0.9190513338331116
2206.0,0.9188923393813109
2207.0,0.9163971447859293
2208.0,0.9165915051032537
2209.0,0.9161824370900682
2210.0,0.9167180282471289
2211.0,0.9190191152000613
2212.0,0.9197864215911187
2213.0,0.9207725202048265
2214.0,0.919726767973784
2215.0,0.9207329581662784
2216.0,0.9222527342639134
2217.0,0.9228637934138328
2218.0,0.9236003149312817
2219.0,0.9241346172759446
2220.0,0.9239676348612372
2221.0,0.9242054540324516
2222.0,0.9241122802399409
2223.0,0.924236211727197
2224.0,0.9239509672959116
2225.0,0.9249929873498611
2226.0,0.927674670073987
2227.0,0.9293304950359781
2228.0,0.9315664555272456
2229.0,0.9322770466941924
2230.0,0.9322605631746248
2231.0,0.9313276877478842
2232.0,0.9275409583890917
2233.0,0.9271279123630568
2234.0,0.9293589836378366
2235.0,0.9279202235158325
2236.0,0.9299604980137393
2237.0,0.9326464107587149
2238.0,0.9309560118997054
2239.0,0.9320947489904603
2240.0,0.9311218282327378
2241.0,0.9283397645461944
2242.0,0.9275351496436061
2243.0,0.9261578097415597
2244.0,0.927565497325359
2245.0,0.9321293627391566
2246.0,0.9345033163605898
2247.0,0.9380152326934806
2248.0,0.9390810747507097
2249.0,0.9374432815728098
2250.0,0.9368319082300063
2251.0,0.9342158118680739
2252.0,0.9344827594404295
2253.0,0.9374436383516918
2254.0,0.9390338111511751
2255.0,0.9421379659512727
2256.0,0.9433899005423012
2257.0,0.9421026513795462
2258.0,0.9422931680181221
2259.0,0.9430464699821075
2260.0,0.9438404994525664
2261.0,0.9461945536646025
2262.0,0.9457624200755358
2263.0,0.9445369848328858
2264.0,0.9432217864848065
2265.0,0.9427376761756591
2266.0,0.9426666660852562
2267.0,0.9442362892975064
2268.0,0.9462088560840151
2269.0,0.945324882908211
2270.0,0.9446404836905736
2271.0,0.941088878958466
2272.0,0.9360118260744231
2273.0,0.9359479695111098
2274.0,0.9362473746014146
2275.0,0.938213359064199
2276.0,0.9422753408005656
2277.0,0.9441538403069852
2278.0,0.9444181084096972
2279.0,0.9445401256749599
2280.0,0.943776482862335
2281.0,0.9436173260223095
2282.0,0.9437912984278652
2283.0,0.9437785454167402
2284.0,0.9437013832213608
2285.0,0.943779028589819
2286.0,0.9422663703175203
2287.0,0.9426317146102574
2288.0,0.945093176713339
2289.0,0.9468809145407593
2290.0,0.9505931950121737
2291.0,0.9512046576137827
2292.0,0.9481509199227975
2293.0,0.9484221482110717
2294.0,0.9487268478804783
2295.0,0.9489926888597181
2296.0,0.9519410186149747
2297.0,0.9541373800636943
2298.0,0.9504858781117148
2299.0,0.9500249533211049
2300.0,0.9487883533862739
2301.0,0.9473255445923839
2302.0,0.9496694828109177
2303.0,0.9511320677589751
2304.0,0.9519341861650931
2305.0,0.9546354228832198
2306.0,0.9580449650198227
2307.0,0.9607373372447695
2308.0,0.9619981898275288
2309.0,0.959341065346621
2310.0,0.9515377035795786
2311.0,0.9448088127868213
2312.0,0.9406067816214103
2313.0,0.9370745937235082
2314.0,0.9387636221939284
2315.0,0.9419684151643453
2316.0,0.942528891651631
2317.0,0.9456933119935188
2318.0,0.9482018593525252
2319.0,0.9488913749425607
2320.0,0.9508679532097615
2321.0,0.9545005780159086
2322.0,0.9547360474882999
2323.0,0.9538335439575673
2324.0,0.9530345408815868
2325.0,0.9490746644828891
2326.0,0.9504483238394288
2327.0,0.9551873932847521
2328.0,0.9584645470395136
2329.0,0.9637799596110483
2330.0,0.9662769717068084
2331.0,0.9669924535724375
2332.0,0.9676800414773015
2333.0,0.9676852354056665
2334.0,0.9692420174006218
2335.0,0.9710627009642585
2336.0,0.971060728671407
2337.0,0.9704543601808824
2338.0,0.9705743013451027
2339.0,0.9688851538659331
2340.0,0.9701349213220829
2341.0,0.9764263403224326
2342.0,0.9773618221541743
2343.0,0.9747552640302781
2344.0,0.9746015090750451
2345.0,0.9711921478673363
2346.0,0.9712213122693488
2347.0,0.9750656562742325
2348.0,0.9811586964860447
2349.0,0.9801911402254067
2350.0,0.9768744514799684
2351.0,0.9704402646669686
2352.0,0.9628228603663422
2353.0,0.9635872416146807
2354.0,0.9615063356176082
2355.0,0.957939070597222
2356.0,0.9577844465086033
2357.0,0.9593779458871737
2358.0,0.9594989693139219
2359.0,0.9576643692885086
2360.0,0.9612282117349188
2361.0,0.9597018266695503
2362.0,0.9620691747188281
2363.0,0.9715683558575976
2364.0,0.9758141831468696
2365.0,0.9783123677884543
2366.0,0.9826776935775924
2367.0,0.9832398459838513
2368.0,0.981082711346579
2369.0,0.978574663664623
2370.0,0.9674878663425356
2371.0,0.9609143554652695
2372.0,0.9569234990149007
2373.0,0.9523319690535125
2374.0,0.9550837202548915
2375.0,0.9576479436542582
2376.0,0.9591299577763974
2377.0,0.9577850449276654
2378.0,0.9530918667746181
2379.0,0.9445505197208853
2380.0,0.9390681509504395
2381.0,0.941614186372016
2382.0,0.9449201757107087
2383.0,0.9489170105198913
2384.0,0.9503973450319286
2385.0,0.9444494128375136
2386.0,0.9409266323987178
2387.0,0.9428204347687793
2388.0,0.9419914430512027
2389.0,0.9424088883005111
2390.0,0.939573219563041
2391.0,0.9302572088225569
2392.0,0.9244227819789992
2393.0,0.9206021498454894
2394.0,0.9212326530073479
2395.0,0.9302251323005506
2396.0,0.9352557225659329
2397.0,0.9329020953948339
2398.0,0.9392074040088999
2399.0,0.9506456290982189
2400.0,0.9592320137935565
2401.0,0.9713021836360909
2402.0,0.9815572267028619
2403.0,0.9811445539525543
2404.0,0.9720087975039361
2405.0,0.9748998219621773
2406.0,0.9778848671638263
2407.0,0.9704083657011385
2408.0,0.9746483626218241
2409.0,0.9779136357061883
2410.0,0.9681089205708949
2411.0,0.9624113085647803
2412.0,0.9619870435506547
2413.0,0.9518121980677755
2414.0,0.9531336353315056
2415.0,0.9587481964845297
2416.0,0.9461622286385362
2417.0,0.9422033189794733
2418.0,0.9448108323092899
2419.0,0.9469250737092755
2420.0,0.9519719819050981
2421.0,0.9462351449659909
2422.0,0.9363068260970743
2423.0,0.9321293524630287
2424.0,0.9240436818287849
2425.0,0.9193360298713368
2426.0,0.9186433217850725
2427.0,0.913197641070853
2428.0,0.9190236031602357
2429.0,0.9315160209123581
2430.0,0.9452247845364247
2431.0,0.9448552004104587
2432.0,0.927392873891592
2433.0,0.9210042547892162
2434.0,0.9143642630895004
2435.0,0.9112936521465635
2436.0,0.9156050595713972
2437.0,0.9082694295124856
2438.0,0.8937695414498156
2439.0,0.8826429144879141
2440.0,0.8785524372585525
2441.0,0.8830978316320011
2442.0,0.8882348212790409
2443.0,0.8960614727258038
2444.0,0.9072437890839696
2445.0,0.9108579672908421
2446.0,0.9109391531650716
2447.0,0.9064946412345446
2448.0,0.9001467669461214
2449.0,0.889860150193178
2450.0,0.8872886065122247
2451.0,0.9067026468516609
2452.0,0.9122171019202389
2453.0,0.9072556410233712
2454.0,0.9188089118741114
2455.0,0.9158442924786996
2456.0,0.9125950495049553
2457.0,0.9228153454647462
2458.0,0.909763576767596
2459.0,0.8911613650550946
2460.0,0.8739179096994873
2461.0,0.8704413950419495
2462.0,0.869282209639618
2463.0,0.857910007099508
2464.0,0.8699997598142808
2465.0,0.8693430724270114
2466.0,0.8777284925442584
2467.0,0.8874719159250728
2468.0,0.8697908377365944
2469.0,0.8753563294592694
2470.0,0.8819197129021272
2471.0,0.9079681001695318
2472.0,0.9162500212967711
2473.0,0.9022369446891914
2474.0,0.8902229893081421
2475.0,0.8640943579686466
2476.0,0.8494654934632285
2477.0,0.8347233632086591
2478.0,0.8338662212859943
2479.0,0.8544764999222161
2480.0,0.863774985322115
2481.0,0.8796054656829909
2482.0,0.892220891677482
2483.0,0.8857515455753205
2484.0,0.8973562173994197
2485.0,0.9330494763262077
2486.0,0.9351143023196241
2487.0,0.9251260770530509
2488.0,0.9247458509580925
2489.0,0.9076917330529505
2490.0,0.8988139421827173
2491.0,0.9023114513405264
2492.0,0.907483167270734
2493.0,0.9025038471262816
2494.0,0.907427094852327
2495.0,0.9352160038928158
2496.0,0.943675834382541
2497.0,0.9410828003157037
2498.0,0.9418912813292235
2499.0,0.9366359158687129
2500.0,0.9269713114437016
