350.0,-0.26837852567687953
351.0,-0.16943530402408655
352.0,-0.017482991309533485
353.0,0.02070978423087714
354.0,-0.018930667186009983
355.0,-0.044212272340489384
356.0,-0.007355592894298862
357.0,-0.07037563798877204
358.0,-0.0170595975739451
359.0,0.049658171220438925
360.0,0.006671386817585311
361.0,0.013601340252930832
362.0,0.005660426808964551
363.0,-0.009539605605949283
364.0,0.0006767336534687559
365.0,-0.04266235855615629
366.0,-0.044114029200871416
367.0,-0.0021183209979594173
368.0,0.015334520856808486
369.0,0.013975748519208457
370.0,0.005149256259882793
371.0,-0.00048051925903865836
372.0,0.006110582797376983
373.0,0.024096651477674744
374.0,0.03293751128076048
375.0,0.027992646701215602
376.0,0.03563998648034404
377.0,0.01924571613376329
378.0,0.00601549645552975
379.0,0.017740736339968873
380.0,0.026733897595740467
381.0,0.028830389856157358
382.0,0.04062795800012551
383.0,0.0675668565278136
384.0,0.036371559555934775
385.0,0.020037465073351912
386.0,0.02748600431143809
387.0,0.02908068288468039
388.0,0.029618748346263424
389.0,0.033150112323722725
390.0,0.036499966570871484
391.0,0.031496149949339886
392.0,0.032439752630140525
393.0,0.032961087858304726
394.0,0.03172302311522457
395.0,0.03871982751177535
396.0,0.03857813631317763
397.0,0.0395138498259905
398.0,0.045092263490160926
399.0,0.03390885821925328
400.0,0.03059528750450617
401.0,0.03488864174022646
402.0,0.0396886635423029
403.0,0.04891205289718755
404.0,0.047522724304415176
405.0,0.0385684643233628
406.0,0.03478732517161771
407.0,0.03789493426018632
408.0,0.039623186803934396
409.0,0.04005320050639789
410.0,0.04715512554068814
411.0,0.04622617857089203
412.0,0.047805648975556544
413.0,0.05393333626401422
414.0,0.045691448340247014
415.0,0.04376816451516135
416.0,0.0467688742737158
417.0,0.0491470606562182
418.0,0.05253523388684095
419.0,0.04828888290890507
420.0,0.0439771542817675
421.0,0.04974665766679811
422.0,0.04713724839778605
423.0,0.04406354930479833
424.0,0.04432114610833338
425.0,0.046380058747231646
426.0,0.04756046863626633
427.0,0.04755465912208854
428.0,0.0466509372067751
429.0,0.04519161972725062
430.0,0.04677298619212448
431.0,0.04941249064296883
432.0,0.05077246854130088
433.0,0.05223349995885124
434.0,0.051741780642997566
435.0,0.050922047697318396
436.0,0.051866641887069326
437.0,0.048470932941965784
438.0,0.048534142197739265
439.0,0.051372695091831504
440.0,0.04876393229118006
441.0,0.05102468290758439
442.0,0.052162733838510146
443.0,0.049399366731284845
444.0,0.050334221500880134
445.0,0.05028719801983533
446.0,0.049584121893081326
447.0,0.049494201203498046
448.0,0.04940695301531939
449.0,0.04937995827347545
450.0,0.04954167553676967
451.0,0.04994926347665436
452.0,0.0497399521056914
453.0,0.050228311119632246
454.0,0.05119449687600356
455.0,0.05043935477010106
456.0,0.049866531356796556
457.0,0.050197916738996776
458.0,0.0513622663534416
459.0,0.0522755244754718
460.0,0.051084668228747084
461.0,0.04981308715659093
462.0,0.050909959873110346
463.0,0.0497712311692439
464.0,0.04968248733001167
465.0,0.05124568523842314
466.0,0.052296839575256895
467.0,0.05158892498274776
468.0,0.05093372046697598
469.0,0.051295494498113235
470.0,0.05111937848912178
471.0,0.05064495565297702
472.0,0.050439601183117966
473.0,0.05093107419717576
474.0,0.05159122800123244
475.0,0.051456661106645145
476.0,0.050890336513356255
477.0,0.0509413039957574
478.0,0.049792399168749495
479.0,0.04943847783288879
480.0,0.05068555719456786
481.0,0.05202023046406493
482.0,0.05215860069328967
483.0,0.05181744665557982
484.0,0.05178647806730514
485.0,0.0509780281250562
486.0,0.05031308843533031
487.0,0.05014426169206062
488.0,0.05050242966005632
489.0,0.05188210334850085
490.0,0.05246881573239035
491.0,0.052149147255982256
492.0,0.0531544039403007
493.0,0.05227977523044325
494.0,0.050699195911802435
495.0,0.05028295699321816
496.0,0.05206252161159528
497.0,0.05286187931100793
498.0,0.05251889150626639
499.0,0.052313232036065235
500.0,0.051839368214573446
501.0,0.051717582232970245
502.0,0.05191764683548493
503.0,0.05161234995043043
504.0,0.05172274818070099
505.0,0.05193064872153357
506.0,0.051900741078638124
507.0,0.05202010358948904
508.0,0.05192020184521565
509.0,0.051769795587113074
510.0,0.051933198142111926
511.0,0.052260627767219084
512.0,0.05268309099498426
513.0,0.05296353647974327
514.0,0.052691405870438496
515.0,0.05222813660244492
516.0,0.051967510976430265
517.0,0.05208032575024217
518.0,0.05210432880898708
519.0,0.05269305507656439
520.0,0.052990302070894515
521.0,0.0518862554081403
522.0,0.05175302568719638
523.0,0.052511351477492016
524.0,0.05328831146900163
525.0,0.05260560424930371
526.0,0.052427336549555406
527.0,0.05248020016641831
528.0,0.0523165153204707
529.0,0.05263013170160433
530.0,0.05284380042900678
531.0,0.05290070118794041
532.0,0.05303809853523296
533.0,0.05342078886896084
534.0,0.05347741183338825
535.0,0.05314657211341939
536.0,0.05314646892652059
537.0,0.05337994682575291
538.0,0.05347441498416673
539.0,0.053252020352941264
540.0,0.05350133810344198
541.0,0.05372070367499711
542.0,0.05353099462458715
543.0,0.05281233146773062
544.0,0.05294934055299799
545.0,0.05334213943547171
546.0,0.05350249849281813
547.0,0.053566529862252514
548.0,0.05361941068284064
549.0,0.053759337391082324
550.0,0.053977714150479826
551.0,0.05386475463950843
552.0,0.053560253404413005
553.0,0.05325796214905613
554.0,0.053192746440722895
555.0,0.053852041718472
556.0,0.054388815276205836
557.0,0.05431748685305191
558.0,0.05438038235315
559.0,0.05387463288368947
560.0,0.053477527682949694
561.0,0.05398788452241527
562.0,0.053932115878377304
563.0,0.05371444431165225
564.0,0.053661148185457155
565.0,0.053882636526311777
566.0,0.05418489520213916
567.0,0.05426623727598915
568.0,0.05403831536862924
569.0,0.05400279575932334
570.0,0.05402797132803128
571.0,0.05407219376129782
572.0,0.05418221056259754
573.0,0.054854417303901004
574.0,0.05515721438795239
575.0,0.05472549545413895
576.0,0.05414383926397637
577.0,0.05419944798461345
578.0,0.054674816346730944
579.0,0.05505977058062371
580.0,0.05503368503844385
581.0,0.05489278625909073
582.0,0.05470242791830453
583.0,0.05439974531968928
584.0,0.054424004628125675
585.0,0.054795311464489876
586.0,0.05529564309508212
587.0,0.055416937762578326
588.0,0.05518399987354718
589.0,0.054924275538121695
590.0,0.05494938953920594
591.0,0.054780213808021276
592.0,0.05505747346000858
593.0,0.05570729723591152
594.0,0.05592264106014225
595.0,0.05557963599638697
596.0,0.0551872880661332
597.0,0.05522542391776869
598.0,0.05582382653895628
599.0,0.055784322240482444
600.0,0.05542488106178063
601.0,0.055697883560784894
602.0,0.055904154499202365
603.0,0.05592001737469675
604.0,0.055790163379942095
605.0,0.055710244381457844
606.0,0.05581742064833866
607.0,0.05592938943944524
608.0,0.05592521002084491
609.0,0.05629843534924909
610.0,0.05666767504914492
611.0,0.056780626062528754
612.0,0.05655614836399507
613.0,0.056584013052171034
614.0,0.056603217778434675
615.0,0.05649549592675555
616.0,0.05671250641036804
617.0,0.05696667491002206
618.0,0.05713259575911753
619.0,0.057152467909042076
620.0,0.05700512430934295
621.0,0.05696291379035832
622.0,0.05708755989926126
623.0,0.057197821840718845
624.0,0.05721289466386187
625.0,0.057272082095404006
626.0,0.057435473383414024
627.0,0.057402351570012056
628.0,0.057045750028536554
629.0,0.056934645009689075
630.0,0.057798974360046614
631.0,0.058233281210044056
632.0,0.058221479093555586
633.0,0.058005854257357124
634.0,0.05795533994825672
635.0,0.05802668135821934
636.0,0.05809092990466027
637.0,0.058063549840562695
638.0,0.05824461395096062
639.0,0.05824777770758461
640.0,0.0581668270202379
641.0,0.05847080195627675
642.0,0.05868798212855258
643.0,0.05868717653262305
644.0,0.05858326721801202
645.0,0.058963988059382466
646.0,0.05902748321047863
647.0,0.05886580271812943
648.0,0.05890088212722235
649.0,0.05899024579343261
650.0,0.05928047146273543
651.0,0.05964720840717104
652.0,0.05963484880640571
653.0,0.06001505831281099
654.0,0.06030396791477133
655.0,0.06002393393516381
656.0,0.0596835778386529
657.0,0.05965904609514982
658.0,0.05990720919107778
659.0,0.06009700681385298
660.0,0.060082829068305865
661.0,0.06013144487397108
662.0,0.06034636523320431
663.0,0.060458604490918236
664.0,0.060391400541634194
665.0,0.060355344881166145
666.0,0.06055536900351573
667.0,0.06064047904446809
668.0,0.060812334542657547
669.0,0.061133791133150525
670.0,0.0615045161075613
671.0,0.06158833660059357
672.0,0.06163108008390721
673.0,0.06182510486529845
674.0,0.06193760018985829
675.0,0.06209773074429328
676.0,0.06222420216137732
677.0,0.06215905997408204
678.0,0.06183414692386991
679.0,0.06190853799216316
680.0,0.06242869211199783
681.0,0.06260181492198195
682.0,0.06260037180117914
683.0,0.06253874132846333
684.0,0.06254499402540858
685.0,0.06278059262291287
686.0,0.06303865409820913
687.0,0.06324805950225686
688.0,0.06343497146882526
689.0,0.06361619179156605
690.0,0.06369301162170705
691.0,0.06364869220313443
692.0,0.06361369424741113
693.0,0.06389856576126798
694.0,0.06423103727730732
695.0,0.06427719849566636
696.0,0.06443711395500339
697.0,0.06455291039590254
698.0,0.06461454968933024
699.0,0.06474521538041011
700.0,0.06458560655031831
701.0,0.06470954333143662
702.0,0.06532270125348452
703.0,0.06539615410578246
704.0,0.06524371114892678
705.0,0.0651902968664427
706.0,0.06549633025727129
707.0,0.06581892065597976
708.0,0.06601019821797903
709.0,0.06606796659607908
710.0,0.06613956907554698
711.0,0.06648440082579027
712.0,0.06674669342814826
713.0,0.06668172476657697
714.0,0.06681908214097196
715.0,0.06701716101947659
716.0,0.06717894075788357
717.0,0.0672707191048751
718.0,0.0676264339844838
719.0,0.06786176548190082
720.0,0.06787521062448297
721.0,0.06809173162563838
722.0,0.06831430631598676
723.0,0.0684051509338217
724.0,0.06838355669733939
725.0,0.06882828974217947
726.0,0.06906663239078405
727.0,0.0690060848132278
728.0,0.06900689666341717
729.0,0.06933616271235289
730.0,0.06973688871176058
731.0,0.07000123918580867
732.0,0.07014340830350985
733.0,0.07037818328120668
734.0,0.070616855427991
735.0,0.07073287150599525
736.0,0.07092605515470674
737.0,0.07114907813229038
738.0,0.07136478896912861
739.0,0.07155269438629633
740.0,0.07168681301585667
741.0,0.07194454577000418
742.0,0.07230620453001213
743.0,0.07224437806786549
744.0,0.07243349050777102
745.0,0.07273050218411287
746.0,0.07282919869224333
747.0,0.07324487367615029
748.0,0.07351233286585128
749.0,0.07359074048826002
750.0,0.07385904598554582
751.0,0.07406676851969925
752.0,0.07428876282563689
753.0,0.07458492234678131
754.0,0.07485110994838667
755.0,0.07522699064191446
756.0,0.07553742328354338
757.0,0.07555499143212639
758.0,0.07542366656739193
759.0,0.07557747004093918
760.0,0.0760438423984424
761.0,0.07644406669392836
762.0,0.07683057440582837
763.0,0.07701390237431366
764.0,0.07700512325973514
765.0,0.07738882263391943
766.0,0.0775480132588044
767.0,0.07762667307221281
768.0,0.07796294210041768
769.0,0.07818123208235667
770.0,0.0786962784192999
771.0,0.07932347750911854
772.0,0.07932530035297923
773.0,0.07937972107572643
774.0,0.07967284136119539
775.0,0.08013919091066946
776.0,0.08037510465180123
777.0,0.08047907063186496
778.0,0.08076699951540572
779.0,0.08141757372727412
780.0,0.08143589176586082
781.0,0.08142900927811347
782.0,0.08170417205788166
783.0,0.08218769303681737
784.0,0.0824912818162859
785.0,0.08268111997048183
786.0,0.08289990999844755
787.0,0.08327407709050971
788.0,0.08353165791448855
789.0,0.08376587275396426
790.0,0.08412284662537427
791.0,0.0843720032803941
792.0,0.08468213761321784
793.0,0.08508643076296524
794.0,0.08548407753950311
795.0,0.08560515469680816
796.0,0.08579063312592157
797.0,0.0862067230307496
798.0,0.08659226636369995
799.0,0.08682738945370023
800.0,0.08706340670724426
801.0,0.08743218101068284
802.0,0.0876564311696186
803.0,0.08799097525921623
804.0,0.08839596216136733
805.0,0.08868925582103215
806.0,0.0891147602502265
807.0,0.0894200530928232
808.0,0.08961876080959408
809.0,0.09010917756586076
810.0,0.09052135236096553
811.0,0.0908624410683141
812.0,0.09121566387324133
813.0,0.09164721505898013
814.0,0.09196433201617234
815.0,0.09224481183792377
816.0,0.09263135089841795
817.0,0.09291101397048929
818.0,0.09330840165814609
819.0,0.0938058168298656
820.0,0.09416212242198778
821.0,0.09449412872660073
822.0,0.09481976233059095
823.0,0.09515417601290682
824.0,0.09553080281767429
825.0,0.09590780910898629
826.0,0.09627510428582374
827.0,0.09662762952170649
828.0,0.09692336576196256
829.0,0.097442983757007
830.0,0.09808301307624023
831.0,0.09853389788178081
832.0,0.09873652049989343
833.0,0.09890180171177526
834.0,0.09922251185192418
835.0,0.09981288090664477
836.0,0.1004326117112968
837.0,0.10103798876995994
838.0,0.10155648639864737
839.0,0.10176118130190082
840.0,0.10194191485909805
841.0,0.10231444126589556
842.0,0.10290783613515465
843.0,0.10315021949387396
844.0,0.10362219337592798
845.0,0.10425153838050838
846.0,0.10463236013828214
847.0,0.10520420884385678
848.0,0.1055877017681599
849.0,0.10569514677472641
850.0,0.10586200537385691
851.0,0.10653096809287889
852.0,0.10735710507083261
853.0,0.1079061025236374
854.0,0.10788050509968415
855.0,0.10826495119913514
856.0,0.10887351753882318
857.0,0.10925836557934322
858.0,0.10946070501397953
859.0,0.11002368628277683
860.0,0.11080553991420684
861.0,0.11134577599271878
862.0,0.11183672388370264
863.0,0.11213156753585436
864.0,0.11235310275693337
865.0,0.11285961881671791
866.0,0.11359717376842458
867.0,0.11401434817855859
868.0,0.11409904999343363
869.0,0.11474678976845101
870.0,0.11545139431551248
871.0,0.11595039004163915
872.0,0.11620729941448475
873.0,0.11658978070264019
874.0,0.11732918535240015
875.0,0.11805037371280205
876.0,0.11837343069290178
877.0,0.11901959769268602
878.0,0.1195213597287103
879.0,0.11987776004755667
880.0,0.1203771900681265
881.0,0.12100376521797768
882.0,0.12162496969509472
883.0,0.12215060564615832
884.0,0.12255667949781147
885.0,0.12292613216836804
886.0,0.12339019395581362
887.0,0.1240650186498882
888.0,0.12502294854852616
889.0,0.12563727857830198
890.0,0.1260457081785294
891.0,0.1264694796286588
892.0,0.12684767043445241
893.0,0.12711001621498408
894.0,0.12766925154273281
895.0,0.12873001403912976
896.0,0.12922214273247404
897.0,0.12976942180812906
898.0,0.130273735292319
899.0,0.13046444700043414
900.0,0.13108869884655436
901.0,0.13175228391366683
902.0,0.13236995148027647
903.0,0.1330871701451143
904.0,0.13369416421042768
905.0,0.13414483065814645
906.0,0.1344622247534334
907.0,0.13476168952859008
908.0,0.13559551725221586
909.0,0.13679171221568837
910.0,0.1377291056987382
911.0,0.1374677881302065
912.0,0.1381704841470481
913.0,0.13926268924495508
914.0,0.1398294008187323
915.0,0.13950808915965449
916.0,0.1403718420333333
917.0,0.14168536031005002
918.0,0.14229752857487926
919.0,0.14218972705122376
920.0,0.14257706076937146
921.0,0.14339692096027837
922.0,0.14422519811374215
923.0,0.14528495527677968
924.0,0.14568014481481908
925.0,0.145852817443362
926.0,0.146661318280214
927.0,0.1478629180235009
928.0,0.14851573403953805
929.0,0.14855374351807876
930.0,0.14862177630369489
931.0,0.14996179320361974
932.0,0.15062718107842785
933.0,0.150699539546502
934.0,0.15157673868515303
935.0,0.15174626080141518
936.0,0.15211474076308756
937.0,0.1530630373195279
938.0,0.15424597155252137
939.0,0.15516669726991414
940.0,0.15571618455295902
941.0,0.15595892062976333
942.0,0.15613358262058125
943.0,0.15706044426839202
944.0,0.15813017950162406
945.0,0.15904233849261798
946.0,0.1601095419011797
947.0,0.16064311787650865
948.0,0.16122483981919358
949.0,0.16209731277590372
950.0,0.16275162107314148
951.0,0.1633768304577851
952.0,0.16414474711328414
953.0,0.1649175041589174
954.0,0.16512956340887752
955.0,0.16538480121571286
956.0,0.1661375107346075
957.0,0.16716911438635346
958.0,0.16729928283738593
959.0,0.16823715534282926
960.0,0.16945785044075132
961.0,0.1700932753905065
962.0,0.16972313873458475
963.0,0.17128048893268635
964.0,0.17309526086888014
965.0,0.17360245395456977
966.0,0.17377071368473054
967.0,0.17467900917861384
968.0,0.17592780597048197
969.0,0.1767299802066097
970.0,0.17645716265946934
971.0,0.17747061624535637
972.0,0.17883837588481014
973.0,0.1794536898611611
974.0,0.17965766414309833
975.0,0.1804690473955326
976.0,0.18099248492748402
977.0,0.18093594073156924
978.0,0.18203828588849305
979.0,0.18273976253005034
980.0,0.18309859451400773
981.0,0.18354489051911704
982.0,0.18439361315539504
983.0,0.18578230810083438
984.0,0.18685576931448916
985.0,0.18728199091401163
986.0,0.18800241499563788
987.0,0.18945455615450554
988.0,0.18975639111322753
989.0,0.18889194101815338
990.0,0.1902294737166167
991.0,0.19089270133496014
992.0,0.19277118264136572
993.0,0.19573712986865885
994.0,0.19602099082015784
995.0,0.195322925247442
996.0,0.19489483834000215
997.0,0.19581773065772265
998.0,0.1984804373106007
999.0,0.19855165733896962
1000.0,0.1999190541115027
1001.0,0.2036683075732715
1002.0,0.19920830351434263
1003.0,0.19975497882602636
1004.0,0.2024638630516639
1005.0,0.20617263795399085
1006.0,0.2113239895706213
1007.0,0.21519441665119526
1008.0,0.21527007489489472
1009.0,0.21508179253442702
1010.0,0.2131242758302168
1011.0,0.21265908306132578
1012.0,0.21490416083442493
1013.0,0.21449859903002352
1014.0,0.2153099491384277
1015.0,0.21915268765334842
1016.0,0.2206572388325009
1017.0,0.2197327635553631
1018.0,0.22155893734815169
1019.0,0.22408619440004648
1020.0,0.22324973665303888
1021.0,0.22543288829923458
1022.0,0.2286870811198797
1023.0,0.22798279113234432
1024.0,0.22885882133035035
1025.0,0.23034117379296468
1026.0,0.22734359055728234
1027.0,0.22784814480443744
1028.0,0.2314432821716235
1029.0,0.23270154995891193
1030.0,0.23238170193032703
1031.0,0.23486165918181764
1032.0,0.23727887012654483
1033.0,0.2355942068928326
1034.0,0.23593844859241866
1035.0,0.23562769407132
1036.0,0.23398571264372406
1037.0,0.23446393433717883
1038.0,0.2343189269397966
1039.0,0.23634819346428657
1040.0,0.2391654079571312
1041.0,0.24097352023199153
1042.0,0.2436032224327684
1043.0,0.24534828448901905
1044.0,0.2462968008618841
1045.0,0.2464740139446708
1046.0,0.24677598069183102
1047.0,0.24714460859560825
1048.0,0.24598394672706697
1049.0,0.2460621580527198
1050.0,0.24858618111106326
1051.0,0.2500528957158345
1052.0,0.25219939638465605
1053.0,0.2527907038997876
1054.0,0.25230035807293594
1055.0,0.25345516445626703
1056.0,0.25390724164478445
1057.0,0.2542118966413377
1058.0,0.25609885047329617
1059.0,0.25770295246744146
1060.0,0.257119961520031
1061.0,0.2588440481236647
1062.0,0.2614404915634018
1063.0,0.26247226806328783
1064.0,0.2637670711124012
1065.0,0.26479416455019816
1066.0,0.2636540644302452
1067.0,0.2623482871264562
1068.0,0.2642704577808589
1069.0,0.26588356992742407
1070.0,0.26648300532291014
1071.0,0.26835812346081633
1072.0,0.27188503363469396
1073.0,0.2730305485501071
1074.0,0.27321150872129285
1075.0,0.2745763761598904
1076.0,0.27383941986579363
1077.0,0.27241669667971163
1078.0,0.27250511327194077
1079.0,0.27417913751624334
1080.0,0.2771719391068646
1081.0,0.28032966146332966
1082.0,0.28328579580479496
1083.0,0.2838996554512242
1084.0,0.2840954400393366
1085.0,0.28264903249325607
1086.0,0.28291931913789853
1087.0,0.28280013358269074
1088.0,0.2837073283272964
1089.0,0.28617275329474107
1090.0,0.28654062293699145
1091.0,0.28711198375391433
1092.0,0.288773895299295
1093.0,0.2900063729774074
1094.0,0.29174594397748
1095.0,0.2938670042298454
1096.0,0.2948152573273863
1097.0,0.29473653019658214
1098.0,0.2955003313257986
1099.0,0.29704090506653225
1100.0,0.2993374784149821
1101.0,0.30069387447991724
1102.0,0.3026205701362857
1103.0,0.30419731274098916
1104.0,0.30426299837343485
1105.0,0.30429596645175094
1106.0,0.3050608310438097
1107.0,0.3052371498552498
1108.0,0.3047703380353091
1109.0,0.30519005320753007
1110.0,0.3066899542960752
1111.0,0.30741312687343086
1112.0,0.3086081212330227
1113.0,0.31084575863424335
1114.0,0.3121159812065754
1115.0,0.31286662024720857
1116.0,0.3140763623581558
1117.0,0.3147946501379274
1118.0,0.31584547068845753
1119.0,0.317149589370644
1120.0,0.3189530496456454
1121.0,0.3198226718047542
1122.0,0.3212684889657595
1123.0,0.3223481541562683
1124.0,0.32276402969951945
1125.0,0.3236729498283855
1126.0,0.3247069327521948
1127.0,0.32554771694797496
1128.0,0.3261047853774081
1129.0,0.32690191622771475
1130.0,0.3277518864736448
1131.0,0.32853403523010377
1132.0,0.3295443136129022
1133.0,0.33060282976484373
1134.0,0.33150271433742534
1135.0,0.3325547490423678
1136.0,0.33394148813775254
1137.0,0.334451650358992
1138.0,0.33577914574318035
1139.0,0.33733686312256
1140.0,0.3387555153095356
1141.0,0.3403205183996112
1142.0,0.341620383585541
1143.0,0.3427249401105949
1144.0,0.34366354923402004
1145.0,0.3441776214516192
1146.0,0.3452509760056996
1147.0,0.34640426746595104
1148.0,0.34752264322001303
1149.0,0.34876337823769077
1150.0,0.35053991707827825
1151.0,0.351913567308681
1152.0,0.3527467240535073
1153.0,0.35412201234380347
1154.0,0.35537230643212203
1155.0,0.3561362454745629
1156.0,0.35740261612460167
1157.0,0.3586640438252476
1158.0,0.35990005235355105
1159.0,0.3608608279050955
1160.0,0.36218294291924946
1161.0,0.36295245528025694
1162.0,0.3626213193328113
1163.0,0.36360999379010167
1164.0,0.36517008609971596
1165.0,0.36659498322766904
1166.0,0.36864535802919124
1167.0,0.370561266196422
1168.0,0.37225386266312355
1169.0,0.37302238176361735
1170.0,0.37372938317818755
1171.0,0.37481770667268816
1172.0,0.3757477552826235
1173.0,0.37625650471319017
1174.0,0.37749463723803856
1175.0,0.3792726746345799
1176.0,0.38070678940561714
1177.0,0.38257465654406925
1178.0,0.3840250684824908
1179.0,0.38525681972025266
1180.0,0.3860815792493377
1181.0,0.3865795284684218
1182.0,0.38689723075188426
1183.0,0.3874621784888483
1184.0,0.3879327970118878
1185.0,0.38884621924503465
1186.0,0.39062548746031434
1187.0,0.3919826286032944
1188.0,0.39331084007692707
1189.0,0.3947803530254514
1190.0,0.39646653789117203
1191.0,0.39766567029383554
1192.0,0.3988345122809425
1193.0,0.3999470268578603
1194.0,0.400494038319512
1195.0,0.4015515119527003
1196.0,0.40282622221810294
1197.0,0.4040233464415179
1198.0,0.4053823173629618
1199.0,0.4068971775077433
1200.0,0.40785274261639404
1201.0,0.40901680438064464
1202.0,0.40992199344673486
1203.0,0.411041022911594
1204.0,0.4121822838278722
1205.0,0.413311995144342
1206.0,0.41485638617700216
1207.0,0.4169781890042226
1208.0,0.41822912221231257
1209.0,0.4193684152792804
1210.0,0.4204659809817128
1211.0,0.4205828834948584
1212.0,0.4215566210585555
1213.0,0.42334213170293367
1214.0,0.42483403409164344
1215.0,0.4266852633688618
1216.0,0.4280546909424239
1217.0,0.4291062017801336
1218.0,0.42951165224505566
1219.0,0.4302709467243149
1220.0,0.4307634567281102
1221.0,0.4314144300402077
1222.0,0.4321045274646392
1223.0,0.43308444405539903
1224.0,0.43395217588063306
1225.0,0.43508972273543456
1226.0,0.43683602516220055
1227.0,0.4382031723548444
1228.0,0.4394929674495617
1229.0,0.4407563946598259
1230.0,0.44179993034118326
1231.0,0.443096161087768
1232.0,0.444599971247579
1233.0,0.4459260641696148
1234.0,0.4470770028017932
1235.0,0.448685964006225
1236.0,0.44962792184450023
1237.0,0.4498835324543278
1238.0,0.4509647562411737
1239.0,0.45216828125955905
1240.0,0.45332781190464244
1241.0,0.45507385373795656
1242.0,0.45631258016213055
1243.0,0.45713793992914487
1244.0,0.4581575261791694
1245.0,0.458835888768705
1246.0,0.46007899044764883
1247.0,0.4619438287616099
1248.0,0.4632989693301569
1249.0,0.4646655561648103
1250.0,0.4661190399613668
1251.0,0.4673356959917306
1252.0,0.46835155201970136
1253.0,0.4697661674651312
1254.0,0.47167721300523574
1255.0,0.4730862008347139
1256.0,0.4745561298273707
1257.0,0.4755299840140971
1258.0,0.4759890571926731
1259.0,0.47678040414218664
1260.0,0.4771999142537441
1261.0,0.47807699398215675
1262.0,0.4792545383095214
1263.0,0.48058827434868795
1264.0,0.48222037583329547
1265.0,0.48376067042240445
1266.0,0.4857559351894796
1267.0,0.48718930654420756
1268.0,0.48813838879572075
1269.0,0.48924905678020675
1270.0,0.49046353331504267
1271.0,0.49165686380882284
1272.0,0.49256348161753183
1273.0,0.49349541922245965
1274.0,0.4944472993888519
1275.0,0.49482934524700223
1276.0,0.49588764213878944
1277.0,0.4974774204870119
1278.0,0.49890285561571823
1279.0,0.5006035658488642
1280.0,0.5019850357755157
1281.0,0.5030867858886056
1282.0,0.5045175374456157
1283.0,0.5062233014146427
1284.0,0.5074877654253545
1285.0,0.5088602949958964
1286.0,0.5100082847463077
1287.0,0.5106084748981298
1288.0,0.5110775388019564
1289.0,0.5121032727322854
1290.0,0.5132996515202453
1291.0,0.5146769627798484
1292.0,0.5164879895231822
1293.0,0.5180156425725617
1294.0,0.519827395111773
1295.0,0.5209964212069556
1296.0,0.521460314393978
1297.0,0.5226859476894743
1298.0,0.5239195111593689
1299.0,0.5252074115566798
1300.0,0.5273775476481419
1301.0,0.5287313721791683
1302.0,0.5292701172672922
1303.0,0.5302320612665105
1304.0,0.5309968533879491
1305.0,0.5320114792880444
1306.0,0.5332033660596904
1307.0,0.5346628214653806
1308.0,0.5361502248864395
1309.0,0.5378084835033938
1310.0,0.5393162001815606
1311.0,0.5410968957639412
1312.0,0.5423063391978146
1313.0,0.5429343708439207
1314.0,0.5441998581008518
1315.0,0.5454367218914581
1316.0,0.5467938077665634
1317.0,0.5488836686254748
1318.0,0.5502293845201371
1319.0,0.5510203563909022
1320.0,0.5520837797239975
1321.0,0.5529766636371393
1322.0,0.5539377375181124
1323.0,0.5550361959804067
1324.0,0.5561189619060545
1325.0,0.5569785226639565
1326.0,0.5581073512700728
1327.0,0.5593816698867669
1328.0,0.5607508691474907
1329.0,0.5623881564602753
1330.0,0.5643761932748976
1331.0,0.5661330661316927
1332.0,0.5682697358249796
1333.0,0.5696583662253945
1334.0,0.5705995134176596
1335.0,0.5716043008889761
1336.0,0.5722033540154722
1337.0,0.5729933136395592
1338.0,0.5735050619916703
1339.0,0.5746685473136689
1340.0,0.5764090475444342
1341.0,0.5776658525876754
1342.0,0.5792652260266282
1343.0,0.5805858258952773
1344.0,0.5811881020159154
1345.0,0.5821430486804136
1346.0,0.5831707092230157
1347.0,0.5844168916324192
1348.0,0.5857971167561309
1349.0,0.5873961614786667
1350.0,0.5887575740945317
1351.0,0.5900999381180008
1352.0,0.59169197913078
1353.0,0.5933728700329483
1354.0,0.5948610843513139
1355.0,0.5965469151314019
1356.0,0.5980400670876681
1357.0,0.5993421383820288
1358.0,0.6004218737592156
1359.0,0.6010808810910114
1360.0,0.6024088446789022
1361.0,0.603992380461976
1362.0,0.6052526249001615
1363.0,0.6070874758262387
1364.0,0.6084319601238892
1365.0,0.6086871275953458
1366.0,0.609642742972789
1367.0,0.6112438065500385
1368.0,0.6123622320377533
1369.0,0.6133555215130635
1370.0,0.61446034600903
1371.0,0.615406790958309
1372.0,0.6158734376065884
1373.0,0.6167584245647894
1374.0,0.6180105954406409
1375.0,0.6188749863012548
1376.0,0.6194568623509641
1377.0,0.6204264790430161
1378.0,0.6214550085499345
1379.0,0.6225115945467289
1380.0,0.6238580564969384
1381.0,0.6250583668293744
1382.0,0.6259449517300241
1383.0,0.6272332260824608
1384.0,0.6288507271695911
1385.0,0.6302691997696924
1386.0,0.63207432696648
1387.0,0.6333579442110794
1388.0,0.6339287031511982
1389.0,0.6350148115465551
1390.0,0.6362007409701661
1391.0,0.6372488568404684
1392.0,0.6385240817852363
1393.0,0.6404221069858377
1394.0,0.6412919586706137
1395.0,0.6416259711814655
1396.0,0.6422916915661916
1397.0,0.6426211082452971
1398.0,0.6432421835227095
1399.0,0.6441438633429405
1400.0,0.6448915772604107
1401.0,0.6454689379601687
1402.0,0.6462551604728847
1403.0,0.6470276907496652
1404.0,0.6481158850123706
1405.0,0.6496954979582105
1406.0,0.6508010262208157
1407.0,0.6518489846139172
1408.0,0.6529272736782216
1409.0,0.6535630892588689
1410.0,0.6545306845960956
1411.0,0.6558701080100449
1412.0,0.6571203310760219
1413.0,0.6586842680285084
1414.0,0.6597648897253956
1415.0,0.6605926549645935
1416.0,0.6612784929564466
1417.0,0.6621678506479304
1418.0,0.6628359681392786
1419.0,0.6637920683880855
1420.0,0.6650768345458815
1421.0,0.6661362827012637
1422.0,0.6670556985350788
1423.0,0.6680770527178611
1424.0,0.669155025623185
1425.0,0.6702676599663183
1426.0,0.671424798313771
1427.0,0.672612901110478
1428.0,0.6738367709912975
1429.0,0.6750778768414868
1430.0,0.6764157557842334
1431.0,0.6775832237225634
1432.0,0.6786488786995859
1433.0,0.679809263994465
1434.0,0.6808130578494682
1435.0,0.6819801156466123
1436.0,0.683267665735373
1437.0,0.6846783179856771
1438.0,0.6864105128607252
1439.0,0.6879113189487712
1440.0,0.6889840775648826
1441.0,0.6899004434542648
1442.0,0.6908796665534918
1443.0,0.6917499139015248
1444.0,0.6927892225531144
1445.0,0.6942181575522433
1446.0,0.6953843296856853
1447.0,0.696383275520802
1448.0,0.6974008605166674
1449.0,0.6985892916097031
1450.0,0.6994920097257588
1451.0,0.699887236474671
1452.0,0.7008733202933326
1453.0,0.7019791874185818
1454.0,0.7032353304066894
1455.0,0.7050259962090436
1456.0,0.7064527527465638
1457.0,0.7080071231242632
1458.0,0.709101903160371
1459.0,0.7096274880739678
1460.0,0.7105499799158751
1461.0,0.7111964879966552
1462.0,0.7122095954645403
1463.0,0.713772158970596
1464.0,0.7151290923590434
1465.0,0.7163745205449216
1466.0,0.7178359685127342
1467.0,0.7195645727403428
1468.0,0.7210395470165696
1469.0,0.7223130414985744
1470.0,0.7239356749387276
1471.0,0.725212134983718
1472.0,0.7260006331582017
1473.0,0.727484655163013
1474.0,0.7293079862309312
1475.0,0.7308208957402947
1476.0,0.7326688873278749
1477.0,0.7339058067832825
1478.0,0.7345307517749843
1479.0,0.7356930068088706
1480.0,0.736952278349856
1481.0,0.7380520834313823
1482.0,0.7393374837863315
1483.0,0.7404277607387665
1484.0,0.7411431175120682
1485.0,0.7420964254407073
1486.0,0.7431760272232887
1487.0,0.7442949134343227
1488.0,0.7454048732143589
1489.0,0.7465999917902574
1490.0,0.7480677972422438
1491.0,0.7491985797918216
1492.0,0.7501593718479566
1493.0,0.7512208162928279
1494.0,0.751848156038703
1495.0,0.7530131098377602
1496.0,0.7548234848441756
1497.0,0.7562045253494492
1498.0,0.757796648273551
1499.0,0.7591272833381663
1500.0,0.7600721343722759
1501.0,0.760758608018581
1502.0,0.7618834415861782
1503.0,0.7633777690318552
1504.0,0.7648040631407439
1505.0,0.7665324582275534
1506.0,0.7680280163312432
1507.0,0.7694757093394043
1508.0,0.770780572286503
1509.0,0.7720869790636903
1510.0,0.7732938040402388
1511.0,0.774143397570461
1512.0,0.7754534607436842
1513.0,0.7771188925569931
1514.0,0.7782902845324247
1515.0,0.7794951620222703
1516.0,0.7805663460798584
1517.0,0.7811052043893876
1518.0,0.7820464523803795
1519.0,0.783091974231383
1520.0,0.7843880605368317
1521.0,0.7860133777950328
1522.0,0.787385683835426
1523.0,0.7889976161357904
1524.0,0.7902846010803455
1525.0,0.7910674934753255
1526.0,0.7922214674327733
1527.0,0.7934403448913128
1528.0,0.7947335313962434
1529.0,0.7963858440489906
1530.0,0.7976992848831476
1531.0,0.7988016107954121
1532.0,0.7999675192765054
1533.0,0.800881499266851
1534.0,0.802026769023118
1535.0,0.8036020236586183
1536.0,0.8048159009800897
1537.0,0.8059681173008122
1538.0,0.8067749340614488
1539.0,0.8081346336114957
1540.0,0.8094885717680894
1541.0,0.8109212682960676
1542.0,0.8129358181121987
1543.0,0.8142400405300575
1544.0,0.8149872845939927
1545.0,0.8162786460185268
1546.0,0.8178080853883519
1547.0,0.8188050472457894
1548.0,0.8197187889971307
1549.0,0.8207126708391266
1550.0,0.8211136759739249
1551.0,0.8223081004391093
1552.0,0.8241230983579269
1553.0,0.8256589986303965
1554.0,0.8276521054984942
1555.0,0.8287934718075042
1556.0,0.8292987604905416
1557.0,0.8303356471080163
1558.0,0.8309665285702337
1559.0,0.8321517044479415
1560.0,0.8342592247049977
1561.0,0.8355416350029559
1562.0,0.8365097993684686
1563.0,0.8375041117386319
1564.0,0.8380453060645001
1565.0,0.8389986934997602
1566.0,0.8400769955657729
1567.0,0.8413291001384187
1568.0,0.8429577556595228
1569.0,0.8443083794383348
1570.0,0.8457202089799136
1571.0,0.8470069936277204
1572.0,0.8480653915361791
1573.0,0.8491565452687476
1574.0,0.8503208098450726
1575.0,0.8513152543294067
1576.0,0.8520070319959441
1577.0,0.8529797883271328
1578.0,0.854176475437468
1579.0,0.855108294305594
1580.0,0.8560643243405107
1581.0,0.856968561197857
1582.0,0.8573749176224016
1583.0,0.8581871139309136
1584.0,0.859292973709288
1585.0,0.8604310538117148
1586.0,0.8618762848762385
1587.0,0.8631873132961175
1588.0,0.8643873724793818
1589.0,0.8657058706374303
1590.0,0.8670608730072374
1591.0,0.8684420458487799
1592.0,0.8697056880360531
1593.0,0.8710851228314855
1594.0,0.8721498680833508
1595.0,0.872891722863379
1596.0,0.8739735535135938
1597.0,0.8750785801827596
1598.0,0.8761692833749762
1599.0,0.8774688674416087
1600.0,0.8784599960612194
1601.0,0.8792673999729607
1602.0,0.880089110848703
1603.0,0.8808584904570127
1604.0,0.8815098118786969
1605.0,0.8820287488246696
1606.0,0.8826408961949489
1607.0,0.8830695124476377
1608.0,0.8838646082983095
1609.0,0.8847934599084378
1610.0,0.885933021882603
1611.0,0.8874674953210399
1612.0,0.888662434237754
1613.0,0.8897264728578693
1614.0,0.8911324487837178
1615.0,0.8926503126253096
1616.0,0.8939930961197593
1617.0,0.8954296767496458
1618.0,0.8970468408253566
1619.0,0.898613626263515
1620.0,0.9000916712831738
1621.0,0.9020052583910562
1622.0,0.9033831732294968
1623.0,0.9042943006009299
1624.0,0.9052007119032802
1625.0,0.9059050633800421
1626.0,0.9067278008324924
1627.0,0.9073759565656578
1628.0,0.9081804852891362
1629.0,0.909151555699338
1630.0,0.9100820733935492
1631.0,0.9111078899609296
1632.0,0.9119055274401889
1633.0,0.9126788000515246
1634.0,0.9133186387987428
1635.0,0.9135287491641876
1636.0,0.9141849996632364
1637.0,0.9151003108105726
1638.0,0.9158568528174593
1639.0,0.9167130716417973
1640.0,0.9175570780107998
1641.0,0.9180864365370236
1642.0,0.9190708094772094
1643.0,0.9206410954422064
1644.0,0.921727862747034
1645.0,0.922714613515988
1646.0,0.9237818616447566
1647.0,0.9244845590634597
1648.0,0.9255099981801658
1649.0,0.9271421564139065
1650.0,0.9281568427300521
1651.0,0.9287474609205366
1652.0,0.9296277961916212
1653.0,0.9304733798868577
1654.0,0.9311648001979477
1655.0,0.9317966973182511
1656.0,0.9326822604917124
1657.0,0.933505230840438
1658.0,0.9343434281373912
1659.0,0.935695502930264
1660.0,0.9366139094180598
1661.0,0.9369258105925693
1662.0,0.9376259844223314
1663.0,0.9384523250272788
1664.0,0.9392523307744544
1665.0,0.9403922201765639
1666.0,0.9411952258391935
1667.0,0.9413800309588324
1668.0,0.942262528677629
1669.0,0.9434377055053602
1670.0,0.9445936556033081
1671.0,0.9463713679499884
1672.0,0.9477174612816757
1673.0,0.9486995542252581
1674.0,0.9497356545510598
1675.0,0.9505035292207193
1676.0,0.9516989585327558
1677.0,0.9532449741017157
1678.0,0.9544980389778649
1679.0,0.9557051420703105
1680.0,0.9572263879790461
1681.0,0.9588196372191867
1682.0,0.9602217915024438
1683.0,0.9619706932810795
1684.0,0.9633878427571606
1685.0,0.9642745303167118
1686.0,0.965421546771125
1687.0,0.9664994550447216
1688.0,0.9678228143831409
1689.0,0.9695582532634157
1690.0,0.9707943202883608
1691.0,0.9719119743966772
1692.0,0.9731067911010932
1693.0,0.9739948051353634
1694.0,0.9749047235569905
1695.0,0.9759523060303732
1696.0,0.9770485354278197
1697.0,0.9780536761820053
1698.0,0.978927815757868
1699.0,0.9797015812560353
1700.0,0.9806742940562111
1701.0,0.9815955131900213
1702.0,0.9828403166879325
1703.0,0.9846212957140116
1704.0,0.986102732407391
1705.0,0.9875063165421567
1706.0,0.9886930262863204
1707.0,0.989739502680305
1708.0,0.9906565025560382
1709.0,0.9912573904329304
1710.0,0.9922587394345798
1711.0,0.9934587022674058
1712.0,0.994454004964841
1713.0,0.9957734541520397
1714.0,0.9964765480646193
1715.0,0.9960485184649498
1716.0,0.9969189653344196
1717.0,0.9985520673432551
1718.0,0.9997003747736716
1719.0,1.0016724824186778
1720.0,1.002808348961896
1721.0,1.0028788336187682
1722.0,1.003409072182273
1723.0,1.0039373989857827
1724.0,1.0043039286752304
1725.0,1.00430383675146
1726.0,1.004957946746292
1727.0,1.0059978173283333
1728.0,1.0070479632221365
1729.0,1.0089695666107907
1730.0,1.009891079839297
1731.0,1.0099569171697476
1732.0,1.0105753476678956
1733.0,1.0109552144323222
1734.0,1.0114873503069144
1735.0,1.0124903051302807
1736.0,1.013258337678253
1737.0,1.013768000769559
1738.0,1.014318541931386
1739.0,1.0150228772903753
1740.0,1.0155649341074962
1741.0,1.0159691547622167
1742.0,1.0166539258201521
1743.0,1.0171032206603408
1744.0,1.0179067634622685
1745.0,1.0191184880228017
1746.0,1.0199259755412406
1747.0,1.0208206006347784
1748.0,1.0219008082655625
1749.0,1.022925636655061
1750.0,1.0240149547576982
1751.0,1.0253557225299328
1752.0,1.0263924126078912
1753.0,1.0270921157164283
1754.0,1.0279820678981002
1755.0,1.0291515770582527
1756.0,1.0302170179325705
1757.0,1.0307025077250274
1758.0,1.0305827480918455
1759.0,1.031267249233998
1760.0,1.0329328822549846
1761.0,1.034211112723168
1762.0,1.0359650370265276
1763.0,1.037059373949747
1764.0,1.0371985905535865
1765.0,1.0379796826443433
1766.0,1.0385421293735644
1767.0,1.0397351871700198
1768.0,1.041091814304669
1769.0,1.0419946662164765
1770.0,1.0434492318917024
1771.0,1.0447060321206916
1772.0,1.0461037821379415
1773.0,1.047180233828789
1774.0,1.0473704233315764
1775.0,1.0476693564688742
1776.0,1.0475171139350548
1777.0,1.047973951813735
1778.0,1.0491062154652278
1779.0,1.0495755108906697
1780.0,1.0507643873589478
1781.0,1.051662126395173
1782.0,1.0520748071230002
1783.0,1.05352223694107
1784.0,1.0546062616687077
1785.0,1.0552234766524162
1786.0,1.0558671753956872
1787.0,1.0558655858930361
1788.0,1.0554399369295553
1789.0,1.055686514241894
1790.0,1.0566705502782676
1791.0,1.057745259338287
1792.0,1.059756174174135
1793.0,1.060319450998594
1794.0,1.0606994149045297
1795.0,1.0609722481085904
1796.0,1.0597706202071904
1797.0,1.0600925135266717
1798.0,1.0605507394443838
1799.0,1.061246203399651
1800.0,1.0628996178618264
1801.0,1.0630702459015848
1802.0,1.0646367605710747
1803.0,1.0657005977299443
1804.0,1.0665251255672932
1805.0,1.0686796491964008
1806.0,1.0696807365914185
1807.0,1.0696695598810884
1808.0,1.0694896144770731
1809.0,1.0688095469362893
1810.0,1.068866031750952
1811.0,1.0679287830020276
1812.0,1.068261102267055
1813.0,1.069639983267162
1814.0,1.0705349938920565
1815.0,1.0727207059442203
1816.0,1.0765804474663736
1817.0,1.0779178344306841
1818.0,1.0790948490909522
1819.0,1.0803483308047184
1820.0,1.0789613578863244
1821.0,1.0793309026850813
1822.0,1.081483113013442
1823.0,1.0837583713456473
1824.0,1.0838643061137332
1825.0,1.0838986007155405
1826.0,1.0841027700595858
1827.0,1.082666529937881
1828.0,1.0833105249912895
1829.0,1.0861649511457683
1830.0,1.0875036484532283
1831.0,1.0886772657379862
1832.0,1.0902260112735216
1833.0,1.090611517901987
1834.0,1.0901032206982297
1835.0,1.0905183299298062
1836.0,1.0903647112727104
1837.0,1.0916212916339927
1838.0,1.0941177516725942
1839.0,1.095993760089833
1840.0,1.0986120325615925
1841.0,1.1016618207987698
1842.0,1.1013293155363957
1843.0,1.100310201629529
1844.0,1.099347631862932
1845.0,1.0993220271088797
1846.0,1.100415181262029
1847.0,1.1039501507836373
1848.0,1.1054218387432828
1849.0,1.106306720165615
1850.0,1.1073700738271215
1851.0,1.1075348270178063
1852.0,1.1092167299324924
1853.0,1.1100283031238778
1854.0,1.1104769525689655
1855.0,1.1110312198643357
1856.0,1.1106947932618572
1857.0,1.1107306462032165
1858.0,1.111389699280661
1859.0,1.1115436340619578
1860.0,1.1110528141738703
1861.0,1.1110739556365044
1862.0,1.1116284874148137
1863.0,1.112295816695987
1864.0,1.1144862887616371
1865.0,1.1155358086688278
1866.0,1.115294528390327
1867.0,1.1160747015923689
1868.0,1.1158990475925372
1869.0,1.1142512462047358
1870.0,1.1135935828401926
1871.0,1.1133147895868436
1872.0,1.112322826251931
1873.0,1.1125069804736554
1874.0,1.1124300910796494
1875.0,1.1117521612491192
1876.0,1.1122128865757102
1877.0,1.1114092353311524
1878.0,1.1089056328462692
1879.0,1.107215891926052
1880.0,1.1052094287480085
1881.0,1.1034667031058054
1882.0,1.1015222657696562
1883.0,1.1014707376811892
1884.0,1.0999050485983626
1885.0,1.0967558708279799
1886.0,1.0942289680074546
1887.0,1.0915318325512373
1888.0,1.089108595872059
1889.0,1.086248006440361
1890.0,1.082280666760455
1891.0,1.077492784948261
1892.0,1.0715861018466328
1893.0,1.0646716884992662
1894.0,1.0600159062151868
1895.0,1.0553315302700237
1896.0,1.0487718513958362
1897.0,1.0439809789401002
1898.0,1.0383893459231586
1899.0,1.0326048554072471
1900.0,1.0282979046542033
1901.0,1.0234359689264168
1902.0,1.0185862806579524
1903.0,1.0135871844023354
1904.0,1.0093514469435798
1905.0,1.0044260413660315
1906.0,0.999371564839526
1907.0,0.9951260187705282
1908.0,0.9908542972247052
1909.0,0.9885866884752242
1910.0,0.986702215376441
1911.0,0.9838937615488631
1912.0,0.9816308458156979
1913.0,0.9796376320215314
1914.0,0.9771615036346659
1915.0,0.9752037449094392
1916.0,0.9747841256884375
1917.0,0.9745823090367112
1918.0,0.9738642605028492
1919.0,0.9746501622368989
1920.0,0.9755980358188461
1921.0,0.9752852362737021
1922.0,0.9754793290848052
1923.0,0.9749303611036043
1924.0,0.9742300782497754
1925.0,0.9727382660979987
1926.0,0.9727515606419495
1927.0,0.9734960426844951
1928.0,0.9744503170771159
1929.0,0.9766649723896235
1930.0,0.978884015119868
1931.0,0.979770986334684
1932.0,0.9806645638933409
1933.0,0.9810006495586905
1934.0,0.9810074405078281
1935.0,0.9820887779698092
1936.0,0.9825553041202552
1937.0,0.9829134614781746
1938.0,0.9831836724729296
1939.0,0.9839215813491026
1940.0,0.9844771576135132
1941.0,0.9859908957828031
1942.0,0.987865816334561
1943.0,0.9892218830831647
1944.0,0.9899316496358951
1945.0,0.9907520778904582
1946.0,0.9927419810774936
1947.0,0.9957237333376892
1948.0,0.9984888958281907
1949.0,1.0021640224985155
1950.0,1.0051281413629216
1951.0,1.007198254892522
1952.0,1.0087532333343994
1953.0,1.0097350275637016
1954.0,1.0108957003454757
1955.0,1.0118952777190748
1956.0,1.0131455925797053
1957.0,1.0149726202241316
1958.0,1.0156464984939526
1959.0,1.0167257135817784
1960.0,1.0180161121124123
1961.0,1.019131739698634
1962.0,1.0196425648119354
1963.0,1.0215600168484043
1964.0,1.0237667356970825
1965.0,1.0248134086693281
1966.0,1.0266075334748284
1967.0,1.0276463714310695
1968.0,1.0288787432291695
1969.0,1.0317916386271644
1970.0,1.0340974305994841
1971.0,1.0373303807265621
1972.0,1.0391467052631862
1973.0,1.0393680159382712
1974.0,1.0398807692531495
1975.0,1.0397366468185534
1976.0,1.0400800313020757
1977.0,1.0404803757308823
1978.0,1.0426897602410161
1979.0,1.045418942335193
1980.0,1.0471277202571283
1981.0,1.0493534539545926
1982.0,1.0518725211415356
1983.0,1.053555655374424
1984.0,1.054575125087702
1985.0,1.0555789774177393
1986.0,1.0555339832159047
1987.0,1.056374218491593
1988.0,1.0571465237284214
1989.0,1.0591927964517571
1990.0,1.0610409218378714
1991.0,1.0633722664860976
1992.0,1.0650166005166937
1993.0,1.0656702348118576
1994.0,1.0672315452367906
1995.0,1.0685780373979563
1996.0,1.0705757618271112
1997.0,1.0739904784911598
1998.0,1.0760327855580498
1999.0,1.0781320727263166
2000.0,1.0794521502465506
2001.0,1.0796284949096113
2002.0,1.0798352532387774
2003.0,1.0803202527793034
2004.0,1.0813618486398566
2005.0,1.0842306080083628
2006.0,1.086165849884647
2007.0,1.0894056386573427
2008.0,1.0929214135557646
2009.0,1.0956229221713756
2010.0,1.0990224211498498
2011.0,1.1010340072607356
2012.0,1.100979589954956
2013.0,1.1018044456936233
2014.0,1.102304555010179
2015.0,1.1025871189241425
2016.0,1.1036873428939864
2017.0,1.1074274282034402
2018.0,1.1102973323157612
2019.0,1.1119859660889997
2020.0,1.1127369778314158
2021.0,1.1124743391284735
2022.0,1.1136629180440165
2023.0,1.1147384795818234
2024.0,1.1161109189758855
2025.0,1.1185672027241624
2026.0,1.1205559781351486
2027.0,1.1221859098019102
2028.0,1.1241885562636698
2029.0,1.1263263346210048
2030.0,1.129077114682583
2031.0,1.1315958920737217
2032.0,1.132679545961652
2033.0,1.132987577947572
2034.0,1.1333982179128892
2035.0,1.1344568497986953
2036.0,1.1357756234915597
2037.0,1.136967682220299
2038.0,1.1388384908662312
2039.0,1.1403208415771793
2040.0,1.1415470855270349
2041.0,1.1424811028712478
2042.0,1.1439732124337245
2043.0,1.1447396123675713
2044.0,1.144850603989967
2045.0,1.1438351551007526
2046.0,1.1439832949974535
2047.0,1.1438380286744532
2048.0,1.1441961868688562
2049.0,1.1457933333433434
2050.0,1.1485480531743113
2051.0,1.151647037250777
2052.0,1.1542057042893692
2053.0,1.1581208690308236
2054.0,1.1599465795394772
2055.0,1.1595271074204343
2056.0,1.1601872463473706
2057.0,1.1603502906784253
2058.0,1.1606129358219026
2059.0,1.1603772899954143
2060.0,1.1626446526800696
2061.0,1.1636988312714573
2062.0,1.1644276304396595
2063.0,1.1676037978610463
2064.0,1.1689952053095196
2065.0,1.170458518102445
2066.0,1.172851039672707
2067.0,1.1733529523488726
2068.0,1.1713542520582056
2069.0,1.1720489737955626
2070.0,1.1735124104575976
2071.0,1.1739833260585288
2072.0,1.175079893431239
2073.0,1.1764599206817143
2074.0,1.1773874869871015
2075.0,1.177490741683375
2076.0,1.1800887940394147
2077.0,1.1820411178418373
2078.0,1.182987988829923
2079.0,1.1836762742487443
2080.0,1.1838738724106013
2081.0,1.1853595873777936
2082.0,1.1860622931664822
2083.0,1.1864773674116937
2084.0,1.1873927183543949
2085.0,1.188160108873828
2086.0,1.1888623304790897
2087.0,1.1902323572416325
2088.0,1.1912093292869381
2089.0,1.1920527362890718
2090.0,1.1923079266124665
2091.0,1.1928114781892802
2092.0,1.1929752674889689
2093.0,1.192593654214559
2094.0,1.1926046673484956
2095.0,1.1936291847244827
2096.0,1.195249423520384
2097.0,1.1963608643042924
2098.0,1.1980683522183135
2099.0,1.1989553022213122
2100.0,1.198997291753061
2101.0,1.1989498843652122
2102.0,1.1990428404097422
2103.0,1.1989976138365004
2104.0,1.1984380053649706
2105.0,1.1982382236717097
2106.0,1.1981328878852435
2107.0,1.1976613299842334
2108.0,1.197638041903072
2109.0,1.1974348802432626
2110.0,1.197842639122225
2111.0,1.198414448627874
2112.0,1.2000476645983993
2113.0,1.201816225984306
2114.0,1.2024331942585176
2115.0,1.2023004566295046
2116.0,1.2029890485195536
2117.0,1.202930543073727
2118.0,1.2038767936739392
2119.0,1.2075710307763485
2120.0,1.2077392858116214
2121.0,1.2052694865086468
2122.0,1.204563836268594
2123.0,1.2002070437654273
2124.0,1.201184422143698
2125.0,1.2066690438242906
2126.0,1.2121608624750788
2127.0,1.2177296445251746
2128.0,1.2231109633751789
2129.0,1.2229462323531215
2130.0,1.2220432828723784
2131.0,1.2231390817543653
2132.0,1.2235833433892578
2133.0,1.2236845418651259
2134.0,1.225164817705265
2135.0,1.2243202286201256
2136.0,1.220338776769802
2137.0,1.2189776261862473
2138.0,1.2177472926222752
2139.0,1.2178389623343946
2140.0,1.2214970569610222
2141.0,1.2213055509059618
2142.0,1.2197687746259234
2143.0,1.2175166946778657
2144.0,1.2136147511680233
2145.0,1.2127975441194563
2146.0,1.2160268184487109
2147.0,1.219923096489145
2148.0,1.2245533551269243
2149.0,1.2250240544488202
2150.0,1.2247984050938212
2151.0,1.225114929203872
2152.0,1.224507863466175
2153.0,1.2233384767467341
2154.0,1.2233494093151052
2155.0,1.2224777971557619
2156.0,1.2225108867014103
2157.0,1.2238764965883313
2158.0,1.2248372838875965
2159.0,1.2265893395447127
2160.0,1.2271865609799635
2161.0,1.2270455622334424
2162.0,1.2271432750152902
2163.0,1.2268276711830455
2164.0,1.2256573373169681
2165.0,1.2261262174276975
2166.0,1.2266749584154655
2167.0,1.22592583478254
2168.0,1.2252322638532782
2169.0,1.2235661397038662
2170.0,1.222779122241703
2171.0,1.2235027257928202
2172.0,1.2261981097666723
2173.0,1.2268233982377796
2174.0,1.2278164747628386
2175.0,1.2282814128699993
2176.0,1.2266013689133282
2177.0,1.2269434827884158
2178.0,1.2297253299775233
2179.0,1.2301124953632059
2180.0,1.2291799701066735
2181.0,1.2292018412604158
2182.0,1.229381747118879
2183.0,1.227912022851263
2184.0,1.2259548049148437
2185.0,1.2246207834149054
2186.0,1.2200212901274352
2187.0,1.2178078919622835
2188.0,1.2192572944503086
2189.0,1.2177029475943173
2190.0,1.2160994198453456
2191.0,1.2161326053066583
2192.0,1.215043731463226
2193.0,1.2163924377991209
2194.0,1.2187191456137307
2195.0,1.2243269496768125
2196.0,1.2260264555289542
2197.0,1.2273414345572196
2198.0,1.2280374103349931
2199.0,1.226467215340054
2200.0,1.226209696429262
2201.0,1.2258028514229846
2202.0,1.225855914296776
2203.0,1.2257302721301317
2204.0,1.2264555476578458
2205.0,1.2280106588213873
2206.0,1.2307544944036586
2207.0,1.2317553284986054
2208.0,1.2325287519681087
2209.0,1.2340135965823815
2210.0,1.2330603839615408
2211.0,1.232913057881753
2212.0,1.2335922764730525
2213.0,1.2306994982564972
2214.0,1.2295237548057287
2215.0,1.2284107022376436
2216.0,1.2261768694119024
2217.0,1.2257847111348168
2218.0,1.2275284743189638
2219.0,1.2262800168886012
2220.0,1.223756528679574
2221.0,1.223132603361271
2222.0,1.2212133153353544
2223.0,1.2216975614963255
2224.0,1.2255158464073823
2225.0,1.2273476898831321
2226.0,1.2285757123096976
2227.0,1.2304050031078524
2228.0,1.2320591943903083
2229.0,1.2348946338720042
2230.0,1.239675594367096
2231.0,1.242792338013981
2232.0,1.246692651525115
2233.0,1.2476151402306834
2234.0,1.2489930666799276
2235.0,1.245866843991795
2236.0,1.2421295769577876
2237.0,1.2392913544614585
2238.0,1.2361827571704036
2239.0,1.2381238562027548
2240.0,1.2391681402529435
2241.0,1.2386487369870964
2242.0,1.238596598184516
2243.0,1.2364197364794123
2244.0,1.2331372439431345
2245.0,1.232327925101091
2246.0,1.2325735934550701
2247.0,1.233007371161008
2248.0,1.234536997934075
2249.0,1.2394698535536013
2250.0,1.241522919315428
2251.0,1.2437670449878602
2252.0,1.2423431519467851
2253.0,1.2370533494610465
2254.0,1.2346923647134975
2255.0,1.229109060028936
2256.0,1.228684556463922
2257.0,1.2350382885790219
2258.0,1.2369331175785854
2259.0,1.2379002099749623
2260.0,1.2397451081225588
2261.0,1.2416558555462538
2262.0,1.2400627069548387
2263.0,1.2397095113912493
2264.0,1.2427241831776767
2265.0,1.2408415308327132
2266.0,1.238365721167335
2267.0,1.2356515039076446
2268.0,1.2313810420498765
2269.0,1.2321570664405697
2270.0,1.2337123794061429
2271.0,1.2359701907266711
2272.0,1.2400529000952611
2273.0,1.2407702178959716
2274.0,1.2413983713374346
2275.0,1.2452396802288817
2276.0,1.2489466455823441
2277.0,1.2493992762897645
2278.0,1.2479316170521644
2279.0,1.24626105651954
2280.0,1.2401457605348378
2281.0,1.2399287984100695
2282.0,1.2418217749818101
2283.0,1.244359094314677
2284.0,1.2526551705006426
2285.0,1.2541407711123573
2286.0,1.2527164295082724
2287.0,1.2541240658120352
2288.0,1.251546464989162
2289.0,1.2530041483529941
2290.0,1.2589961572825628
2291.0,1.2617530242929074
2292.0,1.2664047126691524
2293.0,1.2668123011102983
2294.0,1.2647614220276433
2295.0,1.2613961380413814
2296.0,1.2534184453904886
2297.0,1.2473892312436283
2298.0,1.243289613803435
2299.0,1.2437898114101151
2300.0,1.2492249730941372
2301.0,1.253590456559943
2302.0,1.2591689877577363
2303.0,1.262507701023483
2304.0,1.2585133131674773
2305.0,1.2545026686847744
2306.0,1.25353790563932
2307.0,1.248481624573011
2308.0,1.2461098421362362
2309.0,1.2463644747935978
2310.0,1.2396220148320098
2311.0,1.231609555696803
2312.0,1.2311100399218076
2313.0,1.2323067123192846
2314.0,1.2362375400475194
2315.0,1.2445386436455521
2316.0,1.2425569300292023
2317.0,1.2369990977828442
2318.0,1.2392641690899626
2319.0,1.2412297049262102
2320.0,1.2425253819296966
2321.0,1.2522046510367464
2322.0,1.2518745814824375
2323.0,1.2400617251563784
2324.0,1.2376130912131296
2325.0,1.2341427837265244
2326.0,1.236223042963467
2327.0,1.249196733716897
2328.0,1.253539645909708
2329.0,1.2579068695518865
2330.0,1.2595342962862779
2331.0,1.2526953687165212
2332.0,1.2502066782119998
2333.0,1.2516656291266053
2334.0,1.2473080296770325
2335.0,1.2395041277781869
2336.0,1.2355144666293763
2337.0,1.2275789813439264
2338.0,1.2238736147288813
2339.0,1.2266609773143429
2340.0,1.2277410764962142
2341.0,1.2285671746801707
2342.0,1.2309697255323764
2343.0,1.232033747989806
2344.0,1.2367607260269011
2345.0,1.2495792174391773
2346.0,1.2546903269135812
2347.0,1.2571338875014382
2348.0,1.2638711261164899
2349.0,1.2582452678503626
2350.0,1.2455715061372812
2351.0,1.242274235195431
2352.0,1.2322027148602537
2353.0,1.2217040882208927
2354.0,1.2203961711100548
2355.0,1.221024193882982
2356.0,1.2230190320088818
2357.0,1.2262166640666106
2358.0,1.2256722250264822
2359.0,1.221520945560533
2360.0,1.2185546812979158
2361.0,1.2214807706888955
2362.0,1.2305505367335787
2363.0,1.233331295724422
2364.0,1.2378703953051804
2365.0,1.2468578370806982
2366.0,1.2405502940265871
2367.0,1.236362101943868
2368.0,1.2329945078081817
2369.0,1.2217863022114517
2370.0,1.2239329735854663
2371.0,1.233653928718691
2372.0,1.2353567619373578
2373.0,1.2291442986538808
2374.0,1.2223023544584957
2375.0,1.2122301607982315
2376.0,1.2065093466466672
2377.0,1.2165003430837789
2378.0,1.2251600705942944
2379.0,1.2313713713000034
2380.0,1.2378135330395068
2381.0,1.245325823726168
2382.0,1.2452267818391356
2383.0,1.2411200702206275
2384.0,1.2508922244627816
2385.0,1.241053439388041
2386.0,1.2367987043020818
2387.0,1.2435698296125466
2388.0,1.2248661985348073
2389.0,1.2250767795876865
2390.0,1.2322418331590155
2391.0,1.2211776761304753
2392.0,1.218151588318288
2393.0,1.215579648868964
2394.0,1.2113502664342792
2395.0,1.2181762439459356
2396.0,1.2295291146288854
2397.0,1.232547459027327
2398.0,1.2259192072051521
2399.0,1.2109879285436387
2400.0,1.2023899680304606
2401.0,1.203088228605273
2402.0,1.1955913286971982
2403.0,1.1964414902823086
2404.0,1.1922360609871583
2405.0,1.177601647934939
2406.0,1.177859131784498
2407.0,1.1795574692440476
2408.0,1.1830905295718508
2409.0,1.192444604053138
2410.0,1.1989409074257997
2411.0,1.1908428455299398
2412.0,1.182820237640078
2413.0,1.177139921645996
2414.0,1.1657423003604863
2415.0,1.1751845476980625
2416.0,1.1967769655787293
2417.0,1.2148034342187095
2418.0,1.2281272226994129
2419.0,1.2251731192489648
2420.0,1.2112549719339025
2421.0,1.1949856836570076
2422.0,1.1760273277190776
2423.0,1.1614759563870989
2424.0,1.1413837036881225
2425.0,1.1283130242390824
2426.0,1.1179577426697027
2427.0,1.1045029029410376
2428.0,1.1259334577469522
2429.0,1.1410781279975137
2430.0,1.1496978464473566
2431.0,1.1681832639417111
2432.0,1.1595469880769789
2433.0,1.1584809521822443
2434.0,1.1652610997426451
2435.0,1.1561786888159191
2436.0,1.145623304698269
2437.0,1.1280085514886387
2438.0,1.1040997715529113
2439.0,1.0942474146042322
2440.0,1.0875464814977318
2441.0,1.1019698658552963
2442.0,1.1241160649593926
2443.0,1.1297491279149752
2444.0,1.1569623289516795
2445.0,1.1440180987376665
2446.0,1.1164170660051884
2447.0,1.1126431226215663
2448.0,1.0910192178426248
2449.0,1.1021178339612747
2450.0,1.1219731742076582
2451.0,1.129092763332218
2452.0,1.1408325671702193
2453.0,1.1617546120017803
2454.0,1.1758565484956962
2455.0,1.1432552234080866
2456.0,1.1213808518862594
2457.0,1.092654542757503
2458.0,1.041195266620105
2459.0,1.0425480331391406
2460.0,1.056991923111112
2461.0,1.0532499707904124
2462.0,1.0522502922277728
2463.0,1.0457326948991283
2464.0,1.0405446998527925
2465.0,1.036928927786013
2466.0,1.0520275459513524
2467.0,1.062742222767612
2468.0,1.069561645370284
2469.0,1.0760967285434762
2470.0,1.0534810085327257
2471.0,1.0835901522059226
2472.0,1.0859342821961537
2473.0,1.0697984431793466
2474.0,1.0713984330485626
2475.0,1.0530480897057548
2476.0,1.0552391496875868
2477.0,1.103170540552128
2478.0,1.127215391488115
2479.0,1.141479195845674
2480.0,1.147475394484253
2481.0,1.1280740103202365
2482.0,1.1291840422208372
2483.0,1.1458834657181673
2484.0,1.1506805973661522
2485.0,1.168879387944079
2486.0,1.17229967275514
2487.0,1.158599041700209
2488.0,1.1378712270099982
2489.0,1.1003131134686452
2490.0,1.0837081384704477
2491.0,1.0636737750355207
2492.0,1.0447782546992685
2493.0,1.0415982126376313
2494.0,1.027683304796719
2495.0,1.0032462637579485
2496.0,0.999499726086234
2497.0,1.0161866497148897
2498.0,1.0116055182908907
2499.0,0.982421228460269
2500.0,1.0111326973708135
