350.0,-0.2552590683891995
351.0,-0.11238554193502025
352.0,0.013034479288165982
353.0,-0.043031856516028796
354.0,-0.09268096479832788
355.0,-0.055969999637333075
356.0,0.031022808887991006
357.0,-0.05583593352682635
358.0,-0.028819797078737865
359.0,0.030223116130447952
360.0,-0.03606568774371195
361.0,-0.06281904734698109
362.0,-0.02405245633667798
363.0,0.014764538934420283
364.0,-0.015566868548448623
365.0,-0.03204807684193089
366.0,-0.0215787402426296
367.0,-0.005812252917481361
368.0,-0.017735119296923084
369.0,-0.005262072690480103
370.0,0.0032790580586985496
371.0,0.0017927268735837682
372.0,0.013082050363515717
373.0,0.009825988509921552
374.0,0.003774054595940146
375.0,-0.00013443477515717554
376.0,-0.02211929832799141
377.0,-0.015625509864638558
378.0,0.0036457436876141613
379.0,0.01204517097603938
380.0,0.0014026213541102265
381.0,0.004328511962510559
382.0,0.013444919903287495
383.0,0.012539420299546317
384.0,0.016635752741088392
385.0,0.026177628067430375
386.0,0.03138583377106932
387.0,0.021788889634064584
388.0,0.020854708793704994
389.0,0.01941442707080117
390.0,0.017343833673261096
391.0,0.023426008264327974
392.0,0.02120337065275913
393.0,0.02019070772258153
394.0,0.024091808924351105
395.0,0.023036057786462286
396.0,0.019361749911810708
397.0,0.0212903338829172
398.0,0.02965595540271194
399.0,0.02471552605128745
400.0,0.025556766183126065
401.0,0.029453182124434006
402.0,0.029751430297768656
403.0,0.03692339345118291
404.0,0.031902349668266515
405.0,0.022453716599519124
406.0,0.02819660763711757
407.0,0.036560553057513094
408.0,0.036054487485315034
409.0,0.028741396531141963
410.0,0.02873387786381492
411.0,0.024821609949603484
412.0,0.027879045908897525
413.0,0.038423274250217083
414.0,0.0351871805975088
415.0,0.03705702527914207
416.0,0.036674705483640865
417.0,0.028387327862629614
418.0,0.032384784172106884
419.0,0.03397767371519029
420.0,0.034539957446046946
421.0,0.04012590703109929
422.0,0.04035577973033487
423.0,0.036774123674046574
424.0,0.03285651978854629
425.0,0.03244035927055764
426.0,0.03225825928749155
427.0,0.03618845038824413
428.0,0.04225961715706446
429.0,0.038575381793425095
430.0,0.03754466847105442
431.0,0.03899138045780745
432.0,0.039770564049937465
433.0,0.03785223279498667
434.0,0.03746707184796286
435.0,0.03856215401399255
436.0,0.03900630419743329
437.0,0.03715280141563891
438.0,0.03751396503824277
439.0,0.03876360816799545
440.0,0.034842809290170106
441.0,0.03623764308981943
442.0,0.0399018319370905
443.0,0.04185213501569518
444.0,0.04028632875690461
445.0,0.04020937430068775
446.0,0.04073234490195207
447.0,0.03985624682731626
448.0,0.03808820539134133
449.0,0.03922114164335064
450.0,0.0413791885640575
451.0,0.040109770879334254
452.0,0.03929171073728228
453.0,0.03796665795634327
454.0,0.0367812701447253
455.0,0.03866019468093279
456.0,0.0394307825514692
457.0,0.03975522508979611
458.0,0.04047694277201153
459.0,0.04006765326831586
460.0,0.0397495185863987
461.0,0.03965628200397023
462.0,0.039550500389456414
463.0,0.03969329816544158
464.0,0.039872530092023795
465.0,0.0403492910594249
466.0,0.04158096577647839
467.0,0.040417618617761934
468.0,0.0394039712922979
469.0,0.04029370918289736
470.0,0.041812002838881375
471.0,0.04184926877854694
472.0,0.04110317040980147
473.0,0.04090682525296789
474.0,0.041043858992987764
475.0,0.04081098602726692
476.0,0.04062939702093758
477.0,0.04140762268534751
478.0,0.04078990752860145
479.0,0.041721650713469095
480.0,0.043790365086788505
481.0,0.040840593066977696
482.0,0.04022826939390922
483.0,0.04141648523675462
484.0,0.04227731678015921
485.0,0.043032171876911045
486.0,0.04212103915406424
487.0,0.04120977902679828
488.0,0.043008302854540305
489.0,0.04348023562422167
490.0,0.04276135986492156
491.0,0.04192953318349182
492.0,0.042601004893604924
493.0,0.04263790063744636
494.0,0.04172234342087499
495.0,0.04069067575980659
496.0,0.04256813028607894
497.0,0.043166692882501925
498.0,0.0425845974550908
499.0,0.04291148456463464
500.0,0.043996365746631745
501.0,0.04431917327468755
502.0,0.04381058490741744
503.0,0.04415174453090488
504.0,0.043534833725784775
505.0,0.0431592709743911
506.0,0.04394132921764263
507.0,0.04437199072563018
508.0,0.04437769119359257
509.0,0.04442554122191573
510.0,0.0450123237283792
511.0,0.044789344000829866
512.0,0.04469428977432605
513.0,0.045042701668646705
514.0,0.045231141451429036
515.0,0.045067727833600475
516.0,0.044932547982658805
517.0,0.04502693613394483
518.0,0.044554989669307835
519.0,0.045115769498285725
520.0,0.04602140051991006
521.0,0.04573619836409692
522.0,0.045126484148330315
523.0,0.0455285502748325
524.0,0.046630447379329656
525.0,0.0461767609384112
526.0,0.04604250750942983
527.0,0.04613604993145391
528.0,0.04609884955070958
529.0,0.04614392217438702
530.0,0.04640845709059684
531.0,0.04681535109626806
532.0,0.04715954015465654
533.0,0.04729752309882186
534.0,0.047283669916393586
535.0,0.04730077952804766
536.0,0.04767197558043353
537.0,0.047823529512580815
538.0,0.04786617353871752
539.0,0.04809215472812041
540.0,0.048872889497660214
541.0,0.04880937881561796
542.0,0.04804652502303304
543.0,0.04773857379179456
544.0,0.04814879608194186
545.0,0.04882445301104092
546.0,0.04931699155121755
547.0,0.0493577166612748
548.0,0.04935150885503741
549.0,0.04936331159633914
550.0,0.04935693698896397
551.0,0.04933022728052743
552.0,0.04942827678950219
553.0,0.049552066024424635
554.0,0.04947593867607488
555.0,0.050185389930467734
556.0,0.05084343449187748
557.0,0.05086213009617103
558.0,0.05075149270355748
559.0,0.05061281927118809
560.0,0.050773847722148914
561.0,0.05141043738915542
562.0,0.05157372714094713
563.0,0.05163167941164624
564.0,0.05175963376536419
565.0,0.05185041901252796
566.0,0.052064287929816246
567.0,0.05232263443329117
568.0,0.05257294372390217
569.0,0.053038171091905714
570.0,0.052999673786567426
571.0,0.0527653606939754
572.0,0.053078230060959436
573.0,0.05367153297949661
574.0,0.05371430774981233
575.0,0.05323597090332364
576.0,0.05350548187845833
577.0,0.054121079800253456
578.0,0.054532598310561044
579.0,0.0544180101105446
580.0,0.05443944090868309
581.0,0.054802893586184336
582.0,0.05522653223201442
583.0,0.05518904832293383
584.0,0.055582153437128246
585.0,0.056149389532173424
586.0,0.05649582191043041
587.0,0.0562121083420045
588.0,0.05642847524448807
589.0,0.056901801995242314
590.0,0.0570791768504812
591.0,0.0575363400703066
592.0,0.05764932924503002
593.0,0.05753533317894748
594.0,0.05803287504039828
595.0,0.05830863724999281
596.0,0.058393362369077315
597.0,0.05853944890519084
598.0,0.05915544663593249
599.0,0.05959917819523763
600.0,0.059700752113426056
601.0,0.059632986219387216
602.0,0.06013544908256536
603.0,0.06060742656595602
604.0,0.06076039347099867
605.0,0.06092283283088377
606.0,0.061452258633519226
607.0,0.06185393531691685
608.0,0.061744580148780516
609.0,0.06208555172223719
610.0,0.06252928615668711
611.0,0.06294591451879691
612.0,0.06336177744780576
613.0,0.06349385760717666
614.0,0.06369349265351198
615.0,0.06412600898951797
616.0,0.06439397128325859
617.0,0.06465007811946864
618.0,0.06496028804441967
619.0,0.06537114277764393
620.0,0.0659890439995459
621.0,0.06637493664212307
622.0,0.06649743692823118
623.0,0.06677807872312318
624.0,0.06682012902213988
625.0,0.06695748733650599
626.0,0.06744746336017973
627.0,0.06791117762773513
628.0,0.06819872451705272
629.0,0.06839508324225561
630.0,0.06874174794370125
631.0,0.06952020174061485
632.0,0.06989199283751055
633.0,0.06968678998269469
634.0,0.06994905466249911
635.0,0.0705705273142181
636.0,0.07109543949283839
637.0,0.07120747185597263
638.0,0.07179879090708897
639.0,0.07225506359945226
640.0,0.07250316799436392
641.0,0.0729346398150992
642.0,0.07324433826730044
643.0,0.07363417612547506
644.0,0.0742206639463795
645.0,0.07478539125254757
646.0,0.07493782434670772
647.0,0.07511022122309867
648.0,0.07586658462814383
649.0,0.07606090815195231
650.0,0.07644292453137588
651.0,0.07720499634551795
652.0,0.0777018495334389
653.0,0.0781589562549444
654.0,0.0786488441184283
655.0,0.0790810111654301
656.0,0.07884499439506835
657.0,0.07912572469578259
658.0,0.07992677062672583
659.0,0.08049281746958994
660.0,0.08074117711023422
661.0,0.08116741206479008
662.0,0.08193866837171845
663.0,0.08252098962848438
664.0,0.08299963441473313
665.0,0.08338743533245747
666.0,0.08374454517776643
667.0,0.08437268020509388
668.0,0.08487171467104478
669.0,0.08533619953769465
670.0,0.08627233081539154
671.0,0.08651318456296518
672.0,0.08676563608876589
673.0,0.08758310879158122
674.0,0.08831383734489594
675.0,0.0886056649406084
676.0,0.08879307542990111
677.0,0.08944091890270911
678.0,0.09013122703259828
679.0,0.09060520378085854
680.0,0.0909757590137603
681.0,0.0918039783388516
682.0,0.09241312667203741
683.0,0.09283128309545641
684.0,0.09324945590587104
685.0,0.09376554765048216
686.0,0.09410812531400244
687.0,0.09447545342056032
688.0,0.09529541659717528
689.0,0.09598702057499345
690.0,0.09644160630135303
691.0,0.0968125737076302
692.0,0.09760106364037727
693.0,0.0984310620810428
694.0,0.09899546214906524
695.0,0.09923309922626875
696.0,0.10007631652586337
697.0,0.10091558772155144
698.0,0.10147247420110662
699.0,0.10185220227497871
700.0,0.10236534590027561
701.0,0.1030740434920159
702.0,0.10393901811969133
703.0,0.10489467997948819
704.0,0.10529095168173178
705.0,0.10555685317268487
706.0,0.10639407652973565
707.0,0.1069107978055204
708.0,0.10760664503340354
709.0,0.10854751334166561
710.0,0.10918859117929954
711.0,0.10998603173759716
712.0,0.11076936464597283
713.0,0.11131773700754326
714.0,0.11163636776234903
715.0,0.11228390156993812
716.0,0.11320511700286735
717.0,0.11400367075938735
718.0,0.11467415391990768
719.0,0.11541288063109036
720.0,0.11625398950923532
721.0,0.11696331208288077
722.0,0.11759933557979414
723.0,0.1181279694364317
724.0,0.11862287322969685
725.0,0.11968033903381592
726.0,0.12040718997149695
727.0,0.12084978855451403
728.0,0.12168387190697037
729.0,0.12240648174716333
730.0,0.12317983579242701
731.0,0.12408702937071976
732.0,0.12490882457332649
733.0,0.12569726099265618
734.0,0.1264488358081157
735.0,0.1271811469745952
736.0,0.12808184482597437
737.0,0.12892004341337732
738.0,0.12961719808162336
739.0,0.13025511637161602
740.0,0.13114150510876255
741.0,0.132052923893534
742.0,0.13280252599956
743.0,0.13345945316451482
744.0,0.13410025320296962
745.0,0.13481212962729938
746.0,0.13567636222593757
747.0,0.13679317184282175
748.0,0.13766086054729806
749.0,0.1382857135964591
750.0,0.13915366786004585
751.0,0.14002742047096722
752.0,0.14089491286512962
753.0,0.14178724649406177
754.0,0.1427921735161299
755.0,0.14351154551333162
756.0,0.14428035969871997
757.0,0.1454925126310629
758.0,0.1461305624276397
759.0,0.14700517803477958
760.0,0.14821849621187086
761.0,0.14910561934100056
762.0,0.1499489367142164
763.0,0.1508430592319903
764.0,0.15176929524702173
765.0,0.15250148130716648
766.0,0.15330629554802058
767.0,0.15423750249051899
768.0,0.15524113937152473
769.0,0.15623382036091138
770.0,0.15723699075702272
771.0,0.15821394083306642
772.0,0.1590763575774148
773.0,0.15978950848982998
774.0,0.16071732452184825
775.0,0.16196660242584215
776.0,0.16293254935936063
777.0,0.16376976849948555
778.0,0.16465825764604552
779.0,0.1657196505582433
780.0,0.16662523942630056
781.0,0.16751447149305504
782.0,0.1684536961103884
783.0,0.16941285077997156
784.0,0.17029808613383365
785.0,0.17121881496221797
786.0,0.17224290392151728
787.0,0.17326722368291447
788.0,0.1744091757472243
789.0,0.17548274288140225
790.0,0.17636466393866942
791.0,0.17767817746769274
792.0,0.17883765443911548
793.0,0.17979313478932418
794.0,0.18090735680726722
795.0,0.18187732142009372
796.0,0.18290989319113013
797.0,0.1840724224097343
798.0,0.18509924754652454
799.0,0.18604974301314944
800.0,0.18703241961923056
801.0,0.18814500761236222
802.0,0.18941359690345919
803.0,0.19043393787435556
804.0,0.19139275112240967
805.0,0.19271538341496278
806.0,0.1936091061079144
807.0,0.19444172025136
808.0,0.1955578315805024
809.0,0.19709872338278264
810.0,0.19816964181405444
811.0,0.1991143453237214
812.0,0.2002702153082352
813.0,0.20110948891069538
814.0,0.20228718296825962
815.0,0.20357748964994932
816.0,0.20453511550070655
817.0,0.20577356546094167
818.0,0.20711224376828039
819.0,0.208361456088339
820.0,0.20939174804467817
821.0,0.2104599899685055
822.0,0.21169466752964353
823.0,0.2130205045645405
824.0,0.2140464604659684
825.0,0.21526713197806494
826.0,0.21655014681771587
827.0,0.21769603418177935
828.0,0.21900527652583007
829.0,0.22016973422650785
830.0,0.2212495356453266
831.0,0.22248413299008152
832.0,0.22370105034630333
833.0,0.22492513647403636
834.0,0.22616107430905122
835.0,0.22737907228462687
836.0,0.22854184780668615
837.0,0.22964816648450034
838.0,0.23078405765356658
839.0,0.2322121722921854
840.0,0.23354843656057683
841.0,0.2349042555165268
842.0,0.23638705719635722
843.0,0.23742776739278434
844.0,0.2384803313779163
845.0,0.23963701724241787
846.0,0.24078595643155135
847.0,0.24219689652171925
848.0,0.24340800158616668
849.0,0.244451492595326
850.0,0.24593726538409275
851.0,0.2472413591445448
852.0,0.2484653086452832
853.0,0.24973148363809264
854.0,0.2509057435789528
855.0,0.252356402100738
856.0,0.25381993083405746
857.0,0.2549977210317243
858.0,0.2562253117830121
859.0,0.2574680507026203
860.0,0.2588389408681593
861.0,0.260427668755085
862.0,0.261789860018792
863.0,0.2630997640919744
864.0,0.264382352636224
865.0,0.2655159297027285
866.0,0.26696375452472254
867.0,0.2684176136471233
868.0,0.2697494952413389
869.0,0.2712791066122787
870.0,0.27252935423835845
871.0,0.27386162963595245
872.0,0.2755191757334332
873.0,0.27688332741805693
874.0,0.2780225903595364
875.0,0.2793255303592636
876.0,0.28104571920369087
877.0,0.2823113553843706
878.0,0.2835719275859718
879.0,0.2849167216633488
880.0,0.2862433100786191
881.0,0.2878863620537614
882.0,0.28939384527186185
883.0,0.2906877000166765
884.0,0.2920875765236984
885.0,0.29332262428736505
886.0,0.29478552184144435
887.0,0.2965181968475758
888.0,0.29791179594265504
889.0,0.2992122693429888
890.0,0.30083042236587276
891.0,0.30274543564951
892.0,0.3038226837752933
893.0,0.3050454843766909
894.0,0.30651964411841215
895.0,0.30803944020604174
896.0,0.3094080649325486
897.0,0.3108371889418666
898.0,0.31220668768408993
899.0,0.3133998837201123
900.0,0.31516404306726026
901.0,0.31684828902435463
902.0,0.31844926720687683
903.0,0.3203414205794472
904.0,0.32155765971605493
905.0,0.32306081530573055
906.0,0.32496936285136085
907.0,0.32640112357363255
908.0,0.3275002514532707
909.0,0.3291004738101616
910.0,0.33113062078557864
911.0,0.33218720291088527
912.0,0.3336550087397901
913.0,0.33523598781604963
914.0,0.33658529774889984
915.0,0.3379447736955431
916.0,0.3398100084586029
917.0,0.34164758789787686
918.0,0.342905794680736
919.0,0.34372737456411173
920.0,0.3453206102491918
921.0,0.3471558965833796
922.0,0.34849656051905437
923.0,0.3503252544550511
924.0,0.3518344432863604
925.0,0.35328088090400556
926.0,0.3551288295524141
927.0,0.3563947747408288
928.0,0.3580965325117121
929.0,0.35973751053226266
930.0,0.3604397465445531
931.0,0.3625706283306791
932.0,0.364786472036521
933.0,0.3663163826269435
934.0,0.36725021949441605
935.0,0.3691902243503642
936.0,0.3710549916852708
937.0,0.3725006292779748
938.0,0.3740725849758647
939.0,0.37587311892669323
940.0,0.37727886273311834
941.0,0.37866801693378227
942.0,0.3812763470125581
943.0,0.3830143100266734
944.0,0.38413337809412756
945.0,0.38535986596459243
946.0,0.38738403400173127
947.0,0.38898202780687585
948.0,0.39052592087698995
949.0,0.3923397692524175
950.0,0.39425259381607697
951.0,0.39532431698265097
952.0,0.396422957667815
953.0,0.39812298931882467
954.0,0.3999427583715575
955.0,0.4015523157009218
956.0,0.40325499762460487
957.0,0.4050144711887198
958.0,0.4060001520306497
959.0,0.4073251133745437
960.0,0.40951627429220505
961.0,0.4121806990372338
962.0,0.41368817928321566
963.0,0.41544885144633886
964.0,0.417078475816132
965.0,0.41827823314663937
966.0,0.41973561233310025
967.0,0.4220124625884249
968.0,0.4239045080523012
969.0,0.42501442704183673
970.0,0.4273259862049752
971.0,0.42858787164347123
972.0,0.4298044231635968
973.0,0.43183214551701044
974.0,0.4335803997848168
975.0,0.43581070790328785
976.0,0.43765315421170453
977.0,0.4386229179594772
978.0,0.43969759951051224
979.0,0.4418647175133512
980.0,0.4435762411395415
981.0,0.4444747110715256
982.0,0.4474008087654935
983.0,0.449534472999666
984.0,0.4508955024581199
985.0,0.452337081177073
986.0,0.4547847948409976
987.0,0.4554397341812367
988.0,0.45640898180447814
989.0,0.4587712575216673
990.0,0.4604093036002034
991.0,0.46291572918215135
992.0,0.46468297401343656
993.0,0.46524484920052916
994.0,0.46646339532214404
995.0,0.4680791742929485
996.0,0.46994390430119565
997.0,0.4720668299253447
998.0,0.47457397056128126
999.0,0.47695443801285475
1000.0,0.47810603660217454
1001.0,0.49187395166805314
1002.0,0.49571316058161863
1003.0,0.49836891574335174
1004.0,0.5003175489187472
1005.0,0.5033372278365255
1006.0,0.5042453635189404
1007.0,0.5061004817583797
1008.0,0.5065259806730349
1009.0,0.5065134028154744
1010.0,0.5094823410522853
1011.0,0.5114706510303126
1012.0,0.5146290560887439
1013.0,0.5155805383103236
1014.0,0.5167770138338911
1015.0,0.5173936130586584
1016.0,0.5184344906101319
1017.0,0.5188531157991874
1018.0,0.521064966328398
1019.0,0.5233554905963019
1020.0,0.5243252384391608
1021.0,0.5243135102625399
1022.0,0.5238580300446173
1023.0,0.5277858364028393
1024.0,0.5301613918774996
1025.0,0.5316986135429932
1026.0,0.5356440065119137
1027.0,0.5370830478432008
1028.0,0.5389254300716029
1029.0,0.5408035845786626
1030.0,0.544070712050619
1031.0,0.5472450458526836
1032.0,0.5476839265738056
1033.0,0.5450276674642176
1034.0,0.5432987445231998
1035.0,0.543646057406501
1036.0,0.548676906338103
1037.0,0.5540403939808737
1038.0,0.5590084304566807
1039.0,0.5639185955980088
1040.0,0.5643082145070759
1041.0,0.564072063987186
1042.0,0.5641058343897545
1043.0,0.5653821306659454
1044.0,0.5665914141847103
1045.0,0.5690278818251523
1046.0,0.5712990181363313
1047.0,0.5747154524228725
1048.0,0.576749967135567
1049.0,0.577062680714369
1050.0,0.5781436600377655
1051.0,0.5781852951517621
1052.0,0.578402987853661
1053.0,0.5796202283549535
1054.0,0.5804487805388824
1055.0,0.5830299681088362
1056.0,0.5859155594432356
1057.0,0.5896673383128747
1058.0,0.5921579435799791
1059.0,0.5960579100198778
1060.0,0.5987435046006341
1061.0,0.5994022386184906
1062.0,0.6019505578300357
1063.0,0.6026459138302406
1064.0,0.6039007444783164
1065.0,0.606642927105875
1066.0,0.6062222953297296
1067.0,0.6079823601334396
1068.0,0.6110830809057893
1069.0,0.6134556087439098
1070.0,0.6166631386960308
1071.0,0.6180551343247538
1072.0,0.618105182980922
1073.0,0.6173923693136216
1074.0,0.6175189856341319
1075.0,0.6185989257785582
1076.0,0.621924824390896
1077.0,0.6254660122089815
1078.0,0.6292738402723305
1079.0,0.6330980061758122
1080.0,0.6352485584669388
1081.0,0.6378860457349589
1082.0,0.6397264011366356
1083.0,0.6396910773382434
1084.0,0.6412774109317959
1085.0,0.6435758753832119
1086.0,0.6460359421517776
1087.0,0.6489278665112704
1088.0,0.6522003013219928
1089.0,0.6547321919617974
1090.0,0.6570782670415579
1091.0,0.658466574441784
1092.0,0.6599289956063888
1093.0,0.6628412530638469
1094.0,0.664790599654232
1095.0,0.6652449771929259
1096.0,0.6670098823512317
1097.0,0.6692130710163675
1098.0,0.6708177625887192
1099.0,0.6728586179615247
1100.0,0.6762934998009732
1101.0,0.6784437576321439
1102.0,0.6799405161344796
1103.0,0.6812311371433144
1104.0,0.6831407981782346
1105.0,0.6848280309190123
1106.0,0.6857436706159707
1107.0,0.6874264413073917
1108.0,0.6885268519231919
1109.0,0.6900780851997328
1110.0,0.6928066114290942
1111.0,0.6948274872964378
1112.0,0.6965441888732516
1113.0,0.6979403021869863
1114.0,0.6998002490704771
1115.0,0.7012031961841233
1116.0,0.7033523959589021
1117.0,0.7069040771911452
1118.0,0.708907031830224
1119.0,0.710187191311668
1120.0,0.7115338653294616
1121.0,0.7132137952840498
1122.0,0.7154971988801144
1123.0,0.7179609775493444
1124.0,0.7202209390724972
1125.0,0.7228818143083684
1126.0,0.7251612042757017
1127.0,0.7270403791247643
1128.0,0.7290577076676154
1129.0,0.7310642767788016
1130.0,0.7323162350250891
1131.0,0.7339702954778186
1132.0,0.7358587969362579
1133.0,0.7382009074457102
1134.0,0.7406837076863486
1135.0,0.7432809793381785
1136.0,0.746285255417903
1137.0,0.7487867370771232
1138.0,0.7498934257635674
1139.0,0.7500746994829989
1140.0,0.7516009538816371
1141.0,0.7534703801366163
1142.0,0.7551736587324304
1143.0,0.757731452190999
1144.0,0.7601354393519429
1145.0,0.7621957489694258
1146.0,0.7640810492630081
1147.0,0.766512453057684
1148.0,0.7685632711741827
1149.0,0.770160683770446
1150.0,0.771329486510983
1151.0,0.772689209219557
1152.0,0.773526227062662
1153.0,0.7747198326518678
1154.0,0.7764613475204338
1155.0,0.779088038523739
1156.0,0.782024524213331
1157.0,0.7846674475661822
1158.0,0.7874258222066762
1159.0,0.7899561117608219
1160.0,0.792714479179309
1161.0,0.7947301418763213
1162.0,0.7956713560084326
1163.0,0.7974976249043821
1164.0,0.7993236500079408
1165.0,0.8012704029090904
1166.0,0.8040777550326048
1167.0,0.8065037960142154
1168.0,0.8077827530859912
1169.0,0.8092787967230399
1170.0,0.8093638736310843
1171.0,0.8101545785190127
1172.0,0.8117376772406995
1173.0,0.8136422019611205
1174.0,0.8153563927566962
1175.0,0.8181032629504899
1176.0,0.8201733424612961
1177.0,0.821489618735376
1178.0,0.8235367815623836
1179.0,0.8263415828745289
1180.0,0.8283788021651807
1181.0,0.8301244326677217
1182.0,0.8319624513860223
1183.0,0.8336590093768679
1184.0,0.8349845817118987
1185.0,0.8368731611148127
1186.0,0.8394519626941186
1187.0,0.8418566121667257
1188.0,0.8447224301784216
1189.0,0.8469204829339031
1190.0,0.8486766376360374
1191.0,0.8508612582962096
1192.0,0.8527442837352994
1193.0,0.855038310310112
1194.0,0.8585934637877114
1195.0,0.8607440510696446
1196.0,0.8619452676952998
1197.0,0.8636195058641252
1198.0,0.8649404599046489
1199.0,0.8659064546616726
1200.0,0.8678313088616576
1201.0,0.8697219499401861
1202.0,0.8712277662326467
1203.0,0.8730678260612118
1204.0,0.8748456387570652
1205.0,0.8767006272627622
1206.0,0.8784760840917808
1207.0,0.8801721732174711
1208.0,0.8820755043380948
1209.0,0.8843359357551748
1210.0,0.8860281099012031
1211.0,0.8872413360332173
1212.0,0.8889566084395141
1213.0,0.8905101856743185
1214.0,0.8922698193136007
1215.0,0.8945426422673267
1216.0,0.8969685163738426
1217.0,0.8988865860609122
1218.0,0.9002260636625631
1219.0,0.9021569540837685
1220.0,0.9042959035669149
1221.0,0.9061781357981206
1222.0,0.9080743641154827
1223.0,0.9100241822568307
1224.0,0.9118531463477558
1225.0,0.9136841032588313
1226.0,0.9161220755629096
1227.0,0.9176650354208901
1228.0,0.9183111143720588
1229.0,0.9194723628764293
1230.0,0.9200208193108246
1231.0,0.9212700409147458
1232.0,0.9228946125825298
1233.0,0.9250478308610378
1234.0,0.9278309314153846
1235.0,0.9307431583779024
1236.0,0.9329400324362173
1237.0,0.9351747740889679
1238.0,0.9372650053062299
1239.0,0.938950634713343
1240.0,0.9403010599523303
1241.0,0.9412860405500267
1242.0,0.9429648236331513
1243.0,0.9439575116344411
1244.0,0.94595702419014
1245.0,0.9497963160897944
1246.0,0.9522901002460138
1247.0,0.954485871837179
1248.0,0.956438704681723
1249.0,0.9572702834061426
1250.0,0.9588814024012939
1251.0,0.9603164094767795
1252.0,0.9627627501689251
1253.0,0.9650083064570831
1254.0,0.9677661183996721
1255.0,0.9702119874838708
1256.0,0.9727975572377602
1257.0,0.9749327294657385
1258.0,0.9773905176714918
1259.0,0.9787371080796208
1260.0,0.9786541622344592
1261.0,0.9798110323121217
1262.0,0.980443727507021
1263.0,0.9820361512637749
1264.0,0.9851252073819098
1265.0,0.987565467051574
1266.0,0.9901885531898134
1267.0,0.992553794192225
1268.0,0.9951916808194075
1269.0,0.996940962511142
1270.0,0.9983189287887403
1271.0,0.9991480354519607
1272.0,1.0002882910542852
1273.0,1.0006209510194917
1274.0,1.0021394936691392
1275.0,1.0045042668497444
1276.0,1.00638717031634
1277.0,1.0086839342579852
1278.0,1.0105018257753877
1279.0,1.011882342979892
1280.0,1.0134749198699138
1281.0,1.0152048077476006
1282.0,1.0166131881726628
1283.0,1.017608849677544
1284.0,1.0190256398967361
1285.0,1.020112267044567
1286.0,1.021775231769073
1287.0,1.0240080383590486
1288.0,1.0265102902499046
1289.0,1.0289190470191814
1290.0,1.0318631524640796
1291.0,1.0337752460339271
1292.0,1.0354059186917868
1293.0,1.0367215687107099
1294.0,1.03723559205462
1295.0,1.0381560631609592
1296.0,1.038738507979241
1297.0,1.0399919873872674
1298.0,1.0413293404909603
1299.0,1.0431586151443761
1300.0,1.0460558943160252
1301.0,1.0482123120451547
1302.0,1.050049728053983
1303.0,1.0522602105902088
1304.0,1.0543938265750648
1305.0,1.0565224119358416
1306.0,1.0587684668335935
1307.0,1.0615853222226057
1308.0,1.0635743438863543
1309.0,1.0651226666281708
1310.0,1.0667942426197428
1311.0,1.068162708994037
1312.0,1.069829524899336
1313.0,1.0716453172197498
1314.0,1.073263391298463
1315.0,1.0748425956322598
1316.0,1.0764986620322978
1317.0,1.077853550795635
1318.0,1.0796672114778656
1319.0,1.0822789232283043
1320.0,1.0840297106303531
1321.0,1.0851956765103967
1322.0,1.086913048270982
1323.0,1.0884002962584847
1324.0,1.0900020512126722
1325.0,1.0923732648542328
1326.0,1.0943462551100402
1327.0,1.0961058303834723
1328.0,1.0975211903207451
1329.0,1.0989153282948025
1330.0,1.1001457378675892
1331.0,1.1014736817066724
1332.0,1.1026115183057414
1333.0,1.1039226206765398
1334.0,1.1051660243550439
1335.0,1.106868544827322
1336.0,1.1088216762026573
1337.0,1.110777592629276
1338.0,1.1133067522959117
1339.0,1.1153282094539385
1340.0,1.117449065950892
1341.0,1.1189276440869282
1342.0,1.1195379526714735
1343.0,1.120680217644627
1344.0,1.1212351333605828
1345.0,1.1224775770500486
1346.0,1.1245740113983447
1347.0,1.1267962252134727
1348.0,1.1282208996875789
1349.0,1.1294657408309936
1350.0,1.1308795821816984
1351.0,1.13156745593209
1352.0,1.1331761671262888
1353.0,1.1356853803642535
1354.0,1.1374671855076786
1355.0,1.1390686841509112
1356.0,1.1408957855009982
1357.0,1.1425401863698235
1358.0,1.1443534334857064
1359.0,1.14660219176621
1360.0,1.1484409571985414
1361.0,1.1500136166165131
1362.0,1.1517116387621318
1363.0,1.1534296992300612
1364.0,1.1549556711280153
1365.0,1.1563608085001078
1366.0,1.1578103120217882
1367.0,1.1591123753449755
1368.0,1.1605873390049077
1369.0,1.1614556768534772
1370.0,1.1620076727201487
1371.0,1.1630370394845921
1372.0,1.163624030248164
1373.0,1.164888432659343
1374.0,1.1670665556448052
1375.0,1.1685444659453477
1376.0,1.1699314347122705
1377.0,1.1711481869241696
1378.0,1.1719302707622232
1379.0,1.1731737245508442
1380.0,1.1743679055846972
1381.0,1.1759190955793157
1382.0,1.178209944437853
1383.0,1.1798881789337066
1384.0,1.1815851578654235
1385.0,1.1828890274413055
1386.0,1.1834726947362852
1387.0,1.1844019352676232
1388.0,1.185389503905262
1389.0,1.1862807059570613
1390.0,1.187105062558903
1391.0,1.1882838772597373
1392.0,1.1891197891261402
1393.0,1.1898947232109651
1394.0,1.190315643438933
1395.0,1.1905379825916031
1396.0,1.1907177726385834
1397.0,1.1902109771542775
1398.0,1.1907167031389547
1399.0,1.1917986821526254
1400.0,1.1925881030581844
1401.0,1.1939881799458278
1402.0,1.1946566346140877
1403.0,1.1945402387633401
1404.0,1.1949964126747763
1405.0,1.19572210101532
1406.0,1.1960975372857687
1407.0,1.196587190975664
1408.0,1.1969625017661971
1409.0,1.19662110813495
1410.0,1.196852850787533
1411.0,1.1973058877638376
1412.0,1.1979945347723526
1413.0,1.1990914476358912
1414.0,1.2003476302691645
1415.0,1.2009936785694528
1416.0,1.2019096983377355
1417.0,1.2026814933787018
1418.0,1.2030916034100623
1419.0,1.2038083287077248
1420.0,1.2047292679036943
1421.0,1.2056229797842664
1422.0,1.2064629348408644
1423.0,1.2074498824100184
1424.0,1.2086195656710506
1425.0,1.2098027234136226
1426.0,1.2108592359198482
1427.0,1.212236984263547
1428.0,1.214017333445445
1429.0,1.21541837892002
1430.0,1.21673312321753
1431.0,1.2182585704348072
1432.0,1.2196974523646216
1433.0,1.2211894835833241
1434.0,1.22307914055181
1435.0,1.2245860304228036
1436.0,1.2259939062606298
1437.0,1.2270677169598654
1438.0,1.2273028130614632
1439.0,1.228446185050775
1440.0,1.2298710201100724
1441.0,1.2308393071056676
1442.0,1.2325200623845147
1443.0,1.2342571451385265
1444.0,1.2359079165066968
1445.0,1.2375604748435782
1446.0,1.2388763428149012
1447.0,1.2401325442014186
1448.0,1.2413101441544874
1449.0,1.2421118060999239
1450.0,1.2429820143003205
1451.0,1.2439191649055907
1452.0,1.2448818821874665
1453.0,1.2456569503108728
1454.0,1.2465740544500532
1455.0,1.2475840338004793
1456.0,1.2487361171753104
1457.0,1.2501212651285218
1458.0,1.2512043366232317
1459.0,1.2521302836666495
1460.0,1.2533367583417507
1461.0,1.254634146080665
1462.0,1.255616253592695
1463.0,1.256687374879152
1464.0,1.2578052639230222
1465.0,1.2583847203725824
1466.0,1.2593583978506209
1467.0,1.2608891801469637
1468.0,1.2622137352476694
1469.0,1.26343016406668
1470.0,1.2642303805129669
1471.0,1.2651991800817963
1472.0,1.2658616338366557
1473.0,1.2670972149069177
1474.0,1.2687329292830256
1475.0,1.2700611256614367
1476.0,1.2713784739308764
1477.0,1.2728496066466963
1478.0,1.274147169708411
1479.0,1.2757571643280095
1480.0,1.2779792054551105
1481.0,1.2795743411972642
1482.0,1.2808877833156054
1483.0,1.282325385813299
1484.0,1.2833537281547334
1485.0,1.2849145934528168
1486.0,1.2871250650777277
1487.0,1.2886453978061654
1488.0,1.2900633010214875
1489.0,1.291372379300617
1490.0,1.2920239802985394
1491.0,1.293191085026205
1492.0,1.2947258312245304
1493.0,1.2960990466208748
1494.0,1.297690710563192
1495.0,1.298990416246377
1496.0,1.2996709162318287
1497.0,1.301037598264062
1498.0,1.3030161818727206
1499.0,1.304453707362829
1500.0,1.3059676744268296
1501.0,1.3075351146966956
1502.0,1.3085091352794527
1503.0,1.3096623915496601
1504.0,1.3107529600888972
1505.0,1.3119537463344737
1506.0,1.3133768174395026
1507.0,1.314484452408345
1508.0,1.316346152407789
1509.0,1.319077397477408
1510.0,1.3211209710271912
1511.0,1.3235708292674195
1512.0,1.3250155178235634
1513.0,1.3255192476353985
1514.0,1.3266123410072699
1515.0,1.3272790622822916
1516.0,1.3284013288963898
1517.0,1.330255017201521
1518.0,1.331495410831259
1519.0,1.3324407147645259
1520.0,1.3335393221889633
1521.0,1.334292308109178
1522.0,1.3354588854925564
1523.0,1.3369742521730592
1524.0,1.3383765516830601
1525.0,1.3398882727564074
1526.0,1.341461974175083
1527.0,1.343400743696413
1528.0,1.344691004006289
1529.0,1.3455098295061685
1530.0,1.3466343543223946
1531.0,1.3473141134435547
1532.0,1.3483407835989005
1533.0,1.3499227833586065
1534.0,1.3513486277253657
1535.0,1.35287360539295
1536.0,1.3541237023471109
1537.0,1.3550197478155157
1538.0,1.3563718715436013
1539.0,1.35724982512037
1540.0,1.3581945597626914
1541.0,1.3591023975064072
1542.0,1.3598445948947875
1543.0,1.3612257072518767
1544.0,1.362916638877877
1545.0,1.3643096767543827
1546.0,1.3661594466694675
1547.0,1.3675147513885662
1548.0,1.3682937365903598
1549.0,1.369472656903322
1550.0,1.3708497515045792
1551.0,1.3719998750682092
1552.0,1.3731105821012546
1553.0,1.3741335969854462
1554.0,1.3748154909361296
1555.0,1.376068329380709
1556.0,1.3777274407134066
1557.0,1.378917177314411
1558.0,1.3802682705285652
1559.0,1.3814174936894312
1560.0,1.382086387502925
1561.0,1.3829471206037736
1562.0,1.3841174307353459
1563.0,1.384876340584836
1564.0,1.3849648693787782
1565.0,1.3858421114667898
1566.0,1.386944238691954
1567.0,1.3881121044544498
1568.0,1.390199105826398
1569.0,1.3913643428139242
1570.0,1.3918452292498766
1571.0,1.3926459332842636
1572.0,1.3931270868793368
1573.0,1.3938105745742175
1574.0,1.3944922299711362
1575.0,1.3956409583751033
1576.0,1.3970992424420632
1577.0,1.3985355072370145
1578.0,1.4004110179420681
1579.0,1.402212963847279
1580.0,1.403883659710284
1581.0,1.4056177756431585
1582.0,1.4078486685432319
1583.0,1.4094943853428525
1584.0,1.410930921897927
1585.0,1.412026460888498
1586.0,1.4121151664995573
1587.0,1.4128717176500845
1588.0,1.413925446015734
1589.0,1.414812316357394
1590.0,1.4157945712078381
1591.0,1.4172001858569496
1592.0,1.4182320006791498
1593.0,1.418992771675536
1594.0,1.4197676948577889
1595.0,1.4205405638931243
1596.0,1.4214012837841292
1597.0,1.4222056721974217
1598.0,1.4228323030876735
1599.0,1.4235188365540452
1600.0,1.4241654626757296
1601.0,1.4244592510407625
1602.0,1.4251446625299011
1603.0,1.4261733222003625
1604.0,1.426951542109918
1605.0,1.4276587985248297
1606.0,1.4284471374493535
1607.0,1.4292467166482679
1608.0,1.4300214161430804
1609.0,1.4308515250198186
1610.0,1.4316081203081081
1611.0,1.4322615045618163
1612.0,1.4330222897678835
1613.0,1.433692858615098
1614.0,1.4346747282751404
1615.0,1.4359749491322904
1616.0,1.4369565428944024
1617.0,1.4381925169023229
1618.0,1.4388810151447402
1619.0,1.4390259300954202
1620.0,1.4394300213880158
1621.0,1.4396264206199434
1622.0,1.4400145268463458
1623.0,1.4403132560054377
1624.0,1.441106565479453
1625.0,1.4425122732770497
1626.0,1.4432556306806315
1627.0,1.4441043604969
1628.0,1.4447169982465562
1629.0,1.4445568810911453
1630.0,1.4449481788071203
1631.0,1.4456938990242356
1632.0,1.4462860468300793
1633.0,1.4467686128671906
1634.0,1.4475401221082431
1635.0,1.448813954461204
1636.0,1.4494093795760328
1637.0,1.4497870009102416
1638.0,1.4502121038324456
1639.0,1.4498237433128502
1640.0,1.450253145733189
1641.0,1.4515296678961838
1642.0,1.452246038391208
1643.0,1.4531685636882656
1644.0,1.4536506331314127
1645.0,1.4535304643037272
1646.0,1.4536688404390112
1647.0,1.4537459558149484
1648.0,1.453827307362327
1649.0,1.4540404188104175
1650.0,1.4540780131330264
1651.0,1.4537779024096256
1652.0,1.4538812294702754
1653.0,1.454535049507679
1654.0,1.4543873958568814
1655.0,1.4539607497011142
1656.0,1.4535729669324864
1657.0,1.452187693985201
1658.0,1.4518074224067798
1659.0,1.452163638223547
1660.0,1.4524730651910944
1661.0,1.452930764242758
1662.0,1.4537958020138513
1663.0,1.4552020798788268
1664.0,1.4562345305228748
1665.0,1.4579207676710009
1666.0,1.458728753752935
1667.0,1.4580979949745674
1668.0,1.458727240627085
1669.0,1.459663207604807
1670.0,1.4606648333368637
1671.0,1.462603712922704
1672.0,1.4641092517125642
1673.0,1.4652567028884529
1674.0,1.4664323673911217
1675.0,1.4675207952700322
1676.0,1.4688700370076295
1677.0,1.4703850314019655
1678.0,1.4716855556785067
1679.0,1.473032102595385
1680.0,1.4744368756850768
1681.0,1.4759546357786688
1682.0,1.477056379424295
1683.0,1.4776110838934027
1684.0,1.4787923240097642
1685.0,1.4801519392772382
1686.0,1.481255585397663
1687.0,1.4830925637762182
1688.0,1.4843045445287546
1689.0,1.4845280763468645
1690.0,1.4850449711675897
1691.0,1.485778675200431
1692.0,1.4861584232152685
1693.0,1.4861496809537373
1694.0,1.486649199989114
1695.0,1.4871080376136854
1696.0,1.4876900256899042
1697.0,1.4888591912202231
1698.0,1.4894582017969882
1699.0,1.4896128227402519
1700.0,1.490004576025048
1701.0,1.4901829343762063
1702.0,1.490833707056231
1703.0,1.491906259346124
1704.0,1.4929303138897014
1705.0,1.493672135335666
1706.0,1.4952092267881492
1707.0,1.498102582892437
1708.0,1.4993213051615268
1709.0,1.500688336522299
1710.0,1.501104524676536
1711.0,1.4988350787258498
1712.0,1.4985172701840155
1713.0,1.4992412077501953
1714.0,1.4993519984502655
1715.0,1.4999560384219455
1716.0,1.5004135569247783
1717.0,1.5001831180182381
1718.0,1.5005705346567078
1719.0,1.501923223362284
1720.0,1.5022365645546856
1721.0,1.5017194660395767
1722.0,1.501898729549172
1723.0,1.501716714192129
1724.0,1.5021115354736445
1725.0,1.5041709327085415
1726.0,1.5044777214572673
1727.0,1.5036466020023587
1728.0,1.5034938957687582
1729.0,1.5022155670070605
1730.0,1.5023155611284262
1731.0,1.5037994347752037
1732.0,1.5047731021745259
1733.0,1.5062557278957756
1734.0,1.5071341995354823
1735.0,1.5077837672332859
1736.0,1.5081695725927937
1737.0,1.5082071170818523
1738.0,1.5080277321555688
1739.0,1.5071561064788033
1740.0,1.5071118592291752
1741.0,1.5074245802595272
1742.0,1.507658031093707
1743.0,1.508574182228907
1744.0,1.5086203741488708
1745.0,1.5075741983087376
1746.0,1.507885390519748
1747.0,1.5087308556459726
1748.0,1.5092773602602982
1749.0,1.5105607351451489
1750.0,1.5111337435207266
1751.0,1.5112231288196638
1752.0,1.5110252207918777
1753.0,1.510278005967384
1754.0,1.5102947998767011
1755.0,1.5101823895864892
1756.0,1.510466999901569
1757.0,1.5116174030660992
1758.0,1.5117671054769728
1759.0,1.5115179721892547
1760.0,1.512134997585838
1761.0,1.5125955074316413
1762.0,1.513151123435848
1763.0,1.5143232772590114
1764.0,1.5150750703341045
1765.0,1.5154969556652713
1766.0,1.516289890625679
1767.0,1.5168698583068552
1768.0,1.5177438279437658
1769.0,1.5187953888933956
1770.0,1.5188047452671651
1771.0,1.5190681608328584
1772.0,1.519750289867078
1773.0,1.5199209289030076
1774.0,1.5208585187745502
1775.0,1.5214601200274465
1776.0,1.5202932510963882
1777.0,1.5199816984387502
1778.0,1.5202342817573737
1779.0,1.520414786071812
1780.0,1.521548269062041
1781.0,1.522569500187549
1782.0,1.522938963928301
1783.0,1.5230716894799015
1784.0,1.523873433573926
1785.0,1.5244019826061985
1786.0,1.5244608052128792
1787.0,1.5251305758505203
1788.0,1.5259325999990192
1789.0,1.5263553864680872
1790.0,1.5266236787629215
1791.0,1.5275680944861723
1792.0,1.5280852201074675
1793.0,1.5294193415500017
1794.0,1.5323689758176595
1795.0,1.533449053559937
1796.0,1.5341161023069672
1797.0,1.5347260761075598
1798.0,1.5339628959878886
1799.0,1.5340956848741083
1800.0,1.5343806895911243
1801.0,1.5228184727165957
1802.0,1.5208958128007266
1803.0,1.5189822399532684
1804.0,1.5192880272782978
1805.0,1.5220785678659081
1806.0,1.5234941460178293
1807.0,1.5248723788365077
1808.0,1.5260911021202177
1809.0,1.5280922484156687
1810.0,1.5291521270861996
1811.0,1.52938987567594
1812.0,1.5299511476231857
1813.0,1.5309058765686692
1814.0,1.52970273573084
1815.0,1.5297125712344761
1816.0,1.5290855884838777
1817.0,1.5305852493171108
1818.0,1.5346504088939417
1819.0,1.5358983675956017
1820.0,1.537308953377802
1821.0,1.5380760224553425
1822.0,1.5372987263639455
1823.0,1.5352408629483942
1824.0,1.5341059316081962
1825.0,1.533488626888982
1826.0,1.5335193422378326
1827.0,1.5330519928227255
1828.0,1.5339985807943073
1829.0,1.5380131612704782
1830.0,1.5394109867047345
1831.0,1.539894314017948
1832.0,1.5400581694648772
1833.0,1.5408802202579044
1834.0,1.5403061954727637
1835.0,1.541217984298051
1836.0,1.5442552829908323
1837.0,1.5456263932097045
1838.0,1.5467056657824023
1839.0,1.5468397721154812
1840.0,1.5461204318221347
1841.0,1.545305104142422
1842.0,1.5439581256864998
1843.0,1.5432836332013995
1844.0,1.5442074365564131
1845.0,1.5448376870737062
1846.0,1.544769789459788
1847.0,1.5443501317007804
1848.0,1.5442792075337421
1849.0,1.5441047643041046
1850.0,1.5433902206971086
1851.0,1.542006952338792
1852.0,1.5423511523156894
1853.0,1.5419822951712185
1854.0,1.5405021723058865
1855.0,1.5400040988627202
1856.0,1.5393874991704155
1857.0,1.5384248830473215
1858.0,1.5365538550740003
1859.0,1.5358175287721536
1860.0,1.5352666705902915
1861.0,1.5356049984569515
1862.0,1.5355959115813358
1863.0,1.5342820427331438
1864.0,1.533714366591634
1865.0,1.5325166165695507
1866.0,1.5318803762993105
1867.0,1.5339050581474856
1868.0,1.534282831563457
1869.0,1.535875345649645
1870.0,1.5343065266800808
1871.0,1.5308245810834178
1872.0,1.5260977338099562
1873.0,1.5226475769494383
1874.0,1.519103704222302
1875.0,1.5174817465423904
1876.0,1.5162494603702314
1877.0,1.5109115960712136
1878.0,1.5047108710893142
1879.0,1.4999849923906392
1880.0,1.4951542650372234
1881.0,1.4897978587183698
1882.0,1.48513735037977
1883.0,1.480566386875648
1884.0,1.4754514561649605
1885.0,1.4686925673539233
1886.0,1.4618764338921515
1887.0,1.4552851936245936
1888.0,1.4474853771461533
1889.0,1.4390143093307712
1890.0,1.4306093215927658
1891.0,1.4226241834698903
1892.0,1.4146587062936522
1893.0,1.4040062679627068
1894.0,1.3925094480271947
1895.0,1.3820478904355025
1896.0,1.3706366722110075
1897.0,1.3609474810456648
1898.0,1.352884901228407
1899.0,1.3427208776485862
1900.0,1.3331604031248154
1901.0,1.3250355682813693
1902.0,1.317710010386598
1903.0,1.3092401015274828
1904.0,1.3023230940153006
1905.0,1.2948248627685304
1906.0,1.2835469870064464
1907.0,1.2749470469602282
1908.0,1.2672482640357
1909.0,1.2584053978654237
1910.0,1.2529292770494926
1911.0,1.2477769641862646
1912.0,1.2419177255608744
1913.0,1.2375389100685992
1914.0,1.2352284561303437
1915.0,1.2319954061760738
1916.0,1.2282967240426412
1917.0,1.2262315461827415
1918.0,1.2235309838991069
1919.0,1.2211044084230158
1920.0,1.2201647283460544
1921.0,1.2192310809542017
1922.0,1.2190188050052817
1923.0,1.2194244446506484
1924.0,1.2192329211427304
1925.0,1.2184611034406914
1926.0,1.2184962778535076
1927.0,1.2187017531063526
1928.0,1.2195142895095634
1929.0,1.2206043427614168
1930.0,1.220324685246082
1931.0,1.2208374883874438
1932.0,1.2208221004922075
1933.0,1.2211652328148372
1934.0,1.2225592199708908
1935.0,1.224101915395558
1936.0,1.225488731500649
1937.0,1.2270191563585617
1938.0,1.2289883637565193
1939.0,1.231085535871505
1940.0,1.2312451597611112
1941.0,1.231631456288643
1942.0,1.2311879208598973
1943.0,1.2314048414277217
1944.0,1.2339420216975312
1945.0,1.236163926568616
1946.0,1.239254374241737
1947.0,1.2426964068191986
1948.0,1.2448391551870606
1949.0,1.2458624766931934
1950.0,1.2468598376978128
1951.0,1.249179799875759
1952.0,1.2505344050640603
1953.0,1.2528680192457395
1954.0,1.256783230204234
1955.0,1.2580831513213468
1956.0,1.2591892296734513
1957.0,1.2608116517758634
1958.0,1.2618915360357754
1959.0,1.2637004142652064
1960.0,1.266831422849754
1961.0,1.2688527295194825
1962.0,1.2704828324379123
1963.0,1.2727163290750223
1964.0,1.2727882045331225
1965.0,1.273685206809263
1966.0,1.276864389224828
1967.0,1.2788708358634928
1968.0,1.2814660921179903
1969.0,1.2831952230374177
1970.0,1.2843105667104155
1971.0,1.2849094271277246
1972.0,1.2857239951318131
1973.0,1.2872905835166257
1974.0,1.2887759620833865
1975.0,1.2895291548767922
1976.0,1.2909639301624587
1977.0,1.293704271575114
1978.0,1.2971402958937364
1979.0,1.3005575477970748
1980.0,1.3029201364116252
1981.0,1.3045500102982615
1982.0,1.3052267227761194
1983.0,1.3049061876497448
1984.0,1.3049203682176123
1985.0,1.306283335090576
1986.0,1.3079992315577977
1987.0,1.3104219364828733
1988.0,1.314423977308777
1989.0,1.3190136184910823
1990.0,1.321554182166012
1991.0,1.3238452624939918
1992.0,1.3256660385536725
1993.0,1.3257977281805002
1994.0,1.3261394919425125
1995.0,1.3282626690437327
1996.0,1.3309118054547453
1997.0,1.3344876475029466
1998.0,1.3381054554555154
1999.0,1.3432498195729512
2000.0,1.3469290565075491
2001.0,1.350558118678456
2002.0,1.3527154053016275
2003.0,1.3542812836971914
2004.0,1.354408731048637
2005.0,1.3536804018790303
2006.0,1.353376632408833
2007.0,1.3542302132592312
2008.0,1.3562272850365409
2009.0,1.3579030009512207
2010.0,1.3604574548106332
2011.0,1.3625105984631125
2012.0,1.364703676828872
2013.0,1.3661661711576594
2014.0,1.3670228165585605
2015.0,1.3683056461008956
2016.0,1.3697031968454099
2017.0,1.3707106240308657
2018.0,1.3740857311150818
2019.0,1.377313955943519
2020.0,1.3787621329736381
2021.0,1.3796661640235792
2022.0,1.3808412911584749
2023.0,1.3817968345987874
2024.0,1.3834458798155316
2025.0,1.3872384984412822
2026.0,1.3892939893821539
2027.0,1.389843073035831
2028.0,1.3914430138010918
2029.0,1.393652934508034
2030.0,1.3945165438790794
2031.0,1.3952705161558767
2032.0,1.3979004678020754
2033.0,1.3990038917644645
2034.0,1.3996456711351544
2035.0,1.4001341472348263
2036.0,1.4006719576885274
2037.0,1.4034012160558236
2038.0,1.4085704525871514
2039.0,1.4110883603335893
2040.0,1.4146174959106017
2041.0,1.416515338448326
2042.0,1.414678531526576
2043.0,1.4154080747676796
2044.0,1.4170989661797293
2045.0,1.4198219008775927
2046.0,1.4221348897219301
2047.0,1.4224046054519168
2048.0,1.4230815315153855
2049.0,1.4241811575005447
2050.0,1.423136937384449
2051.0,1.4228448843332078
2052.0,1.4224238476250128
2053.0,1.419722633749633
2054.0,1.419456059665827
2055.0,1.421613484305642
2056.0,1.4226188871067678
2057.0,1.4248643365669305
2058.0,1.426071747669321
2059.0,1.4263650739205311
2060.0,1.4256182650110782
2061.0,1.4277113786340494
2062.0,1.4282308607597538
2063.0,1.4286980451943083
2064.0,1.4311370001216368
2065.0,1.4319856860466327
2066.0,1.43324876127658
2067.0,1.4348759524172605
2068.0,1.4381457871786294
2069.0,1.439187031388867
2070.0,1.4382321822804398
2071.0,1.4391384538672702
2072.0,1.4413898938545273
2073.0,1.4420344021432148
2074.0,1.4424953871081019
2075.0,1.4433418872794825
2076.0,1.442485782316102
2077.0,1.4395700847651203
2078.0,1.4404834361542238
2079.0,1.4414363439655773
2080.0,1.4421701062976666
2081.0,1.4437154729419195
2082.0,1.4441650236797512
2083.0,1.4435444734078844
2084.0,1.4435472936269167
2085.0,1.4426963575229668
2086.0,1.4433265294805233
2087.0,1.4449416859851827
2088.0,1.4461744955714195
2089.0,1.4481086483670853
2090.0,1.4504538365317676
2091.0,1.450749403632214
2092.0,1.451664378183246
2093.0,1.451481503764902
2094.0,1.450526154941693
2095.0,1.450473907723778
2096.0,1.4495289643479148
2097.0,1.4501444104427281
2098.0,1.4520775707765639
2099.0,1.4526193419694369
2100.0,1.454015202273314
2101.0,1.4546698788117502
2102.0,1.4539580508491294
2103.0,1.4538584372665289
2104.0,1.4538152578053674
2105.0,1.45385618161057
2106.0,1.4533219729421554
2107.0,1.4538458032323194
2108.0,1.456004433186727
2109.0,1.4551126540737467
2110.0,1.454226504100912
2111.0,1.454337123270106
2112.0,1.4533115401397216
2113.0,1.4529986103597328
2114.0,1.4522899423953823
2115.0,1.4507085141194433
2116.0,1.450969454078832
2117.0,1.4518406848981755
2118.0,1.4534659861034163
2119.0,1.457752076125031
2120.0,1.459034759914897
2121.0,1.4578138355109076
2122.0,1.4591236228355373
2123.0,1.460805533151601
2124.0,1.4624829547724585
2125.0,1.4665015663563543
2126.0,1.469741331144016
2127.0,1.4681564020856834
2128.0,1.4678744956886505
2129.0,1.4686009253853123
2130.0,1.4673959056350137
2131.0,1.4667042249374458
2132.0,1.4664368855988537
2133.0,1.4663112539005434
2134.0,1.4656243471992074
2135.0,1.465045588767678
2136.0,1.4656501657610532
2137.0,1.464683097816466
2138.0,1.4618218979684832
2139.0,1.460819526580318
2140.0,1.4600251065669683
2141.0,1.4598088961974123
2142.0,1.4607957263941296
2143.0,1.4609096739533702
2144.0,1.4623780620957705
2145.0,1.4643629649892929
2146.0,1.464962615696457
2147.0,1.4651398971593632
2148.0,1.4647223698471625
2149.0,1.4631709945331408
2150.0,1.4630714031009937
2151.0,1.464652830790555
2152.0,1.4640833825711643
2153.0,1.4626464356315607
2154.0,1.4613640199240427
2155.0,1.457623600198822
2156.0,1.4567787281729139
2157.0,1.4581189589607169
2158.0,1.4586358993814326
2159.0,1.4609321120583574
2160.0,1.4615275463959345
2161.0,1.4605408153434345
2162.0,1.4601295585853837
2163.0,1.4591766647542628
2164.0,1.4583555045675958
2165.0,1.4598809476159822
2166.0,1.4599468601368528
2167.0,1.4582210299896685
2168.0,1.4577631374478945
2169.0,1.455787118565692
2170.0,1.4539628925940151
2171.0,1.452650031092475
2172.0,1.4512191213790717
2173.0,1.4511055220358149
2174.0,1.4526118642852592
2175.0,1.4528626789127528
2176.0,1.4546072470016564
2177.0,1.4549917087885391
2178.0,1.4519213954421202
2179.0,1.4517083564003976
2180.0,1.4544916193506399
2181.0,1.4542902203257475
2182.0,1.4535671696755563
2183.0,1.4528717714876886
2184.0,1.4501074895187087
2185.0,1.4469145189419592
2186.0,1.4472762700528155
2187.0,1.4508391353077603
2188.0,1.4525082562796738
2189.0,1.4544933018409165
2190.0,1.4562946804499413
2191.0,1.4547336183270458
2192.0,1.4526268240473685
2193.0,1.4496808212828614
2194.0,1.447594251659977
2195.0,1.4435757231044277
2196.0,1.4429765720547898
2197.0,1.4447328346369093
2198.0,1.4466373138139108
2199.0,1.4510974118749267
2200.0,1.453159245829545
2201.0,1.4558853237484863
2202.0,1.4557708019529163
2203.0,1.4519180938457632
2204.0,1.450270984939964
2205.0,1.446094674918496
2206.0,1.4472845647518082
2207.0,1.4500451219037074
2208.0,1.4498820122143696
2209.0,1.450571754003433
2210.0,1.447685440145476
2211.0,1.444734935863431
2212.0,1.4433683998179787
2213.0,1.44229760022935
2214.0,1.4427275749740454
2215.0,1.4411785526530347
2216.0,1.4409302237414543
2217.0,1.4400843967094499
2218.0,1.437582487629761
2219.0,1.4380952780142158
2220.0,1.4398460050361868
2221.0,1.441274870531028
2222.0,1.4469486889646908
2223.0,1.4474795907885858
2224.0,1.4439434837633454
2225.0,1.4437083942034787
2226.0,1.4413152694146152
2227.0,1.4407307422018016
2228.0,1.4444388300931383
2229.0,1.4459475089065477
2230.0,1.4466636138863118
2231.0,1.4474135151047063
2232.0,1.4493716932917755
2233.0,1.446310194619217
2234.0,1.443742406891867
2235.0,1.4454216596379412
2236.0,1.4478102766107586
2237.0,1.4502067088297745
2238.0,1.4508725559647664
2239.0,1.446342933956355
2240.0,1.4384316844224685
2241.0,1.4303404544026566
2242.0,1.4266931332565902
2243.0,1.4259344058378411
2244.0,1.4291364501523767
2245.0,1.4353327399561033
2246.0,1.438354103302919
2247.0,1.4435401471551514
2248.0,1.4427338922838728
2249.0,1.436934643550743
2250.0,1.4320634894526216
2251.0,1.421504329053667
2252.0,1.416796346228456
2253.0,1.4145788618513322
2254.0,1.4132435155620284
2255.0,1.4158313294584999
2256.0,1.4160794157357668
2257.0,1.4158430199096925
2258.0,1.415958265056684
2259.0,1.415500364185192
2260.0,1.4166458637246628
2261.0,1.4202115384383462
2262.0,1.4209514699516803
2263.0,1.4203655154216759
2264.0,1.416779928897212
2265.0,1.4125786730156025
2266.0,1.4096751856347678
2267.0,1.4065667579355392
2268.0,1.4027633144370801
2269.0,1.3993063342895053
2270.0,1.398293926094017
2271.0,1.398950036027304
2272.0,1.404024798781086
2273.0,1.4081983837478
2274.0,1.4075983474630724
2275.0,1.411307995397461
2276.0,1.4109098688996722
2277.0,1.4111527884287638
2278.0,1.4127334391899498
2279.0,1.4133703540842815
2280.0,1.412213440642116
2281.0,1.4114196873942915
2282.0,1.4108576124053174
2283.0,1.408104163615578
2284.0,1.4026239901676893
2285.0,1.4012448123189718
2286.0,1.3988482781335696
2287.0,1.4006083152809958
2288.0,1.4086695356613677
2289.0,1.411308170159027
2290.0,1.4158170588910346
2291.0,1.417409097618798
2292.0,1.4144450290968196
2293.0,1.4120410439760598
2294.0,1.4070747826790568
2295.0,1.4035443746328373
2296.0,1.3997824647105008
2297.0,1.3971096675458792
2298.0,1.3938757971056903
2299.0,1.3912996237063797
2300.0,1.3895376145789382
2301.0,1.3898547817176898
2302.0,1.392018118765039
2303.0,1.394430387010364
2304.0,1.39404697840234
2305.0,1.3949498758356578
2306.0,1.3993490591534932
2307.0,1.4025435507623718
2308.0,1.4048308190838217
2309.0,1.4045883197943245
2310.0,1.40266067198344
2311.0,1.3998483154469321
2312.0,1.39726364832492
2313.0,1.3986105619424218
2314.0,1.3971747923897955
2315.0,1.3949216842447103
2316.0,1.3937566454635064
2317.0,1.3915527806946728
2318.0,1.3899140711271323
2319.0,1.3876908422020522
2320.0,1.3888582849511675
2321.0,1.3919688704319901
2322.0,1.3955872527297761
2323.0,1.403664085873706
2324.0,1.407878053594704
2325.0,1.4126417400781799
2326.0,1.4122382435946996
2327.0,1.406513817897426
2328.0,1.4042076869780604
2329.0,1.398789595329006
2330.0,1.3969251600212245
2331.0,1.3988554282199253
2332.0,1.397602431276395
2333.0,1.396280663025098
2334.0,1.3942898424032608
2335.0,1.391654603724145
2336.0,1.3895192214629046
2337.0,1.3866293909752356
2338.0,1.3850103301613386
2339.0,1.3817045752164625
2340.0,1.3808463756461125
2341.0,1.3837593580450993
2342.0,1.3853687692048948
2343.0,1.3878240440400618
2344.0,1.390466637265607
2345.0,1.3962624760385842
2346.0,1.3934802053257582
2347.0,1.3846238280720886
2348.0,1.378783385908672
2349.0,1.3712841730404124
2350.0,1.3674796750576337
2351.0,1.373812625364316
2352.0,1.380698906797478
2353.0,1.3879209365940655
2354.0,1.3907765192496329
2355.0,1.3888850245306272
2356.0,1.3884130288630911
2357.0,1.3783136425754785
2358.0,1.3657826412367027
2359.0,1.3587522080695205
2360.0,1.3465476310086602
2361.0,1.3508982629802586
2362.0,1.3612414984722694
2363.0,1.3572589489857512
2364.0,1.3655318027742218
2365.0,1.3590130626005168
2366.0,1.3490941514119315
2367.0,1.3600085391533407
2368.0,1.3605880296034991
2369.0,1.367422034449471
2370.0,1.3705135133808073
2371.0,1.3604189331485865
2372.0,1.359204576978158
2373.0,1.353554373137208
2374.0,1.350653699118666
2375.0,1.3495188462770014
2376.0,1.3474797731613415
2377.0,1.3555142015141814
2378.0,1.3596275222454446
2379.0,1.35942286468354
2380.0,1.3505172582527625
2381.0,1.3302974200688906
2382.0,1.3171910858675917
2383.0,1.3158209445838
2384.0,1.3227964573170752
2385.0,1.3395271797346269
2386.0,1.350284619337082
2387.0,1.3460758536776591
2388.0,1.3395239059533377
2389.0,1.3309130228849382
2390.0,1.3219853774791661
2391.0,1.3143779009003411
2392.0,1.316129051876162
2393.0,1.315084144015399
2394.0,1.301736329823739
2395.0,1.3045805059761557
2396.0,1.3059480683474338
2397.0,1.2992088520644847
2398.0,1.3026613851649556
2399.0,1.2904308864889091
2400.0,1.2753668672678913
2401.0,1.2791170458258898
2402.0,1.2811086072813538
2403.0,1.2930024076794846
2404.0,1.3093505104327665
2405.0,1.3077030854279976
2406.0,1.312875675735319
2407.0,1.3118953204212194
2408.0,1.3014659601289775
2409.0,1.3015138061532587
2410.0,1.2917618723136157
2411.0,1.2922813115991423
2412.0,1.3038039765414673
2413.0,1.2979807546627502
2414.0,1.3000235774239595
2415.0,1.3041262205827233
2416.0,1.300589792581654
2417.0,1.3107759462247954
2418.0,1.3095779030207675
2419.0,1.2858635762449535
2420.0,1.2709426736019194
2421.0,1.270720923136302
2422.0,1.2785826735529313
2423.0,1.2883410089526872
2424.0,1.2993517323569364
2425.0,1.2967434334333008
2426.0,1.2795184266492823
2427.0,1.2702890984393274
2428.0,1.2663233644028302
2429.0,1.2584638110070046
2430.0,1.2459688563043947
2431.0,1.240959265532942
2432.0,1.2421451699722572
2433.0,1.242892273290941
2434.0,1.236935518161436
2435.0,1.2375093009634597
2436.0,1.2338592504131538
2437.0,1.2085200579785784
2438.0,1.1984626347274385
2439.0,1.1905209003170991
2440.0,1.1650847615415723
2441.0,1.1533846487293522
2442.0,1.1707703275732955
2443.0,1.1892190192983971
2444.0,1.2103773510489837
2445.0,1.2297680410877543
2446.0,1.2233528687560222
2447.0,1.2138093366292828
2448.0,1.2021838048667934
2449.0,1.1948267627763793
2450.0,1.1957104730337007
2451.0,1.201214558797954
2452.0,1.2115096369413132
2453.0,1.2215233543751092
2454.0,1.2216381663870437
2455.0,1.2236810406858207
2456.0,1.198838870577273
2457.0,1.1591466639543142
2458.0,1.1709335249852468
2459.0,1.1832038156659843
2460.0,1.2008920308023698
2461.0,1.2255874601006405
2462.0,1.21322296634074
2463.0,1.202718849618401
2464.0,1.1895476680303378
2465.0,1.1980426402020277
2466.0,1.2212789577620777
2467.0,1.1960159300864939
2468.0,1.1730748826238366
2469.0,1.1699183897835652
2470.0,1.1515856750498565
2471.0,1.1744744755926744
2472.0,1.1726925154390215
2473.0,1.1370896614304267
2474.0,1.131860961580982
2475.0,1.131944012549837
2476.0,1.1389859156262234
2477.0,1.1769353403629517
2478.0,1.1955168143376205
2479.0,1.2043689054671145
2480.0,1.199557330908055
2481.0,1.1837874447264038
2482.0,1.169744646278356
2483.0,1.1474185852465228
2484.0,1.144099630976192
2485.0,1.1411435280139952
2486.0,1.142857934771154
2487.0,1.157325307269908
2488.0,1.1667192195337917
2489.0,1.1910277909623193
2490.0,1.1870288033093086
2491.0,1.1609594286682918
2492.0,1.1442739029975075
2493.0,1.1140602766938812
2494.0,1.1043149503906673
2495.0,1.106098316538349
2496.0,1.109684685517493
2497.0,1.1194360515717112
2498.0,1.11851917859524
2499.0,1.1309433892742147
2500.0,1.1215777931239714
