350.0,-0.2214176506317527
351.0,-0.1159691217487225
352.0,-0.1046643894133879
353.0,-0.12095628819175329
354.0,-0.0867453415665892
355.0,-0.04545175403317342
356.0,-0.04831556079624884
357.0,-0.10874645620410904
358.0,-0.06617845480973313
359.0,-0.019646779484905532
360.0,-0.07830221179388584
361.0,-0.0427099593468451
362.0,-0.008172068199046605
363.0,0.0013206006656575865
364.0,-0.0002278220008859983
365.0,-0.024642196862542928
366.0,-0.028935897577611776
367.0,-0.02091609101415346
368.0,-0.040479995007904813
369.0,-0.024914211170106292
370.0,-0.0156193623266785
371.0,-0.02029513521182719
372.0,0.0005124413595563096
373.0,0.012286521163593465
374.0,0.003171163563948765
375.0,-0.018162226086472697
376.0,-0.012472218581338523
377.0,-0.012811244874522247
378.0,-0.01036952170031861
379.0,0.0026953885988779207
380.0,0.002511554946242242
381.0,0.012187961388603542
382.0,0.024727525883013465
383.0,0.02523263807936431
384.0,0.014609780683641344
385.0,0.009318424756899753
386.0,0.011417625876755886
387.0,0.01346788278034851
388.0,0.013179060917723452
389.0,0.019008236827315242
390.0,0.026624024041999497
391.0,0.0217755555003175
392.0,0.02362197452268048
393.0,0.021681935031524147
394.0,0.014537788040415636
395.0,0.019058564505271373
396.0,0.02120402448276562
397.0,0.023557154417340773
398.0,0.027734651653194147
399.0,0.023781479384531852
400.0,0.02081920753756123
401.0,0.02216281885623648
402.0,0.026760360252993307
403.0,0.025892614654454655
404.0,0.023911701184421985
405.0,0.025071922242567164
406.0,0.031238060635029548
407.0,0.03164994989694582
408.0,0.02793997914711899
409.0,0.023599454792022197
410.0,0.02265930926232127
411.0,0.02964235151096034
412.0,0.03194741930012776
413.0,0.026755997758668385
414.0,0.03138217913028055
415.0,0.03455166839331035
416.0,0.03392067336560502
417.0,0.031219608809981668
418.0,0.033259858866200684
419.0,0.033336540810181045
420.0,0.0336929715826642
421.0,0.03830009951240309
422.0,0.03738497565570197
423.0,0.035974298785429674
424.0,0.03556523679499737
425.0,0.03409633761617089
426.0,0.033889168934427685
427.0,0.035731505308931766
428.0,0.037692702573173406
429.0,0.034087243548452814
430.0,0.035117194406260425
431.0,0.037877145642264645
432.0,0.03810376513378746
433.0,0.03781542290628476
434.0,0.03753682328291059
435.0,0.03708301872466644
436.0,0.036302754351814834
437.0,0.03743128500202855
438.0,0.03899979408764971
439.0,0.0391875603841196
440.0,0.03666220869325547
441.0,0.0379446626424094
442.0,0.03915686620132051
443.0,0.038259155372757814
444.0,0.039601517739784764
445.0,0.03983805069298201
446.0,0.03915820541901311
447.0,0.038733840326981885
448.0,0.03932937146312985
449.0,0.04000982724774762
450.0,0.04034016815710559
451.0,0.04033733927943926
452.0,0.040680680788664166
453.0,0.04066359271045741
454.0,0.0402004867133959
455.0,0.04008267173602893
456.0,0.03945093009666756
457.0,0.03913462687362275
458.0,0.039655097969307065
459.0,0.039940110006357755
460.0,0.03979567088697999
461.0,0.04025904695040711
462.0,0.04193042663405925
463.0,0.040150611176781634
464.0,0.039390967178623344
465.0,0.04102418538991952
466.0,0.04302845773248474
467.0,0.041935163778131015
468.0,0.04101018027387984
469.0,0.04214201013005577
470.0,0.04266647481772544
471.0,0.0422583651260061
472.0,0.041663223826197957
473.0,0.04181480120436264
474.0,0.042644508429782915
475.0,0.04364892824387134
476.0,0.044219417225314576
477.0,0.0438292178569008
478.0,0.04295800316189685
479.0,0.043009261375602924
480.0,0.043864591809238886
481.0,0.043094315286451954
482.0,0.04300623073617318
483.0,0.04299942434412588
484.0,0.04250062669760979
485.0,0.043716788162225434
486.0,0.043679841749783434
487.0,0.043126423365701744
488.0,0.04437594634952482
489.0,0.04457752952334616
490.0,0.044902406387550865
491.0,0.04560326588855854
492.0,0.04532832801601969
493.0,0.04439750162792395
494.0,0.0434288736279784
495.0,0.043418929589263404
496.0,0.04650533081425714
497.0,0.04819329579009013
498.0,0.0475662185578759
499.0,0.04596410166077507
500.0,0.04605936482410513
501.0,0.047016314436301325
502.0,0.047902029968144036
503.0,0.048126035370169906
504.0,0.04889775422326251
505.0,0.04929042816497703
506.0,0.04852029031130386
507.0,0.047198939465487
508.0,0.04736275139028042
509.0,0.04847028604217699
510.0,0.04894210167151959
511.0,0.04964300961966011
512.0,0.05002230837746099
513.0,0.04994518938372931
514.0,0.0498563005338185
515.0,0.04940604350712123
516.0,0.04911810836590279
517.0,0.04942107588889632
518.0,0.05005296178952186
519.0,0.0506637065133026
520.0,0.05107092628989474
521.0,0.051212990569126454
522.0,0.05108296428151522
523.0,0.05116620655966435
524.0,0.05149600390988347
525.0,0.05152909781896025
526.0,0.052141471618211976
527.0,0.05288055675434636
528.0,0.05321301839529926
529.0,0.0533316535460847
530.0,0.05297015305328546
531.0,0.052844875571676976
532.0,0.05390982217257402
533.0,0.05471883257366031
534.0,0.054833915677950845
535.0,0.05457340937387989
536.0,0.05509713068933323
537.0,0.0556466343274779
538.0,0.055753866390702955
539.0,0.055403352403581185
540.0,0.05576915430100545
541.0,0.056628502073702576
542.0,0.0573789377061138
543.0,0.05730443028667648
544.0,0.05684012362733831
545.0,0.05699867669261116
546.0,0.05795554221320383
547.0,0.058455265207170835
548.0,0.05866131363666694
549.0,0.05887386124699665
550.0,0.05933255071131792
551.0,0.05974009976204401
552.0,0.05968175319815845
553.0,0.059498439687177496
554.0,0.06005790630237066
555.0,0.060715862321695374
556.0,0.06134662482841321
557.0,0.061883956115859916
558.0,0.06220350178439701
559.0,0.062321572824453074
560.0,0.06247704948580665
561.0,0.06286033513540068
562.0,0.06284481129594037
563.0,0.06315883676369194
564.0,0.06378621011328006
565.0,0.06389805437891866
566.0,0.06404251826323169
567.0,0.06462759290357464
568.0,0.06559887583609977
569.0,0.06572117264608585
570.0,0.06602257400744871
571.0,0.06646243157349793
572.0,0.0666022148088496
573.0,0.06735383417796023
574.0,0.0679528696555926
575.0,0.06803300393714777
576.0,0.06798551246569524
577.0,0.06857036992193632
578.0,0.06941030495172583
579.0,0.06995430195336397
580.0,0.07033496242583043
581.0,0.07065351946714235
582.0,0.07083965824979502
583.0,0.07079384929780064
584.0,0.07152594697613643
585.0,0.07228776282037933
586.0,0.07259744506822909
587.0,0.07291676303768246
588.0,0.07330697108938387
589.0,0.07384438690603322
590.0,0.07450554011824395
591.0,0.07483318273749304
592.0,0.07534432174234582
593.0,0.07601692468831338
594.0,0.0762912965924982
595.0,0.07685574033418265
596.0,0.07740110024545374
597.0,0.07772987941957481
598.0,0.0785033349467437
599.0,0.07915589011495364
600.0,0.0796384663550262
601.0,0.08015795579829985
602.0,0.08078990211009648
603.0,0.08139817354432251
604.0,0.08190031472398364
605.0,0.08232541540806859
606.0,0.08267378781376399
607.0,0.08321388112577165
608.0,0.08406665927952
609.0,0.08455130237887885
610.0,0.08504707661553744
611.0,0.08563408997882069
612.0,0.08616909165313107
613.0,0.0867734868173353
614.0,0.08744730188869822
615.0,0.08814507538332146
616.0,0.08876759746532142
617.0,0.089433520203289
618.0,0.08998554422164384
619.0,0.09030279217543383
620.0,0.0910189409743484
621.0,0.09180285199245695
622.0,0.0924375840473527
623.0,0.09290543127868556
624.0,0.09370763330364226
625.0,0.09431037325712104
626.0,0.09448341754789076
627.0,0.09563230505180366
628.0,0.0962792677109114
629.0,0.09664615024210499
630.0,0.09775377758634993
631.0,0.09874016512154846
632.0,0.09928103555229124
633.0,0.09951770675427506
634.0,0.10021426428177427
635.0,0.1009112739947861
636.0,0.10157216835699295
637.0,0.10228890538370305
638.0,0.10321970039815034
639.0,0.1039831121674705
640.0,0.10453888817362755
641.0,0.1051524811978034
642.0,0.10595855197335041
643.0,0.10684788096988221
644.0,0.10769139927612839
645.0,0.10845922361546131
646.0,0.1090933624224972
647.0,0.10964015688522057
648.0,0.11021918490564177
649.0,0.11101247970238184
650.0,0.11211844934681785
651.0,0.11324036240164848
652.0,0.11364789339857564
653.0,0.11443031585414785
654.0,0.11538023092191935
655.0,0.11612991490349496
656.0,0.11691732145582366
657.0,0.11756884247345935
658.0,0.11835013996616515
659.0,0.11965054320902903
660.0,0.12023003808661535
661.0,0.12075520285828047
662.0,0.12163873922995475
663.0,0.1224051849571098
664.0,0.1234011536087041
665.0,0.12436932157917771
666.0,0.12498012707951262
667.0,0.12541538511117656
668.0,0.12633075961288356
669.0,0.12766232417574916
670.0,0.12869007569359875
671.0,0.12953387172953315
672.0,0.13054616483209067
673.0,0.13179767756889424
674.0,0.132514486092485
675.0,0.13324997404296798
676.0,0.1340959957316304
677.0,0.1349409266916546
678.0,0.13572118632409053
679.0,0.13672671169757925
680.0,0.13797451702122368
681.0,0.13910929836742267
682.0,0.14013881754068386
683.0,0.14099274736143652
684.0,0.14168820671073798
685.0,0.14253431717184586
686.0,0.14340456845448193
687.0,0.14442806492990856
688.0,0.14582481938540104
689.0,0.14696614557203086
690.0,0.14791948249362225
691.0,0.1488192921089843
692.0,0.14973575989127752
693.0,0.1507136670275167
694.0,0.15175994043753982
695.0,0.15286991849470638
696.0,0.1540670245721287
697.0,0.1552893339300669
698.0,0.15633300077874043
699.0,0.1569315994408938
700.0,0.15792293673230431
701.0,0.15912854897311401
702.0,0.16032976696760792
703.0,0.16175646014195344
704.0,0.16276674267785865
705.0,0.163570879727467
706.0,0.16466535439438776
707.0,0.16576620965280944
708.0,0.1668821758129657
709.0,0.16800527853400024
710.0,0.16908459215857544
711.0,0.17037897205027114
712.0,0.17169767099889865
713.0,0.17279714100519455
714.0,0.17355151819390513
715.0,0.17456626186057503
716.0,0.17591545210014467
717.0,0.1773375618097577
718.0,0.17861805029991903
719.0,0.17984366823518727
720.0,0.18106452505159323
721.0,0.18222026468668726
722.0,0.18332425244163097
723.0,0.18432474558228384
724.0,0.18530491436998348
725.0,0.18695219672844626
726.0,0.18840712177982324
727.0,0.18949500891294016
728.0,0.1905696249858496
729.0,0.19171652527182578
730.0,0.19301898754313496
731.0,0.1944043810973703
732.0,0.1955242399933157
733.0,0.19690465994846282
734.0,0.19834763297381353
735.0,0.19952482473189406
736.0,0.20065985746795162
737.0,0.201938886225886
738.0,0.20330850725030783
739.0,0.20453572466617176
740.0,0.20588458492440012
741.0,0.20732651675781588
742.0,0.20872449550431313
743.0,0.20979007517533538
744.0,0.21103412063443325
745.0,0.21231702663147792
746.0,0.21339601301333627
747.0,0.21478885906915884
748.0,0.21633559088001236
749.0,0.2177983388883225
750.0,0.218966165227883
751.0,0.2206771813221563
752.0,0.22226950863326425
753.0,0.22339746495363189
754.0,0.22513365143368663
755.0,0.22646251547982973
756.0,0.2276227874789503
757.0,0.22917776727154057
758.0,0.23064154355415928
759.0,0.2319892359069764
760.0,0.23336777822044866
761.0,0.23503070933997589
762.0,0.23642000053777737
763.0,0.23771890303432605
764.0,0.23916782064108177
765.0,0.24083605217026335
766.0,0.24227918663640097
767.0,0.24366145325860641
768.0,0.24525837037398052
769.0,0.2465195521840974
770.0,0.24802927394939167
771.0,0.24977552604289266
772.0,0.25116072375327275
773.0,0.25283941813236144
774.0,0.2544820836809023
775.0,0.2558459818419112
776.0,0.25729022615763936
777.0,0.2586531616033795
778.0,0.2600782251686615
779.0,0.26173790824856796
780.0,0.26337326890740087
781.0,0.26499485900115144
782.0,0.2666326101881209
783.0,0.2683007740724972
784.0,0.2697337703193226
785.0,0.27114570156305506
786.0,0.2726997019349409
787.0,0.27427007989050534
788.0,0.27585295498730783
789.0,0.2775116997122295
790.0,0.27926868428596024
791.0,0.28085533291586545
792.0,0.28227718674347596
793.0,0.283708405663104
794.0,0.285413660295835
795.0,0.28719656445817743
796.0,0.288923305501959
797.0,0.2906017639977302
798.0,0.2924771888248365
799.0,0.2942183722435882
800.0,0.2957284137549463
801.0,0.29710536188130593
802.0,0.2988444675564803
803.0,0.3007449419478348
804.0,0.3025988925852916
805.0,0.30422718787514097
806.0,0.3056020023427786
807.0,0.3071236553349161
808.0,0.30890408769787314
809.0,0.31065700877737645
810.0,0.31241413748874935
811.0,0.3142759937355327
812.0,0.3162164301298121
813.0,0.3178208322663996
814.0,0.3195849061573871
815.0,0.32141034049993217
816.0,0.3230442941050099
817.0,0.32492760424138845
818.0,0.3268423250806115
819.0,0.32863661831410107
820.0,0.33027884688221787
821.0,0.33205956753983273
822.0,0.3339105394880105
823.0,0.335755381901275
824.0,0.3376110099909187
825.0,0.3396711649070986
826.0,0.3416474624491676
827.0,0.34328377538876753
828.0,0.34498994265834604
829.0,0.3467777654909151
830.0,0.3485546873487604
831.0,0.35022790949603605
832.0,0.3520747484788399
833.0,0.35398919076464785
834.0,0.3559282048699343
835.0,0.35794528132210923
836.0,0.35981007327563375
837.0,0.36158140172631337
838.0,0.3633807582729251
839.0,0.3653302349710881
840.0,0.367432124368471
841.0,0.36950601182284376
842.0,0.37137835161101534
843.0,0.3731649839323843
844.0,0.3750628003704322
845.0,0.37696546416871557
846.0,0.3786888718091617
847.0,0.38095605258991877
848.0,0.3832011394245638
849.0,0.3850011919860414
850.0,0.3863220109631677
851.0,0.38826985919920715
852.0,0.3904246430521533
853.0,0.3923409902471345
854.0,0.39415623519471504
855.0,0.3960021389000088
856.0,0.3979341731568952
857.0,0.39994631580389595
858.0,0.4019748721559227
859.0,0.40409441703879384
860.0,0.40622500089490937
861.0,0.40825349949959283
862.0,0.410500429975291
863.0,0.41247074521157057
864.0,0.41419868277528843
865.0,0.4162165918946484
866.0,0.41822942847612843
867.0,0.4202834761108113
868.0,0.42244614160035626
869.0,0.42472864754501644
870.0,0.4268706513344098
871.0,0.4287317791525139
872.0,0.4304220571332776
873.0,0.43260386798070855
874.0,0.4346097045208255
875.0,0.4364931300854597
876.0,0.43852446664028905
877.0,0.4406714513454811
878.0,0.442951918387475
879.0,0.44504749006376343
880.0,0.44663196945124733
881.0,0.448682876246729
882.0,0.450683340676952
883.0,0.45265108630073797
884.0,0.4551543162201645
885.0,0.4575078958934185
886.0,0.45968509022282655
887.0,0.461827674354554
888.0,0.46416164753280076
889.0,0.4663754760650616
890.0,0.4682179530083303
891.0,0.469840757727071
892.0,0.47227946527300596
893.0,0.47440912442187066
894.0,0.4764214176314467
895.0,0.4787891630684711
896.0,0.4813756807752331
897.0,0.4835776548604658
898.0,0.48547345547015885
899.0,0.4875167372330799
900.0,0.49000729490616535
901.0,0.49244940738536047
902.0,0.4947734840381736
903.0,0.49714434641031885
904.0,0.4986175527790916
905.0,0.5006035086206743
906.0,0.5032988965306725
907.0,0.505497723442633
908.0,0.5075679549080633
909.0,0.5098851855691928
910.0,0.5124113568579122
911.0,0.5145351848414043
912.0,0.5165562665178288
913.0,0.5187633550491924
914.0,0.5211439143196596
915.0,0.5231072098919615
916.0,0.5256566085753233
917.0,0.5283118555081593
918.0,0.5304996960497393
919.0,0.5326256564173061
920.0,0.534037666427251
921.0,0.5353406747078491
922.0,0.5373861508430243
923.0,0.540330098851721
924.0,0.5428414028372148
925.0,0.5447225057693358
926.0,0.5464918577810687
927.0,0.548933534700527
928.0,0.5515000137789086
929.0,0.5538848728779764
930.0,0.5560781775777568
931.0,0.558629773141041
932.0,0.5609111351784949
933.0,0.562837702531859
934.0,0.5648296223064573
935.0,0.5675921970433914
936.0,0.5698988444489796
937.0,0.5719083882450727
938.0,0.5749166838079441
939.0,0.5775149228882717
940.0,0.5798213375537856
941.0,0.5819288357876246
942.0,0.5837453123379355
943.0,0.5856775084770092
944.0,0.5882647375925081
945.0,0.5913555641538563
946.0,0.5939821745779496
947.0,0.5959450477755434
948.0,0.598062960548167
949.0,0.6004528076431727
950.0,0.6021290161225853
951.0,0.6046539714686124
952.0,0.6071057205652033
953.0,0.6090568946249154
954.0,0.6115589093393133
955.0,0.6141179366141234
956.0,0.6162136954843324
957.0,0.6179108689642046
958.0,0.6201915720184046
959.0,0.622652910906953
960.0,0.62520654076961
961.0,0.6277533249628566
962.0,0.6301212186214221
963.0,0.6323914447251323
964.0,0.6345219312891542
965.0,0.6366789608018797
966.0,0.6394113586743896
967.0,0.6422307351923702
968.0,0.6445191033925983
969.0,0.6464232645747489
970.0,0.649498053164154
971.0,0.6519565416712197
972.0,0.6538173830546975
973.0,0.6556941278138896
974.0,0.6583210133401162
975.0,0.6608375671397612
976.0,0.663707764153758
977.0,0.6669485555897015
978.0,0.669120172319933
979.0,0.6711391608190274
980.0,0.6735352877892828
981.0,0.6762309652873817
982.0,0.6782564438489386
983.0,0.6796937764341404
984.0,0.6824396174751598
985.0,0.6863910436236208
986.0,0.6876192408996801
987.0,0.6884580222032985
988.0,0.6915454687135512
989.0,0.6960089297655725
990.0,0.6961067100397872
991.0,0.698390893906906
992.0,0.7019777986005756
993.0,0.7047536398910583
994.0,0.705435542281477
995.0,0.7077050287516339
996.0,0.7102106959356368
997.0,0.7127970017102522
998.0,0.717335807426921
999.0,0.7193354086585781
1000.0,0.7206113742887647
1001.0,0.742647668140778
1002.0,0.7438803892510392
1003.0,0.7461160919219311
1004.0,0.7474518702013443
1005.0,0.7499358118870225
1006.0,0.7567281528733366
1007.0,0.7640087241694954
1008.0,0.7670330933150121
1009.0,0.7708383837366206
1010.0,0.7713512989706277
1011.0,0.768677452060477
1012.0,0.7693370182281747
1013.0,0.7680343037260728
1014.0,0.7686922120451797
1015.0,0.771975785734558
1016.0,0.7756097336436213
1017.0,0.7789422500890107
1018.0,0.7839561003030291
1019.0,0.7911650470533357
1020.0,0.7943104727970153
1021.0,0.7947595557447783
1022.0,0.7949494270276181
1023.0,0.7942097531524145
1024.0,0.7945665921674357
1025.0,0.7996639484967335
1026.0,0.802584873273981
1027.0,0.8039305290569186
1028.0,0.8061365468878081
1029.0,0.8077289429846329
1030.0,0.806140081673119
1031.0,0.8092259238357405
1032.0,0.8135199129858832
1033.0,0.8157402852170899
1034.0,0.8197144678549543
1035.0,0.8215872513779482
1036.0,0.823274746456672
1037.0,0.8267323435082659
1038.0,0.8272951787814397
1039.0,0.8290318944423369
1040.0,0.8330263266810368
1041.0,0.8351448875074365
1042.0,0.8387405898965343
1043.0,0.8412473310291563
1044.0,0.8434496155472642
1045.0,0.8436894010787536
1046.0,0.8452008711402295
1047.0,0.847427508676409
1048.0,0.8495031172027951
1049.0,0.8517194060823233
1050.0,0.8561335798341856
1051.0,0.8578698843947591
1052.0,0.8584248590959126
1053.0,0.861261667415859
1054.0,0.8616849723841469
1055.0,0.8638994208635392
1056.0,0.8662141645502616
1057.0,0.8696139422986102
1058.0,0.8716076927710539
1059.0,0.8741266373948023
1060.0,0.87501556444835
1061.0,0.8776653510419631
1062.0,0.8818165821019245
1063.0,0.8871763242528041
1064.0,0.893322760545177
1065.0,0.8962501716492448
1066.0,0.8983123319096914
1067.0,0.8979327773105045
1068.0,0.8965699607383916
1069.0,0.8981713648452994
1070.0,0.8996482999063723
1071.0,0.9019918147994392
1072.0,0.9058280642301142
1073.0,0.9102374260009722
1074.0,0.9119630014084481
1075.0,0.9132806020470815
1076.0,0.9153140655522383
1077.0,0.9175785573586696
1078.0,0.920524672377545
1079.0,0.9235848495995486
1080.0,0.9253752712252762
1081.0,0.9279845783665052
1082.0,0.9308682117210992
1083.0,0.9331830775322874
1084.0,0.936031547625289
1085.0,0.9391630221357273
1086.0,0.9417082361144624
1087.0,0.9436688124571787
1088.0,0.9475685420941119
1089.0,0.9493820010370242
1090.0,0.9525987831582041
1091.0,0.956271032978662
1092.0,0.9569406871061327
1093.0,0.9595538182539027
1094.0,0.9624804589222798
1095.0,0.9631337667520312
1096.0,0.9656197293240811
1097.0,0.967424437408375
1098.0,0.9680467148116236
1099.0,0.9704836494278422
1100.0,0.9739653483588018
1101.0,0.9768736873757126
1102.0,0.9804927166436398
1103.0,0.9846616239371323
1104.0,0.9862785908068044
1105.0,0.9886354348466432
1106.0,0.991039374582721
1107.0,0.992540841070524
1108.0,0.995121042764381
1109.0,0.9970413607515154
1110.0,0.9981353183432816
1111.0,0.9999040061896325
1112.0,1.0016851067884622
1113.0,1.002940417465124
1114.0,1.0052749465695587
1115.0,1.0087151117864845
1116.0,1.0107894989809831
1117.0,1.0125754822983384
1118.0,1.015129498418222
1119.0,1.017217076123985
1120.0,1.019902813230663
1121.0,1.0238327539270373
1122.0,1.0264042223684433
1123.0,1.0274007309164002
1124.0,1.0287362340893875
1125.0,1.0305159248683897
1126.0,1.032584397423377
1127.0,1.0348758980672728
1128.0,1.0380359611551166
1129.0,1.0408352163970953
1130.0,1.0433427784226441
1131.0,1.045982325274422
1132.0,1.0489584551727755
1133.0,1.0517776021779273
1134.0,1.0543601292390818
1135.0,1.0575398938717007
1136.0,1.0602815174549007
1137.0,1.0623664761313396
1138.0,1.064266730534152
1139.0,1.0652009273819156
1140.0,1.0658919426725568
1141.0,1.067752764233273
1142.0,1.0694566676996056
1143.0,1.0713113452591578
1144.0,1.0731792958151265
1145.0,1.0750311414527474
1146.0,1.077284962151673
1147.0,1.079912275474365
1148.0,1.0824624308254038
1149.0,1.0858973995264447
1150.0,1.0880867939490675
1151.0,1.089202287574224
1152.0,1.0905200801987347
1153.0,1.0922169572090736
1154.0,1.0940949442112586
1155.0,1.0965967329890405
1156.0,1.099060330050638
1157.0,1.1014163122288132
1158.0,1.1034975477696598
1159.0,1.1059795415293352
1160.0,1.1087953746232613
1161.0,1.1112173814779767
1162.0,1.1133881746131145
1163.0,1.1156523785700367
1164.0,1.1177355352340694
1165.0,1.1201425183586005
1166.0,1.1231032238327012
1167.0,1.1256789172173318
1168.0,1.1274123095714486
1169.0,1.1292137538842701
1170.0,1.1304090298900549
1171.0,1.1320936134589983
1172.0,1.1343276824089215
1173.0,1.1374396801112039
1174.0,1.1398753358930187
1175.0,1.1422309846125602
1176.0,1.1447395865535475
1177.0,1.1476967696395832
1178.0,1.1496679342767644
1179.0,1.151455672056851
1180.0,1.1529287277185174
1181.0,1.1534727563735048
1182.0,1.1535948726602188
1183.0,1.15497918051241
1184.0,1.1577439036236052
1185.0,1.1605670519207318
1186.0,1.1632441285333963
1187.0,1.1654012263457743
1188.0,1.1668681672239316
1189.0,1.1691614001788084
1190.0,1.171584439310091
1191.0,1.1738943282434278
1192.0,1.1769482050126179
1193.0,1.1791043196064477
1194.0,1.1803311170215685
1195.0,1.1823055568702137
1196.0,1.1844191981815941
1197.0,1.186321531789129
1198.0,1.1885315027724022
1199.0,1.1903520738656252
1200.0,1.1920995639579912
1201.0,1.1939788074798423
1202.0,1.1963731432914426
1203.0,1.1991355265668273
1204.0,1.200751428791042
1205.0,1.201699084449149
1206.0,1.2032698504994273
1207.0,1.2037649035295388
1208.0,1.2056155130315904
1209.0,1.208716276132057
1210.0,1.2113188532676542
1211.0,1.214585491754435
1212.0,1.217209498967918
1213.0,1.219633328153429
1214.0,1.2217524533885262
1215.0,1.2234297226736712
1216.0,1.2250578375789238
1217.0,1.2261432157490562
1218.0,1.227249188545862
1219.0,1.2285571979635186
1220.0,1.2293900256933872
1221.0,1.2311919987542737
1222.0,1.2340971852085718
1223.0,1.2357919274787597
1224.0,1.2373524554652284
1225.0,1.2391102651514332
1226.0,1.239980739110757
1227.0,1.2415413624532234
1228.0,1.2438074337581286
1229.0,1.24593021756631
1230.0,1.2482939490079672
1231.0,1.250413226841458
1232.0,1.252746645607911
1233.0,1.2544583629263342
1234.0,1.2567393694293991
1235.0,1.259091044296085
1236.0,1.2609988535380783
1237.0,1.263081401580042
1238.0,1.264922146201174
1239.0,1.265840368188513
1240.0,1.2677769795127867
1241.0,1.2707201068339242
1242.0,1.272706499412534
1243.0,1.2742841692208626
1244.0,1.276326971265333
1245.0,1.2778947838543855
1246.0,1.2800107711936386
1247.0,1.283378728148885
1248.0,1.2857104313501142
1249.0,1.2876885704982304
1250.0,1.2895037025318858
1251.0,1.2908389357179086
1252.0,1.291943416493445
1253.0,1.2930944522804184
1254.0,1.2939016786160693
1255.0,1.2955116812688052
1256.0,1.297110823983821
1257.0,1.2993353231195701
1258.0,1.3027694341008604
1259.0,1.3051487646543876
1260.0,1.3075463283712518
1261.0,1.3095125913037966
1262.0,1.3109271831950258
1263.0,1.3122718520454328
1264.0,1.3127263991155296
1265.0,1.3142936780955132
1266.0,1.316519843334527
1267.0,1.3183423906537266
1268.0,1.3206789896590208
1269.0,1.3230885257382439
1270.0,1.3246853037494684
1271.0,1.3254765735712957
1272.0,1.3265348154790129
1273.0,1.3272768524115337
1274.0,1.3284828163318312
1275.0,1.3295317164024312
1276.0,1.3311306784755121
1277.0,1.3334007009619306
1278.0,1.335254387249197
1279.0,1.3375135577753077
1280.0,1.3390795995495028
1281.0,1.3401047784563986
1282.0,1.341298386191909
1283.0,1.3414456307023066
1284.0,1.3429132473265062
1285.0,1.3457384271323884
1286.0,1.3477032148941357
1287.0,1.3496840598892978
1288.0,1.352181930514325
1289.0,1.3539459896818786
1290.0,1.3548007698956046
1291.0,1.3562288530091782
1292.0,1.3577408234266648
1293.0,1.3594861400119
1294.0,1.3612298096480109
1295.0,1.3631276666238594
1296.0,1.3656196201007964
1297.0,1.3675181104685408
1298.0,1.369273708279897
1299.0,1.3707767394972463
1300.0,1.3714399568382807
1301.0,1.3730036051415235
1302.0,1.3752560905152027
1303.0,1.3768403828009608
1304.0,1.3782926795310448
1305.0,1.380126422682882
1306.0,1.3819470686423838
1307.0,1.383270819625544
1308.0,1.384955753870371
1309.0,1.3872322873373395
1310.0,1.3891635425639992
1311.0,1.3908632584470093
1312.0,1.3924222390691843
1313.0,1.3939609762334293
1314.0,1.3956626114407227
1315.0,1.3972647083951162
1316.0,1.3986373390080933
1317.0,1.4001782744091118
1318.0,1.4016256030091867
1319.0,1.4025593581774205
1320.0,1.4037505342343166
1321.0,1.4052832817909937
1322.0,1.4066538522468548
1323.0,1.407614461080248
1324.0,1.4090217291106484
1325.0,1.4109915463772587
1326.0,1.4125572463043508
1327.0,1.4140551526568113
1328.0,1.4158273263152132
1329.0,1.4169599331882372
1330.0,1.4174904522377618
1331.0,1.4183500718082558
1332.0,1.4187056019341264
1333.0,1.4200813610186722
1334.0,1.422210706179221
1335.0,1.4237504825315537
1336.0,1.4260144952732678
1337.0,1.427250581593228
1338.0,1.427027139513693
1339.0,1.4280629832930798
1340.0,1.429559706007647
1341.0,1.4307425077072462
1342.0,1.4324955096110341
1343.0,1.4338754626316181
1344.0,1.4345678344269532
1345.0,1.4355610579651152
1346.0,1.436361115401473
1347.0,1.4378684922013687
1348.0,1.4393510799672016
1349.0,1.441091789716408
1350.0,1.4424766200605434
1351.0,1.4439971217437901
1352.0,1.4453384330580799
1353.0,1.4465447602758104
1354.0,1.4474448583499036
1355.0,1.4478648897630406
1356.0,1.4490565717169492
1357.0,1.4500894028640159
1358.0,1.4515529297021492
1359.0,1.4542704046020911
1360.0,1.4559709188148156
1361.0,1.4570358723193795
1362.0,1.4584488083901594
1363.0,1.4597461941272587
1364.0,1.4610023609998455
1365.0,1.4627039489076885
1366.0,1.4638354878047615
1367.0,1.4643697043791388
1368.0,1.4651098273882812
1369.0,1.465605377582388
1370.0,1.4655595924289193
1371.0,1.4664186999585007
1372.0,1.467504786132408
1373.0,1.468736433505792
1374.0,1.470897786686806
1375.0,1.4718322295495057
1376.0,1.472055383880532
1377.0,1.472936325275773
1378.0,1.4737031030979384
1379.0,1.474310209844607
1380.0,1.4753443602666974
1381.0,1.475933077452334
1382.0,1.4760467222131373
1383.0,1.476104334641489
1384.0,1.4764348393524442
1385.0,1.4761487878405406
1386.0,1.4744300748478172
1387.0,1.4740649790674554
1388.0,1.4745024472946036
1389.0,1.4744673083809725
1390.0,1.4749541529294434
1391.0,1.475541821801725
1392.0,1.4753766709674516
1393.0,1.4743290734534078
1394.0,1.4736409131829997
1395.0,1.4729354453512904
1396.0,1.4721612960699015
1397.0,1.4710543400069298
1398.0,1.4704995924890656
1399.0,1.4703786331577882
1400.0,1.4698201127186683
1401.0,1.4692129448538116
1402.0,1.4686855294975223
1403.0,1.4679101735145952
1404.0,1.4672325159623216
1405.0,1.4669332197255598
1406.0,1.4663570425838548
1407.0,1.4657458749055319
1408.0,1.4648230600815426
1409.0,1.4632576738614567
1410.0,1.4623151627990407
1411.0,1.461288911904343
1412.0,1.4605575714691537
1413.0,1.460182417186453
1414.0,1.4603150365751267
1415.0,1.4605334070669436
1416.0,1.4607379469021926
1417.0,1.460823554466127
1418.0,1.461170320354181
1419.0,1.4611502574187727
1420.0,1.4607526499671848
1421.0,1.4605727376248763
1422.0,1.4603075880154857
1423.0,1.4603897545295834
1424.0,1.4606128719271458
1425.0,1.4608493709806663
1426.0,1.4614182051021758
1427.0,1.4617197418596952
1428.0,1.461537486433394
1429.0,1.462048215288498
1430.0,1.4629118961067347
1431.0,1.4637289860125602
1432.0,1.465138469139478
1433.0,1.4661550255712685
1434.0,1.466925418307105
1435.0,1.4676747889521302
1436.0,1.4681323887144688
1437.0,1.468860375925515
1438.0,1.4698738278616854
1439.0,1.4703999472607157
1440.0,1.471703672406339
1441.0,1.4730487477713017
1442.0,1.4736731721042087
1443.0,1.4745632885401445
1444.0,1.4752986180550234
1445.0,1.4755639155175193
1446.0,1.4762931108620394
1447.0,1.477299249074994
1448.0,1.4783337021720764
1449.0,1.4796393077088557
1450.0,1.4805128482352663
1451.0,1.4813753598257469
1452.0,1.482040776508395
1453.0,1.4821662904877058
1454.0,1.482710575404646
1455.0,1.4833660258714048
1456.0,1.4840916868635634
1457.0,1.4852939243063388
1458.0,1.48587086397711
1459.0,1.4860523198609
1460.0,1.4864940217655243
1461.0,1.4863485777436043
1462.0,1.486846790003704
1463.0,1.487912882867902
1464.0,1.4889750427766746
1465.0,1.4904910429881606
1466.0,1.4917617160549366
1467.0,1.4930293042588683
1468.0,1.494220148860206
1469.0,1.4952283023056467
1470.0,1.495959422122085
1471.0,1.4968515434175502
1472.0,1.4975968588417534
1473.0,1.4986361607454326
1474.0,1.499810347073917
1475.0,1.5010464445345553
1476.0,1.5023885660158207
1477.0,1.5038038924303048
1478.0,1.5053925369227004
1479.0,1.506813173145276
1480.0,1.5084457036584762
1481.0,1.5096164937459173
1482.0,1.5103580590910408
1483.0,1.5113664138562724
1484.0,1.512085711830705
1485.0,1.513248301893345
1486.0,1.5148088348199384
1487.0,1.5161676164213882
1488.0,1.5178270813585926
1489.0,1.5190865801361557
1490.0,1.5200208289201917
1491.0,1.521095979675167
1492.0,1.521716542796985
1493.0,1.5228772471767607
1494.0,1.524610714765594
1495.0,1.5260440492449936
1496.0,1.5278322003432376
1497.0,1.5292243187655647
1498.0,1.529933917364468
1499.0,1.5309921317716546
1500.0,1.5320153275633
1501.0,1.5333659533969604
1502.0,1.5341449769090747
1503.0,1.535444081633947
1504.0,1.5365121426660866
1505.0,1.537404181183293
1506.0,1.5381567786645471
1507.0,1.5389590756289397
1508.0,1.5397609420236416
1509.0,1.5401935244514906
1510.0,1.5409949704061714
1511.0,1.5420899857306511
1512.0,1.5431232461806637
1513.0,1.5442109019737429
1514.0,1.5452925205201955
1515.0,1.5463853438989217
1516.0,1.5476018090202277
1517.0,1.548772202476917
1518.0,1.550151511366419
1519.0,1.551908728381214
1520.0,1.5533672369148874
1521.0,1.5549564910799456
1522.0,1.556148847623364
1523.0,1.5568309368479165
1524.0,1.5578400804898747
1525.0,1.5587546518044013
1526.0,1.5597796118390967
1527.0,1.561028521358164
1528.0,1.5622916684704131
1529.0,1.563423034719207
1530.0,1.5647790659421432
1531.0,1.5667941149183182
1532.0,1.568022981955577
1533.0,1.569174654318291
1534.0,1.5698851376377672
1535.0,1.5694220873223685
1536.0,1.5695812707051928
1537.0,1.569928128565046
1538.0,1.570033503183212
1539.0,1.5712098011388853
1540.0,1.5719873880098607
1541.0,1.573090245769114
1542.0,1.574518907188139
1543.0,1.5757082824711903
1544.0,1.5771469239198037
1545.0,1.577768124646832
1546.0,1.5778596351800167
1547.0,1.5782982641632441
1548.0,1.578194522523526
1549.0,1.5787788458054794
1550.0,1.5798613741889678
1551.0,1.5809335670661038
1552.0,1.582125693566629
1553.0,1.5834160180710601
1554.0,1.585278125240804
1555.0,1.5862809647273266
1556.0,1.5867820298643491
1557.0,1.5876436193353902
1558.0,1.5883566600668515
1559.0,1.588873341224705
1560.0,1.589704275339587
1561.0,1.5900511935458528
1562.0,1.5894425979810933
1563.0,1.5896768187857
1564.0,1.5900738486977155
1565.0,1.5908008546164296
1566.0,1.592313471285528
1567.0,1.5932187190240417
1568.0,1.5940490292524971
1569.0,1.5948188913934047
1570.0,1.59510291895917
1571.0,1.595770713565017
1572.0,1.5968470234186707
1573.0,1.5976062675311962
1574.0,1.5981734554343026
1575.0,1.5989889771627919
1576.0,1.5998334626894664
1577.0,1.60058680822299
1578.0,1.6016235188366188
1579.0,1.60239641096563
1580.0,1.602828023232855
1581.0,1.6033433375461668
1582.0,1.603875490518911
1583.0,1.604340338187074
1584.0,1.6047651681475492
1585.0,1.605141595593106
1586.0,1.6052755970922155
1587.0,1.60564442110008
1588.0,1.6061491387737858
1589.0,1.6066517762434784
1590.0,1.6072270292127804
1591.0,1.6081428919736074
1592.0,1.608311202949709
1593.0,1.6079935219942108
1594.0,1.6084062771087906
1595.0,1.6085951709000472
1596.0,1.6094134195033594
1597.0,1.611030806350597
1598.0,1.6121779483492895
1599.0,1.6135013460411702
1600.0,1.6141545333578136
1601.0,1.6145099928793827
1602.0,1.6149523537311747
1603.0,1.6149512482224537
1604.0,1.6151731935033635
1605.0,1.6156864465602687
1606.0,1.6158454338429635
1607.0,1.6154826127917983
1608.0,1.6158708015515602
1609.0,1.6164723469564435
1610.0,1.6172325455350036
1611.0,1.61864038201583
1612.0,1.6194059073239155
1613.0,1.6201099863527901
1614.0,1.6204432894435308
1615.0,1.6203799786982065
1616.0,1.6203325789828267
1617.0,1.6199913944553936
1618.0,1.6197944186971727
1619.0,1.6194486795430327
1620.0,1.6194394019996166
1621.0,1.6198689527193795
1622.0,1.619658549985006
1623.0,1.6192022742363983
1624.0,1.6189810096528536
1625.0,1.6182761880103664
1626.0,1.618152555367437
1627.0,1.6190086117505103
1628.0,1.6187925414796835
1629.0,1.617842424519555
1630.0,1.617577848264245
1631.0,1.6167909159016878
1632.0,1.6169569469168372
1633.0,1.6184768259053177
1634.0,1.6190679476154106
1635.0,1.6196279627218357
1636.0,1.6199983284844741
1637.0,1.6197389211047053
1638.0,1.6199395717247227
1639.0,1.620567631125447
1640.0,1.6207376690175719
1641.0,1.6208394093284604
1642.0,1.620795485633611
1643.0,1.6204126360039894
1644.0,1.6200559000991177
1645.0,1.6194309987069457
1646.0,1.619266036221633
1647.0,1.6195574671374946
1648.0,1.619266828384959
1649.0,1.6190103009194332
1650.0,1.6186272223582459
1651.0,1.6176245070597113
1652.0,1.6168243007681056
1653.0,1.616131404552229
1654.0,1.6155067513451835
1655.0,1.6145899977587717
1656.0,1.614260503003654
1657.0,1.6149826503312172
1658.0,1.6146988053360718
1659.0,1.6138950657307027
1660.0,1.6134566849640453
1661.0,1.612257770729406
1662.0,1.6117450993836453
1663.0,1.6122689334140683
1664.0,1.6123185799593298
1665.0,1.6120198679473443
1666.0,1.6122165680355443
1667.0,1.612888077943727
1668.0,1.6130409676834239
1669.0,1.613835259209485
1670.0,1.613552300385722
1671.0,1.6113695976708375
1672.0,1.610701408220822
1673.0,1.610119649628736
1674.0,1.6099150749979976
1675.0,1.611399421815755
1676.0,1.6118619875250146
1677.0,1.6115314609377
1678.0,1.611685287169259
1679.0,1.6114853982202806
1680.0,1.611779821591142
1681.0,1.6130859560969328
1682.0,1.6136601557398382
1683.0,1.6140608813267265
1684.0,1.6144694054616202
1685.0,1.6144418681130146
1686.0,1.614294772839849
1687.0,1.6139166826393294
1688.0,1.6139391505587943
1689.0,1.6138370635489467
1690.0,1.614081866790869
1691.0,1.6152177141795554
1692.0,1.6157456251390645
1693.0,1.6161188865301603
1694.0,1.6163937291394697
1695.0,1.6159002098321342
1696.0,1.6162348824183008
1697.0,1.6169392137425391
1698.0,1.6176154852946565
1699.0,1.6191364552774397
1700.0,1.6199727364661893
1701.0,1.6203268019673807
1702.0,1.6207744312116006
1703.0,1.6210860042696706
1704.0,1.6213640745216629
1705.0,1.6213452127503385
1706.0,1.6216941767276916
1707.0,1.6225029260911308
1708.0,1.6227795473914493
1709.0,1.622927930109486
1710.0,1.6230515216787382
1711.0,1.622899292841968
1712.0,1.6224891065202456
1713.0,1.6221217164511956
1714.0,1.6216767801547884
1715.0,1.6205976517952407
1716.0,1.6199648966029134
1717.0,1.6194595213631993
1718.0,1.6192475554731656
1719.0,1.619279283058312
1720.0,1.6195500616459
1721.0,1.620473299066689
1722.0,1.6208258822086758
1723.0,1.6212028979252266
1724.0,1.621039802883808
1725.0,1.620261168187426
1726.0,1.6195948707420944
1727.0,1.618843558769669
1728.0,1.617755836462709
1729.0,1.6160533421571475
1730.0,1.6153147141388804
1731.0,1.614812291839726
1732.0,1.614608043390706
1733.0,1.6152236748507056
1734.0,1.6152889926727727
1735.0,1.6147605680785428
1736.0,1.614949041252765
1737.0,1.6154867617594868
1738.0,1.616132845104779
1739.0,1.617675742718542
1740.0,1.6183767539453615
1741.0,1.61890421320916
1742.0,1.618836262447146
1743.0,1.6177350876126966
1744.0,1.6173031405016403
1745.0,1.6166217310003346
1746.0,1.6167949977689957
1747.0,1.6178512133715
1748.0,1.6183557274072915
1749.0,1.6189615022199286
1750.0,1.6194389044037254
1751.0,1.6195502478182258
1752.0,1.6201414716021771
1753.0,1.621264340742764
1754.0,1.6214744762496633
1755.0,1.6216058109772333
1756.0,1.6209101035159503
1757.0,1.6200354105265626
1758.0,1.6199593608368488
1759.0,1.6204148279031623
1760.0,1.6211532282773327
1761.0,1.6209969149693384
1762.0,1.6196610623209486
1763.0,1.6179885754215475
1764.0,1.6172194765777115
1765.0,1.6183757837540087
1766.0,1.6201739770968022
1767.0,1.6221057606563725
1768.0,1.6238157170646959
1769.0,1.6239703798807898
1770.0,1.6240897503405394
1771.0,1.6248447814396736
1772.0,1.624215107446657
1773.0,1.623632504332368
1774.0,1.6246653886427969
1775.0,1.6260152551851519
1776.0,1.6275853168519918
1777.0,1.6286288270297624
1778.0,1.628410428473087
1779.0,1.6274559645326814
1780.0,1.6266712215209798
1781.0,1.6274858422654312
1782.0,1.6288593279479697
1783.0,1.6291143046728906
1784.0,1.629329276476469
1785.0,1.6292592337511864
1786.0,1.6287904864414968
1787.0,1.629029133136965
1788.0,1.6298243768582497
1789.0,1.6307324247049222
1790.0,1.6304929825241634
1791.0,1.6307782338793728
1792.0,1.6304732485110973
1793.0,1.6306975987022052
1794.0,1.631906716302559
1795.0,1.632687463958876
1796.0,1.6339157353076388
1797.0,1.63433023797008
1798.0,1.6338795202110885
1799.0,1.6334389175680302
1800.0,1.6331181730867326
1801.0,1.6247018886398246
1802.0,1.6240976939493967
1803.0,1.6212254085226019
1804.0,1.6209223770341064
1805.0,1.6193155016182592
1806.0,1.6190493989215393
1807.0,1.6214453302713159
1808.0,1.6215660502253684
1809.0,1.6196140735322486
1810.0,1.619239729840957
1811.0,1.6179017406362282
1812.0,1.6195655310281498
1813.0,1.6231300074720958
1814.0,1.623438287085914
1815.0,1.6254108451598037
1816.0,1.6299332368799115
1817.0,1.6304710425332838
1818.0,1.628397429845769
1819.0,1.6283384365838862
1820.0,1.6257246599116095
1821.0,1.6258554516835575
1822.0,1.6287849570607493
1823.0,1.6313702321550088
1824.0,1.6343535905399824
1825.0,1.637195363450783
1826.0,1.6378962050610937
1827.0,1.636702216239486
1828.0,1.6367061951564905
1829.0,1.6355402528793432
1830.0,1.634648049760805
1831.0,1.63453137988063
1832.0,1.6338965700313102
1833.0,1.6327077121420124
1834.0,1.6312986897852646
1835.0,1.630592313139146
1836.0,1.6293766311443834
1837.0,1.6306112256235217
1838.0,1.634560554701579
1839.0,1.6361096347308703
1840.0,1.6388637714787868
1841.0,1.64002259800278
1842.0,1.6374687212549315
1843.0,1.6345375496543904
1844.0,1.6319814747577526
1845.0,1.630660457342153
1846.0,1.6309731952129904
1847.0,1.6335526402753808
1848.0,1.6346833081400454
1849.0,1.6382876281920278
1850.0,1.638125787444094
1851.0,1.6350182995161338
1852.0,1.6335365702635718
1853.0,1.6311787378935174
1854.0,1.6263446748648298
1855.0,1.6258690055036202
1856.0,1.6262465139556914
1857.0,1.6261298557939163
1858.0,1.6281738636333025
1859.0,1.628492599326535
1860.0,1.6280473326164107
1861.0,1.6264320800343521
1862.0,1.626501720273504
1863.0,1.6239003968996655
1864.0,1.623956282148486
1865.0,1.6224292928289676
1866.0,1.6181489608001494
1867.0,1.6169363679891968
1868.0,1.6144817120368204
1869.0,1.6110956432091614
1870.0,1.608395604053084
1871.0,1.6065337270800932
1872.0,1.6033797763445563
1873.0,1.599639570764684
1874.0,1.595728171968847
1875.0,1.5928489549885594
1876.0,1.5880721366548225
1877.0,1.5835122486772664
1878.0,1.5795021005464722
1879.0,1.5739331644935328
1880.0,1.5667732337593032
1881.0,1.560234223295394
1882.0,1.5531526716796515
1883.0,1.5455100287314647
1884.0,1.5392581352802182
1885.0,1.5335872377120947
1886.0,1.527328014024469
1887.0,1.5190685801024184
1888.0,1.5091969196010921
1889.0,1.4984602433171734
1890.0,1.487118370313045
1891.0,1.4739353858126114
1892.0,1.4625954052273824
1893.0,1.452282260654341
1894.0,1.4423211780256304
1895.0,1.4326399499237596
1896.0,1.4221627875896385
1897.0,1.4113058796036542
1898.0,1.3978340231724744
1899.0,1.3861051687457946
1900.0,1.3759408722507087
1901.0,1.3653032451655258
1902.0,1.3542911257412182
1903.0,1.3461882034639476
1904.0,1.3380456466456707
1905.0,1.329385306063467
1906.0,1.3224104606489797
1907.0,1.314561638970377
1908.0,1.3054551306952014
1909.0,1.2970973374137
1910.0,1.2912532036603135
1911.0,1.2863145752888288
1912.0,1.2814694046468025
1913.0,1.27741585122976
1914.0,1.2746526546412327
1915.0,1.2709238471029867
1916.0,1.2675922930481165
1917.0,1.2662373070994868
1918.0,1.265139189734704
1919.0,1.2627504394085165
1920.0,1.2606260904444626
1921.0,1.2586023711283432
1922.0,1.2557517739712698
1923.0,1.2545900312654013
1924.0,1.25322356438762
1925.0,1.2521726603682362
1926.0,1.2502742750425024
1927.0,1.2492349574997665
1928.0,1.248353230143005
1929.0,1.247875530973451
1930.0,1.2493892506352882
1931.0,1.251677488637557
1932.0,1.2537957992674604
1933.0,1.2560069885825458
1934.0,1.2575206982172333
1935.0,1.2600598451202714
1936.0,1.2620824188074262
1937.0,1.2636671025776094
1938.0,1.265059547473673
1939.0,1.2669855434449793
1940.0,1.2674204512953746
1941.0,1.268387371504949
1942.0,1.2701608081543778
1943.0,1.2723228304567964
1944.0,1.2748757508476176
1945.0,1.2775619171397479
1946.0,1.2808381073649528
1947.0,1.2841747003977857
1948.0,1.286805106469832
1949.0,1.2892698606271147
1950.0,1.2913926718056907
1951.0,1.29206542408418
1952.0,1.2922786795801402
1953.0,1.292442559714934
1954.0,1.2916117857957656
1955.0,1.2920642852814483
1956.0,1.2934515783784806
1957.0,1.2955606612832489
1958.0,1.2984892570505204
1959.0,1.301078970525624
1960.0,1.304222271810938
1961.0,1.3069545986841495
1962.0,1.3094143077613405
1963.0,1.311720244054649
1964.0,1.3137758805918067
1965.0,1.3162843848254022
1966.0,1.3188284707986053
1967.0,1.3205149802463483
1968.0,1.3232303696700578
1969.0,1.3260695280609611
1970.0,1.3285398007692086
1971.0,1.3322646245343066
1972.0,1.3353456178360223
1973.0,1.3385999759309197
1974.0,1.3414176360148096
1975.0,1.343673840803356
1976.0,1.3457303121974553
1977.0,1.3495323739730076
1978.0,1.3526941249112128
1979.0,1.3547259750306675
1980.0,1.3571191881773412
1981.0,1.3569819030337564
1982.0,1.3566579553967855
1983.0,1.358741126589308
1984.0,1.360352233000961
1985.0,1.361696773049312
1986.0,1.3633385415279924
1987.0,1.365431386056258
1988.0,1.3669050687357867
1989.0,1.3691901720900002
1990.0,1.3730568872205537
1991.0,1.3755441047802603
1992.0,1.3772303635484084
1993.0,1.3791784078236824
1994.0,1.3800053824434342
1995.0,1.382161289539895
1996.0,1.3840950113508736
1997.0,1.3863115809185582
1998.0,1.3882956481201008
1999.0,1.3898649348999323
2000.0,1.3916629810217633
2001.0,1.3933994138618346
2002.0,1.3952813575852319
2003.0,1.3990431769182208
2004.0,1.4029267851220406
2005.0,1.4066690259403474
2006.0,1.4104005851137447
2007.0,1.4122408140263945
2008.0,1.4136059648798251
2009.0,1.4153988566606919
2010.0,1.4171128573134364
2011.0,1.4185352377425842
2012.0,1.4198904296373265
2013.0,1.4218245919872017
2014.0,1.4237626798663332
2015.0,1.4262001170217378
2016.0,1.4283440634145965
2017.0,1.4304235409849206
2018.0,1.4322275720517024
2019.0,1.4340934078017684
2020.0,1.4373090433900972
2021.0,1.439312525631434
2022.0,1.4409195901546912
2023.0,1.4426552002700377
2024.0,1.4441835352697288
2025.0,1.4454229709803812
2026.0,1.446551818284392
2027.0,1.447583024439207
2028.0,1.4484468032507334
2029.0,1.448866669384091
2030.0,1.4486783466191162
2031.0,1.4507563641462666
2032.0,1.4532863684079738
2033.0,1.454898012777772
2034.0,1.4567263982160599
2035.0,1.4568104789777183
2036.0,1.4574910677161192
2037.0,1.4598298562216627
2038.0,1.4645119524756298
2039.0,1.4663838945943584
2040.0,1.4687694809375798
2041.0,1.470441706935974
2042.0,1.4698416757190809
2043.0,1.4701588023115204
2044.0,1.4714603855573862
2045.0,1.4710162072898056
2046.0,1.4709967346551487
2047.0,1.4715358316097342
2048.0,1.4736223263417665
2049.0,1.4761593374640003
2050.0,1.4762480843470231
2051.0,1.478083721936724
2052.0,1.4800422058808065
2053.0,1.4818893742610637
2054.0,1.48350332222136
2055.0,1.4863747584019618
2056.0,1.487779735789564
2057.0,1.4884462266132426
2058.0,1.4884460504644441
2059.0,1.4871285566331904
2060.0,1.4866707131092982
2061.0,1.486718111780014
2062.0,1.4866515942366414
2063.0,1.4872258956122688
2064.0,1.4866290871808552
2065.0,1.4851629025490112
2066.0,1.4849717105601785
2067.0,1.4846111322195246
2068.0,1.4850276065759331
2069.0,1.4849279933680475
2070.0,1.4840702114365345
2071.0,1.483963532767786
2072.0,1.483801362177302
2073.0,1.4846406086158987
2074.0,1.4864878302421682
2075.0,1.4885274122499095
2076.0,1.4905400123499832
2077.0,1.4926321789213195
2078.0,1.4926698825821085
2079.0,1.4901473540149668
2080.0,1.4892807800369094
2081.0,1.4886071169728519
2082.0,1.4891369595114963
2083.0,1.4929437429548722
2084.0,1.4938802727312321
2085.0,1.49274247851162
2086.0,1.4941968834088792
2087.0,1.4966193509539027
2088.0,1.4974317749670865
2089.0,1.5000720432900656
2090.0,1.4999004304106647
2091.0,1.4977715055877485
2092.0,1.4962733393811951
2093.0,1.4961810208563018
2094.0,1.4991613598263656
2095.0,1.5003715232402686
2096.0,1.4989210831276285
2097.0,1.499083384950225
2098.0,1.4977653197242262
2099.0,1.4994261104962254
2100.0,1.504820297756191
2101.0,1.5065813928903378
2102.0,1.508708801655808
2103.0,1.508481448920581
2104.0,1.503749861202902
2105.0,1.5022931728134097
2106.0,1.5014584111299436
2107.0,1.500739029766369
2108.0,1.5018591537476962
2109.0,1.5031251504852816
2110.0,1.5045788706500254
2111.0,1.506251328293588
2112.0,1.5089186249485154
2113.0,1.51181434891382
2114.0,1.512938420175867
2115.0,1.5140221187416993
2116.0,1.5136548673383172
2117.0,1.5102579800621727
2118.0,1.5095439653439064
2119.0,1.5092283885824438
2120.0,1.508845470896808
2121.0,1.5097209430121794
2122.0,1.509675487037062
2123.0,1.5093282561941048
2124.0,1.5087794501570488
2125.0,1.5081284357375635
2126.0,1.5072685247803466
2127.0,1.5040696944975163
2128.0,1.50478964771585
2129.0,1.505164955851392
2130.0,1.504865055572055
2131.0,1.5084248115937873
2132.0,1.5083979819397515
2133.0,1.508612062592429
2134.0,1.5083482087777722
2135.0,1.508937577288526
2136.0,1.5095490020060374
2137.0,1.5093431764149878
2138.0,1.5087681893816545
2139.0,1.5087900154351168
2140.0,1.5077813340056012
2141.0,1.50801817205111
2142.0,1.5102763371705317
2143.0,1.5115794549439612
2144.0,1.5109095672882566
2145.0,1.5096528939765834
2146.0,1.5087104530413311
2147.0,1.5064204646093096
2148.0,1.505163889363457
2149.0,1.5055648451198669
2150.0,1.5046565575975286
2151.0,1.5061130553329642
2152.0,1.5075322659330777
2153.0,1.5112136124893791
2154.0,1.5115650920908477
2155.0,1.510662829291989
2156.0,1.5102078438923312
2157.0,1.507859702767227
2158.0,1.5064374403732332
2159.0,1.5055283227473875
2160.0,1.5047467241330814
2161.0,1.5041473438785158
2162.0,1.503289283337678
2163.0,1.5026010479083072
2164.0,1.5027937301227738
2165.0,1.500245085516611
2166.0,1.4996438226686195
2167.0,1.5008977307738003
2168.0,1.5012000125172744
2169.0,1.502593555841549
2170.0,1.501885880152303
2171.0,1.501028357729198
2172.0,1.4982949521487676
2173.0,1.4973593247003338
2174.0,1.4975820741888908
2175.0,1.4972380748296947
2176.0,1.4968799914668136
2177.0,1.4959432321248798
2178.0,1.494878427985839
2179.0,1.4925264122140993
2180.0,1.488646312105845
2181.0,1.4864087107386583
2182.0,1.4821533860818585
2183.0,1.481527080849973
2184.0,1.4845508376061225
2185.0,1.4867574941196116
2186.0,1.4895047095671003
2187.0,1.493038589360177
2188.0,1.4920181862682058
2189.0,1.4919921149750983
2190.0,1.4917490375547493
2191.0,1.4889472659944316
2192.0,1.4863334144286486
2193.0,1.4848180979909464
2194.0,1.4852416621303395
2195.0,1.487029722718249
2196.0,1.4892413248099752
2197.0,1.4954579717357415
2198.0,1.4967649525721283
2199.0,1.4949606065169267
2200.0,1.4950277045894906
2201.0,1.4934518707913107
2202.0,1.4927021749669935
2203.0,1.4937490380623224
2204.0,1.493691964102759
2205.0,1.4924367339834546
2206.0,1.4922977297340612
2207.0,1.4916431203471134
2208.0,1.4920081012858561
2209.0,1.4914415836008892
2210.0,1.4901783728024953
2211.0,1.4879666013225474
2212.0,1.4852636163830248
2213.0,1.483809919166218
2214.0,1.482649325469896
2215.0,1.483616116372599
2216.0,1.4834541316049807
2217.0,1.4816222621107504
2218.0,1.4765453111051232
2219.0,1.4756830361618265
2220.0,1.476335777001149
2221.0,1.476804007144864
2222.0,1.4801615242954977
2223.0,1.4817107147503317
2224.0,1.4814636317283227
2225.0,1.4810860842668638
2226.0,1.4800439684326334
2227.0,1.48087531984254
2228.0,1.4832680142191406
2229.0,1.4828122543469087
2230.0,1.4826437844940463
2231.0,1.4818729120867324
2232.0,1.4788608861508123
2233.0,1.4746239293207453
2234.0,1.4736680720329076
2235.0,1.470179573089055
2236.0,1.4695611725679614
2237.0,1.4707904163044074
2238.0,1.4710094323899088
2239.0,1.47435424046065
2240.0,1.472820521800479
2241.0,1.471543125014732
2242.0,1.4719511030066232
2243.0,1.4686696812103297
2244.0,1.4667772957421967
2245.0,1.462908166049821
2246.0,1.4611129922993273
2247.0,1.4604595579475181
2248.0,1.4589737363458426
2249.0,1.459928189084163
2250.0,1.4568610916492144
2251.0,1.4495327755622693
2252.0,1.4441932791867569
2253.0,1.4357371023907601
2254.0,1.4321518692191046
2255.0,1.4327883930451581
2256.0,1.4317996079355273
2257.0,1.4341279531981932
2258.0,1.434069756236072
2259.0,1.4292772772369586
2260.0,1.4290593073902675
2261.0,1.4322443385650732
2262.0,1.4323180379280496
2263.0,1.434689241208214
2264.0,1.4324201249638298
2265.0,1.4244526727213132
2266.0,1.4230844905449538
2267.0,1.4230836409769783
2268.0,1.4265534252807355
2269.0,1.4335954957038781
2270.0,1.4344982592452407
2271.0,1.4358898969828633
2272.0,1.4372081161288197
2273.0,1.4319471107947603
2274.0,1.4255175487574263
2275.0,1.4190259609446663
2276.0,1.4152051256481544
2277.0,1.4128496016563266
2278.0,1.4165510273426338
2279.0,1.4150483056061407
2280.0,1.4098369451383563
2281.0,1.4077058316211224
2282.0,1.4038890261832544
2283.0,1.4035203467318147
2284.0,1.4092074481278154
2285.0,1.409819910883439
2286.0,1.410221153644969
2287.0,1.4098277883752919
2288.0,1.4062827891047343
2289.0,1.4042944021946284
2290.0,1.4023139336453658
2291.0,1.4003757586889178
2292.0,1.3970058339641893
2293.0,1.3953447669251657
2294.0,1.3949450273374095
2295.0,1.3959421179512215
2296.0,1.3995005481795098
2297.0,1.4020547276557551
2298.0,1.404114222992433
2299.0,1.4016237013210853
2300.0,1.3987800752129023
2301.0,1.40024531639954
2302.0,1.401577925964117
2303.0,1.3988236812814143
2304.0,1.3989480911129863
2305.0,1.3998543440014684
2306.0,1.3981432522742725
2307.0,1.4067256271077686
2308.0,1.410575249784063
2309.0,1.4100831825780584
2310.0,1.4080658629043048
2311.0,1.4011373349081957
2312.0,1.4024416377187625
2313.0,1.400822845711311
2314.0,1.397558826216377
2315.0,1.400783152858399
2316.0,1.4018881289113954
2317.0,1.4008337158991773
2318.0,1.402072613526771
2319.0,1.4000700080212383
2320.0,1.4023470463987144
2321.0,1.403768502378238
2322.0,1.410546469994251
2323.0,1.4275015775939046
2324.0,1.4349757721701697
2325.0,1.4385095740274434
2326.0,1.439995372135913
2327.0,1.437515647504105
2328.0,1.4340698207821339
2329.0,1.427345415376816
2330.0,1.4248976438797716
2331.0,1.4192340990017474
2332.0,1.4182488421331592
2333.0,1.4258823429322387
2334.0,1.429075108288595
2335.0,1.4344639999884636
2336.0,1.4366984347645368
2337.0,1.4349930198782688
2338.0,1.4314019468503314
2339.0,1.4217998541723134
2340.0,1.4171168637477205
2341.0,1.413346561047612
2342.0,1.4107660346751008
2343.0,1.4145077603788347
2344.0,1.410812566472319
2345.0,1.4021704204561722
2346.0,1.3979240163115219
2347.0,1.3921666444396368
2348.0,1.3861311886207512
2349.0,1.3899362885845066
2350.0,1.391081915812582
2351.0,1.383341236296174
2352.0,1.38895546361218
2353.0,1.3895224060209512
2354.0,1.3911947008185432
2355.0,1.4083114477205259
2356.0,1.416657466491445
2357.0,1.4262648672416898
2358.0,1.4225531237885256
2359.0,1.4076825219357259
2360.0,1.3981945564107596
2361.0,1.382709519162522
2362.0,1.3773225389630632
2363.0,1.384581020370428
2364.0,1.385792636104633
2365.0,1.391130732438379
2366.0,1.3953882679587528
2367.0,1.3829138635036478
2368.0,1.3733411965885671
2369.0,1.3716745224967024
2370.0,1.3719554147230468
2371.0,1.3734496678581738
2372.0,1.379164135714311
2373.0,1.3790766479139054
2374.0,1.3722400198075009
2375.0,1.3759979064057826
2376.0,1.374993184325865
2377.0,1.3744841053273453
2378.0,1.3873689976595172
2379.0,1.3934137044875734
2380.0,1.400808540880441
2381.0,1.4105300114473036
2382.0,1.3989697329250363
2383.0,1.3862647757374316
2384.0,1.378759273280477
2385.0,1.3559006829608842
2386.0,1.3500473503814456
2387.0,1.3551849614394622
2388.0,1.3489435164445287
2389.0,1.357846743303364
2390.0,1.3624756505882156
2391.0,1.3556718561623085
2392.0,1.3469856139120135
2393.0,1.3355281586642742
2394.0,1.3218883624341822
2395.0,1.3033013922176695
2396.0,1.2979516584909285
2397.0,1.3031348308973376
2398.0,1.3033738707457088
2399.0,1.3115380818618811
2400.0,1.3199140135756053
2401.0,1.3128745847148322
2402.0,1.3161828452807398
2403.0,1.312963001934779
2404.0,1.3096386364025692
2405.0,1.3276412957411667
2406.0,1.3337455863325813
2407.0,1.3533598367422006
2408.0,1.3644057646116485
2409.0,1.3418728756717457
2410.0,1.3272300522307223
2411.0,1.308930787226566
2412.0,1.303654006706249
2413.0,1.3215837877654453
2414.0,1.3406304090472267
2415.0,1.343369564794193
2416.0,1.3263413548822998
2417.0,1.3045272331210285
2418.0,1.280107411715111
2419.0,1.2666197241276984
2420.0,1.2694294595453222
2421.0,1.2748321454095806
2422.0,1.274822953022275
2423.0,1.2664553215634025
2424.0,1.2579639907826312
2425.0,1.25748769886826
2426.0,1.258986730281017
2427.0,1.275479439293668
2428.0,1.2942964362003382
2429.0,1.300828674081479
2430.0,1.308801320567067
2431.0,1.2975291015607007
2432.0,1.2882648784520438
2433.0,1.296057558016489
2434.0,1.2956933204574734
2435.0,1.2969402148253941
2436.0,1.2998367874909398
2437.0,1.2957338963823166
2438.0,1.273409785878503
2439.0,1.2558589752082208
2440.0,1.24822939462429
2441.0,1.2241082957616096
2442.0,1.2298802342541617
2443.0,1.25491787422672
2444.0,1.258809218646713
2445.0,1.2710495668550672
2446.0,1.2764024505252813
2447.0,1.2722304950812295
2448.0,1.2860834469896998
2449.0,1.3041264869186806
2450.0,1.3027671707698927
2451.0,1.288247143665693
2452.0,1.2837258204933824
2453.0,1.2725688590351778
2454.0,1.2703654024054936
2455.0,1.2949057346608575
2456.0,1.3040925204459106
2457.0,1.3062954036184853
2458.0,1.3122334092593224
2459.0,1.2975361670141556
2460.0,1.2722206762139476
2461.0,1.2447827464598566
2462.0,1.2235389860668562
2463.0,1.222706360465325
2464.0,1.2306303920788753
2465.0,1.2631716840987302
2466.0,1.2938622746721267
2467.0,1.2809706276462283
2468.0,1.2619868863976498
2469.0,1.2512916007162342
2470.0,1.2267193072459404
2471.0,1.2452742996376946
2472.0,1.2416271504915886
2473.0,1.2160150515307457
2474.0,1.2079391336069039
2475.0,1.1910467727800056
2476.0,1.176391712976686
2477.0,1.1751867381117986
2478.0,1.173599158045189
2479.0,1.175723795105564
2480.0,1.183839693814417
2481.0,1.1981620021479675
2482.0,1.2070435718819477
2483.0,1.2269382278628216
2484.0,1.2062232707188878
2485.0,1.149620169300482
2486.0,1.1362849142898124
2487.0,1.115265423274659
2488.0,1.1226622526948469
2489.0,1.1877674243701501
2490.0,1.19929618291634
2491.0,1.1707105992393139
2492.0,1.1679990980196728
2493.0,1.1710866235685908
2494.0,1.1777873054821302
2495.0,1.216898595602502
2496.0,1.2058045670163717
2497.0,1.1515053838494345
2498.0,1.133048049941233
2499.0,1.0992749956575478
2500.0,1.1042403487620687
