350.0,-0.09116967894323671
351.0,-0.09290203693756033
352.0,-0.09425533621729959
353.0,-0.1396617746153153
354.0,-0.13621467149359237
355.0,-0.0724223951093849
356.0,0.0012062691157117937
357.0,-0.027241758282175645
358.0,0.015525727803167666
359.0,0.042192855668813596
360.0,-0.049753062358741565
361.0,-0.004206851983614652
362.0,0.010302311224989116
363.0,-0.01862299839344045
364.0,-0.03141194528297571
365.0,-0.0162625461529466
366.0,0.01698700091895478
367.0,0.028416016742581342
368.0,-0.020108527476798418
369.0,-0.024679676180021735
370.0,-0.021793343729085386
371.0,-0.01723821597107593
372.0,0.030786267118212748
373.0,0.03862057972003669
374.0,0.026679541796873343
375.0,0.018106662744526825
376.0,0.004098028320357763
377.0,0.005502431513168674
378.0,0.013567672886558779
379.0,0.01847269098702815
380.0,0.02799537500726107
381.0,0.01965023630147958
382.0,0.014644098422181489
383.0,0.03328216169067953
384.0,0.02700052562062809
385.0,0.015573168350446604
386.0,0.015231809564320848
387.0,0.032080696362345
388.0,0.031765831300441846
389.0,0.018598791026026015
390.0,0.010666960042056906
391.0,0.029844937205040903
392.0,0.03962873787751578
393.0,0.03858151522422697
394.0,0.03358464305896237
395.0,0.03558786783848906
396.0,0.026771117702817673
397.0,0.021950715169258794
398.0,0.029211319651440623
399.0,0.021968501994840104
400.0,0.027709125145592595
401.0,0.03683067445385312
402.0,0.03411619952054775
403.0,0.03610235055280979
404.0,0.02898201119854093
405.0,0.020297568903150424
406.0,0.02626884284944846
407.0,0.03365508795882644
408.0,0.03705065908454279
409.0,0.03483942240798944
410.0,0.028999409459853766
411.0,0.029150478369911404
412.0,0.03426980735010757
413.0,0.0396974313238935
414.0,0.03869713466079091
415.0,0.0379801441262034
416.0,0.03814620966478048
417.0,0.03880014773611294
418.0,0.042081968015937304
419.0,0.042972357051299676
420.0,0.04185898245458375
421.0,0.041491691708924534
422.0,0.04253325554917108
423.0,0.04341801807740382
424.0,0.04305742077041551
425.0,0.04118702583169837
426.0,0.04003799025195466
427.0,0.0404388808680863
428.0,0.04121711896832466
429.0,0.03852628545955427
430.0,0.04043648317887826
431.0,0.044761697620092175
432.0,0.04709872142195198
433.0,0.04437087124354874
434.0,0.0422040232104375
435.0,0.042394803798809395
436.0,0.04411224404739325
437.0,0.04325904206778238
438.0,0.04343667084159965
439.0,0.044576618527306835
440.0,0.043176047443713735
441.0,0.043329998784414875
442.0,0.04300322023400247
443.0,0.04173623774344566
444.0,0.0437044198777014
445.0,0.044795603014819226
446.0,0.04491610441207318
447.0,0.04495859207812294
448.0,0.04476895032897674
449.0,0.04469266938055507
450.0,0.04435347713793518
451.0,0.043406675940223495
452.0,0.04525822612802868
453.0,0.0467384670352239
454.0,0.04666402607260138
455.0,0.047002468305023186
456.0,0.04519366092379615
457.0,0.044084552069511077
458.0,0.04547375024317917
459.0,0.045693271197973825
460.0,0.04610455660232028
461.0,0.04678933867230618
462.0,0.04721700568309854
463.0,0.04611716944385392
464.0,0.04557465483147048
465.0,0.0459545312518661
466.0,0.04602440733889301
467.0,0.0467959961032349
468.0,0.047397047366418386
469.0,0.04726733441402611
470.0,0.04686981860413828
471.0,0.04728041325181206
472.0,0.047942416304102946
473.0,0.0479607217590808
474.0,0.04729845898845231
475.0,0.04735993191040769
476.0,0.047904435843823555
477.0,0.04772312335056903
478.0,0.04791431331854362
479.0,0.048559220978999056
480.0,0.04927846535354116
481.0,0.04922955320670793
482.0,0.04926687288978614
483.0,0.04915367431416472
484.0,0.048842098985706864
485.0,0.04997103921868199
486.0,0.050078424561224646
487.0,0.04912664941249606
488.0,0.04856594147401156
489.0,0.04951634969486468
490.0,0.05075634784124595
491.0,0.05118615008028688
492.0,0.05026364230669088
493.0,0.05004421229261516
494.0,0.05006902441987255
495.0,0.04999841996590286
496.0,0.051809803624842304
497.0,0.05325609306914962
498.0,0.05332773561652351
499.0,0.05205252030489421
500.0,0.051564886280452485
501.0,0.05204247716362751
502.0,0.05273536358255062
503.0,0.05215191274892743
504.0,0.053032872046820015
505.0,0.053826366090049704
506.0,0.05306141849387383
507.0,0.051795559437419605
508.0,0.05209826462476234
509.0,0.05349865411629576
510.0,0.054389510437163835
511.0,0.05488469523318254
512.0,0.055403195006420984
513.0,0.055707704419374754
514.0,0.054817423462515245
515.0,0.05451834153626267
516.0,0.05468553406420934
517.0,0.055004601664294696
518.0,0.056092637592633686
519.0,0.05604198540074406
520.0,0.05543479082688687
521.0,0.05579639280914863
522.0,0.055834302293665594
523.0,0.056112456565421076
524.0,0.056808301695143885
525.0,0.05746000503423555
526.0,0.05758118001710702
527.0,0.05775363247444326
528.0,0.05834597239935757
529.0,0.05829893535989473
530.0,0.05809562629819708
531.0,0.058171865017494766
532.0,0.058827365863449096
533.0,0.05966935168677859
534.0,0.05984135900613398
535.0,0.05938926435264218
536.0,0.059605621164534155
537.0,0.06010409577094912
538.0,0.06047837947381813
539.0,0.06056744872140648
540.0,0.06112672053660706
541.0,0.06179311731605155
542.0,0.06222151829180666
543.0,0.06213792932965327
544.0,0.06155229090474618
545.0,0.06157621894068342
546.0,0.0624992485708489
547.0,0.06308524724612821
548.0,0.06365825910495092
549.0,0.06398915675697377
550.0,0.0639084630334938
551.0,0.0640326878456548
552.0,0.06418895446618235
553.0,0.0644981716658036
554.0,0.06527287188685132
555.0,0.06587005444794809
556.0,0.06628101429848103
557.0,0.06658926153122531
558.0,0.06682564218369061
559.0,0.06695473824857066
560.0,0.06714703810451314
561.0,0.06757764392884526
562.0,0.06802126813022552
563.0,0.06839706371292334
564.0,0.06867975381670301
565.0,0.06890134839472765
566.0,0.06952285773230157
567.0,0.07002883758210059
568.0,0.07009397023951847
569.0,0.07046137056485507
570.0,0.07080683369364175
571.0,0.07111168783603564
572.0,0.0714933614092198
573.0,0.07193101036475105
574.0,0.07225936256261394
575.0,0.07248415401237224
576.0,0.07285962390331593
577.0,0.07325028366510987
578.0,0.07377748554411145
579.0,0.07443012270677359
580.0,0.0744403311964476
581.0,0.07482033401480502
582.0,0.07551257034155112
583.0,0.07577673662201781
584.0,0.07647267270802074
585.0,0.07706201408753888
586.0,0.07726132726110739
587.0,0.07760150726936123
588.0,0.07797541300584246
589.0,0.07849677245628417
590.0,0.07920595710236905
591.0,0.07947682534553953
592.0,0.07977013394933766
593.0,0.08034822612105096
594.0,0.08118786187187453
595.0,0.08152886595819017
596.0,0.08174942634201422
597.0,0.0822777057438763
598.0,0.08307445187249772
599.0,0.08349911453040045
600.0,0.08378900077621775
601.0,0.08450022095184179
602.0,0.08486424521031452
603.0,0.08526468966616345
604.0,0.08583658549651418
605.0,0.08622052791740262
606.0,0.08666759386531901
607.0,0.08732401333027211
608.0,0.08818881262665361
609.0,0.08887016443435582
610.0,0.08930780866433578
611.0,0.08975612526937665
612.0,0.09061766032890248
613.0,0.09116966648549049
614.0,0.09154126025928495
615.0,0.09195900543002505
616.0,0.09258851850552034
617.0,0.0931633848100242
618.0,0.09369575833570007
619.0,0.09431734659879212
620.0,0.09522886102333264
621.0,0.09587140986886745
622.0,0.09622493202013253
623.0,0.09687053720934986
624.0,0.09731850082753808
625.0,0.09786652908233505
626.0,0.09872696090648664
627.0,0.09939836064721308
628.0,0.10002110569324639
629.0,0.10063725753258071
630.0,0.1012433121654159
631.0,0.10181826057788343
632.0,0.10249487353301329
633.0,0.10327813817083872
634.0,0.1039634276274799
635.0,0.10433117273890533
636.0,0.10473474074140998
637.0,0.10556729989560813
638.0,0.10662998532781007
639.0,0.10728997868446845
640.0,0.10763368788644445
641.0,0.1083335502711847
642.0,0.10915778696734718
643.0,0.11000683205274116
644.0,0.11079629285996892
645.0,0.11146212956165912
646.0,0.11190380791718949
647.0,0.11247472770746607
648.0,0.11354260068673128
649.0,0.11423411045243011
650.0,0.11499521063714258
651.0,0.11587425511206266
652.0,0.11632928062437649
653.0,0.11722095555601272
654.0,0.11807893671822796
655.0,0.11851266473162543
656.0,0.1195226010268595
657.0,0.1203606730770221
658.0,0.1209816409280638
659.0,0.12177680847849973
660.0,0.12272102598919979
661.0,0.12344600904905666
662.0,0.12395742984418054
663.0,0.12498902736699881
664.0,0.12609359338668064
665.0,0.126975168012404
666.0,0.12755549261008173
667.0,0.12851668560265583
668.0,0.1295047246921241
669.0,0.1303220842108465
670.0,0.13097739754687068
671.0,0.1317340957665459
672.0,0.13270823232005022
673.0,0.13379733957118986
674.0,0.1344365373827956
675.0,0.13514260599036038
676.0,0.1358711048083369
677.0,0.13646306921021714
678.0,0.13778774141755393
679.0,0.139129622405211
680.0,0.1400698727782654
681.0,0.14075570920184466
682.0,0.14180804075391987
683.0,0.1426881365016746
684.0,0.14298835427366238
685.0,0.1437816355759663
686.0,0.1447567706284075
687.0,0.14587596732853345
688.0,0.1472160246346133
689.0,0.14816275954289865
690.0,0.1488200486178525
691.0,0.14949990572786756
692.0,0.15072374645352749
693.0,0.1516751009658117
694.0,0.1525628152803281
695.0,0.1537751639802429
696.0,0.1548447242697242
697.0,0.15573520606146674
698.0,0.15651936540543532
699.0,0.15735742568405556
700.0,0.158398436087197
701.0,0.15960263735146574
702.0,0.16084321860975762
703.0,0.1619034093630156
704.0,0.16278960745237678
705.0,0.1636274195309236
706.0,0.16456430298526367
707.0,0.16545492177894022
708.0,0.16656498072367096
709.0,0.1678305118975916
710.0,0.1687832041618962
711.0,0.16978349171577925
712.0,0.17086834849280874
713.0,0.17198949782334566
714.0,0.17308967031292033
715.0,0.174074355590994
716.0,0.1750710413382011
717.0,0.17628365558830078
718.0,0.17741540518775367
719.0,0.17852216394385925
720.0,0.17958969945363698
721.0,0.18043642870353763
722.0,0.1816836386471954
723.0,0.1829278082482563
724.0,0.1837746080347772
725.0,0.18504828348557964
726.0,0.18627646598117784
727.0,0.18725956050698175
728.0,0.1880713637130248
729.0,0.18926781207964657
730.0,0.1906647221436399
731.0,0.1919983299922718
732.0,0.19304402560151787
733.0,0.19414981358653657
734.0,0.19535005039445946
735.0,0.1965669505296875
736.0,0.19775320988107495
737.0,0.19895676217083635
738.0,0.20020663746382708
739.0,0.20149363799613818
740.0,0.2025992722395505
741.0,0.20377508191035978
742.0,0.20510942657851017
743.0,0.20617323262699797
744.0,0.20729570830987545
745.0,0.20851017528298116
746.0,0.20976898530946947
747.0,0.21118116557687835
748.0,0.21258836055733418
749.0,0.21384163034699377
750.0,0.21485853213019218
751.0,0.21618934076756366
752.0,0.21760219063334957
753.0,0.21891111875667646
754.0,0.22042257485722833
755.0,0.22167043838616632
756.0,0.2228960015349026
757.0,0.224442234668775
758.0,0.22556428799683634
759.0,0.2267334601493345
760.0,0.22809890472773808
761.0,0.2294365528772684
762.0,0.23100034991308233
763.0,0.23243041999065694
764.0,0.23355260006665043
765.0,0.23489024094609096
766.0,0.2362084655056139
767.0,0.2374612651203531
768.0,0.2386934374015213
769.0,0.2401324621159039
770.0,0.24156057276370838
771.0,0.242926364564812
772.0,0.24436114998821676
773.0,0.24562289448454824
774.0,0.24695466687232992
775.0,0.24845525638867832
776.0,0.2496933233250817
777.0,0.2510428172720077
778.0,0.25255123465583845
779.0,0.2541031657987527
780.0,0.2554315593667084
781.0,0.2566313098089578
782.0,0.2579446366182643
783.0,0.2596585635094024
784.0,0.2611027295337127
785.0,0.2624810863353857
786.0,0.2639618779872176
787.0,0.2652988844480241
788.0,0.26674509317545164
789.0,0.2682475334702069
790.0,0.26968971458016905
791.0,0.27114062731396754
792.0,0.2726863120933915
793.0,0.27427013678491763
794.0,0.2757370648121397
795.0,0.2770784332875747
796.0,0.2783679944920579
797.0,0.27973309219372594
798.0,0.2813754540352412
799.0,0.28283810270240084
800.0,0.28417401134229625
801.0,0.28554057004079797
802.0,0.2868674988155463
803.0,0.28832768200086184
804.0,0.2898259274828796
805.0,0.2911639671983938
806.0,0.29265734399690607
807.0,0.29424128148198625
808.0,0.29586169421279257
809.0,0.2975494723522723
810.0,0.29929134868406077
811.0,0.30086493913415224
812.0,0.30220041637672734
813.0,0.30374415161215496
814.0,0.3054438124728362
815.0,0.3071708238222314
816.0,0.30877650153254615
817.0,0.31034677127878835
818.0,0.31180998828719303
819.0,0.3132222653466471
820.0,0.3147566556818001
821.0,0.31659025553205744
822.0,0.31843999849144694
823.0,0.3201139509660547
824.0,0.3217250519330344
825.0,0.32322722760916334
826.0,0.32468452163087635
827.0,0.32622647920883674
828.0,0.32814237358206294
829.0,0.330017930159657
830.0,0.3316345825363683
831.0,0.3329862235958267
832.0,0.3344462025703797
833.0,0.33608084753041034
834.0,0.33784566267059857
835.0,0.3396237219061181
836.0,0.3415698503974724
837.0,0.34341702555343256
838.0,0.34503403506864344
839.0,0.346728554896295
840.0,0.3485429884883659
841.0,0.35040205835004057
842.0,0.35217393266312313
843.0,0.35371779166110723
844.0,0.35546338267513283
845.0,0.3572818079159285
846.0,0.35876533770544433
847.0,0.36020037676450056
848.0,0.36179960679008794
849.0,0.3635427345980708
850.0,0.365177636921247
851.0,0.3668629045565191
852.0,0.3686895445055554
853.0,0.3705436664460038
854.0,0.37192393861637746
855.0,0.3733872887834899
856.0,0.3750059924864235
857.0,0.3767131106582907
858.0,0.3785532385193469
859.0,0.38044459970491884
860.0,0.38226676006954646
861.0,0.3838898908872957
862.0,0.38524463922603686
863.0,0.3868293684727761
864.0,0.3887116619569777
865.0,0.3905396847190824
866.0,0.3926481147718001
867.0,0.3946622359921368
868.0,0.3964300359317523
869.0,0.3982791111512099
870.0,0.40019074762917956
871.0,0.4020416238797452
872.0,0.40380879467149194
873.0,0.40580265971653195
874.0,0.40787537817298813
875.0,0.4098882614766424
876.0,0.41174846898468265
877.0,0.4136081598409747
878.0,0.41536698190772986
879.0,0.41702746429827725
880.0,0.4187071209733339
881.0,0.4207047657088975
882.0,0.4227577878484372
883.0,0.4246999483395135
884.0,0.42650287476587684
885.0,0.4281030856831823
886.0,0.42976700378924065
887.0,0.43176277165442173
888.0,0.4342536759361451
889.0,0.4361786787290871
890.0,0.43767916163578796
891.0,0.4391949975411005
892.0,0.441093405842376
893.0,0.4428558638420015
894.0,0.444663008368796
895.0,0.4467256510036679
896.0,0.44852523559883417
897.0,0.4503213781550276
898.0,0.4521612049393605
899.0,0.4539914909549858
900.0,0.4557361806767729
901.0,0.4579430717549468
902.0,0.4603214743348264
903.0,0.4621383502501625
904.0,0.4643369153907413
905.0,0.46619611227520175
906.0,0.46760553992818993
907.0,0.4692201896688405
908.0,0.4709564952318906
909.0,0.4729239080255374
910.0,0.4749542775512623
911.0,0.47651431661570887
912.0,0.4783861451814618
913.0,0.4804917754367122
914.0,0.4826653671591364
915.0,0.48495386781592775
916.0,0.4868606306868738
917.0,0.4885948239889236
918.0,0.4905070646973291
919.0,0.4927876840222658
920.0,0.4947043521302903
921.0,0.4962923421483027
922.0,0.4979287669087461
923.0,0.5001199908444397
924.0,0.5023424058963283
925.0,0.5044386982331681
926.0,0.5064367751815261
927.0,0.5082326737616366
928.0,0.5105995783054177
929.0,0.5127715757599356
930.0,0.5136323175465846
931.0,0.5153210643598144
932.0,0.5180332909916224
933.0,0.5207380236576796
934.0,0.5220777903118602
935.0,0.5243901753267665
936.0,0.5261129388240647
937.0,0.5271928832218521
938.0,0.5291093207382753
939.0,0.5317080582423529
940.0,0.5340054436801781
941.0,0.5356851270844879
942.0,0.537290466712296
943.0,0.5391606172068583
944.0,0.5415087589959107
945.0,0.5439365862420106
946.0,0.5454924881210917
947.0,0.5474548951929883
948.0,0.5499345303300974
949.0,0.5524300860397054
950.0,0.5540175570660064
951.0,0.5554249613985615
952.0,0.5574343620437612
953.0,0.5599833513211092
954.0,0.5618002479539128
955.0,0.5642992736629182
956.0,0.566580344234
957.0,0.5681832912584218
958.0,0.5701791019677915
959.0,0.5718607181372009
960.0,0.5737744356971517
961.0,0.5762159503156963
962.0,0.5785511438077895
963.0,0.5810347303044191
964.0,0.58266890369966
965.0,0.5835357070748228
966.0,0.5861956820186093
967.0,0.5882911912635547
968.0,0.5899831752616731
969.0,0.592000007683931
970.0,0.5948020705400924
971.0,0.5978210544955525
972.0,0.5997812729974422
973.0,0.6005019656631798
974.0,0.6021157669076164
975.0,0.6052266574636406
976.0,0.6079685226367516
977.0,0.6093274412410711
978.0,0.6111863349573378
979.0,0.613279276948404
980.0,0.6154465637675465
981.0,0.6174515452794902
982.0,0.6190010173718034
983.0,0.621249313428721
984.0,0.6244802904609572
985.0,0.6278704662051345
986.0,0.629367917489332
987.0,0.6302785760364362
988.0,0.6315459419936286
989.0,0.6333171267712456
990.0,0.6347468010413551
991.0,0.6388444423163891
992.0,0.6416677760133134
993.0,0.6421623001639845
994.0,0.6447868773076414
995.0,0.6461426408791395
996.0,0.6475078890205077
997.0,0.6498884055512015
998.0,0.6529090894753867
999.0,0.6567015278610785
1000.0,0.658427890578551
1001.0,0.6721288750036013
1002.0,0.6794428606501369
1003.0,0.6820515605145786
1004.0,0.6834658903276496
1005.0,0.6818531024877581
1006.0,0.6805398803646537
1007.0,0.6785137678829648
1008.0,0.6800820819699033
1009.0,0.6857802648188775
1010.0,0.6897277447232423
1011.0,0.6916161191712049
1012.0,0.6949362759076723
1013.0,0.6981418921358182
1014.0,0.6989312164551267
1015.0,0.6979812375012032
1016.0,0.6997967828031221
1017.0,0.7014281175740577
1018.0,0.7007740848063703
1019.0,0.7043806112833365
1020.0,0.7103757637143848
1021.0,0.7121753154675954
1022.0,0.7126949326056854
1023.0,0.7172446771884646
1024.0,0.7192999298573906
1025.0,0.7208159469115891
1026.0,0.7237834747848026
1027.0,0.7244246407118472
1028.0,0.7242545195848551
1029.0,0.7254144455382924
1030.0,0.7270775062110741
1031.0,0.731111187007862
1032.0,0.7341322222985726
1033.0,0.7357950169763365
1034.0,0.7367388973986179
1035.0,0.7381861628234775
1036.0,0.7424798361167643
1037.0,0.7469898387713765
1038.0,0.7528427703393687
1039.0,0.7571206953624454
1040.0,0.75695799194469
1041.0,0.755943870192399
1042.0,0.7540569388802546
1043.0,0.7544164435229092
1044.0,0.7549325465958585
1045.0,0.7583640751926903
1046.0,0.763395366906263
1047.0,0.7680030934604223
1048.0,0.7698629404303697
1049.0,0.770800717195318
1050.0,0.7710046919988259
1051.0,0.771622458277574
1052.0,0.7754412884373583
1053.0,0.7797211088283137
1054.0,0.7818987551450646
1055.0,0.7842061795730537
1056.0,0.7867875112664066
1057.0,0.7889363011824636
1058.0,0.7905720175676098
1059.0,0.7927617885827555
1060.0,0.7934817662588806
1061.0,0.7943517059587112
1062.0,0.796030953450737
1063.0,0.7985280241381788
1064.0,0.8022566838496793
1065.0,0.8042055428741277
1066.0,0.8047373965934437
1067.0,0.8053534714797365
1068.0,0.8076776692368829
1069.0,0.8112004797278769
1070.0,0.8139526747130015
1071.0,0.8163751177832429
1072.0,0.8186683322525233
1073.0,0.8199195968354881
1074.0,0.8204461554150126
1075.0,0.8215134495130517
1076.0,0.8236892113995399
1077.0,0.8267930062134671
1078.0,0.8299716899097622
1079.0,0.8339694009961813
1080.0,0.8377719190999677
1081.0,0.8390642023521874
1082.0,0.8402931552806475
1083.0,0.8426938722795074
1084.0,0.8445674297263224
1085.0,0.8456025688220881
1086.0,0.8478164949115103
1087.0,0.8512028971424647
1088.0,0.8525960687279732
1089.0,0.8544343286434353
1090.0,0.8571344211628388
1091.0,0.8576754247945787
1092.0,0.8600531412623625
1093.0,0.8637012014789166
1094.0,0.8657108939158906
1095.0,0.8680977615902601
1096.0,0.8707791295459198
1097.0,0.8731877687987545
1098.0,0.8752267605614239
1099.0,0.8774199025697373
1100.0,0.8802618253822252
1101.0,0.8826922688218497
1102.0,0.8847532171484541
1103.0,0.8868468317367995
1104.0,0.8887232511311783
1105.0,0.8894575009976324
1106.0,0.8902895910019866
1107.0,0.8922255019360292
1108.0,0.8939155912366761
1109.0,0.8961544000739075
1110.0,0.8983287800716085
1111.0,0.9001777689113153
1112.0,0.9025314913833032
1113.0,0.9055981289707441
1114.0,0.908116898300016
1115.0,0.9105770851406236
1116.0,0.9128260342809432
1117.0,0.9153135802202172
1118.0,0.9171985516520043
1119.0,0.9187118832228516
1120.0,0.9198854447091378
1121.0,0.9211956481029014
1122.0,0.9222856996896882
1123.0,0.9239377716282168
1124.0,0.9259238840937508
1125.0,0.9283849380699261
1126.0,0.9307667966653301
1127.0,0.9332887125365709
1128.0,0.936496664660257
1129.0,0.9392001729827121
1130.0,0.9419574321489057
1131.0,0.9440053924115573
1132.0,0.9453341636584179
1133.0,0.9469752618425468
1134.0,0.9479583203060885
1135.0,0.9496526814848973
1136.0,0.9524156230657236
1137.0,0.9549548976411824
1138.0,0.9567538056264957
1139.0,0.9582733186583058
1140.0,0.9603374112649895
1141.0,0.9617581909098315
1142.0,0.9632827958475734
1143.0,0.965140663481978
1144.0,0.9673959603757383
1145.0,0.9695655125040117
1146.0,0.9715629979674142
1147.0,0.9740049736437996
1148.0,0.9763258940661323
1149.0,0.9782597437862759
1150.0,0.980147224792056
1151.0,0.9822255317708969
1152.0,0.984474891694655
1153.0,0.9863071487746701
1154.0,0.9883071286100216
1155.0,0.9908127191654766
1156.0,0.9935131921036996
1157.0,0.9956955286685947
1158.0,0.9975130603676294
1159.0,0.999317940135424
1160.0,1.0010396940895505
1161.0,1.0027673963445765
1162.0,1.0040013542034745
1163.0,1.0057870859237694
1164.0,1.007497376131015
1165.0,1.0096081607064664
1166.0,1.0120596966910438
1167.0,1.015509336503884
1168.0,1.017737515994353
1169.0,1.0204748276984912
1170.0,1.022017987844249
1171.0,1.022883894376409
1172.0,1.024607654049821
1173.0,1.0264931654487175
1174.0,1.028143322275648
1175.0,1.0306532354553946
1176.0,1.031924800002161
1177.0,1.0316395822484032
1178.0,1.0330547516398165
1179.0,1.0348795574454375
1180.0,1.0365926665176046
1181.0,1.039134335692449
1182.0,1.041678898382344
1183.0,1.0437242835773133
1184.0,1.044591637063646
1185.0,1.0469740726448242
1186.0,1.0503997492587631
1187.0,1.0523988413966583
1188.0,1.0542701121559603
1189.0,1.0559384844273907
1190.0,1.056397435490154
1191.0,1.0577700590769668
1192.0,1.0595698384390377
1193.0,1.0615999477491491
1194.0,1.0641407870927793
1195.0,1.066052088076713
1196.0,1.0680726379515404
1197.0,1.0698782497844765
1198.0,1.0708708398972362
1199.0,1.072421470712484
1200.0,1.0749079894595888
1201.0,1.076374378996323
1202.0,1.0779366077569135
1203.0,1.0801849533303143
1204.0,1.081733111473221
1205.0,1.082705896607202
1206.0,1.0842326369426003
1207.0,1.0856236736614553
1208.0,1.0873253762665034
1209.0,1.0895832626114044
1210.0,1.0913297031216949
1211.0,1.0927035756147727
1212.0,1.0946667647691772
1213.0,1.0968210000322496
1214.0,1.0988501398272106
1215.0,1.1014029268383014
1216.0,1.1036312372652228
1217.0,1.105257011001776
1218.0,1.10708954713755
1219.0,1.1089884329335298
1220.0,1.1109201707764864
1221.0,1.1129050718406708
1222.0,1.1151112017534266
1223.0,1.1168200400839352
1224.0,1.1183942274992844
1225.0,1.1199794919257386
1226.0,1.1213559297859894
1227.0,1.1226826096265456
1228.0,1.123853230469698
1229.0,1.1251832288822219
1230.0,1.1264036825902126
1231.0,1.127678534524768
1232.0,1.1288788459673784
1233.0,1.1306452448642985
1234.0,1.1323150997203275
1235.0,1.133605440043309
1236.0,1.1355163454902581
1237.0,1.1378988384595128
1238.0,1.1399103246073499
1239.0,1.1424252048915977
1240.0,1.1439097384041872
1241.0,1.1442043343065014
1242.0,1.1458748917271138
1243.0,1.1476931063988145
1244.0,1.1495274977029644
1245.0,1.1524957201672799
1246.0,1.1546848450644138
1247.0,1.1561845899237957
1248.0,1.1578351051185194
1249.0,1.1595933445826248
1250.0,1.1611178260366715
1251.0,1.1620390260579117
1252.0,1.1634735993791645
1253.0,1.1651611948339777
1254.0,1.1669751041306806
1255.0,1.1688930471217243
1256.0,1.171520306819374
1257.0,1.173218937349134
1258.0,1.1746880557502954
1259.0,1.1757905080847733
1260.0,1.1760048055733412
1261.0,1.1770185927752854
1262.0,1.178019236913662
1263.0,1.17920091161731
1264.0,1.1805156834925974
1265.0,1.1823570822106406
1266.0,1.1848469249050337
1267.0,1.186928399770168
1268.0,1.1894361189715212
1269.0,1.1918705068807562
1270.0,1.1933285236881013
1271.0,1.1936712727278858
1272.0,1.1950529241811043
1273.0,1.1963574515199287
1274.0,1.1978138378111436
1275.0,1.1996863688444543
1276.0,1.2015261262660197
1277.0,1.2032555426524794
1278.0,1.2050811640390588
1279.0,1.207355723124982
1280.0,1.2092260064267706
1281.0,1.2109366612794952
1282.0,1.2124797679364534
1283.0,1.21361617074517
1284.0,1.2150870026553529
1285.0,1.2164407952228027
1286.0,1.217994600203893
1287.0,1.2194925477705885
1288.0,1.2219272225478286
1289.0,1.2235685232263507
1290.0,1.2250582842533224
1291.0,1.2266433966258479
1292.0,1.2281620823440618
1293.0,1.2294684454643163
1294.0,1.2309849397898356
1295.0,1.231907377612672
1296.0,1.2318853696725036
1297.0,1.2328011257462335
1298.0,1.233659667127833
1299.0,1.235009899507308
1300.0,1.2372018858771963
1301.0,1.2391037995756413
1302.0,1.241206916605068
1303.0,1.2431025378093126
1304.0,1.2450407375321728
1305.0,1.2467445479521766
1306.0,1.2482846370416478
1307.0,1.2496043722293333
1308.0,1.25098691390538
1309.0,1.252306066469744
1310.0,1.2534211431617044
1311.0,1.2540966134409277
1312.0,1.2556767016534087
1313.0,1.2576921326077137
1314.0,1.2591972795719573
1315.0,1.2612050037728109
1316.0,1.2627247612803143
1317.0,1.2630286819225065
1318.0,1.2645450444871986
1319.0,1.2673001751290776
1320.0,1.2689167157330443
1321.0,1.2701521572549967
1322.0,1.271743732119811
1323.0,1.2728904180932494
1324.0,1.2741050014776683
1325.0,1.2761745462643141
1326.0,1.2775624851980552
1327.0,1.2785563836113856
1328.0,1.2787466768066529
1329.0,1.2797306132400683
1330.0,1.2807809181698577
1331.0,1.2817946147031187
1332.0,1.283040179318906
1333.0,1.2842287533433612
1334.0,1.2850459834245285
1335.0,1.28641523970275
1336.0,1.288511355955457
1337.0,1.2899411956554039
1338.0,1.2911949772208096
1339.0,1.292533076317259
1340.0,1.2936820964223457
1341.0,1.2947304322549065
1342.0,1.2958915811546603
1343.0,1.2969149644142441
1344.0,1.2972158576657624
1345.0,1.2982147789164655
1346.0,1.2998054782160446
1347.0,1.3013327642027448
1348.0,1.3023728113149402
1349.0,1.3034739914390916
1350.0,1.3045544010408237
1351.0,1.304939427306441
1352.0,1.3060980777367186
1353.0,1.3080164237813006
1354.0,1.3093293445997523
1355.0,1.3105529609801014
1356.0,1.311727515406852
1357.0,1.3125239279735776
1358.0,1.3137276860872342
1359.0,1.3151168901596608
1360.0,1.3164940520548472
1361.0,1.3183115379702997
1362.0,1.3196588689603983
1363.0,1.3207373375728306
1364.0,1.32175731353006
1365.0,1.3220668272161853
1366.0,1.3230775513215047
1367.0,1.3244697394936793
1368.0,1.3262745426722033
1369.0,1.3269161164709087
1370.0,1.3274239066619447
1371.0,1.3279785852378831
1372.0,1.327426978987943
1373.0,1.3280964588194253
1374.0,1.329851801101213
1375.0,1.3308043322434273
1376.0,1.3316897517711939
1377.0,1.332442174534676
1378.0,1.3327156426786664
1379.0,1.333509286743221
1380.0,1.334452050211752
1381.0,1.3355220652567579
1382.0,1.3370743937311886
1383.0,1.3383054073492744
1384.0,1.3398490649411545
1385.0,1.3405532590819804
1386.0,1.3404010107738422
1387.0,1.3406914629891764
1388.0,1.3407863076887836
1389.0,1.3407864629105766
1390.0,1.3406086162201563
1391.0,1.341241736493171
1392.0,1.34143942136444
1393.0,1.3415152189278134
1394.0,1.341132758402615
1395.0,1.340635254774565
1396.0,1.3401557190616304
1397.0,1.338744996405727
1398.0,1.338690435144618
1399.0,1.3396755510946052
1400.0,1.3399624058500177
1401.0,1.34079195941544
1402.0,1.3407928656960797
1403.0,1.3397712075281334
1404.0,1.339551808062482
1405.0,1.339482094128383
1406.0,1.3393051990502356
1407.0,1.339751076160002
1408.0,1.3395383545279531
1409.0,1.3382367553793624
1410.0,1.3378976979348096
1411.0,1.3374893111252137
1412.0,1.3377060993772585
1413.0,1.3388379062777394
1414.0,1.340393598017374
1415.0,1.3405232886190708
1416.0,1.3409068676169846
1417.0,1.3411218957627908
1418.0,1.3405877755322901
1419.0,1.3406023803162705
1420.0,1.3411879373352555
1421.0,1.3412104843645358
1422.0,1.3408937202814055
1423.0,1.3407234987683143
1424.0,1.3402642395965811
1425.0,1.3404412727853805
1426.0,1.3406674606866356
1427.0,1.3413635991067594
1428.0,1.342864401778902
1429.0,1.3439072926213895
1430.0,1.3449567382860075
1431.0,1.3461089704600033
1432.0,1.3473733121435898
1433.0,1.348398791726087
1434.0,1.3494677562635955
1435.0,1.350363238061192
1436.0,1.350916389995822
1437.0,1.351504889264633
1438.0,1.3518646677850712
1439.0,1.3526298790246414
1440.0,1.353586955421616
1441.0,1.353959055671836
1442.0,1.3543819973893136
1443.0,1.3552066006967904
1444.0,1.3562905157746064
1445.0,1.3576299645238734
1446.0,1.3587161002853247
1447.0,1.3601155241029599
1448.0,1.3612338104737385
1449.0,1.3619627713994724
1450.0,1.3628080196480612
1451.0,1.3638145393693455
1452.0,1.3646582648757686
1453.0,1.3653704969460723
1454.0,1.366017529222081
1455.0,1.3665484864142652
1456.0,1.3672029388433908
1457.0,1.3678098748465486
1458.0,1.3683820717958535
1459.0,1.3689894153708089
1460.0,1.3696818031290299
1461.0,1.3703075098817368
1462.0,1.3709843951463319
1463.0,1.3717794876852263
1464.0,1.3726713308080678
1465.0,1.3737184233648676
1466.0,1.3745344561284036
1467.0,1.3755421025506778
1468.0,1.3761101720273303
1469.0,1.3765096057352095
1470.0,1.377007592160104
1471.0,1.3776176266192126
1472.0,1.378204158015835
1473.0,1.3792759911534782
1474.0,1.3807383239744901
1475.0,1.3818119190089977
1476.0,1.3829563907512046
1477.0,1.3841602155035606
1478.0,1.3851325538896926
1479.0,1.3862521683216789
1480.0,1.3877977889499653
1481.0,1.3889486850519208
1482.0,1.3897463745568375
1483.0,1.3907658523810136
1484.0,1.3916761349451308
1485.0,1.3928900684267695
1486.0,1.3944569930930064
1487.0,1.3956974470321937
1488.0,1.3971103921617771
1489.0,1.3981902024436923
1490.0,1.3986195997702502
1491.0,1.3995875789711323
1492.0,1.4008453624535597
1493.0,1.401855120208337
1494.0,1.403187764701212
1495.0,1.404167095906504
1496.0,1.404347142475134
1497.0,1.4052103700606564
1498.0,1.406635874458229
1499.0,1.4075722358825948
1500.0,1.408368441027879
1501.0,1.409578644095389
1502.0,1.4103262614313228
1503.0,1.411256305131695
1504.0,1.412127257489349
1505.0,1.4133940958382476
1506.0,1.4141252741197996
1507.0,1.4141170651542425
1508.0,1.4152157142722408
1509.0,1.416656590655244
1510.0,1.4182147446802569
1511.0,1.4210164031207744
1512.0,1.4220168176192678
1513.0,1.421903531090378
1514.0,1.4225911990755984
1515.0,1.422465172321512
1516.0,1.4233058062875643
1517.0,1.4254404361654953
1518.0,1.4266159801521714
1519.0,1.427673719336229
1520.0,1.4284228076389038
1521.0,1.42858008655952
1522.0,1.4290801308135122
1523.0,1.4293804207314451
1524.0,1.4300474774995549
1525.0,1.4308825059014751
1526.0,1.431978783915032
1527.0,1.433908436792431
1528.0,1.4349264994287343
1529.0,1.435507300698069
1530.0,1.4363184380278708
1531.0,1.4362676475037177
1532.0,1.436996799002992
1533.0,1.438679359188371
1534.0,1.4399814622717795
1535.0,1.4415502579704675
1536.0,1.4427533376002695
1537.0,1.4436221942099998
1538.0,1.4445015783304642
1539.0,1.4447659879489745
1540.0,1.4453367398478913
1541.0,1.4455979063171418
1542.0,1.445307584127766
1543.0,1.4460636990558582
1544.0,1.4472477844139442
1545.0,1.448189243926444
1546.0,1.4498396469411854
1547.0,1.450590579804445
1548.0,1.4504519907844489
1549.0,1.451324898190503
1550.0,1.4524578147670228
1551.0,1.4534284644064022
1552.0,1.4549323567163812
1553.0,1.455841495191552
1554.0,1.456096484463627
1555.0,1.4569571217280701
1556.0,1.457975607590525
1557.0,1.4590418140702297
1558.0,1.4605104228507804
1559.0,1.4615404099190035
1560.0,1.4626347560455555
1561.0,1.4631438076375467
1562.0,1.4632968755645672
1563.0,1.4632165194425724
1564.0,1.4621415738390788
1565.0,1.462070163369797
1566.0,1.462232294761609
1567.0,1.4625588626898016
1568.0,1.4637910435962846
1569.0,1.4643797190616272
1570.0,1.4644042948441758
1571.0,1.4649551953879236
1572.0,1.4656900813055629
1573.0,1.4662688819592462
1574.0,1.4667975757085916
1575.0,1.4677937453919987
1576.0,1.4690439359339666
1577.0,1.4700796753197702
1578.0,1.471585122304946
1579.0,1.4728117132903258
1580.0,1.4732701357366855
1581.0,1.4743101670462748
1582.0,1.4761667187472365
1583.0,1.4772869889104876
1584.0,1.4784187740198484
1585.0,1.4791527607915456
1586.0,1.478765376779507
1587.0,1.4789690602658674
1588.0,1.479406740549775
1589.0,1.4797864937485379
1590.0,1.4802654408345202
1591.0,1.481071364595353
1592.0,1.4815498982392272
1593.0,1.481877835420258
1594.0,1.4821671708067843
1595.0,1.482338057069382
1596.0,1.482735236293398
1597.0,1.483130263682527
1598.0,1.4835431910151053
1599.0,1.4841160415564858
1600.0,1.4846336810898704
1601.0,1.4850064284357334
1602.0,1.4856208290144548
1603.0,1.4866201795805525
1604.0,1.4869697438162508
1605.0,1.4871579654388578
1606.0,1.487194945269923
1607.0,1.4867184920055516
1608.0,1.4866018106644827
1609.0,1.4862334556186627
1610.0,1.4868085723535038
1611.0,1.48812353564191
1612.0,1.4887525912895385
1613.0,1.4897124621734708
1614.0,1.4904769968069806
1615.0,1.4905810980751149
1616.0,1.491166875227887
1617.0,1.4925655816997967
1618.0,1.492925976071465
1619.0,1.4927543849826093
1620.0,1.4925867668833808
1621.0,1.4918612948648486
1622.0,1.4914706882244304
1623.0,1.490891446787267
1624.0,1.4909068157277372
1625.0,1.4914382567342357
1626.0,1.4915961858846754
1627.0,1.4917648267105965
1628.0,1.4923242322979755
1629.0,1.4929487451232963
1630.0,1.493418065876027
1631.0,1.4944502004551472
1632.0,1.4949422654787206
1633.0,1.4947209195226285
1634.0,1.4949175135419157
1635.0,1.4954979426632888
1636.0,1.4955530818493883
1637.0,1.4952262121118953
1638.0,1.4951990025727482
1639.0,1.4946704294614042
1640.0,1.4948608244077295
1641.0,1.49612548824349
1642.0,1.4964116312141156
1643.0,1.4963883487114242
1644.0,1.4966046667581854
1645.0,1.496364690298143
1646.0,1.4963269165896163
1647.0,1.4967707203200096
1648.0,1.4969004712915095
1649.0,1.4968287313703352
1650.0,1.496644589569893
1651.0,1.4961441172002048
1652.0,1.4960515931733962
1653.0,1.4964116030571886
1654.0,1.496051850952418
1655.0,1.495510608131459
1656.0,1.49503264335306
1657.0,1.49381938679028
1658.0,1.4930550236822329
1659.0,1.4926701487528005
1660.0,1.492416435377081
1661.0,1.4920022381862081
1662.0,1.492057061489263
1663.0,1.4932387550456627
1664.0,1.4932678063865865
1665.0,1.4927322174825983
1666.0,1.492535817321843
1667.0,1.4914773351487693
1668.0,1.4912033633695725
1669.0,1.4919576389257083
1670.0,1.4922092907878728
1671.0,1.4924673516192455
1672.0,1.4925714109788681
1673.0,1.4922175792768801
1674.0,1.4923474387307065
1675.0,1.4923010978579039
1676.0,1.4929082718967932
1677.0,1.4947266277743008
1678.0,1.4955819357733866
1679.0,1.4963236230205597
1680.0,1.4970991219885754
1681.0,1.49754428000102
1682.0,1.4975598683125857
1683.0,1.4969541977981862
1684.0,1.4971059521722747
1685.0,1.4973933365963756
1686.0,1.4975748513564706
1687.0,1.4984456806150184
1688.0,1.4990289906074814
1689.0,1.4989291404951648
1690.0,1.4989332218056908
1691.0,1.4996965077247344
1692.0,1.4996231370394983
1693.0,1.4982943134929567
1694.0,1.498224471646932
1695.0,1.4982363894889283
1696.0,1.4985589116845417
1697.0,1.5000097373848498
1698.0,1.5009598671080875
1699.0,1.5019118010345098
1700.0,1.502393562345145
1701.0,1.502563582360921
1702.0,1.5030409869436445
1703.0,1.5030460170810946
1704.0,1.5036190716019548
1705.0,1.5043514233531428
1706.0,1.5056035027097527
1707.0,1.5081092033876933
1708.0,1.5091583539717395
1709.0,1.5105200242708046
1710.0,1.5107564093578276
1711.0,1.508442584637435
1712.0,1.5080744907902057
1713.0,1.5083518107945058
1714.0,1.5082467864242435
1715.0,1.5090031687645256
1716.0,1.509350721658719
1717.0,1.5090056497464943
1718.0,1.5091370703743017
1719.0,1.5099215727087334
1720.0,1.5099120724943274
1721.0,1.5092505250567065
1722.0,1.5090750678758593
1723.0,1.5087471997486224
1724.0,1.5084813306157254
1725.0,1.5089091902489495
1726.0,1.5087009906764288
1727.0,1.5076942616920446
1728.0,1.5072936171455247
1729.0,1.5069276506368499
1730.0,1.5069335061136178
1731.0,1.5077507886905959
1732.0,1.507869787622396
1733.0,1.5076972601180794
1734.0,1.507332736060873
1735.0,1.506144664657431
1736.0,1.5059434234474174
1737.0,1.5065364813471827
1738.0,1.5062840622527702
1739.0,1.5059865219779816
1740.0,1.5061708750078524
1741.0,1.5060251491217487
1742.0,1.5060227918056526
1743.0,1.5068386730894006
1744.0,1.5068483875256262
1745.0,1.5059771263531145
1746.0,1.506204064643498
1747.0,1.5067825186595194
1748.0,1.506921669085512
1749.0,1.50739421285557
1750.0,1.507555876414661
1751.0,1.5075945444606869
1752.0,1.5074405834037503
1753.0,1.5068182892938873
1754.0,1.5070324881565758
1755.0,1.5068945511983387
1756.0,1.507646911565327
1757.0,1.508448736400916
1758.0,1.5080449005208536
1759.0,1.507855856766755
1760.0,1.5076328128248015
1761.0,1.507796189383805
1762.0,1.5086605240873134
1763.0,1.509381704789907
1764.0,1.5098978107864889
1765.0,1.5103158621593602
1766.0,1.5101322172373146
1767.0,1.5099119505722227
1768.0,1.5106092910915703
1769.0,1.511005574319918
1770.0,1.5107919784601258
1771.0,1.5113266501550777
1772.0,1.5120435643333574
1773.0,1.5127827061747103
1774.0,1.5147000659740362
1775.0,1.515294499824564
1776.0,1.5139418412788979
1777.0,1.5133519176734695
1778.0,1.51246278248357
1779.0,1.5123767657296554
1780.0,1.5134053404565004
1781.0,1.513641362217356
1782.0,1.5141366633215019
1783.0,1.5151505846519657
1784.0,1.5166452304640663
1785.0,1.5174788317210774
1786.0,1.5175117285380275
1787.0,1.51744494587922
1788.0,1.5172115653437739
1789.0,1.517692652671423
1790.0,1.5180101218709317
1791.0,1.5185886933637307
1792.0,1.5188590748949307
1793.0,1.5194516913541165
1794.0,1.5212341055130671
1795.0,1.5213042354342343
1796.0,1.520652978627049
1797.0,1.5204324264373015
1798.0,1.5190269416460338
1799.0,1.5187956223653787
1800.0,1.5188774355906771
1801.0,1.507787009585823
1802.0,1.5081510378698824
1803.0,1.508555834606556
1804.0,1.5086051830652276
1805.0,1.508874786833858
1806.0,1.5095074454143356
1807.0,1.5090728960339237
1808.0,1.5095133804832737
1809.0,1.5115531665399589
1810.0,1.513104881615462
1811.0,1.5140277064526604
1812.0,1.5161139533653307
1813.0,1.517915958492053
1814.0,1.5172817938924459
1815.0,1.517041215969184
1816.0,1.514497525314924
1817.0,1.5149087746442875
1818.0,1.5172994915153455
1819.0,1.517977869676424
1820.0,1.5204148284122585
1821.0,1.52078623357264
1822.0,1.51936312751508
1823.0,1.5164305769430924
1824.0,1.5147996814688836
1825.0,1.512821728689447
1826.0,1.5129392482204904
1827.0,1.5156380842919392
1828.0,1.5169118108661959
1829.0,1.5191167793386395
1830.0,1.5201741054840727
1831.0,1.520842762021374
1832.0,1.5193115444863923
1833.0,1.5187315544718374
1834.0,1.5204232184016155
1835.0,1.5217952947574076
1836.0,1.5243891301667574
1837.0,1.525577194566757
1838.0,1.5267702795068827
1839.0,1.526971209316118
1840.0,1.5257427852450338
1841.0,1.5256229665044652
1842.0,1.5250726536875387
1843.0,1.5240662542784376
1844.0,1.523083754716148
1845.0,1.5229045900371363
1846.0,1.5224041148716716
1847.0,1.5216376663801765
1848.0,1.520745376925424
1849.0,1.5200773005835844
1850.0,1.5189290852503023
1851.0,1.5159886080242866
1852.0,1.5164614170878525
1853.0,1.5175162241710283
1854.0,1.5171501412179895
1855.0,1.5170546264693294
1856.0,1.5161452935569921
1857.0,1.5154884966421103
1858.0,1.5135909698902488
1859.0,1.5130316407712778
1860.0,1.5132492587818451
1861.0,1.514343005179692
1862.0,1.5132602118342013
1863.0,1.5113743452331174
1864.0,1.5097314547044385
1865.0,1.507387074573282
1866.0,1.506563160227181
1867.0,1.5084513811166678
1868.0,1.5091066941271096
1869.0,1.511372226302953
1870.0,1.510631681549909
1871.0,1.5090617577129999
1872.0,1.5047662844415575
1873.0,1.5002229262074038
1874.0,1.4974297054032715
1875.0,1.495002029299577
1876.0,1.4925201447073815
1877.0,1.4897833004199244
1878.0,1.4848847612066343
1879.0,1.480561962453466
1880.0,1.476215200550817
1881.0,1.4715819623131559
1882.0,1.466356639310575
1883.0,1.4618424066935858
1884.0,1.4584394404878682
1885.0,1.4530427337043574
1886.0,1.4471617917705715
1887.0,1.4407331746426397
1888.0,1.433255860106759
1889.0,1.4257105020274294
1890.0,1.4180131844043724
1891.0,1.4109781252309133
1892.0,1.4037380136150737
1893.0,1.3936908564144483
1894.0,1.3830398930490233
1895.0,1.3725102550109591
1896.0,1.361226844081012
1897.0,1.3514281944546913
1898.0,1.3425402333794498
1899.0,1.3330280456385883
1900.0,1.324930042111817
1901.0,1.3175217266906458
1902.0,1.3108802936123167
1903.0,1.3032899931044315
1904.0,1.2977573682756485
1905.0,1.291058151503437
1906.0,1.2824930399608812
1907.0,1.2761496445937444
1908.0,1.268332426768928
1909.0,1.2609039203933332
1910.0,1.2556895722492816
1911.0,1.2499509863527003
1912.0,1.245527881992125
1913.0,1.2419148987716053
1914.0,1.2393753838404
1915.0,1.2370206056831174
1916.0,1.2361345909298909
1917.0,1.2348706644030463
1918.0,1.2333432779179634
1919.0,1.2310391260384157
1920.0,1.227815261523931
1921.0,1.2251893763218087
1922.0,1.2246214806294058
1923.0,1.2254764598546795
1924.0,1.225402416215292
1925.0,1.225325617930881
1926.0,1.2267282252539162
1927.0,1.2269656898254127
1928.0,1.2264457750263362
1929.0,1.2278573178478824
1930.0,1.2273220009723709
1931.0,1.2276304445422823
1932.0,1.2284229460441243
1933.0,1.22892888063418
1934.0,1.2304778983415197
1935.0,1.2314318039003442
1936.0,1.232959496186949
1937.0,1.2345597065826202
1938.0,1.2364858670806758
1939.0,1.2384108320899614
1940.0,1.2398950615697668
1941.0,1.2403795552693258
1942.0,1.2404293070270542
1943.0,1.2414678075316303
1944.0,1.243739624183295
1945.0,1.245717208399547
1946.0,1.2490454970096687
1947.0,1.2532583523051153
1948.0,1.2557721854572261
1949.0,1.2572958435682586
1950.0,1.2592356804486275
1951.0,1.2611443609281365
1952.0,1.2617087678684176
1953.0,1.2636818691761815
1954.0,1.266881884975992
1955.0,1.268746561992642
1956.0,1.2698742161375012
1957.0,1.2711211782970477
1958.0,1.2713910048351929
1959.0,1.2724544915038591
1960.0,1.2744422552968757
1961.0,1.275682794287252
1962.0,1.2763180243026315
1963.0,1.278456579812307
1964.0,1.2790853727963694
1965.0,1.2794433639631246
1966.0,1.282875938306317
1967.0,1.2838788793768512
1968.0,1.2858059373313833
1969.0,1.28821849054822
1970.0,1.2881519351881239
1971.0,1.2891126993870745
1972.0,1.2905334544567233
1973.0,1.2922017105147108
1974.0,1.2939170171270764
1975.0,1.295998265242041
1976.0,1.298518952783101
1977.0,1.301060988093767
1978.0,1.3048432643672465
1979.0,1.3076272108388194
1980.0,1.3100641111447584
1981.0,1.311987167894411
1982.0,1.310918943812293
1983.0,1.3109258066521785
1984.0,1.3113339231233458
1985.0,1.3128513249777807
1986.0,1.3158295292680764
1987.0,1.318601100973121
1988.0,1.3221032160688555
1989.0,1.3260148395792222
1990.0,1.3283284632533368
1991.0,1.3300112706720073
1992.0,1.3324139238004857
1993.0,1.3329427654753947
1994.0,1.333379570275636
1995.0,1.3353864277487084
1996.0,1.3374298665074134
1997.0,1.3393610334933488
1998.0,1.3421117364524828
1999.0,1.3461468765927873
2000.0,1.3493992746515626
2001.0,1.3527474582534842
2002.0,1.3561843480393094
2003.0,1.3587452875523387
2004.0,1.358449407981228
2005.0,1.3574132379983392
2006.0,1.3565919611607624
2007.0,1.3566157194279223
2008.0,1.3593284657680789
2009.0,1.3611360110844462
2010.0,1.3637557434766103
2011.0,1.366178684002263
2012.0,1.3691392442052805
2013.0,1.3703407805704413
2014.0,1.3709419593542345
2015.0,1.371671777183909
2016.0,1.3712536054248932
2017.0,1.3706280451698984
2018.0,1.3726163299615075
2019.0,1.3747311517382557
2020.0,1.3760281391446174
2021.0,1.3771967554165891
2022.0,1.3779243323825878
2023.0,1.3787983424473185
2024.0,1.3798118721449708
2025.0,1.3810935215548108
2026.0,1.3829885477094008
2027.0,1.3851182449858228
2028.0,1.386792672550352
2029.0,1.389218547219767
2030.0,1.3910198911774687
2031.0,1.390476046946706
2032.0,1.3917695120730598
2033.0,1.3940024740160388
2034.0,1.3945725908259554
2035.0,1.3957886136253603
2036.0,1.3978327611142731
2037.0,1.3993856091608092
2038.0,1.4005336336377356
2039.0,1.4015529214413756
2040.0,1.4023459969796503
2041.0,1.4033373967409952
2042.0,1.4039004124406431
2043.0,1.405121268622224
2044.0,1.4072129783526324
2045.0,1.4091227340776278
2046.0,1.4104785224600704
2047.0,1.4102098535858527
2048.0,1.409868483558381
2049.0,1.4107559053794512
2050.0,1.4101530488845992
2051.0,1.409776620603986
2052.0,1.4096706992835815
2053.0,1.4083653290478175
2054.0,1.4081121817645286
2055.0,1.4093595088585282
2056.0,1.4099858533460137
2057.0,1.4114638783286038
2058.0,1.412048049984517
2059.0,1.4117406831789132
2060.0,1.4110148606072401
2061.0,1.4130195827521415
2062.0,1.4141964368274804
2063.0,1.4157396855710938
2064.0,1.4182780682815301
2065.0,1.418321485671559
2066.0,1.4186154956467625
2067.0,1.4189059948035176
2068.0,1.419321321539912
2069.0,1.4194621456915382
2070.0,1.4181465121698598
2071.0,1.4188974796569809
2072.0,1.4230270424775955
2073.0,1.4239484847600838
2074.0,1.4237046761065126
2075.0,1.424306790799826
2076.0,1.4231560651474828
2077.0,1.4200792987371607
2078.0,1.4213950340747201
2079.0,1.4222536446749847
2080.0,1.4231334967642164
2081.0,1.4253603597795372
2082.0,1.4266654493992732
2083.0,1.4285517601794036
2084.0,1.428803018685898
2085.0,1.4273980346859325
2086.0,1.4267970004528718
2087.0,1.4254405249827673
2088.0,1.4247751807424573
2089.0,1.4243495291707047
2090.0,1.424976770916322
2091.0,1.425616050478437
2092.0,1.4261027691091233
2093.0,1.426797732270181
2094.0,1.427394229481866
2095.0,1.4274859385492398
2096.0,1.4272856485644765
2097.0,1.4280262791918399
2098.0,1.4290428807971756
2099.0,1.4296016299461187
2100.0,1.4313302888127661
2101.0,1.4324381510817608
2102.0,1.433450188310476
2103.0,1.4337626007124225
2104.0,1.4331042489682402
2105.0,1.4322571830545634
2106.0,1.4297149554194226
2107.0,1.4294473471086238
2108.0,1.429334666944396
2109.0,1.4286515626694143
2110.0,1.4282463372180594
2111.0,1.4282577456930672
2112.0,1.4295235515058444
2113.0,1.4307842864970255
2114.0,1.430871514759839
2115.0,1.4302493772008957
2116.0,1.430451381875782
2117.0,1.4296041340831809
2118.0,1.4305892556767703
2119.0,1.4337946635071008
2120.0,1.434799677511224
2121.0,1.4346978852624923
2122.0,1.4362261907393938
2123.0,1.4384964382386909
2124.0,1.4398844830317616
2125.0,1.44348969088068
2126.0,1.4435614547279731
2127.0,1.4392750715868867
2128.0,1.4377973104334885
2129.0,1.4385283534351117
2130.0,1.4377820339552838
2131.0,1.438091992090934
2132.0,1.4395935743935298
2133.0,1.4394094103577868
2134.0,1.4368366859063508
2135.0,1.4355135656319848
2136.0,1.4344364232959952
2137.0,1.4334584824821162
2138.0,1.4321419483468438
2139.0,1.432043411355276
2140.0,1.432270913571596
2141.0,1.4332592871536085
2142.0,1.435463928186376
2143.0,1.4374024800448755
2144.0,1.4384810916904822
2145.0,1.4412106050980418
2146.0,1.441687632746922
2147.0,1.4400269649023854
2148.0,1.4409983281084227
2149.0,1.4405654468824942
2150.0,1.4395666140757222
2151.0,1.440698762889962
2152.0,1.4389241922519729
2153.0,1.4340190513552413
2154.0,1.432289684760547
2155.0,1.4303528992327765
2156.0,1.4289725250453686
2157.0,1.4294850307983296
2158.0,1.4298944743866948
2159.0,1.4311375355791478
2160.0,1.4305649977777015
2161.0,1.4304147643904261
2162.0,1.4291580177274272
2163.0,1.424528528370903
2164.0,1.4215869944545616
2165.0,1.4237606192721874
2166.0,1.4232186023034847
2167.0,1.4231940342447695
2168.0,1.426175930648285
2169.0,1.4262061189002195
2170.0,1.425763660143321
2171.0,1.4241688429957424
2172.0,1.4206229175136846
2173.0,1.4192648131878505
2174.0,1.4175530490213153
2175.0,1.416971087472512
2176.0,1.4197563467352006
2177.0,1.4200956452805933
2178.0,1.41785511277989
2179.0,1.4179750366329915
2180.0,1.419704376792251
2181.0,1.4197802824839287
2182.0,1.4196601138346798
2183.0,1.420251930307256
2184.0,1.4205156483077424
2185.0,1.4194420655448117
2186.0,1.420885075714692
2187.0,1.4229754450268024
2188.0,1.4214319518305347
2189.0,1.4221492628309071
2190.0,1.4245081682059562
2191.0,1.4237561554398748
2192.0,1.4250335835524772
2193.0,1.4251423963641023
2194.0,1.4242329484125629
2195.0,1.4213383767758565
2196.0,1.4207508256660584
2197.0,1.4198629122527704
2198.0,1.4205574397703065
2199.0,1.4243735357317608
2200.0,1.4243058365616308
2201.0,1.4230122259971651
2202.0,1.4213969503351551
2203.0,1.4154848467913341
2204.0,1.4138668350540624
2205.0,1.412452529967686
2206.0,1.4171559330780625
2207.0,1.4212869186071646
2208.0,1.4234735102180782
2209.0,1.4264093485161091
2210.0,1.4234518928757094
2211.0,1.4188593860103818
2212.0,1.4168971406619175
2213.0,1.4172521707695271
2214.0,1.4172635045216837
2215.0,1.4152658420267143
2216.0,1.4168466808995888
2217.0,1.4161147141481407
2218.0,1.4113452328803102
2219.0,1.4109913074880085
2220.0,1.4131645595176707
2221.0,1.4137729717672642
2222.0,1.416831121073616
2223.0,1.4167188488516853
2224.0,1.4134799975225014
2225.0,1.4125992033979173
2226.0,1.4110219890058375
2227.0,1.4101841981548844
2228.0,1.4117434514145382
2229.0,1.412640487028365
2230.0,1.4116921578441648
2231.0,1.412115658844681
2232.0,1.4145476241287258
2233.0,1.4153351621230374
2234.0,1.4138977174591028
2235.0,1.4162744686861126
2236.0,1.4162298978611285
2237.0,1.41551505804738
2238.0,1.415054236401749
2239.0,1.4107943797290097
2240.0,1.4048623716380169
2241.0,1.395018662267794
2242.0,1.38587765565377
2243.0,1.3821202886159658
2244.0,1.3852345385978502
2245.0,1.3912215748539438
2246.0,1.3935479372984159
2247.0,1.3994254870062115
2248.0,1.3990176976889668
2249.0,1.3918105202643243
2250.0,1.3874304613260926
2251.0,1.380713189246066
2252.0,1.378114195110294
2253.0,1.3778608332054012
2254.0,1.3767594883510732
2255.0,1.378308764372195
2256.0,1.3772361175201935
2257.0,1.3734685740486048
2258.0,1.371015411580815
2259.0,1.3689183955579034
2260.0,1.367855970783355
2261.0,1.3689592378122086
2262.0,1.3666939945353695
2263.0,1.3627632194943147
2264.0,1.3592041984537013
2265.0,1.3529675443681954
2266.0,1.3498236135234143
2267.0,1.351160950281249
2268.0,1.3489952413649673
2269.0,1.3489978637502
2270.0,1.3513271169699657
2271.0,1.3501922346583324
2272.0,1.3510078098637375
2273.0,1.3516276981065165
2274.0,1.3495334467255673
2275.0,1.350592286249416
2276.0,1.3526446054433658
2277.0,1.35485359609881
2278.0,1.359094354453357
2279.0,1.3610588735179376
2280.0,1.363184286300436
2281.0,1.3612909975314724
2282.0,1.3556025158227731
2283.0,1.3513617251406143
2284.0,1.3433940624027767
2285.0,1.3421046880138923
2286.0,1.345077321846779
2287.0,1.3466795432279983
2288.0,1.3530456214140079
2289.0,1.3530881023660861
2290.0,1.3486754801585181
2291.0,1.3469941399986018
2292.0,1.3440966134886432
2293.0,1.3408349349690232
2294.0,1.337425839506799
2295.0,1.3350889431101145
2296.0,1.3312249633161544
2297.0,1.3305592424905945
2298.0,1.3303308444082627
2299.0,1.3283745554867117
2300.0,1.3267672330402447
2301.0,1.3245111465487145
2302.0,1.3229604548478548
2303.0,1.32398406036801
2304.0,1.325766038450697
2305.0,1.326328350161811
2306.0,1.3297924803137247
2307.0,1.3358802102014324
2308.0,1.336658202052722
2309.0,1.3371013184618115
2310.0,1.3363973028844733
2311.0,1.3315569203521949
2312.0,1.3314824404546106
2313.0,1.3320723861447936
2314.0,1.330997486736697
2315.0,1.3357326581611344
2316.0,1.3389368327783602
2317.0,1.3412097668769376
2318.0,1.3468335150568431
2319.0,1.34760648804157
2320.0,1.3480086054362537
2321.0,1.3465445863171646
2322.0,1.3474677625154103
2323.0,1.3467981222317518
2324.0,1.350134216286725
2325.0,1.358165580448995
2326.0,1.3597228783029043
2327.0,1.3597415859862447
2328.0,1.359885874405885
2329.0,1.3563203894023577
2330.0,1.355895833487444
2331.0,1.3590856719444333
2332.0,1.3586570781543563
2333.0,1.3562197626943184
2334.0,1.3541077661643304
2335.0,1.3497418882759777
2336.0,1.3485023204533206
2337.0,1.3510523366591352
2338.0,1.348489466274667
2339.0,1.3423167345968363
2340.0,1.3402984120174932
2341.0,1.3357534831594462
2342.0,1.3364906064064672
2343.0,1.3450066446629425
2344.0,1.3503313147599734
2345.0,1.3609158723114323
2346.0,1.3596051922030015
2347.0,1.3524689652761726
2348.0,1.341940198425877
2349.0,1.3228576987119238
2350.0,1.314804919864225
2351.0,1.323094694491069
2352.0,1.337496004144001
2353.0,1.3618063453086329
2354.0,1.3747717609920531
2355.0,1.3751889597599964
2356.0,1.3746317685452978
2357.0,1.358489136984739
2358.0,1.342866880289853
2359.0,1.3317953202428765
2360.0,1.315900844515357
2361.0,1.318998848129504
2362.0,1.3277263926490583
2363.0,1.3274474864904284
2364.0,1.3341273782504304
2365.0,1.325144856086403
2366.0,1.317973689402491
2367.0,1.3233742191501345
2368.0,1.3193417495218969
2369.0,1.3240373610518363
2370.0,1.318629132743492
2371.0,1.3117371269069125
2372.0,1.31602690075612
2373.0,1.3071586528082393
2374.0,1.307896026201381
2375.0,1.3099960544251248
2376.0,1.3081261885406676
2377.0,1.3258231574617891
2378.0,1.3429624425839646
2379.0,1.3462439953457215
2380.0,1.3431998058538215
2381.0,1.332436728862105
2382.0,1.3204109201977636
2383.0,1.3185666454004343
2384.0,1.3252407454474884
2385.0,1.3327535002898805
2386.0,1.333972622590889
2387.0,1.3357335804016985
2388.0,1.3360287914737567
2389.0,1.3258100141735576
2390.0,1.3206236429165952
2391.0,1.3135384214309276
2392.0,1.3082453230501012
2393.0,1.3131840354003599
2394.0,1.3170927720894192
2395.0,1.3278625029660012
2396.0,1.3316421839339707
2397.0,1.3250422700461135
2398.0,1.3159912420157747
2399.0,1.2859915926041376
2400.0,1.260736692633366
2401.0,1.260187691535488
2402.0,1.2561475012681975
2403.0,1.2727744672328438
2404.0,1.2960368505658366
2405.0,1.2892749618931063
2406.0,1.2932385782465865
2407.0,1.2856089641724333
2408.0,1.2684324118711612
2409.0,1.276341614205977
2410.0,1.2728817136005692
2411.0,1.2782520734575376
2412.0,1.292837021577619
2413.0,1.2819188504622907
2414.0,1.2830883804402478
2415.0,1.2864523988390535
2416.0,1.285208427764491
2417.0,1.2925496721788203
2418.0,1.2849043317706699
2419.0,1.270979124974685
2420.0,1.2599424535631232
2421.0,1.253943918697773
2422.0,1.2533195242240958
2423.0,1.2512968120098202
2424.0,1.2519554928168457
2425.0,1.251205647077882
2426.0,1.2417169326926598
2427.0,1.2407569809479555
2428.0,1.2444974687360897
2429.0,1.2471837360942073
2430.0,1.2587028673296752
2431.0,1.2652869787496732
2432.0,1.267461436383444
2433.0,1.2523146238775045
2434.0,1.2313101815227239
2435.0,1.2366512354341503
2436.0,1.2335913405705838
2437.0,1.2340965969593707
2438.0,1.2498192574259404
2439.0,1.246614134725716
2440.0,1.242329244662701
2441.0,1.2359023925102646
2442.0,1.2355777292451706
2443.0,1.2379352230370788
2444.0,1.2240354934696007
2445.0,1.2136525278573873
2446.0,1.1974973847221082
2447.0,1.1738012440483117
2448.0,1.16181783236776
2449.0,1.1537699705058182
2450.0,1.1617702281232842
2451.0,1.1747830320507153
2452.0,1.1782367118517638
2453.0,1.1943117209644287
2454.0,1.1949042626484514
2455.0,1.1916295931121033
2456.0,1.1860779193064293
2457.0,1.1673061566349996
2458.0,1.1739565352124197
2459.0,1.1974840138648124
2460.0,1.2063909247156115
2461.0,1.205772045233101
2462.0,1.2127225858318664
2463.0,1.2129256216387039
2464.0,1.2107042309431997
2465.0,1.2443906232960826
2466.0,1.2688757058047806
2467.0,1.2516718551259824
2468.0,1.2513602574201093
2469.0,1.2430708812617834
2470.0,1.222708193736045
2471.0,1.2412046104686318
2472.0,1.2480119005888377
2473.0,1.274131458021639
2474.0,1.2662297357055232
2475.0,1.2114254556831616
2476.0,1.188025073573548
2477.0,1.1526890727532042
2478.0,1.1378955857390138
2479.0,1.1626612726196004
2480.0,1.1754791429274998
2481.0,1.1957798274476097
2482.0,1.196929371287945
2483.0,1.1903282298903335
2484.0,1.1790402219868206
2485.0,1.1299060562283403
2486.0,1.1234282888360978
2487.0,1.1468713753207989
2488.0,1.1490244967864285
2489.0,1.1761003485514883
2490.0,1.1815487527593909
2491.0,1.151652123099253
2492.0,1.1550622408951459
2493.0,1.1789214424451515
2494.0,1.1779917821694106
2495.0,1.1627549654176836
2496.0,1.1695602125716695
2497.0,1.1828436073462933
2498.0,1.176422533390338
2499.0,1.1968908809643717
2500.0,1.135855457236926
