350.0,-0.2136986963325378
351.0,-0.07116279368230488
352.0,-0.02151243263380836
353.0,0.010942472869303313
354.0,-0.027478059872494725
355.0,-0.06651755423931013
356.0,-0.049674336839293155
357.0,-0.03622520999966544
358.0,0.00040288363574809456
359.0,0.03422247915239931
360.0,0.03682143389292802
361.0,0.01222175014869399
362.0,0.03173065421006383
363.0,0.0435117105187713
364.0,-0.022379792291644475
365.0,-0.009353566683661305
366.0,0.028332785298703412
367.0,0.03091954176462424
368.0,-0.024066701250409116
369.0,-0.010825859211488266
370.0,-0.0019529662807258495
371.0,-0.007490134436099761
372.0,0.04541621825602365
373.0,0.05024176949477702
374.0,0.02998235183670136
375.0,0.012620578626669387
376.0,-0.009325074463754565
377.0,-0.007739407261387159
378.0,0.002135932774897929
379.0,0.004719956141817228
380.0,0.011166482981415203
381.0,0.015584182208853315
382.0,0.021067702488918504
383.0,0.028817114962256685
384.0,0.021341923405276342
385.0,0.013640958901777734
386.0,0.01699079737674212
387.0,0.03419645767985363
388.0,0.03498195509198158
389.0,0.035128989939655075
390.0,0.03604967355536082
391.0,0.025400823855511314
392.0,0.033009388778115024
393.0,0.03179640022147489
394.0,0.01602368262211987
395.0,0.022042307699757575
396.0,0.027105916851598605
397.0,0.02925190331889525
398.0,0.029494995863307758
399.0,0.024373323570392413
400.0,0.02379247357928101
401.0,0.027233717662746036
402.0,0.030937956648858143
403.0,0.035775931615192505
404.0,0.03349172801659846
405.0,0.027423010193797386
406.0,0.027149550939062985
407.0,0.035446628066102166
408.0,0.03821455135004091
409.0,0.034104450584313085
410.0,0.03489925795565687
411.0,0.03491744756019681
412.0,0.03675921239089625
413.0,0.040233969221126174
414.0,0.03875056510779003
415.0,0.039775731450067596
416.0,0.039375513212472006
417.0,0.03522554109663499
418.0,0.03922712886392554
419.0,0.039357037682545365
420.0,0.03902772020518062
421.0,0.045059173004151035
422.0,0.042526117655586386
423.0,0.03845208650941086
424.0,0.03560924371052982
425.0,0.03233204653046849
426.0,0.03396698285847052
427.0,0.03788401494101802
428.0,0.04074189342656476
429.0,0.04004132655012823
430.0,0.042161409105285694
431.0,0.044319378603975085
432.0,0.04339846783816665
433.0,0.04198594300933137
434.0,0.041543997230544624
435.0,0.04192869663410951
436.0,0.04205079330230126
437.0,0.04018822797897848
438.0,0.04036467039930427
439.0,0.041842568478505246
440.0,0.03985589253587964
441.0,0.04150068831358057
442.0,0.043273666884759476
443.0,0.04276233096576247
444.0,0.04240946695360146
445.0,0.04283897878591002
446.0,0.04360200909836513
447.0,0.04374011859026164
448.0,0.041662315722693966
449.0,0.04216236063470698
450.0,0.04419386742829183
451.0,0.043690561795968676
452.0,0.04263653083553217
453.0,0.04208756191942217
454.0,0.04243288903529538
455.0,0.043315696271638414
456.0,0.043630793504007656
457.0,0.04306538093014544
458.0,0.04206491077124552
459.0,0.04238248256352751
460.0,0.042740807748092406
461.0,0.043377640567062864
462.0,0.04468632907798386
463.0,0.04470728302386332
464.0,0.04443625088680465
465.0,0.044425378688104845
466.0,0.044616444730679626
467.0,0.044227249172332415
468.0,0.04428412794504489
469.0,0.045053542748428974
470.0,0.04481176880797788
471.0,0.04584153124074
472.0,0.04659055226984522
473.0,0.04537977435385716
474.0,0.044830027548244854
475.0,0.04428667213476722
476.0,0.044440235004043906
477.0,0.046434011323029996
478.0,0.04665866527529492
479.0,0.04707504860189934
480.0,0.04773347078412441
481.0,0.04487344600402665
482.0,0.04508780609838578
483.0,0.04618043315069725
484.0,0.04541005454881812
485.0,0.04633067902001557
486.0,0.047154461768300814
487.0,0.047456101645964026
488.0,0.04763089599312063
489.0,0.04809045944569154
490.0,0.04801172801681159
491.0,0.047659214908409436
492.0,0.04874923284806221
493.0,0.048785055434855853
494.0,0.04784551271154579
495.0,0.0470589302587373
496.0,0.0488357567691402
497.0,0.05005232640533428
498.0,0.05007807757324152
499.0,0.04968523207993566
500.0,0.049769237017840175
501.0,0.0504497652548178
502.0,0.05097406854751304
503.0,0.04979310810040939
504.0,0.050372355885235115
505.0,0.05126006842469675
506.0,0.05094255015489328
507.0,0.0508188559079156
508.0,0.05000863940072529
509.0,0.04960418661306734
510.0,0.051015264314570374
511.0,0.05140719257278282
512.0,0.051802224096804184
513.0,0.05265061164345467
514.0,0.053367212366637905
515.0,0.053119302754448844
516.0,0.052533997870144136
517.0,0.05229834602187385
518.0,0.052208800685918266
519.0,0.05295863378381507
520.0,0.053696297182607336
521.0,0.05321324086855027
522.0,0.05337784484310082
523.0,0.053889490268870896
524.0,0.05421743164980111
525.0,0.053821285386795543
526.0,0.05422524985743564
527.0,0.055052370400648254
528.0,0.055635595264122074
529.0,0.0558942679008586
530.0,0.05596616523298586
531.0,0.05594025782744129
532.0,0.055913699532386216
533.0,0.056257855125796695
534.0,0.056609326778960016
535.0,0.05692763327664235
536.0,0.05773452784621511
537.0,0.05798658447473731
538.0,0.058037034065459486
539.0,0.05836917986653616
540.0,0.05852989689925844
541.0,0.05880730461627193
542.0,0.05922928513900411
543.0,0.05964685146989864
544.0,0.06002359977330145
545.0,0.06015309658176403
546.0,0.06011122784689009
547.0,0.06045220232498843
548.0,0.06097976724813517
549.0,0.06149318401964159
550.0,0.06177400668823933
551.0,0.06151839789370727
552.0,0.06170378039825836
553.0,0.06216266101917661
554.0,0.061929417952483745
555.0,0.06292185601030013
556.0,0.0638066175764225
557.0,0.06377195913785119
558.0,0.06417251259618476
559.0,0.06464945698673842
560.0,0.06481483873920364
561.0,0.0644735571009526
562.0,0.06466103366626111
563.0,0.06518953759088023
564.0,0.0658058681508853
565.0,0.06628208238918307
566.0,0.0666898329589111
567.0,0.0670747283909283
568.0,0.06744469631756786
569.0,0.06767767613330357
570.0,0.0680935174614585
571.0,0.06847925595428908
572.0,0.06854838199646811
573.0,0.06974086116113547
574.0,0.07043803956526437
575.0,0.07004065154644297
576.0,0.06973825343715441
577.0,0.07020191229715741
578.0,0.07108596966988005
579.0,0.07183256531593532
580.0,0.07245922258818888
581.0,0.07285541529778537
582.0,0.07302100731654096
583.0,0.07307819068197612
584.0,0.07348525454415368
585.0,0.07424926542727239
586.0,0.07505977883845276
587.0,0.0751120079619043
588.0,0.07559714782616017
589.0,0.0761762778674505
590.0,0.0762529595912737
591.0,0.07673474071574181
592.0,0.07732866001095844
593.0,0.07780479258972706
594.0,0.07808057927409805
595.0,0.07890224367153623
596.0,0.07977396550992634
597.0,0.08022272611795854
598.0,0.08049441897778835
599.0,0.080824027921345
600.0,0.08143715447390397
601.0,0.08239085819937068
602.0,0.08272054488182093
603.0,0.08299241757202001
604.0,0.08340596749582728
605.0,0.08342314778526701
606.0,0.08425203863697615
607.0,0.08533267057869041
608.0,0.08589690587230261
609.0,0.08634007377207219
610.0,0.08692330694701511
611.0,0.0876241059348825
612.0,0.08820686566411895
613.0,0.0885594064326378
614.0,0.08912546412745473
615.0,0.09000652844193124
616.0,0.09042413727266664
617.0,0.09113146530398532
618.0,0.09187238634226945
619.0,0.09219484323693772
620.0,0.09270557854385814
621.0,0.09340024285487616
622.0,0.09419430416393476
623.0,0.09495328018003309
624.0,0.09528473199074056
625.0,0.09563843775048586
626.0,0.09641566123555105
627.0,0.09737886284845669
628.0,0.09795518990707626
629.0,0.09834904461102739
630.0,0.09914183428411323
631.0,0.09992937018203045
632.0,0.10062061533432415
633.0,0.1012607271540488
634.0,0.10206477279631057
635.0,0.10263310570826131
636.0,0.10313783155919817
637.0,0.1038307049950046
638.0,0.10448749938174968
639.0,0.10531921299376769
640.0,0.1061544839670523
641.0,0.10654566979534351
642.0,0.10713773440737893
643.0,0.10806615732572607
644.0,0.10920004066816116
645.0,0.11009257431971664
646.0,0.11039344334870446
647.0,0.11066549591777736
648.0,0.11164145771625512
649.0,0.11222447047989767
650.0,0.11306623832573479
651.0,0.11426019871675044
652.0,0.1150815903730416
653.0,0.11595935568980854
654.0,0.11663949544609221
655.0,0.11699008646433981
656.0,0.1177598250552106
657.0,0.11872930579804748
658.0,0.11966042241140758
659.0,0.12035775615958937
660.0,0.12123549082185053
661.0,0.12204877803300786
662.0,0.12269051005217944
663.0,0.12341504236544325
664.0,0.12448313385958429
665.0,0.12560131819607637
666.0,0.12642555660483487
667.0,0.12734852832553642
668.0,0.1281855685834785
669.0,0.1289863484272704
670.0,0.1299993442134843
671.0,0.13057181333223702
672.0,0.1313740355166466
673.0,0.13276074365550722
674.0,0.1337106339320463
675.0,0.13462334705042114
676.0,0.13552516032466683
677.0,0.1363091484973364
678.0,0.13696027172304373
679.0,0.13785912401328132
680.0,0.13904481875525876
681.0,0.14009529402222254
682.0,0.14113103586914386
683.0,0.14193878500332624
684.0,0.14246989959190998
685.0,0.14347474348141911
686.0,0.14432661942625077
687.0,0.1451497279246689
688.0,0.14649199904333365
689.0,0.14784970822469287
690.0,0.1488433885668401
691.0,0.1495166597844241
692.0,0.1506272455781351
693.0,0.15154525807214875
694.0,0.15246836681855555
695.0,0.15373071460614277
696.0,0.15499228937416354
697.0,0.156282207102418
698.0,0.15739491500857383
699.0,0.15797807268475655
700.0,0.15908385203926811
701.0,0.16023936828148935
702.0,0.1611188278795995
703.0,0.16247882803525526
704.0,0.16354488284918897
705.0,0.16440474424183535
706.0,0.16546621321053331
707.0,0.16668376420863706
708.0,0.16774634577990824
709.0,0.16863305713541468
710.0,0.16967610459684918
711.0,0.17093099349110694
712.0,0.17216166725084014
713.0,0.173219550621737
714.0,0.17448185546260062
715.0,0.17548003428527933
716.0,0.17638782256546387
717.0,0.177672164014113
718.0,0.17899209360798912
719.0,0.18019660577892122
720.0,0.18127374253481918
721.0,0.18238295926592576
722.0,0.18365374637321416
723.0,0.18481835534127009
724.0,0.1856938946648161
725.0,0.18685812587154066
726.0,0.18816916201835654
727.0,0.18946547999658836
728.0,0.19059825800558988
729.0,0.19156326168760418
730.0,0.1928857206017665
731.0,0.19456519717082743
732.0,0.1954993148783294
733.0,0.19681984119751442
734.0,0.19830193896405626
735.0,0.19944247521778433
736.0,0.2006080384603142
737.0,0.2018471961962926
738.0,0.20315294845602053
739.0,0.20447302259955125
740.0,0.20579109891971725
741.0,0.20713166800639535
742.0,0.20847015343053202
743.0,0.2096484233764087
744.0,0.21085110767720772
745.0,0.21208513802268905
746.0,0.21332351393989965
747.0,0.21470548271417428
748.0,0.21618927068082716
749.0,0.21759014726345996
750.0,0.2186577123559828
751.0,0.22007532904228488
752.0,0.2215930374340222
753.0,0.22298215109219024
754.0,0.22449090058722798
755.0,0.22590662356586175
756.0,0.22727459478876147
757.0,0.22869808281823292
758.0,0.22999402749795983
759.0,0.23131424568867776
760.0,0.23267976363621792
761.0,0.23398153882013095
762.0,0.23554866230923205
763.0,0.23699932305251883
764.0,0.23817659307010441
765.0,0.23981262602740538
766.0,0.24109126278736542
767.0,0.24225828036204114
768.0,0.24383809844351115
769.0,0.24549169188570258
770.0,0.2470891189430411
771.0,0.24859366616890738
772.0,0.2500637879230434
773.0,0.25157390637293753
774.0,0.25288935414874164
775.0,0.25399482045373595
776.0,0.2555055427698541
777.0,0.257083727353755
778.0,0.25859390774552193
779.0,0.2600125771158892
780.0,0.2615386332596131
781.0,0.2628742408757367
782.0,0.26414128142124027
783.0,0.2658150385494412
784.0,0.2676299604191344
785.0,0.26933926416730497
786.0,0.27086660092896697
787.0,0.2724445624966975
788.0,0.27389477848452803
789.0,0.27528768291351047
790.0,0.2767680595608953
791.0,0.2783931467522849
792.0,0.280071635575391
793.0,0.28175190098883096
794.0,0.2834253188376441
795.0,0.2850781072821725
796.0,0.2867118255271799
797.0,0.28827604449300753
798.0,0.2896247685452448
799.0,0.29134719948579313
800.0,0.29319940543710304
801.0,0.29482885151743493
802.0,0.29645533101267696
803.0,0.29802732307824115
804.0,0.29957608179514056
805.0,0.3011853330645355
806.0,0.3028851838994055
807.0,0.30459449347058076
808.0,0.3062833608360714
809.0,0.30802495322651247
810.0,0.30985132361777856
811.0,0.3114766122871224
812.0,0.3128103574253397
813.0,0.31448056004372654
814.0,0.3161747620647931
815.0,0.31777804308507035
816.0,0.3193162312414965
817.0,0.32119181283742987
818.0,0.3230023164513869
819.0,0.32458793533620184
820.0,0.32607149519386563
821.0,0.3277629033416921
822.0,0.3295817235291098
823.0,0.33133285087974573
824.0,0.3327405268890628
825.0,0.33441150322543955
826.0,0.33619400167867525
827.0,0.33783392622141367
828.0,0.33961934769227625
829.0,0.34144516047215817
830.0,0.34322654436318173
831.0,0.3449181510675274
832.0,0.3465642014112439
833.0,0.34824743953924364
834.0,0.3500026797865933
835.0,0.351812591942439
836.0,0.3536723857769977
837.0,0.35548843398570235
838.0,0.3572764170380363
839.0,0.3593446850629798
840.0,0.36106115546627837
841.0,0.362567833522917
842.0,0.3642097528889095
843.0,0.36601396490609256
844.0,0.36787371045081774
845.0,0.369794110587402
846.0,0.37179928478529256
847.0,0.37351238041857904
848.0,0.375166654267525
849.0,0.3768877449364392
850.0,0.3786171053570244
851.0,0.3803943427495099
852.0,0.38230990498198547
853.0,0.3843002041482284
854.0,0.3859630138111914
855.0,0.3880217303006997
856.0,0.3899728678951816
857.0,0.39136980166325785
858.0,0.39339967292222455
859.0,0.39541233015152927
860.0,0.3973552183526753
861.0,0.39944233725570755
862.0,0.4014630735581406
863.0,0.4033401279519307
864.0,0.4052592376629567
865.0,0.407545830315815
866.0,0.40943639496090894
867.0,0.4112412640393888
868.0,0.41317802877661336
869.0,0.4150399961947409
870.0,0.4170295640837964
871.0,0.41916549395480657
872.0,0.4213124832780658
873.0,0.4230325275139957
874.0,0.424779692809454
875.0,0.4265600091643251
876.0,0.4282807720034359
877.0,0.4302253694146953
878.0,0.4320769459147791
879.0,0.4339853872756891
880.0,0.43624696454367146
881.0,0.4378930358782288
882.0,0.4397947181839402
883.0,0.44207879606647793
884.0,0.4440012083373202
885.0,0.4457568935786385
886.0,0.4477699340828074
887.0,0.4501022384222794
888.0,0.45222539395975253
889.0,0.45424151490657505
890.0,0.4561222834568232
891.0,0.4579155484731846
892.0,0.45984456927299755
893.0,0.46205738539365887
894.0,0.4644613128045864
895.0,0.4667738454654309
896.0,0.46843054611764184
897.0,0.4701285674965268
898.0,0.47199284552318543
899.0,0.47391455551865125
900.0,0.47618468389913604
901.0,0.47862784309094897
902.0,0.48089015045368483
903.0,0.48264755293637507
904.0,0.48450572292307537
905.0,0.4864537369083218
906.0,0.48850843102034397
907.0,0.4907579603604782
908.0,0.492986727823222
909.0,0.49522042264541266
910.0,0.4973303704828723
911.0,0.49894643269469774
912.0,0.5007110184881248
913.0,0.5026803164600132
914.0,0.5047755652618272
915.0,0.5069197953031402
916.0,0.5091969742051704
917.0,0.5112520796549108
918.0,0.5128005810822349
919.0,0.5139301914505409
920.0,0.5162824905964112
921.0,0.5190748872496372
922.0,0.5211315251183325
923.0,0.5232260294782975
924.0,0.5258783463099206
925.0,0.5281622678441539
926.0,0.5291896793242445
927.0,0.5311952776706002
928.0,0.5337616956256205
929.0,0.5360096266165373
930.0,0.5373377946730017
931.0,0.5399491056043454
932.0,0.5423259587838037
933.0,0.544069216053719
934.0,0.5458141992108563
935.0,0.5481256686113481
936.0,0.5503839443607828
937.0,0.5521554359707687
938.0,0.5535458107670455
939.0,0.5565613592255225
940.0,0.5594104640791736
941.0,0.5613219884108737
942.0,0.5631505190693025
943.0,0.5653911293590753
944.0,0.5676905722851527
945.0,0.5698161177491606
946.0,0.5718464101517727
947.0,0.5735345832095992
948.0,0.5760297252112221
949.0,0.579046256198654
950.0,0.5802638436697418
951.0,0.5825730473577927
952.0,0.5848613115751133
953.0,0.5865600788720654
954.0,0.5890946722943277
955.0,0.5912628415091877
956.0,0.5934651372693346
957.0,0.5958659374364427
958.0,0.5976733734609134
959.0,0.6005292086553664
960.0,0.6031766724036155
961.0,0.6047768768879006
962.0,0.6065204900280832
963.0,0.6093107075471423
964.0,0.6114770973712812
965.0,0.6126411011820253
966.0,0.6160637431749321
967.0,0.6177922358073988
968.0,0.6197125149678173
969.0,0.6230731286670692
970.0,0.62498105550947
971.0,0.6271370091426431
972.0,0.6293964099768766
973.0,0.6314312544913259
974.0,0.6334238458212508
975.0,0.6364234837685318
976.0,0.6385854706044503
977.0,0.6393192175997204
978.0,0.6416938970718694
979.0,0.6442926723430026
980.0,0.6461481994949798
981.0,0.6475934614629313
982.0,0.6509698832803184
983.0,0.6532026454063788
984.0,0.655078594540846
985.0,0.657508238035285
986.0,0.659978815751532
987.0,0.6621094345891457
988.0,0.663879677666564
989.0,0.6658949591024834
990.0,0.6693024680394821
991.0,0.6705828964810485
992.0,0.6717456854616866
993.0,0.6740425615295986
994.0,0.6761580283495864
995.0,0.6788168353851942
996.0,0.6812968851562485
997.0,0.6836410904670487
998.0,0.6868155886092903
999.0,0.6888607764091688
1000.0,0.6896380935857386
1001.0,0.7094647373119611
1002.0,0.7130174287296586
1003.0,0.7149502187250141
1004.0,0.7164234910578131
1005.0,0.7185268909456454
1006.0,0.7191320757174562
1007.0,0.7186429931143284
1008.0,0.7233696556554979
1009.0,0.729219603981231
1010.0,0.730791339348985
1011.0,0.7308730560768474
1012.0,0.732066926567127
1013.0,0.7321028821649965
1014.0,0.7329551517477234
1015.0,0.7373932855361782
1016.0,0.7407874290750757
1017.0,0.7431699591898756
1018.0,0.7436633273014558
1019.0,0.747951342924263
1020.0,0.7524078755250269
1021.0,0.7541305159277842
1022.0,0.7545682943153427
1023.0,0.7577383516635049
1024.0,0.7594438492264759
1025.0,0.7588925914049374
1026.0,0.7607802944579609
1027.0,0.7630213422227066
1028.0,0.7657379499499385
1029.0,0.7684201888170112
1030.0,0.7721551987328016
1031.0,0.7781487836011614
1032.0,0.7815121748251427
1033.0,0.7802728220308489
1034.0,0.7820142261521836
1035.0,0.7853597029453216
1036.0,0.7902423758257711
1037.0,0.7959328177466106
1038.0,0.7997368353918103
1039.0,0.8002028102428095
1040.0,0.7975557697768474
1041.0,0.7961518858052528
1042.0,0.7960940588506583
1043.0,0.7975592175093227
1044.0,0.8006532156298141
1045.0,0.8048016930906963
1046.0,0.8095317000555471
1047.0,0.8132300084585817
1048.0,0.8129169838716205
1049.0,0.8122944566287323
1050.0,0.8115110428502496
1051.0,0.8107015673929403
1052.0,0.8140796263001041
1053.0,0.8197547362898207
1054.0,0.823404022508903
1055.0,0.8268676602142959
1056.0,0.8299211082446517
1057.0,0.8325412535095571
1058.0,0.832869534908768
1059.0,0.8357312465218114
1060.0,0.8377724329753512
1061.0,0.8378797718609979
1062.0,0.8408150529150924
1063.0,0.8424597192891768
1064.0,0.8450934182832367
1065.0,0.8493020348366619
1066.0,0.8514858077046942
1067.0,0.8540334555969363
1068.0,0.8557052914512857
1069.0,0.8567020191926307
1070.0,0.8593392181321744
1071.0,0.861474078266329
1072.0,0.8631560359052922
1073.0,0.8647991890568415
1074.0,0.8681170347042343
1075.0,0.87104585667811
1076.0,0.8727080647614934
1077.0,0.8751601178636207
1078.0,0.8783233935142433
1079.0,0.8798618423336579
1080.0,0.881295590289752
1081.0,0.8838832677174843
1082.0,0.8863632580629819
1083.0,0.8880206220984991
1084.0,0.8905479989716997
1085.0,0.8947541618264928
1086.0,0.8977583809067236
1087.0,0.9001666776184861
1088.0,0.9029677185142561
1089.0,0.904803122988021
1090.0,0.9057721950738421
1091.0,0.907599174353317
1092.0,0.9089730796639705
1093.0,0.9114601399221479
1094.0,0.9152427536858692
1095.0,0.9173599311712348
1096.0,0.9194165808779882
1097.0,0.9213286105795803
1098.0,0.9220483530604768
1099.0,0.9242302642919407
1100.0,0.9276820371974176
1101.0,0.9302142208090032
1102.0,0.9329581263096056
1103.0,0.9358722800648643
1104.0,0.9376415603926098
1105.0,0.9384672664270957
1106.0,0.9405988932344883
1107.0,0.9432615604480704
1108.0,0.9455972469915518
1109.0,0.9484247590028703
1110.0,0.9502494894355967
1111.0,0.9516012406510546
1112.0,0.9538161891944429
1113.0,0.9562627042291816
1114.0,0.9585822552600524
1115.0,0.9616597485183161
1116.0,0.9640829485679686
1117.0,0.9659119904640029
1118.0,0.9681377650694031
1119.0,0.9704899209749953
1120.0,0.9726777452932817
1121.0,0.9750910759212619
1122.0,0.977047906147357
1123.0,0.9789119722267682
1124.0,0.9803974807828979
1125.0,0.9824070511150841
1126.0,0.9850228894586903
1127.0,0.9875504408448639
1128.0,0.9906519502015186
1129.0,0.9935286370301877
1130.0,0.9965578294228932
1131.0,0.9990626466905597
1132.0,1.001180642074589
1133.0,1.0034967658334002
1134.0,1.0056833100573808
1135.0,1.00741055541505
1136.0,1.0103707475528623
1137.0,1.012943348411288
1138.0,1.0145951494385046
1139.0,1.0167101538910321
1140.0,1.018185983218067
1141.0,1.0198644290010024
1142.0,1.0215473030366087
1143.0,1.0231047017128923
1144.0,1.0252313748985558
1145.0,1.0277529782684671
1146.0,1.0297716059834383
1147.0,1.0325080604012333
1148.0,1.0348055107121672
1149.0,1.0364366856717186
1150.0,1.0379179602844086
1151.0,1.0401392164076053
1152.0,1.0415315183403673
1153.0,1.0428859706982265
1154.0,1.044516130469479
1155.0,1.0463572479398566
1156.0,1.0482598756017991
1157.0,1.0510219523921502
1158.0,1.0553113337799491
1159.0,1.0577995578586197
1160.0,1.0603120079303316
1161.0,1.062277398996412
1162.0,1.0621385377443444
1163.0,1.0635813446772149
1164.0,1.0655392655758895
1165.0,1.0677626133369624
1166.0,1.070414175063581
1167.0,1.074060087034479
1168.0,1.076805268688663
1169.0,1.0795949384286005
1170.0,1.0811190967248252
1171.0,1.0820442708967029
1172.0,1.0840177702597233
1173.0,1.085980099504468
1174.0,1.0881256448263599
1175.0,1.091515513886687
1176.0,1.0937044408913548
1177.0,1.095011807372101
1178.0,1.096856567732788
1179.0,1.0981943720977774
1180.0,1.100334405051772
1181.0,1.1031264160020298
1182.0,1.1058897733099915
1183.0,1.1087558801858832
1184.0,1.110954315580136
1185.0,1.1129661551645158
1186.0,1.115695420330281
1187.0,1.1177644306307268
1188.0,1.1196565160513958
1189.0,1.12192951289038
1190.0,1.1238018151951215
1191.0,1.1260122778825281
1192.0,1.1293684926719743
1193.0,1.1315301575970007
1194.0,1.132997819613371
1195.0,1.1345742875422586
1196.0,1.1351606393991482
1197.0,1.1366772697314627
1198.0,1.1385597788863888
1199.0,1.1409191648335741
1200.0,1.1431145860848257
1201.0,1.145033915115377
1202.0,1.1464491564870765
1203.0,1.1480057495015883
1204.0,1.149624346827439
1205.0,1.1513868954237636
1206.0,1.1529994375199593
1207.0,1.1544652446400632
1208.0,1.1560356674203127
1209.0,1.1578150047295659
1210.0,1.1593998916635633
1211.0,1.1603726795477265
1212.0,1.162351442122048
1213.0,1.1648157768515524
1214.0,1.167031510694607
1215.0,1.1698921415232275
1216.0,1.172815182275661
1217.0,1.1742176018289008
1218.0,1.1761880190293303
1219.0,1.1782226768077404
1220.0,1.18003692618422
1221.0,1.1822576819669501
1222.0,1.1849881409677578
1223.0,1.1872123562896837
1224.0,1.189596702052578
1225.0,1.1915824217245525
1226.0,1.1935153806241197
1227.0,1.1949015146711766
1228.0,1.1953239855201272
1229.0,1.19642354020635
1230.0,1.1971568867037576
1231.0,1.1984622110563259
1232.0,1.1999733576983724
1233.0,1.2025569049905511
1234.0,1.205287319638851
1235.0,1.2072820153689194
1236.0,1.2096291860244572
1237.0,1.2122117612568697
1238.0,1.2145702315024727
1239.0,1.2173835331319596
1240.0,1.2188746755033064
1241.0,1.2190254903633202
1242.0,1.2206537549186682
1243.0,1.2219750632169901
1244.0,1.2237876028969148
1245.0,1.227359492600965
1246.0,1.2297689273328305
1247.0,1.2313202194055775
1248.0,1.2330478299069758
1249.0,1.2345898193783686
1250.0,1.2362241645547205
1251.0,1.2373314433161435
1252.0,1.239322479714115
1253.0,1.2414743529449563
1254.0,1.2440104531497607
1255.0,1.2463896614832195
1256.0,1.2493339321685923
1257.0,1.2515279042912162
1258.0,1.2535718785688643
1259.0,1.255072138161885
1260.0,1.255845565837434
1261.0,1.2570528087707409
1262.0,1.2574188513709312
1263.0,1.258991085883608
1264.0,1.2616838388280163
1265.0,1.2638523805598165
1266.0,1.266641342014398
1267.0,1.268954929052573
1268.0,1.271014331508195
1269.0,1.272587082865315
1270.0,1.274091548752234
1271.0,1.275505667864534
1272.0,1.2765445821620145
1273.0,1.2766369077575614
1274.0,1.2782369563667317
1275.0,1.2800609923542463
1276.0,1.2824381421541866
1277.0,1.2863923719345345
1278.0,1.2890627321005885
1279.0,1.2915472657474771
1280.0,1.293689510340414
1281.0,1.2954037397588294
1282.0,1.296894497774092
1283.0,1.2979251965950698
1284.0,1.2990800502475115
1285.0,1.2996274710063926
1286.0,1.3007788143955235
1287.0,1.3021339683375268
1288.0,1.3039899034792497
1289.0,1.3056492939239415
1290.0,1.30755061941419
1291.0,1.3094660379970253
1292.0,1.3114261782935155
1293.0,1.3132832323138022
1294.0,1.315563350378563
1295.0,1.3170686228263964
1296.0,1.3175160185406338
1297.0,1.319184252062703
1298.0,1.3207687582559666
1299.0,1.3230468758135971
1300.0,1.3273670468059666
1301.0,1.32976746404849
1302.0,1.3310434610128907
1303.0,1.3329388872318626
1304.0,1.3342520070649144
1305.0,1.3356075830207461
1306.0,1.3371076613598658
1307.0,1.3393441096498826
1308.0,1.3408394233546166
1309.0,1.3417583825968362
1310.0,1.342955325021345
1311.0,1.3439684108656444
1312.0,1.3456800693610975
1313.0,1.3478971016491448
1314.0,1.3494178718612702
1315.0,1.351173391012152
1316.0,1.3527123370424203
1317.0,1.352979463657534
1318.0,1.3546555370714768
1319.0,1.3576746436902698
1320.0,1.3598168299138664
1321.0,1.3622075534089226
1322.0,1.3642663660887737
1323.0,1.3655944112228888
1324.0,1.3671492386154829
1325.0,1.3691307848604843
1326.0,1.3705862076645174
1327.0,1.371780162070237
1328.0,1.3725245653043345
1329.0,1.373945979675044
1330.0,1.3752444241107127
1331.0,1.3768199839463116
1332.0,1.3791334996872522
1333.0,1.3807237768577112
1334.0,1.3819296803747185
1335.0,1.3832834613238785
1336.0,1.3843135109626288
1337.0,1.3858355642875162
1338.0,1.3876621791583235
1339.0,1.3893413109056343
1340.0,1.3915325024780894
1341.0,1.393133832705571
1342.0,1.394194252889642
1343.0,1.395441511949897
1344.0,1.3963007397549363
1345.0,1.3975110051758
1346.0,1.3990668220948155
1347.0,1.400674968877951
1348.0,1.4018636465785919
1349.0,1.4029616413404404
1350.0,1.4041699968893924
1351.0,1.4048818895660737
1352.0,1.4063332666199961
1353.0,1.4082617331402432
1354.0,1.4101408869394643
1355.0,1.4122345954017974
1356.0,1.4144233143814888
1357.0,1.4170548108062766
1358.0,1.419068016396558
1359.0,1.421136402999011
1360.0,1.4227002875823431
1361.0,1.4235302696692675
1362.0,1.4245899415105105
1363.0,1.425701177674921
1364.0,1.4264090195378638
1365.0,1.4262579190328044
1366.0,1.4271112927294163
1367.0,1.4281405910117688
1368.0,1.4296604340733272
1369.0,1.4306434911662214
1370.0,1.4321464483327757
1371.0,1.433211531743715
1372.0,1.433471379398561
1373.0,1.4343643803491744
1374.0,1.4358861759215547
1375.0,1.4369342175433364
1376.0,1.437657274118899
1377.0,1.438643414586018
1378.0,1.4396852331651622
1379.0,1.4407449308875473
1380.0,1.4419450780892837
1381.0,1.4430369591691734
1382.0,1.444097105002405
1383.0,1.4451614206174082
1384.0,1.446580443074798
1385.0,1.4471981521730328
1386.0,1.4469648925340746
1387.0,1.4474155986393573
1388.0,1.4477887338696223
1389.0,1.4481693816453662
1390.0,1.4490670662262861
1391.0,1.449905356463843
1392.0,1.450496635818609
1393.0,1.4508671999968095
1394.0,1.4508203572916625
1395.0,1.4506104423078212
1396.0,1.45034154217012
1397.0,1.4492432385276353
1398.0,1.449111886647617
1399.0,1.4495714464605138
1400.0,1.4498149341130586
1401.0,1.4506503030549318
1402.0,1.4505922129483577
1403.0,1.4498042044173853
1404.0,1.4495133959030264
1405.0,1.4488847860167129
1406.0,1.4486982359594156
1407.0,1.4493893708409256
1408.0,1.4494003964836484
1409.0,1.4487858858363039
1410.0,1.4486686257335035
1411.0,1.4483639396310644
1412.0,1.4484185012721538
1413.0,1.4489339180434113
1414.0,1.4499520260465877
1415.0,1.4496724125676328
1416.0,1.4495315270002214
1417.0,1.4496326902553895
1418.0,1.449317302503967
1419.0,1.4494597921558223
1420.0,1.4502529334206953
1421.0,1.450637754408543
1422.0,1.4506935240562504
1423.0,1.451225824330734
1424.0,1.4519150272455439
1425.0,1.4528467723115355
1426.0,1.4540575447921795
1427.0,1.4552012709145012
1428.0,1.4565989243701205
1429.0,1.4577942133424673
1430.0,1.4588261836004162
1431.0,1.460097226115422
1432.0,1.4616494912766045
1433.0,1.4628768070933627
1434.0,1.464005175400341
1435.0,1.465130748179788
1436.0,1.466194474221784
1437.0,1.4669603753789944
1438.0,1.467264060447867
1439.0,1.468221709463382
1440.0,1.4691830835958717
1441.0,1.469625637373361
1442.0,1.470432513927011
1443.0,1.4715420638062475
1444.0,1.4728761283058773
1445.0,1.474310815677357
1446.0,1.475723107455009
1447.0,1.4777234427826256
1448.0,1.4789030805150623
1449.0,1.4796386989638377
1450.0,1.4802758507221305
1451.0,1.4803753363716614
1452.0,1.4810853424731556
1453.0,1.4818789051359729
1454.0,1.4827138317357782
1455.0,1.4839071864557103
1456.0,1.4849401307855958
1457.0,1.4856612405495588
1458.0,1.486765805135701
1459.0,1.4881114520789394
1460.0,1.4895211834504376
1461.0,1.4915094603477612
1462.0,1.492831154243899
1463.0,1.493803327916238
1464.0,1.494851253854243
1465.0,1.4955967111872976
1466.0,1.4962558492296147
1467.0,1.4967555509576005
1468.0,1.497582572954194
1469.0,1.498360982969437
1470.0,1.4989877564890972
1471.0,1.4999074354824975
1472.0,1.5010493850508977
1473.0,1.5025331695431128
1474.0,1.5042996458418647
1475.0,1.5057862055696394
1476.0,1.5074321439940292
1477.0,1.5091753953161513
1478.0,1.5108505709613371
1479.0,1.5123600854911794
1480.0,1.5142755211992844
1481.0,1.5156055143205616
1482.0,1.516006525758482
1483.0,1.5172470548395476
1484.0,1.5188624817620728
1485.0,1.5202671570961221
1486.0,1.521985644179755
1487.0,1.5234427405394266
1488.0,1.5247410767309466
1489.0,1.5258337952861933
1490.0,1.526654320846959
1491.0,1.5277165312897818
1492.0,1.5284210653650487
1493.0,1.5296072017172542
1494.0,1.5317329107602344
1495.0,1.5330223739311508
1496.0,1.5337364253832355
1497.0,1.5349444091222513
1498.0,1.5361432093115748
1499.0,1.5370557515398875
1500.0,1.537955110754818
1501.0,1.539282103716635
1502.0,1.5400296704080947
1503.0,1.5414518702391136
1504.0,1.542563131579364
1505.0,1.5440505817891517
1506.0,1.5452868798808153
1507.0,1.5459551337987685
1508.0,1.54739937415204
1509.0,1.5494061296384158
1510.0,1.5511924427245243
1511.0,1.5534609980382283
1512.0,1.55491999658953
1513.0,1.5558305269388968
1514.0,1.557064657502065
1515.0,1.5578570051739542
1516.0,1.5591375704259143
1517.0,1.5610794086007131
1518.0,1.5624804273109083
1519.0,1.5637380716745133
1520.0,1.5650050179665795
1521.0,1.5660428172919103
1522.0,1.5670902923864074
1523.0,1.567985512545935
1524.0,1.5692066388761854
1525.0,1.5704392349860217
1526.0,1.5719167226420243
1527.0,1.5743407470824915
1528.0,1.5756918443401948
1529.0,1.5762273882598024
1530.0,1.5772848455601336
1531.0,1.577940123492595
1532.0,1.5788245866153068
1533.0,1.5802934801731239
1534.0,1.5816097629277495
1535.0,1.5827876198214315
1536.0,1.5838971871643148
1537.0,1.5851055194447876
1538.0,1.5863029479193855
1539.0,1.586708354706302
1540.0,1.5877472036039948
1541.0,1.5882616192918781
1542.0,1.588192841179281
1543.0,1.5892762083601837
1544.0,1.590780502954394
1545.0,1.5920622945589633
1546.0,1.5941551229365796
1547.0,1.5952764416459113
1548.0,1.5954456139033384
1549.0,1.5966413728555657
1550.0,1.598164448639489
1551.0,1.5994251916993654
1552.0,1.6011944832339424
1553.0,1.602256966444314
1554.0,1.6024826849527258
1555.0,1.6035121054395753
1556.0,1.604948283426768
1557.0,1.6058509920987223
1558.0,1.6067831776263646
1559.0,1.607731766420254
1560.0,1.6083395331860149
1561.0,1.6089522822303606
1562.0,1.6098507023780757
1563.0,1.6104519782337106
1564.0,1.6104882345445188
1565.0,1.6109365103122666
1566.0,1.6116060917100854
1567.0,1.6122045704861745
1568.0,1.6129652433911315
1569.0,1.6135471044553749
1570.0,1.6137706541585919
1571.0,1.6144880795811973
1572.0,1.6154025555164957
1573.0,1.6162955238033534
1574.0,1.6174736119897466
1575.0,1.6186944745226093
1576.0,1.6198676803858376
1577.0,1.6211295424986492
1578.0,1.6226257164147377
1579.0,1.6240698325890648
1580.0,1.6252942500129366
1581.0,1.6268381792276176
1582.0,1.6290631837772331
1583.0,1.630569294972065
1584.0,1.6320293096784917
1585.0,1.6331022690214523
1586.0,1.633253804774351
1587.0,1.633653052856534
1588.0,1.633971057210149
1589.0,1.634351966038875
1590.0,1.6347735994368147
1591.0,1.6352335765200579
1592.0,1.635762266501095
1593.0,1.6363715175201852
1594.0,1.636901735966519
1595.0,1.6374174912498782
1596.0,1.638057989358487
1597.0,1.6388403252683497
1598.0,1.6392054908790479
1599.0,1.6394809952458462
1600.0,1.6397877165806425
1601.0,1.639639203795681
1602.0,1.6401203064092653
1603.0,1.6411104427411731
1604.0,1.6416506547749552
1605.0,1.642117959781577
1606.0,1.6427769529773832
1607.0,1.6432721920317266
1608.0,1.644056504747053
1609.0,1.6451593312192934
1610.0,1.6462120140485532
1611.0,1.647559058109484
1612.0,1.648259568387885
1613.0,1.6486048388733066
1614.0,1.6493078812929651
1615.0,1.6497064308684195
1616.0,1.6503439818134669
1617.0,1.651784547005684
1618.0,1.6521548464384572
1619.0,1.6518960594477605
1620.0,1.6517077954353379
1621.0,1.6509124249066724
1622.0,1.6506194724552
1623.0,1.650212339995023
1624.0,1.650434890512227
1625.0,1.6515617296749605
1626.0,1.651735981008308
1627.0,1.6515283925402584
1628.0,1.6519965827476908
1629.0,1.652239568449575
1630.0,1.6526255705875672
1631.0,1.6540843099597686
1632.0,1.6545461229842056
1633.0,1.6539259619913467
1634.0,1.6541145449351262
1635.0,1.6547912672950504
1636.0,1.6548585263929143
1637.0,1.6547214123225304
1638.0,1.6548237603393918
1639.0,1.6541232714905638
1640.0,1.6544974854422496
1641.0,1.656301760472487
1642.0,1.6570248875787685
1643.0,1.6576938545998081
1644.0,1.6581761962358381
1645.0,1.657760582418384
1646.0,1.6579501280133193
1647.0,1.658804357883155
1648.0,1.6589965805320088
1649.0,1.6591569322603799
1650.0,1.6589570085854275
1651.0,1.6579057448230137
1652.0,1.6573981629547836
1653.0,1.657384791599632
1654.0,1.656620620291048
1655.0,1.6555745820195151
1656.0,1.6545888233798052
1657.0,1.6526759008599463
1658.0,1.6516578712844159
1659.0,1.6512760432219922
1660.0,1.6509440943615712
1661.0,1.6507236643050232
1662.0,1.6509895366613896
1663.0,1.6521440149567932
1664.0,1.652435296094826
1665.0,1.652800260551776
1666.0,1.6529064519345416
1667.0,1.651898594063794
1668.0,1.6517004218891642
1669.0,1.652146800442185
1670.0,1.6522411031201216
1671.0,1.6522475329501627
1672.0,1.652524231147788
1673.0,1.6527059485761906
1674.0,1.6531036819171083
1675.0,1.6536291169728754
1676.0,1.6545910435586735
1677.0,1.6563148901381197
1678.0,1.6573169667743866
1679.0,1.6584304921026256
1680.0,1.6593401277709046
1681.0,1.6596853612804732
1682.0,1.6598664377904764
1683.0,1.6597273171283646
1684.0,1.6599062698424196
1685.0,1.6599493152456346
1686.0,1.6600520481844163
1687.0,1.6606126652109847
1688.0,1.6609678672224018
1689.0,1.6609431957164593
1690.0,1.6610468570144448
1691.0,1.6615764485304616
1692.0,1.6616268105669656
1693.0,1.6609139516475886
1694.0,1.661205383723487
1695.0,1.6616190043660375
1696.0,1.662302046222722
1697.0,1.6640443761222476
1698.0,1.6651514856920986
1699.0,1.666169121516291
1700.0,1.6668424730063944
1701.0,1.666942573035371
1702.0,1.6676293504183415
1703.0,1.6680374211367501
1704.0,1.669144539642866
1705.0,1.6711167671059222
1706.0,1.6727976890108207
1707.0,1.675362728254641
1708.0,1.6764830996732398
1709.0,1.6772258225509564
1710.0,1.6771826267456522
1711.0,1.6751452654727035
1712.0,1.6743008454118626
1713.0,1.6733080527600754
1714.0,1.6727297188660912
1715.0,1.6727828184700522
1716.0,1.673105890169882
1717.0,1.673976737718706
1718.0,1.6746771303092327
1719.0,1.676154067785771
1720.0,1.676362477143572
1721.0,1.6752776446114934
1722.0,1.674895907994817
1723.0,1.6739413631318318
1724.0,1.6737908554844878
1725.0,1.6750787708948165
1726.0,1.6753048187307265
1727.0,1.6750414605015538
1728.0,1.6749375425077064
1729.0,1.6743965071902545
1730.0,1.6740051986409623
1731.0,1.6740740208108842
1732.0,1.673689511631685
1733.0,1.6726189238685754
1734.0,1.6721456431237356
1735.0,1.671761202062859
1736.0,1.6715618678308681
1737.0,1.6717386645714796
1738.0,1.6718753995908455
1739.0,1.6721081802636872
1740.0,1.6724541892980738
1741.0,1.673050301306405
1742.0,1.6734165240445749
1743.0,1.6739746341563235
1744.0,1.6739981772846582
1745.0,1.6732507247005763
1746.0,1.6736732371471568
1747.0,1.6743441547090632
1748.0,1.6745853209258612
1749.0,1.675596534562229
1750.0,1.6758495260913353
1751.0,1.6752222116363855
1752.0,1.6754252946668766
1753.0,1.6756816277073114
1754.0,1.676442457845474
1755.0,1.6771124403413389
1756.0,1.6777462736405098
1757.0,1.6782773985181614
1758.0,1.6778500471978683
1759.0,1.677495875184926
1760.0,1.6768251859519139
1761.0,1.676391808909696
1762.0,1.677015966732137
1763.0,1.6773040698997583
1764.0,1.6777179728250642
1765.0,1.6788568247248516
1766.0,1.6801027590610291
1767.0,1.6813738548113955
1768.0,1.6827171746779508
1769.0,1.6828597068660223
1770.0,1.6822067391210473
1771.0,1.6830070290901264
1772.0,1.6839432247752202
1773.0,1.6852860740214273
1774.0,1.6874758551463174
1775.0,1.6872023510986356
1776.0,1.6859619571963576
1777.0,1.6860002708307293
1778.0,1.6855130402909662
1779.0,1.6858001956550457
1780.0,1.686957590362299
1781.0,1.6880346490251275
1782.0,1.6898318483385517
1783.0,1.6908781756815767
1784.0,1.6919458398573683
1785.0,1.692554220710181
1786.0,1.6917447349302748
1787.0,1.6923168364016987
1788.0,1.6941380442690772
1789.0,1.695089263132178
1790.0,1.695480780659569
1791.0,1.6961783884947592
1792.0,1.695283966277417
1793.0,1.696074283720689
1794.0,1.6993132320063367
1795.0,1.6996599950583418
1796.0,1.6991847563787248
1797.0,1.6990072728087031
1798.0,1.6966166378416265
1799.0,1.6963362139427651
1800.0,1.6968534972510545
1801.0,1.6785269393197217
1802.0,1.6771441039186126
1803.0,1.677405503988914
1804.0,1.6782090930857494
1805.0,1.6805930720477398
1806.0,1.6816937488039452
1807.0,1.6828462142272291
1808.0,1.6832729610759174
1809.0,1.682966935251286
1810.0,1.6834289600367154
1811.0,1.6837821919249234
1812.0,1.6842428036191803
1813.0,1.6855748546699079
1814.0,1.6855315893108778
1815.0,1.6862080779084159
1816.0,1.6859868707184744
1817.0,1.6877183479582372
1818.0,1.6920469071953788
1819.0,1.6933977248667385
1820.0,1.6954228993046772
1821.0,1.69563587389288
1822.0,1.6933997796702154
1823.0,1.6900055468527042
1824.0,1.6874119150571933
1825.0,1.6853026966875164
1826.0,1.6853869842657216
1827.0,1.687795907971118
1828.0,1.6890854528424584
1829.0,1.6921523855306366
1830.0,1.6939390813918878
1831.0,1.694815248886001
1832.0,1.6950829001702703
1833.0,1.6966694096183477
1834.0,1.6972739859824295
1835.0,1.698194139628303
1836.0,1.6995077009394486
1837.0,1.7004128398494138
1838.0,1.7017547402677042
1839.0,1.7015920437688932
1840.0,1.7005581137476684
1841.0,1.698982652163546
1842.0,1.6978735834105159
1843.0,1.696854376108447
1844.0,1.6972695740246753
1845.0,1.6995678923970368
1846.0,1.7000321119172261
1847.0,1.6991320128616572
1848.0,1.6993066797571308
1849.0,1.7003644120848787
1850.0,1.6995760077800413
1851.0,1.6971637197749625
1852.0,1.6979904670970276
1853.0,1.6970390395504968
1854.0,1.6944943511846386
1855.0,1.6939360566369384
1856.0,1.6924950771961667
1857.0,1.6916138271844314
1858.0,1.6907011864277037
1859.0,1.6903920696078387
1860.0,1.6903267818036944
1861.0,1.6913846841907842
1862.0,1.6917947366109671
1863.0,1.6906148449545504
1864.0,1.689559948229182
1865.0,1.6880537334201067
1866.0,1.6865958355452026
1867.0,1.6866039852430197
1868.0,1.6863152760693736
1869.0,1.6881071754190056
1870.0,1.6861152509195796
1871.0,1.68256876372169
1872.0,1.678151728374047
1873.0,1.6727303449076312
1874.0,1.6682962570040638
1875.0,1.6659512255823326
1876.0,1.6625813035516557
1877.0,1.6573834092735373
1878.0,1.651174668775898
1879.0,1.6460885840065267
1880.0,1.6418538575225499
1881.0,1.635605801096433
1882.0,1.628906177659147
1883.0,1.622525167527017
1884.0,1.6147457432785837
1885.0,1.6064103405133916
1886.0,1.5992198744582709
1887.0,1.5910275280227373
1888.0,1.5819510718676792
1889.0,1.5717856094573166
1890.0,1.5616880812111866
1891.0,1.5516153368614134
1892.0,1.5420345494082932
1893.0,1.5294193393123103
1894.0,1.5166495172377146
1895.0,1.5047202021605721
1896.0,1.490584030725758
1897.0,1.479144309720361
1898.0,1.4706386670464844
1899.0,1.4604600865620598
1900.0,1.4517652941639698
1901.0,1.4436344676367414
1902.0,1.4365818223191014
1903.0,1.4271654349637979
1904.0,1.4191343280281474
1905.0,1.4109216030579077
1906.0,1.4000172369665909
1907.0,1.3916753422475243
1908.0,1.384120133512972
1909.0,1.3758955162603816
1910.0,1.3699950267156695
1911.0,1.364319030124993
1912.0,1.3582992101384799
1913.0,1.3538741192037518
1914.0,1.3510467038593679
1915.0,1.3494314543840713
1916.0,1.3468343466025492
1917.0,1.3444942416850396
1918.0,1.3425376488874434
1919.0,1.3387995040978204
1920.0,1.3357077487781797
1921.0,1.33428653233894
1922.0,1.334329920402011
1923.0,1.334832605968446
1924.0,1.3349746237997315
1925.0,1.3353675662127733
1926.0,1.3370923213320092
1927.0,1.3378480938497304
1928.0,1.3396844870221731
1929.0,1.342296188538577
1930.0,1.3414225271486864
1931.0,1.3413221072767378
1932.0,1.340479437055521
1933.0,1.340137043870951
1934.0,1.3425708288709695
1935.0,1.3435394237397669
1936.0,1.3446039714069136
1937.0,1.3463378753500532
1938.0,1.348669094025816
1939.0,1.350236245233535
1940.0,1.351773140028372
1941.0,1.3533100300032133
1942.0,1.3542947398815492
1943.0,1.3560177725191007
1944.0,1.3587705442627462
1945.0,1.3618841960140238
1946.0,1.3653888095898854
1947.0,1.36895486857154
1948.0,1.3712323108131796
1949.0,1.3727654019986102
1950.0,1.3742553439706373
1951.0,1.374999141848967
1952.0,1.3741119508491066
1953.0,1.376227140530158
1954.0,1.3785937161274682
1955.0,1.3805579266651877
1956.0,1.3841500244355391
1957.0,1.3858478939837708
1958.0,1.3871066817807713
1959.0,1.3892920821713448
1960.0,1.392178588741078
1961.0,1.3944943399655212
1962.0,1.397044152052204
1963.0,1.3997847967559915
1964.0,1.400523269140634
1965.0,1.401885396220105
1966.0,1.4049258624152032
1967.0,1.406664603631126
1968.0,1.4096140516712428
1969.0,1.4119241891084435
1970.0,1.412312971710662
1971.0,1.4130350706704295
1972.0,1.4147876714678245
1973.0,1.417734465431299
1974.0,1.4195169965045258
1975.0,1.4211710776795978
1976.0,1.4235342790931818
1977.0,1.4245559768302605
1978.0,1.427405208945233
1979.0,1.431971387161531
1980.0,1.4359152676199287
1981.0,1.439773454343121
1982.0,1.4412832184477982
1983.0,1.4413298757101347
1984.0,1.4412212321068212
1985.0,1.4423099484390791
1986.0,1.4432629307644629
1987.0,1.4455413986484806
1988.0,1.449044120006876
1989.0,1.454117620405629
1990.0,1.4567412835803044
1991.0,1.4601916864533517
1992.0,1.4643580148517545
1993.0,1.4652720660692373
1994.0,1.466469696660741
1995.0,1.4685989760636704
1996.0,1.4704311703209978
1997.0,1.4708402803522431
1998.0,1.4729506592679247
1999.0,1.4768561797635864
2000.0,1.4798119621762116
2001.0,1.4826981931940058
2002.0,1.4858107830513776
2003.0,1.4883979546578225
2004.0,1.4875017665977748
2005.0,1.48690478575609
2006.0,1.4869212592618477
2007.0,1.4872080331608002
2008.0,1.4896560503672964
2009.0,1.4918616632713788
2010.0,1.4944311790206177
2011.0,1.4974187611637568
2012.0,1.502259397933751
2013.0,1.504900326994915
2014.0,1.50715634086417
2015.0,1.5088599668778262
2016.0,1.5082547615880066
2017.0,1.5076839979069938
2018.0,1.510267782617479
2019.0,1.5129843887472578
2020.0,1.5150997534804176
2021.0,1.5162516424054848
2022.0,1.5161189130593975
2023.0,1.516155867337731
2024.0,1.5175265181757613
2025.0,1.5205167102790027
2026.0,1.523531104657646
2027.0,1.5277722144931765
2028.0,1.5308216724659334
2029.0,1.534280775894471
2030.0,1.5368617382706065
2031.0,1.5371122990416926
2032.0,1.5376271367045142
2033.0,1.5393619343950768
2034.0,1.5400041195788827
2035.0,1.540807994399574
2036.0,1.5431621611022617
2037.0,1.5451586549974021
2038.0,1.547222744139636
2039.0,1.5487642914170165
2040.0,1.550315622477142
2041.0,1.5511683559814267
2042.0,1.550163759661315
2043.0,1.5511965648023323
2044.0,1.5526916022205133
2045.0,1.5565304172218848
2046.0,1.5595075685593338
2047.0,1.560104700930443
2048.0,1.5610541602396728
2049.0,1.5614168135565465
2050.0,1.5597629128225254
2051.0,1.558724576482719
2052.0,1.5582334290685729
2053.0,1.556019647033596
2054.0,1.555779502716029
2055.0,1.5581911165567603
2056.0,1.5594473128114659
2057.0,1.5614358163307247
2058.0,1.5626004079059952
2059.0,1.5633494287330232
2060.0,1.562769063015946
2061.0,1.5649554407481943
2062.0,1.5656986047681487
2063.0,1.5660439841971303
2064.0,1.5679725327627703
2065.0,1.5671988118874092
2066.0,1.566142053907185
2067.0,1.5660925327729154
2068.0,1.5671956600361423
2069.0,1.5671940916857179
2070.0,1.5662401505946877
2071.0,1.5667100122994901
2072.0,1.5683709537169324
2073.0,1.5687911179509895
2074.0,1.5694020239618032
2075.0,1.5703541482204744
2076.0,1.5694667723025384
2077.0,1.5668602556727942
2078.0,1.5674544580617569
2079.0,1.5683033044407328
2080.0,1.5689030803208193
2081.0,1.570562043032131
2082.0,1.571516693895509
2083.0,1.572087892158806
2084.0,1.5723340057146358
2085.0,1.5722291394906547
2086.0,1.57234459258975
2087.0,1.572041775061797
2088.0,1.5718659993388122
2089.0,1.571209830480216
2090.0,1.572408154788549
2091.0,1.5738628064648688
2092.0,1.5739664959120419
2093.0,1.5753707742626877
2094.0,1.576644605680901
2095.0,1.5770532350036093
2096.0,1.5787914420706022
2097.0,1.5795554012168695
2098.0,1.5796525808143826
2099.0,1.5797703637052358
2100.0,1.5800057307498363
2101.0,1.5800062902758953
2102.0,1.5800575548560505
2103.0,1.5800971672145203
2104.0,1.5794627164117796
2105.0,1.5789741439545975
2106.0,1.5780045982883761
2107.0,1.5786220793893921
2108.0,1.5783662878138087
2109.0,1.5773239712604634
2110.0,1.5769961650458255
2111.0,1.5756489343271614
2112.0,1.5748733656847103
2113.0,1.574857600994383
2114.0,1.5740591240593453
2115.0,1.5719317094279652
2116.0,1.572100606857172
2117.0,1.5733840424270975
2118.0,1.5748027902697384
2119.0,1.577557220211409
2120.0,1.5789000041178298
2121.0,1.5798163067363085
2122.0,1.5805413605833407
2123.0,1.5810837326667164
2124.0,1.5819899108532587
2125.0,1.5835330500622067
2126.0,1.5832603328856185
2127.0,1.582856186627645
2128.0,1.584240533155675
2129.0,1.586735809428346
2130.0,1.587366694205407
2131.0,1.585859056019259
2132.0,1.5857374077006643
2133.0,1.584687122513312
2134.0,1.581782042822995
2135.0,1.5797095180775191
2136.0,1.5780141596749113
2137.0,1.575798150118459
2138.0,1.5722640421215786
2139.0,1.5712279733333145
2140.0,1.5722462877580146
2141.0,1.572291620603997
2142.0,1.5724623140609748
2143.0,1.573176453473151
2144.0,1.5752202655108078
2145.0,1.5763729501809303
2146.0,1.577844590088556
2147.0,1.5778991300128156
2148.0,1.577155889132828
2149.0,1.5760397237259016
2150.0,1.5767387438070035
2151.0,1.5806173202857843
2152.0,1.5809691108897412
2153.0,1.5801053772681242
2154.0,1.5791446501818844
2155.0,1.5757470295594505
2156.0,1.573597811156173
2157.0,1.570967826716118
2158.0,1.5715368384440325
2159.0,1.5746938227085823
2160.0,1.5756685301670483
2161.0,1.579809498826028
2162.0,1.5801475679342836
2163.0,1.575129482783288
2164.0,1.573145085731937
2165.0,1.5743756735294885
2166.0,1.5736843736673731
2167.0,1.5753286824424166
2168.0,1.5781252858939387
2169.0,1.577768755112693
2170.0,1.5768355784347428
2171.0,1.575000704894566
2172.0,1.5709269320889947
2173.0,1.568695058041434
2174.0,1.5666252411172015
2175.0,1.5651590028527596
2176.0,1.565470135175216
2177.0,1.5650101284323428
2178.0,1.5631018871806448
2179.0,1.5624560206405536
2180.0,1.5637110836397539
2181.0,1.563015794699986
2182.0,1.5606916403390152
2183.0,1.560458359782572
2184.0,1.5606364403138744
2185.0,1.5598420299039444
2186.0,1.5602658222477632
2187.0,1.5637051885716966
2188.0,1.5638858314996493
2189.0,1.5634248530519999
2190.0,1.566220983964725
2191.0,1.5659756743199889
2192.0,1.5630174708341857
2193.0,1.5607332337451707
2194.0,1.558792067708012
2195.0,1.5537442037620728
2196.0,1.5533503495887726
2197.0,1.5568747344521254
2198.0,1.5586980894616753
2199.0,1.5628592469614728
2200.0,1.5645217450519804
2201.0,1.564906676614351
2202.0,1.5644603443280076
2203.0,1.560774124835799
2204.0,1.5594568439325758
2205.0,1.556324911726205
2206.0,1.5600768134434764
2207.0,1.5634204854268756
2208.0,1.5656588787753098
2209.0,1.5690499067146608
2210.0,1.5657654358764947
2211.0,1.5604676707632392
2212.0,1.5577462492439997
2213.0,1.556257809036288
2214.0,1.5561070553192429
2215.0,1.5563286507157845
2216.0,1.5571795985697492
2217.0,1.5563553041199427
2218.0,1.55256723636321
2219.0,1.5521009476587468
2220.0,1.5529407268710282
2221.0,1.552908908861929
2222.0,1.5550347876730786
2223.0,1.5545500310447546
2224.0,1.5515314066729544
2225.0,1.5501926590777642
2226.0,1.547999934266274
2227.0,1.5467500178416318
2228.0,1.5467583689124433
2229.0,1.5474590837956017
2230.0,1.5491101008095645
2231.0,1.5501490606412345
2232.0,1.553156921177768
2233.0,1.551851842692691
2234.0,1.550610748701701
2235.0,1.5514096766863303
2236.0,1.551512443798512
2237.0,1.5522105099015608
2238.0,1.5502776002302319
2239.0,1.5468810976611036
2240.0,1.5420203127525605
2241.0,1.535755987238346
2242.0,1.5311503407425984
2243.0,1.5276023828904406
2244.0,1.5293040115253977
2245.0,1.530430153919324
2246.0,1.5295709907812003
2247.0,1.5311241858393816
2248.0,1.527971169346205
2249.0,1.5187331172412553
2250.0,1.5143711391869892
2251.0,1.509035061591447
2252.0,1.5061734115382588
2253.0,1.5067339888398261
2254.0,1.5057591072000616
2255.0,1.506043812059377
2256.0,1.5042895630489888
2257.0,1.5004536626788039
2258.0,1.498237728538617
2259.0,1.4955568239623034
2260.0,1.4954504940925706
2261.0,1.4994073236125873
2262.0,1.4996675862703432
2263.0,1.4970964374883695
2264.0,1.4892134869551594
2265.0,1.4803777258092916
2266.0,1.4764049042626997
2267.0,1.4748130243130926
2268.0,1.473157202170343
2269.0,1.4715828492655785
2270.0,1.4685566158907217
2271.0,1.465166872435675
2272.0,1.46420336889371
2273.0,1.464678549629383
2274.0,1.4638832581522898
2275.0,1.4658175965911566
2276.0,1.4701836493187923
2277.0,1.4725660789989803
2278.0,1.4753390156860178
2279.0,1.4763292615530936
2280.0,1.4752017054744861
2281.0,1.4739663082666623
2282.0,1.4713424335279142
2283.0,1.4696079264144655
2284.0,1.4681294039620947
2285.0,1.468511000209912
2286.0,1.4698387653080063
2287.0,1.4696907423051493
2288.0,1.470665626190662
2289.0,1.469269014732292
2290.0,1.465569779021658
2291.0,1.4644381832666014
2292.0,1.4637075065703573
2293.0,1.461180491665732
2294.0,1.4588142829351527
2295.0,1.4560654643794344
2296.0,1.4510686291526855
2297.0,1.4478293288995727
2298.0,1.4479564637856122
2299.0,1.44574592158782
2300.0,1.4446009161399542
2301.0,1.449977339437451
2302.0,1.451246796800128
2303.0,1.4523387045119909
2304.0,1.4546057991199728
2305.0,1.4540485426647414
2306.0,1.4591932861799302
2307.0,1.464823670064817
2308.0,1.4660570088971527
2309.0,1.4638762886631886
2310.0,1.4597225233361268
2311.0,1.4539333567731945
2312.0,1.45163867639891
2313.0,1.4555050601452466
2314.0,1.4559525558930344
2315.0,1.45852210287415
2316.0,1.46051448972887
2317.0,1.4612262541600893
2318.0,1.4628015094897586
2319.0,1.4601795878394166
2320.0,1.4624506731628322
2321.0,1.4654453399855596
2322.0,1.4704029841113815
2323.0,1.4816445012839372
2324.0,1.4889760115221948
2325.0,1.4986649371495895
2326.0,1.4983988994037216
2327.0,1.4892096840662488
2328.0,1.4845112379703849
2329.0,1.4740361873753831
2330.0,1.4708005630258751
2331.0,1.4745607744909597
2332.0,1.4749506455784984
2333.0,1.4744316363078471
2334.0,1.4749015892104067
2335.0,1.4779544722155598
2336.0,1.4782116511486831
2337.0,1.479462355396434
2338.0,1.4770530725258268
2339.0,1.4662142674388898
2340.0,1.4625140667196492
2341.0,1.4604778900845563
2342.0,1.4601038306530048
2343.0,1.467567547796808
2344.0,1.4709244306272606
2345.0,1.4743695262309717
2346.0,1.4725355288935993
2347.0,1.4674306008193503
2348.0,1.4577887543932715
2349.0,1.447276157684938
2350.0,1.4456742536336533
2351.0,1.454618856868115
2352.0,1.4640266344235286
2353.0,1.4780532620757987
2354.0,1.4837213938501117
2355.0,1.4834800382819968
2356.0,1.482321331384294
2357.0,1.4681275053011118
2358.0,1.4567518893019622
2359.0,1.4480162463550819
2360.0,1.4302878764409601
2361.0,1.4291887314335234
2362.0,1.4350946407575103
2363.0,1.4334689518701433
2364.0,1.446918589143785
2365.0,1.4469882179012885
2366.0,1.4446002595677838
2367.0,1.4538099797104493
2368.0,1.4527909860583719
2369.0,1.458483806025287
2370.0,1.4577094458548006
2371.0,1.447277378608895
2372.0,1.440808192127878
2373.0,1.4310360248155272
2374.0,1.4255891911647867
2375.0,1.4213230642313885
2376.0,1.417561917336239
2377.0,1.4262784333075464
2378.0,1.438159965622542
2379.0,1.4467433145699076
2380.0,1.4526591019852906
2381.0,1.445640803982494
2382.0,1.4316043190880725
2383.0,1.422986712739541
2384.0,1.4167489317630153
2385.0,1.4177447902744618
2386.0,1.425750062681124
2387.0,1.4244353668071172
2388.0,1.4220891137936467
2389.0,1.4161371661503324
2390.0,1.400214578515783
2391.0,1.3980862013354505
2392.0,1.4037427792316406
2393.0,1.4096911805263297
2394.0,1.4151655495012234
2395.0,1.420113766914742
2396.0,1.422643667339583
2397.0,1.4104792226724707
2398.0,1.3993302217597163
2399.0,1.3781904435412808
2400.0,1.3552885089764797
2401.0,1.3579020456023259
2402.0,1.3615389701828373
2403.0,1.3749222572332895
2404.0,1.3905007662792168
2405.0,1.384248257396019
2406.0,1.3927665305984764
2407.0,1.3973823023173149
2408.0,1.3899661806830532
2409.0,1.3914246316690335
2410.0,1.3798043204835782
2411.0,1.3783578445769895
2412.0,1.374714681279569
2413.0,1.356334754089957
2414.0,1.3504852990547473
2415.0,1.340110729608426
2416.0,1.3480173501045998
2417.0,1.3780187027522222
2418.0,1.3819126997512234
2419.0,1.3677164693787764
2420.0,1.351822982298535
2421.0,1.3306816804557497
2422.0,1.326448777916618
2423.0,1.3250496994747092
2424.0,1.326950960944062
2425.0,1.3396558753076742
2426.0,1.3385105948072669
2427.0,1.3530894795844253
2428.0,1.3689917107862415
2429.0,1.3689603783040947
2430.0,1.3699813215129915
2431.0,1.3607695689465225
2432.0,1.352582788409526
2433.0,1.3468577639447257
2434.0,1.3330276913283585
2435.0,1.3305894242712213
2436.0,1.3348626297328223
2437.0,1.3139947332698314
2438.0,1.29985534557289
2439.0,1.306538175003068
2440.0,1.295755736278253
2441.0,1.2977292801943114
2442.0,1.331570871666547
2443.0,1.341428508847783
2444.0,1.341899847214873
2445.0,1.3384630366415278
2446.0,1.304187641626414
2447.0,1.2835156788036657
2448.0,1.28119776863989
2449.0,1.2895598784998248
2450.0,1.3049973368364851
2451.0,1.3138455961793247
2452.0,1.3028693895350727
2453.0,1.2823182581164618
2454.0,1.2662911998796096
2455.0,1.2636242297913494
2456.0,1.2569870349533554
2457.0,1.2330834687551766
2458.0,1.2381869401599495
2459.0,1.2455533922386621
2460.0,1.2415760166216219
2461.0,1.2494091514463166
2462.0,1.2453067323448193
2463.0,1.2301946297966793
2464.0,1.2214095547171009
2465.0,1.2506476541939922
2466.0,1.2938429040810795
2467.0,1.30306752338816
2468.0,1.297107609886239
2469.0,1.2904343494011727
2470.0,1.2763614435619093
2471.0,1.3038300009394406
2472.0,1.3043004610889566
2473.0,1.2864800960266027
2474.0,1.275091460920329
2475.0,1.2367605626609106
2476.0,1.2212808839326115
2477.0,1.2165177586823386
2478.0,1.213541025332949
2479.0,1.2426898655263898
2480.0,1.2431024811047608
2481.0,1.222754655638042
2482.0,1.2192763075980309
2483.0,1.1979183904847945
2484.0,1.1995607788237967
2485.0,1.2327934122906148
2486.0,1.2528014053792074
2487.0,1.2793986942666595
2488.0,1.2816971045211938
2489.0,1.2780418386432015
2490.0,1.2708376550106877
2491.0,1.2365729887161312
2492.0,1.233115711517197
2493.0,1.2515341592267488
2494.0,1.2487969481523038
2495.0,1.2416167599929686
2496.0,1.227816506736956
2497.0,1.2026809561568232
2498.0,1.1593910107409113
2499.0,1.1053260170718253
2500.0,1.065216459814887
