350.0,-0.18057247592762624
351.0,-0.21316886838292542
352.0,-0.1572711667611015
353.0,-0.10201283546317783
354.0,-0.10582216766838208
355.0,-0.061352247917077926
356.0,0.06399044646102399
357.0,0.02893564658455352
358.0,-0.017532065924325192
359.0,-0.03982364494427792
360.0,-0.04616142331921193
361.0,0.036219149763593986
362.0,0.07207774413414214
363.0,0.053289010987622655
364.0,0.02957855513984993
365.0,-0.029945114828067238
366.0,-0.03974943541123915
367.0,-0.012077392238812448
368.0,-0.025106126159344294
369.0,-0.024492286423433138
370.0,-0.007355224756001326
371.0,0.012908256035841925
372.0,0.010763487266897194
373.0,0.009841724882008124
374.0,0.018143523589293865
375.0,0.02806331555418587
376.0,0.00853990019445072
377.0,0.006344349582402972
378.0,0.023838508058202038
379.0,0.04319154422174236
380.0,0.02805969426137032
381.0,0.007925522280975938
382.0,0.012804901594343995
383.0,0.04950246940741619
384.0,0.043670166425841817
385.0,0.03639498267217025
386.0,0.04213202515659908
387.0,0.05163468358150883
388.0,0.029736835791679943
389.0,0.014997495498179001
390.0,0.021430086843719918
391.0,0.03427824774002062
392.0,0.045801206614975803
393.0,0.04286246858613029
394.0,0.029343639314153895
395.0,0.03154682611429611
396.0,0.03658988679116192
397.0,0.03478461447570654
398.0,0.02733297442568486
399.0,0.039739385264054294
400.0,0.04035299108218627
401.0,0.03398711806102771
402.0,0.03400846338299909
403.0,0.03488592197284192
404.0,0.03286083942704187
405.0,0.03129039004321801
406.0,0.03613258870936381
407.0,0.042143111880148625
408.0,0.04545169390041258
409.0,0.044595315561519466
410.0,0.04062081574431153
411.0,0.03968301507243204
412.0,0.04195675325190873
413.0,0.044422026756974174
414.0,0.040819191052429496
415.0,0.0424011428783623
416.0,0.0429737520490235
417.0,0.03814110030940557
418.0,0.04328347622767751
419.0,0.04679195918449899
420.0,0.04727537107069115
421.0,0.047839216456354604
422.0,0.04855938246943674
423.0,0.04732545565540465
424.0,0.04470812092434871
425.0,0.04346843083945076
426.0,0.04302637012864689
427.0,0.04451654066890622
428.0,0.04704742217934564
429.0,0.046517641618134015
430.0,0.04646351428730379
431.0,0.047837995227759285
432.0,0.04994176548750937
433.0,0.049424661139805495
434.0,0.04849056098262326
435.0,0.0479050134355031
436.0,0.04767235351967222
437.0,0.04774667922431965
438.0,0.04807968706315971
439.0,0.04794610386343212
440.0,0.04631935002590559
441.0,0.04688505446672775
442.0,0.04811375425834092
443.0,0.04860214066280238
444.0,0.0487358280219416
445.0,0.048740489389490806
446.0,0.048631541842453954
447.0,0.048326027898695625
448.0,0.04735030511030625
449.0,0.048981642579221496
450.0,0.05095322752378413
451.0,0.04882898631700801
452.0,0.04839940051290808
453.0,0.04831593389686073
454.0,0.048042143355138796
455.0,0.04881610773731005
456.0,0.04806214170970884
457.0,0.047925829980057684
458.0,0.049482810547549654
459.0,0.048326015721252086
460.0,0.048942551286853674
461.0,0.050091224665206414
462.0,0.0491348020743003
463.0,0.04890483995194088
464.0,0.04942596201909497
465.0,0.0497475130310981
466.0,0.04848800344711538
467.0,0.04857869167218439
468.0,0.048393852553471055
469.0,0.0474483252525101
470.0,0.04876318378630261
471.0,0.04991747089170459
472.0,0.04952165135070422
473.0,0.04759339915333543
474.0,0.04818138008018283
475.0,0.048095465059078156
476.0,0.04797283700434153
477.0,0.05046894096128718
478.0,0.05090907634940751
479.0,0.05016517236331442
480.0,0.04933585467010959
481.0,0.04876989806681169
482.0,0.04815667812752824
483.0,0.04852445198304211
484.0,0.05026505676485823
485.0,0.05090001643470803
486.0,0.05032564686912779
487.0,0.049383622714921686
488.0,0.04923441170866653
489.0,0.04882517631778448
490.0,0.048544926631343605
491.0,0.04889892203526695
492.0,0.050323266105392686
493.0,0.05039191962322263
494.0,0.04931747625909018
495.0,0.0481722249987325
496.0,0.048437201290965196
497.0,0.048792834493231664
498.0,0.04901124786188782
499.0,0.04939882718249328
500.0,0.04991757404842992
501.0,0.05091443413145078
502.0,0.05152449552951947
503.0,0.04958844917001965
504.0,0.049192607911930634
505.0,0.04975277945991526
506.0,0.05013720487474752
507.0,0.05085490365333844
508.0,0.05115821333272542
509.0,0.05080358708941014
510.0,0.05001354518599228
511.0,0.05015116994809566
512.0,0.050234505044524654
513.0,0.050132828346218246
514.0,0.05087853938845822
515.0,0.05089715632071077
516.0,0.050949913555345915
517.0,0.05149557428225732
518.0,0.05068646484486787
519.0,0.049902602932670036
520.0,0.049506737654321384
521.0,0.04943981211866918
522.0,0.05041089167068902
523.0,0.051656537799090685
524.0,0.052207672201342634
525.0,0.05105718340090934
526.0,0.050583537357477566
527.0,0.05053040046211879
528.0,0.050412291147631745
529.0,0.05119029876381696
530.0,0.051514622958984436
531.0,0.05121133513429241
532.0,0.05082754361757359
533.0,0.05101320384646124
534.0,0.0507884666463651
535.0,0.05018736396243811
536.0,0.05084898796059279
537.0,0.05138896158464589
538.0,0.051710507484669196
539.0,0.05191695079837962
540.0,0.05156813928039817
541.0,0.05105359547451274
542.0,0.050794705245971294
543.0,0.05110782682631646
544.0,0.05124477595509885
545.0,0.05166282747578817
546.0,0.05234192433419388
547.0,0.05224294086745158
548.0,0.05159879289164208
549.0,0.05127785092641177
550.0,0.05182320240466992
551.0,0.05148900301409007
552.0,0.051409224634663235
553.0,0.051770653679349306
554.0,0.051954631205539975
555.0,0.05232450340033135
556.0,0.05227930202159729
557.0,0.051743459750285124
558.0,0.0520762463453847
559.0,0.05215272806487321
560.0,0.05202054563728347
561.0,0.05206935466012745
562.0,0.05205527166227136
563.0,0.05221137838081343
564.0,0.05235845604058217
565.0,0.05191855888857968
566.0,0.05203116381974677
567.0,0.05240282206707221
568.0,0.05261923686204043
569.0,0.05283606664499888
570.0,0.05273629728992192
571.0,0.052478376458987064
572.0,0.05246282759006489
573.0,0.05292843846322954
574.0,0.05307979490468993
575.0,0.05268650267540542
576.0,0.05242440472035602
577.0,0.05253662586740648
578.0,0.05289110323796224
579.0,0.05320631406697259
580.0,0.0531828102993843
581.0,0.05307753974862779
582.0,0.05304971401401196
583.0,0.0531562745097269
584.0,0.053220134756673296
585.0,0.05336702114291594
586.0,0.053579066700435045
587.0,0.053461953430782624
588.0,0.053681041282425276
589.0,0.053883857754732416
590.0,0.05359270077928466
591.0,0.05354669891324996
592.0,0.0536722106310463
593.0,0.053770273568955605
594.0,0.05358615236368528
595.0,0.053595610647419085
596.0,0.05374712793502803
597.0,0.053909177694608346
598.0,0.05406632564856774
599.0,0.0540224068151289
600.0,0.05393549397382362
601.0,0.054080578748219386
602.0,0.054102374910197495
603.0,0.05416669345285907
604.0,0.054277467614419386
605.0,0.05414198613622386
606.0,0.05434138810790761
607.0,0.054571940538018324
608.0,0.05448450487939534
609.0,0.0545090607737415
610.0,0.05461327910782283
611.0,0.0547700359798572
612.0,0.05494035920087574
613.0,0.05485003591523137
614.0,0.05497717132693707
615.0,0.05542735677390675
616.0,0.05532146915254214
617.0,0.055210332948222175
618.0,0.05532175758522727
619.0,0.0556513353224292
620.0,0.05552385806422307
621.0,0.055718933841350085
622.0,0.05618252292932387
623.0,0.055921967933070936
624.0,0.05573878049388365
625.0,0.05586676381785418
626.0,0.05622997165630975
627.0,0.056276647041201305
628.0,0.05595165584727862
629.0,0.05580522063126292
630.0,0.05650176893304881
631.0,0.05650316771760075
632.0,0.05645999372496803
633.0,0.056704293041657305
634.0,0.05668259959880888
635.0,0.056438517489022115
636.0,0.056339327820184956
637.0,0.05665891385134844
638.0,0.05680838146322748
639.0,0.05690688149531677
640.0,0.056966896057755706
641.0,0.05692881384372674
642.0,0.057311277392178034
643.0,0.05763623301202481
644.0,0.05758682586670836
645.0,0.057631798974586014
646.0,0.05751127535921226
647.0,0.05743929734913784
648.0,0.05769374231689528
649.0,0.05761490388080562
650.0,0.05793427578896883
651.0,0.05857624504634654
652.0,0.05839692036494046
653.0,0.05845888923290008
654.0,0.058763302783801666
655.0,0.05899191264343991
656.0,0.05861046048132935
657.0,0.058603284603317464
658.0,0.05898638680794323
659.0,0.05917059575064412
660.0,0.05930940592101029
661.0,0.05934710646320735
662.0,0.059312631669749934
663.0,0.059401013078695296
664.0,0.059726589659206034
665.0,0.05998767595291279
666.0,0.05990425151062372
667.0,0.06000318031575212
668.0,0.060079301949392
669.0,0.06013599929286155
670.0,0.06036959535770991
671.0,0.06036772045983416
672.0,0.060348994396664545
673.0,0.06055120648499085
674.0,0.06102321131735893
675.0,0.061113471133736975
676.0,0.060974046886524615
677.0,0.0610859059253432
678.0,0.0612628160243996
679.0,0.061705260802203385
680.0,0.06219625115202642
681.0,0.06196995038568023
682.0,0.06227324766382087
683.0,0.06251618072508122
684.0,0.06214892604443627
685.0,0.062428383094543585
686.0,0.06257003665559704
687.0,0.06254359875413867
688.0,0.06279337938735
689.0,0.06316359207593857
690.0,0.06321133572417938
691.0,0.06293701624498041
692.0,0.06317552298916364
693.0,0.0636093936158492
694.0,0.06387351855949766
695.0,0.06375775353377522
696.0,0.0638810403358128
697.0,0.06417202005572997
698.0,0.06443069978501718
699.0,0.06440280155278998
700.0,0.06451104626765315
701.0,0.06466405463441494
702.0,0.06479880582998897
703.0,0.06518442324707391
704.0,0.06540449315451276
705.0,0.0654713515750056
706.0,0.06558941412419508
707.0,0.06590302997174496
708.0,0.06604921379100237
709.0,0.06601316790916148
710.0,0.0662196773601152
711.0,0.06648933951940458
712.0,0.06675996749848982
713.0,0.06695616870865412
714.0,0.06687112849651738
715.0,0.06685778738381182
716.0,0.06707523975260382
717.0,0.06751764582195918
718.0,0.06789241746405866
719.0,0.06815565739573719
720.0,0.06834927207538768
721.0,0.06858969981002502
722.0,0.06884725311429876
723.0,0.06891321133563406
724.0,0.06876723892057016
725.0,0.06930104257312794
726.0,0.06959172137781452
727.0,0.06958389419404508
728.0,0.06983625131713735
729.0,0.07016239894905905
730.0,0.07046030013331352
731.0,0.07063344940750829
732.0,0.07055274176439745
733.0,0.07078203410892883
734.0,0.07121746967417038
735.0,0.07154037845468976
736.0,0.07159929950226251
737.0,0.07169377919206642
738.0,0.07187816477394675
739.0,0.07200111350512255
740.0,0.07229468206594857
741.0,0.07260297926463757
742.0,0.07282689262677025
743.0,0.07311485156731208
744.0,0.07345748469167615
745.0,0.07371511383984937
746.0,0.07380248757045939
747.0,0.07418071730362673
748.0,0.07449342613925543
749.0,0.07459867571981219
750.0,0.07462712833723067
751.0,0.07516303951488183
752.0,0.07570803248265962
753.0,0.07588939489067185
754.0,0.07608365029418425
755.0,0.07623523087075988
756.0,0.07637855822567576
757.0,0.07656970831548565
758.0,0.07681812869966995
759.0,0.0772715997378397
760.0,0.07774619803515237
761.0,0.07777939607414137
762.0,0.07800740269954501
763.0,0.07828177817664789
764.0,0.07847568912310518
765.0,0.07888473519671402
766.0,0.07922508131333802
767.0,0.0794501334702164
768.0,0.07963334662337647
769.0,0.07996594490379724
770.0,0.08018776931800004
771.0,0.08037922207515419
772.0,0.08093432070017312
773.0,0.08133541985475425
774.0,0.08150283447389202
775.0,0.08158067903405168
776.0,0.08204693752340177
777.0,0.08231500458157112
778.0,0.08243020033234161
779.0,0.08266871774239813
780.0,0.08318457676570898
781.0,0.08346691269809278
782.0,0.08357481076230604
783.0,0.08406227305507158
784.0,0.08451872279085222
785.0,0.08478139653264137
786.0,0.0849026537149394
787.0,0.0852680566356037
788.0,0.08569080134615135
789.0,0.0860635882373415
790.0,0.08636644702880673
791.0,0.08688090543974394
792.0,0.08725692222900533
793.0,0.08744203717867452
794.0,0.08764001030145617
795.0,0.08795771601726461
796.0,0.08838923695154947
797.0,0.08884579978424265
798.0,0.08914536682754033
799.0,0.08951127039759926
800.0,0.08991842876101419
801.0,0.09027689443089197
802.0,0.09052507056350476
803.0,0.09089578107099447
804.0,0.0913714989331393
805.0,0.09178276044584494
806.0,0.09210336633511665
807.0,0.09238484316667953
808.0,0.09269964750208777
809.0,0.09312844722206853
810.0,0.09348465740301357
811.0,0.09384309107782043
812.0,0.09426075029863391
813.0,0.09457421210942112
814.0,0.09497694316953934
815.0,0.09543189515407768
816.0,0.095833198163619
817.0,0.09633125335361568
818.0,0.09654509586766334
819.0,0.09670814486293818
820.0,0.09751789751775232
821.0,0.09794372894042137
822.0,0.09835869534528237
823.0,0.09896547518858338
824.0,0.0992543830227821
825.0,0.09975358833500748
826.0,0.10024058759955465
827.0,0.10044738976107455
828.0,0.10073432046617316
829.0,0.10125549402080943
830.0,0.10186404601609719
831.0,0.1022809969782225
832.0,0.10264583902734271
833.0,0.10292313722945429
834.0,0.10322270921886004
835.0,0.10380297938826424
836.0,0.1044980335525046
837.0,0.1050633308051057
838.0,0.10540391810849808
839.0,0.10575447048222053
840.0,0.10608855729981811
841.0,0.10659900261271986
842.0,0.10735438829457299
843.0,0.10770070276313841
844.0,0.1082453397047202
845.0,0.108808952243349
846.0,0.10889117566571584
847.0,0.1094644038336075
848.0,0.11017715290789394
849.0,0.11071023546532252
850.0,0.11097066436057168
851.0,0.11148420103594718
852.0,0.11204095920936691
853.0,0.11240215009834009
854.0,0.11254554100544453
855.0,0.11311192836623483
856.0,0.11381038471078403
857.0,0.11419836682044095
858.0,0.1144299779214544
859.0,0.1149324610160485
860.0,0.11548525700704276
861.0,0.11569674942721062
862.0,0.11651344897410122
863.0,0.11715743181876799
864.0,0.11753493991425425
865.0,0.1182419392486018
866.0,0.11875836911358006
867.0,0.11902511935737484
868.0,0.11920035690768778
869.0,0.11964328678807182
870.0,0.12032521342110612
871.0,0.12121645208546789
872.0,0.1221403915416683
873.0,0.12257655546505171
874.0,0.12277675310262193
875.0,0.12301928072216231
876.0,0.12350820352675222
877.0,0.12400626727696139
878.0,0.12495379293692195
879.0,0.12604503529933261
880.0,0.1266202815903726
881.0,0.12703407554078097
882.0,0.12746327177438369
883.0,0.12796246374833872
884.0,0.12847734049778642
885.0,0.12917641065166452
886.0,0.1298432842584892
887.0,0.13041223200202928
888.0,0.13112936827989513
889.0,0.1315294924449379
890.0,0.13178496922344698
891.0,0.13216898377789282
892.0,0.13282704681076807
893.0,0.13325913643408663
894.0,0.13375634695365263
895.0,0.13465240866906686
896.0,0.13548205312557157
897.0,0.13591598030602722
898.0,0.13622939608924917
899.0,0.13686925897517838
900.0,0.13742626111176723
901.0,0.1379808594655428
902.0,0.1387611029342061
903.0,0.13989069783333463
904.0,0.14005986528339737
905.0,0.14035237215719465
906.0,0.14101691449814818
907.0,0.14129189083789623
908.0,0.14211728071962892
909.0,0.14289723044365527
910.0,0.14337969494410033
911.0,0.14410498528581694
912.0,0.1446450198423938
913.0,0.1451631065364723
914.0,0.14585239023990582
915.0,0.1467139146856999
916.0,0.14778037980582284
917.0,0.14858321600452334
918.0,0.14888872689120008
919.0,0.14944289715442907
920.0,0.14976197274122907
921.0,0.15039810657807207
922.0,0.15174256653915721
923.0,0.1524779367004638
924.0,0.1528524720943569
925.0,0.1534145382983537
926.0,0.15451272293604618
927.0,0.15498479610347307
928.0,0.15529498235978564
929.0,0.1557441339670426
930.0,0.15649070868635048
931.0,0.15771575586737802
932.0,0.158600845539072
933.0,0.15903109359964573
934.0,0.15945437558390343
935.0,0.1599894130729882
936.0,0.16061800715718902
937.0,0.16132631688013038
938.0,0.16217119095257887
939.0,0.1636929250037829
940.0,0.16490476924210215
941.0,0.16543637839470862
942.0,0.16578228166946235
943.0,0.16617378951506837
944.0,0.1668676301635715
945.0,0.16770697728927705
946.0,0.1681258722766062
947.0,0.16878214221847185
948.0,0.1698482266311264
949.0,0.17076695961881094
950.0,0.17032554404510156
951.0,0.17109049782896002
952.0,0.17255383944137298
953.0,0.1736560551449714
954.0,0.17363627931884185
955.0,0.1744630495087091
956.0,0.17546366541395889
957.0,0.1760433556491385
958.0,0.17675750317973685
959.0,0.1777031780397111
960.0,0.17841594936729518
961.0,0.17892588756722996
962.0,0.18035752221166568
963.0,0.18113330086501048
964.0,0.18153228783548697
965.0,0.18207736640522437
966.0,0.18280759409324773
967.0,0.1831323551796261
968.0,0.18387262800689133
969.0,0.18535011424911624
970.0,0.18624662674992193
971.0,0.18762467441227643
972.0,0.18831138555877558
973.0,0.1878729410349974
974.0,0.18830727404536532
975.0,0.18973692310183587
976.0,0.19068295695969176
977.0,0.1907464636932435
978.0,0.19230483876272797
979.0,0.1935156219133447
980.0,0.1943421978724477
981.0,0.19506279283845696
982.0,0.1956983217408439
983.0,0.1957306039145329
984.0,0.19698698052448188
985.0,0.19949197935770388
986.0,0.1995701203466867
987.0,0.20029902229492705
988.0,0.20071664370447043
989.0,0.20008495571913024
990.0,0.19948101855547504
991.0,0.20266419045556952
992.0,0.20530211177344557
993.0,0.2052396309663403
994.0,0.20556935546911215
995.0,0.20502809854231552
996.0,0.20631900008765702
997.0,0.2093730074896244
998.0,0.21039558756924437
999.0,0.21070864795846206
1000.0,0.2107064719355525
1001.0,0.22159675655512456
1002.0,0.22261287816123215
1003.0,0.22335745899940046
1004.0,0.22562144380353014
1005.0,0.22639115996076334
1006.0,0.22683165336453195
1007.0,0.22756980639261562
1008.0,0.22765048060417195
1009.0,0.22884915296220576
1010.0,0.2294006123379658
1011.0,0.22798031301115468
1012.0,0.22756188336143288
1013.0,0.22994096268298234
1014.0,0.23226021633935487
1015.0,0.23586866822801214
1016.0,0.23843426507269455
1017.0,0.24169053343793093
1018.0,0.24404307895894162
1019.0,0.24305045357846214
1020.0,0.2419687182257916
1021.0,0.24081852274792737
1022.0,0.23904932008798044
1023.0,0.2392964665035566
1024.0,0.24132299854657782
1025.0,0.2433546493056619
1026.0,0.24414841798362819
1027.0,0.24587417025046326
1028.0,0.24752031534543167
1029.0,0.24866883168776116
1030.0,0.24896180166287313
1031.0,0.2519737118654302
1032.0,0.2538783952920022
1033.0,0.2520703336804049
1034.0,0.25073400779699745
1035.0,0.2495385934808986
1036.0,0.24972280073298656
1037.0,0.25237267419522025
1038.0,0.25393259189547507
1039.0,0.25442674505521523
1040.0,0.25453376521426596
1041.0,0.25553663306674756
1042.0,0.2572048066875803
1043.0,0.25859801319351106
1044.0,0.2607472778434583
1045.0,0.26208909353974663
1046.0,0.2603144428880797
1047.0,0.2594123098879346
1048.0,0.2601355885884764
1049.0,0.2599102442666302
1050.0,0.26171683418514646
1051.0,0.2651562772871642
1052.0,0.2671295083137578
1053.0,0.26837664766486585
1054.0,0.2696302732217775
1055.0,0.27083890351020207
1056.0,0.2716321010929931
1057.0,0.2721408518003026
1058.0,0.2727925859244258
1059.0,0.27382699927249465
1060.0,0.2735882588491607
1061.0,0.2747113604660942
1062.0,0.2763906928331142
1063.0,0.27675342601228403
1064.0,0.2780815920307363
1065.0,0.2788652375711151
1066.0,0.2794630932640715
1067.0,0.2808867978460258
1068.0,0.2829518585419607
1069.0,0.285084869882102
1070.0,0.2857835116459947
1071.0,0.28703726324247963
1072.0,0.2882228551111702
1073.0,0.2890688011806487
1074.0,0.29051330796797203
1075.0,0.29234419692466274
1076.0,0.29274774532779085
1077.0,0.2943520460854057
1078.0,0.2943875800186347
1079.0,0.2938419412836742
1080.0,0.2951359588593918
1081.0,0.29536277314783854
1082.0,0.297039116548894
1083.0,0.2998097525778826
1084.0,0.3009920914594871
1085.0,0.30156132492016474
1086.0,0.30245417488918847
1087.0,0.3027061017444003
1088.0,0.30240472061590545
1089.0,0.3038014279376287
1090.0,0.30573427760415545
1091.0,0.3065971017712806
1092.0,0.30844849741184743
1093.0,0.311487724006021
1094.0,0.3126144193256409
1095.0,0.3127296148854803
1096.0,0.313411537502236
1097.0,0.3139349354037792
1098.0,0.3144574729534109
1099.0,0.3153427505931544
1100.0,0.3178187044812128
1101.0,0.3190252752626513
1102.0,0.31938061452319466
1103.0,0.3197128326065315
1104.0,0.32163376776404345
1105.0,0.32313786145155066
1106.0,0.3246501382506808
1107.0,0.3263439401300284
1108.0,0.3272764215619469
1109.0,0.3277200392929797
1110.0,0.328569167808982
1111.0,0.33066513816537374
1112.0,0.33194143203325105
1113.0,0.332912698050493
1114.0,0.33417346145164245
1115.0,0.3352321438258809
1116.0,0.3363070004034429
1117.0,0.33803028099577076
1118.0,0.3392886690722398
1119.0,0.34050867850127375
1120.0,0.3407794063081339
1121.0,0.34138560483953695
1122.0,0.3419899813041969
1123.0,0.34180148601967264
1124.0,0.3426661526210021
1125.0,0.34421958888596943
1126.0,0.3454938116863573
1127.0,0.346939749897241
1128.0,0.3492560385026666
1129.0,0.3506668009270771
1130.0,0.3513290620758401
1131.0,0.3524064693935355
1132.0,0.3534448744172578
1133.0,0.3546313164070709
1134.0,0.35577974122377976
1135.0,0.3573700592112189
1136.0,0.35927195984894394
1137.0,0.3609909052418413
1138.0,0.3624829218706408
1139.0,0.36392846911936394
1140.0,0.36498303780052177
1141.0,0.3653385951190061
1142.0,0.3660106368738946
1143.0,0.3666119414215434
1144.0,0.3674700720609096
1145.0,0.3682365226548996
1146.0,0.3694901535542189
1147.0,0.371244583970667
1148.0,0.37264183383895255
1149.0,0.3742187961130894
1150.0,0.3757360099082363
1151.0,0.3763210375968359
1152.0,0.37732999285118013
1153.0,0.37893203827664623
1154.0,0.3800490582076342
1155.0,0.3810185574646596
1156.0,0.3821760125477913
1157.0,0.38329232213874276
1158.0,0.38382062980251874
1159.0,0.38496079405158234
1160.0,0.3863888092476055
1161.0,0.3881774782902958
1162.0,0.3906460444656918
1163.0,0.39240566558929385
1164.0,0.394404391306124
1165.0,0.3960321313627527
1166.0,0.39735510463227386
1167.0,0.39782081959907056
1168.0,0.39844935807170245
1169.0,0.39914979050014754
1170.0,0.3991771597210869
1171.0,0.3996683606142726
1172.0,0.40106912910735465
1173.0,0.40349906728219187
1174.0,0.40520927401515694
1175.0,0.40751604181001366
1176.0,0.4091051705513258
1177.0,0.4100116129694617
1178.0,0.41108783176114555
1179.0,0.4122985671300542
1180.0,0.4131913656766586
1181.0,0.41366144307192315
1182.0,0.4140724881236786
1183.0,0.4154457438349863
1184.0,0.41671309849865934
1185.0,0.4182369269302691
1186.0,0.4195305503943416
1187.0,0.42045644484804817
1188.0,0.4203343521715539
1189.0,0.421662842896431
1190.0,0.4234821947133169
1191.0,0.42523047722968327
1192.0,0.42809704052941794
1193.0,0.42975354857777787
1194.0,0.4307346418850751
1195.0,0.43201880905992274
1196.0,0.43256401450057885
1197.0,0.43365134707928266
1198.0,0.4352864472125188
1199.0,0.4365686175036877
1200.0,0.4382864349152326
1201.0,0.43992479263450185
1202.0,0.44105789656381145
1203.0,0.44303499907665084
1204.0,0.4440156349050855
1205.0,0.44426414055161856
1206.0,0.4453251899641051
1207.0,0.4462078090052491
1208.0,0.4472169868125152
1209.0,0.44862284287216536
1210.0,0.4501360507012212
1211.0,0.4518951410947693
1212.0,0.4532583869009091
1213.0,0.45472608058228475
1214.0,0.4561129971874526
1215.0,0.45715732867269077
1216.0,0.45804012178473424
1217.0,0.45919037814120844
1218.0,0.46051623557335014
1219.0,0.461601134211
1220.0,0.462356104408793
1221.0,0.4635107634020415
1222.0,0.4650118176887127
1223.0,0.46604485166219023
1224.0,0.4668143996734391
1225.0,0.46801016777463156
1226.0,0.4691049111575095
1227.0,0.470242058566981
1228.0,0.4716806832826253
1229.0,0.473210844016522
1230.0,0.4747825973859439
1231.0,0.47626820051529006
1232.0,0.47791672683615644
1233.0,0.47950156649586245
1234.0,0.48134475368123597
1235.0,0.4829779081889125
1236.0,0.48447948251959544
1237.0,0.4863041443535889
1238.0,0.4875093216904134
1239.0,0.4877610901291469
1240.0,0.4891275907084498
1241.0,0.4912478345853196
1242.0,0.492481654471838
1243.0,0.49356661254061474
1244.0,0.49487384309337307
1245.0,0.49581388284655076
1246.0,0.496682500196154
1247.0,0.4977218757405088
1248.0,0.4989845564530095
1249.0,0.4997244919063538
1250.0,0.5009655741111135
1251.0,0.5029346497239919
1252.0,0.5050832073501779
1253.0,0.5066270085799958
1254.0,0.5079098803514892
1255.0,0.5093695902831129
1256.0,0.5103305875432866
1257.0,0.5120812160462115
1258.0,0.5144787528594673
1259.0,0.516441066674211
1260.0,0.518937152534295
1261.0,0.5205474221427061
1262.0,0.5215519190738148
1263.0,0.5225699213248308
1264.0,0.5226358433262672
1265.0,0.5236473416861094
1266.0,0.5252720436290715
1267.0,0.5265703151155596
1268.0,0.5281243105243691
1269.0,0.5298065497040441
1270.0,0.5311456642659815
1271.0,0.5321471842734004
1272.0,0.5331675634635333
1273.0,0.5341564522813659
1274.0,0.5351251673539985
1275.0,0.5356357922530143
1276.0,0.5368250350517528
1277.0,0.5384761057638053
1278.0,0.5399088443950288
1279.0,0.5415278757898794
1280.0,0.5431363281948771
1281.0,0.5447007884923226
1282.0,0.5462379173205928
1283.0,0.5478706348779239
1284.0,0.5494996400647317
1285.0,0.551026125051928
1286.0,0.55256561266729
1287.0,0.5542241084109977
1288.0,0.5557617865638798
1289.0,0.5574306793204669
1290.0,0.5592991680186631
1291.0,0.5605171868842521
1292.0,0.5613172265173894
1293.0,0.5626914348781802
1294.0,0.5638598335695811
1295.0,0.5651902364434364
1296.0,0.5673749116019884
1297.0,0.568668356411773
1298.0,0.5691020021569589
1299.0,0.570120810834555
1300.0,0.5708549393377322
1301.0,0.5721831999805416
1302.0,0.5742656034487527
1303.0,0.5759665080020582
1304.0,0.5779766546636713
1305.0,0.5796584404877233
1306.0,0.5811323302464627
1307.0,0.582189835301441
1308.0,0.583637475908306
1309.0,0.5849350042941235
1310.0,0.5867172872952001
1311.0,0.5891145365864232
1312.0,0.5906784231090819
1313.0,0.5921884312859002
1314.0,0.5934899490155253
1315.0,0.5940197739013788
1316.0,0.5951500011123768
1317.0,0.5965913265038456
1318.0,0.5979275812939974
1319.0,0.5995426861492036
1320.0,0.6007520351839094
1321.0,0.6014768096951878
1322.0,0.6026777376699136
1323.0,0.6039509193936529
1324.0,0.6051880452354859
1325.0,0.6067485777110201
1326.0,0.6082635333823179
1327.0,0.609730287189187
1328.0,0.6109642986255674
1329.0,0.612430844774615
1330.0,0.6142494722489021
1331.0,0.6154500837162474
1332.0,0.616198086820439
1333.0,0.6174576137950551
1334.0,0.6185821267136522
1335.0,0.6199508921905365
1336.0,0.6219486383735489
1337.0,0.6234286316420237
1338.0,0.6245975984585196
1339.0,0.6258874018416428
1340.0,0.6270053874584713
1341.0,0.6283053316546737
1342.0,0.6296026249141315
1343.0,0.6311103573946948
1344.0,0.6329699517836295
1345.0,0.6346163407105732
1346.0,0.6360492824117245
1347.0,0.6379263419452096
1348.0,0.639655308110713
1349.0,0.641247897336781
1350.0,0.6429725503106823
1351.0,0.6449716021015933
1352.0,0.6465712317396198
1353.0,0.6482520616800248
1354.0,0.6493356525754571
1355.0,0.6496574857171041
1356.0,0.6507337340511595
1357.0,0.6515273645777817
1358.0,0.6528607781905955
1359.0,0.6551710443176192
1360.0,0.6568688652489132
1361.0,0.6583293398868997
1362.0,0.6599761432863882
1363.0,0.6615357269488069
1364.0,0.6631122695413596
1365.0,0.6650560255602223
1366.0,0.6665570615354071
1367.0,0.6673429706555386
1368.0,0.6688689098994766
1369.0,0.6702025500775886
1370.0,0.6712698087961898
1371.0,0.6728585040104778
1372.0,0.6750082881064198
1373.0,0.6764958536074391
1374.0,0.6779224980241206
1375.0,0.6793160541520962
1376.0,0.6801921346893699
1377.0,0.6816636599847264
1378.0,0.6836757303077654
1379.0,0.6851896317333823
1380.0,0.6867227710669067
1381.0,0.6880846742038517
1382.0,0.688967485106639
1383.0,0.6902252588658533
1384.0,0.691765654921411
1385.0,0.6930660632014994
1386.0,0.6941802716916738
1387.0,0.6955152086286069
1388.0,0.6968562135486719
1389.0,0.6982280141049373
1390.0,0.6998873329885111
1391.0,0.7015252859548681
1392.0,0.702765943022656
1393.0,0.7037675656779591
1394.0,0.7046825626026794
1395.0,0.7052436432631914
1396.0,0.7061385439669905
1397.0,0.7070745156086611
1398.0,0.7080470435307754
1399.0,0.7093866867374287
1400.0,0.7101282935800973
1401.0,0.7101780832127568
1402.0,0.711091770382141
1403.0,0.7121925234725526
1404.0,0.71320043900923
1405.0,0.7149496488043117
1406.0,0.7161179330324491
1407.0,0.7167355599385223
1408.0,0.7175224287419332
1409.0,0.7179741916511216
1410.0,0.7189199799831391
1411.0,0.7200852748422101
1412.0,0.7212809606438575
1413.0,0.7228034234763775
1414.0,0.7245666171683172
1415.0,0.7256924430908559
1416.0,0.7266638159171357
1417.0,0.7278776633341681
1418.0,0.7288871174750701
1419.0,0.7302986771805885
1420.0,0.7322023301101195
1421.0,0.7336269678320493
1422.0,0.7350125771337886
1423.0,0.7362910068526276
1424.0,0.7372326991550509
1425.0,0.7384513583616958
1426.0,0.7397610244418518
1427.0,0.7410583348889288
1428.0,0.7423504136049891
1429.0,0.7437915106823169
1430.0,0.7455033623888695
1431.0,0.7468950161679601
1432.0,0.7482650148810467
1433.0,0.7495611514311351
1434.0,0.7504820413977609
1435.0,0.7516174627558416
1436.0,0.7527709932979944
1437.0,0.7541255202671424
1438.0,0.7557427222264717
1439.0,0.7571662441306078
1440.0,0.7587534579947411
1441.0,0.7605638623200807
1442.0,0.7619699596076059
1443.0,0.763278976982149
1444.0,0.7647462895182867
1445.0,0.7661652733583207
1446.0,0.7676115267205796
1447.0,0.7691964682955246
1448.0,0.7706822095558429
1449.0,0.7721088537151511
1450.0,0.7734585765655351
1451.0,0.7748060262842033
1452.0,0.7760954046092157
1453.0,0.7771760940814904
1454.0,0.7785088465747657
1455.0,0.7800491852391157
1456.0,0.7813844539016392
1457.0,0.7827295571964128
1458.0,0.7839744573438611
1459.0,0.784995145792829
1460.0,0.7861543126304372
1461.0,0.7873111781287386
1462.0,0.7886018230840486
1463.0,0.7899944022068053
1464.0,0.7913886039823955
1465.0,0.7930901701238349
1466.0,0.7944496912853081
1467.0,0.7955784541462699
1468.0,0.7966498202455764
1469.0,0.7979711889813641
1470.0,0.7991497644574146
1471.0,0.8004621552830357
1472.0,0.8019962857005881
1473.0,0.8035854322083463
1474.0,0.8051834045972297
1475.0,0.8066662452899926
1476.0,0.8082354881115145
1477.0,0.8098286517974714
1478.0,0.8112147281840448
1479.0,0.8128610241286336
1480.0,0.814898819379484
1481.0,0.8166118798738164
1482.0,0.8183665300671957
1483.0,0.8197066591083348
1484.0,0.8205529407842891
1485.0,0.8218620668355621
1486.0,0.8230525789783215
1487.0,0.8244321793130032
1488.0,0.826177815777111
1489.0,0.8278938360964008
1490.0,0.8297387823440876
1491.0,0.8313037449048449
1492.0,0.832795140066879
1493.0,0.8343580355146368
1494.0,0.8358208493427888
1495.0,0.8371821851190305
1496.0,0.8384163687700044
1497.0,0.8399304810291269
1498.0,0.8414713375062675
1499.0,0.8429407693396284
1500.0,0.8445258439380503
1501.0,0.8464676039994781
1502.0,0.8476753779677271
1503.0,0.8490024162699892
1504.0,0.8506940114583965
1505.0,0.8527480331631228
1506.0,0.8541540744226014
1507.0,0.8556488787746118
1508.0,0.8568530807453315
1509.0,0.8573387245957387
1510.0,0.858389478762173
1511.0,0.8596612563609267
1512.0,0.8609355269021911
1513.0,0.862310618059084
1514.0,0.8636895036783474
1515.0,0.8650912322344494
1516.0,0.866593663151622
1517.0,0.8682728484016947
1518.0,0.8697127360859697
1519.0,0.8711091197843526
1520.0,0.8725872913143748
1521.0,0.8738414502735432
1522.0,0.8752905594072865
1523.0,0.8769788066033253
1524.0,0.878587081338568
1525.0,0.8800365667992658
1526.0,0.8818048131243574
1527.0,0.8839712208961912
1528.0,0.8858136355973913
1529.0,0.8876435155678372
1530.0,0.8894860967949707
1531.0,0.8913927266287041
1532.0,0.8928120192707557
1533.0,0.8941171866962709
1534.0,0.8952659429227461
1535.0,0.8955425003379135
1536.0,0.8963922766052702
1537.0,0.897788715560171
1538.0,0.8987107329314807
1539.0,0.900020376663206
1540.0,0.9013891576871794
1541.0,0.9027776480366693
1542.0,0.9041762195469771
1543.0,0.9055719927972588
1544.0,0.9071145547210369
1545.0,0.9083977439137119
1546.0,0.9094619457073494
1547.0,0.9107410854339908
1548.0,0.911973608779327
1549.0,0.9133392932095709
1550.0,0.9148399286639498
1551.0,0.9163680939270578
1552.0,0.9179309539481192
1553.0,0.9195711738180852
1554.0,0.921409485467457
1555.0,0.9230168112403503
1556.0,0.924516729813803
1557.0,0.9261025571855321
1558.0,0.927871345116221
1559.0,0.9291231241863012
1560.0,0.93019598239142
1561.0,0.9311911121229639
1562.0,0.9313769238082353
1563.0,0.9324150069138786
1564.0,0.9338906003744588
1565.0,0.9353969121859701
1566.0,0.9375346753152184
1567.0,0.9391227536267593
1568.0,0.9404743380301701
1569.0,0.9418684422020747
1570.0,0.9428534217238322
1571.0,0.9442539163195431
1572.0,0.9460597232683838
1573.0,0.9475925500809836
1574.0,0.9491053389302918
1575.0,0.9506917702394345
1576.0,0.9521769339182271
1577.0,0.95367048056959
1578.0,0.9555680723570481
1579.0,0.956952747908592
1580.0,0.9577675903005719
1581.0,0.9588750687941038
1582.0,0.9597782088154004
1583.0,0.9608464543078483
1584.0,0.9623112369174542
1585.0,0.9635859672213095
1586.0,0.9646807567279954
1587.0,0.9658983512183432
1588.0,0.9669947288541431
1589.0,0.9683287737236795
1590.0,0.9698192952649596
1591.0,0.9716126594790124
1592.0,0.9729393515880707
1593.0,0.9742892664581202
1594.0,0.9754142346046542
1595.0,0.9760024025080226
1596.0,0.9773762328038399
1597.0,0.978984545660768
1598.0,0.9807257727045169
1599.0,0.983069855713067
1600.0,0.9846080964504648
1601.0,0.9859424551939571
1602.0,0.9871448805780196
1603.0,0.9878380662806655
1604.0,0.9889455048160569
1605.0,0.9902636297282631
1606.0,0.9912743191325099
1607.0,0.9920102787079644
1608.0,0.9933395321080628
1609.0,0.9948665157678347
1610.0,0.9961953918287214
1611.0,0.9979282597493597
1612.0,0.9993243387625921
1613.0,1.0001279064439264
1614.0,1.0015278591819423
1615.0,1.0034670122825922
1616.0,1.0048359316009172
1617.0,1.0060904546936227
1618.0,1.0073313006111717
1619.0,1.008209174033649
1620.0,1.0093592923284687
1621.0,1.010907117577626
1622.0,1.0119128802561475
1623.0,1.0126818448437307
1624.0,1.013409579798153
1625.0,1.0136287963500388
1626.0,1.0143924717154467
1627.0,1.0155988872835795
1628.0,1.0163302783063084
1629.0,1.0167887434670564
1630.0,1.0177415474288045
1631.0,1.0185379331215325
1632.0,1.0197368438026098
1633.0,1.0218803961114842
1634.0,1.023283445764912
1635.0,1.0243060583252817
1636.0,1.0254929735159188
1637.0,1.0264130458584895
1638.0,1.0276366221909035
1639.0,1.029177920112448
1640.0,1.0305044880176608
1641.0,1.0319769689353577
1642.0,1.0331080152376164
1643.0,1.0340458223482805
1644.0,1.0348496699871286
1645.0,1.0350466361457964
1646.0,1.0359067621602251
1647.0,1.0371677871533638
1648.0,1.0381388372635187
1649.0,1.0393419472043155
1650.0,1.0404902575316815
1651.0,1.0413738210799837
1652.0,1.042261479008117
1653.0,1.0433850532227622
1654.0,1.0442561289815584
1655.0,1.0447707040478809
1656.0,1.0454682162459337
1657.0,1.0459843320637079
1658.0,1.0469198248082394
1659.0,1.0481724890274535
1660.0,1.0493419477015011
1661.0,1.05091800499196
1662.0,1.0521487831356464
1663.0,1.0530210574542749
1664.0,1.0541163959401363
1665.0,1.0551085577456158
1666.0,1.0563315456040427
1667.0,1.0579236603929527
1668.0,1.0592720260085327
1669.0,1.0609491523702193
1670.0,1.0619657260438833
1671.0,1.0619746358257676
1672.0,1.062811245290562
1673.0,1.063451550317476
1674.0,1.0646369382762313
1675.0,1.067000205718345
1676.0,1.068866936511452
1677.0,1.0706082734123605
1678.0,1.0724416891184654
1679.0,1.0741224933841464
1680.0,1.0759108687781225
1681.0,1.0781053653448165
1682.0,1.079740946247076
1683.0,1.0811329447940012
1684.0,1.082562259919872
1685.0,1.0835762229376609
1686.0,1.084708102962101
1687.0,1.0854076183653365
1688.0,1.0869468031034382
1689.0,1.0891735285683204
1690.0,1.091154082755539
1691.0,1.0940924807626782
1692.0,1.0961531278315895
1693.0,1.097495431009971
1694.0,1.0987212978892549
1695.0,1.099189347030651
1696.0,1.100347955437344
1697.0,1.1018050457679396
1698.0,1.102854062358046
1699.0,1.104044368226377
1700.0,1.1053050094790495
1701.0,1.106135258342953
1702.0,1.107329992530896
1703.0,1.109283478812538
1704.0,1.1106396214515102
1705.0,1.1112878938624362
1706.0,1.1126077917864239
1707.0,1.114359335747265
1708.0,1.1156342566312114
1709.0,1.1169698571358306
1710.0,1.1183954215890455
1711.0,1.1194832087302469
1712.0,1.1205589543980923
1713.0,1.1221746318392614
1714.0,1.1231865872270257
1715.0,1.1235140742976364
1716.0,1.1240989045540413
1717.0,1.124293289881019
1718.0,1.1249997734550767
1719.0,1.1260455448899402
1720.0,1.1272051273653936
1721.0,1.128851153060276
1722.0,1.1303360776786628
1723.0,1.1319173047303344
1724.0,1.132998366485589
1725.0,1.1338926573595678
1726.0,1.1346302880342043
1727.0,1.134702992508337
1728.0,1.1353706423046543
1729.0,1.1363076617826573
1730.0,1.1371913946932524
1731.0,1.1384942582905508
1732.0,1.139605633379438
1733.0,1.140521170828242
1734.0,1.1413253106191283
1735.0,1.1416286072277209
1736.0,1.1428775671528528
1737.0,1.144634649411119
1738.0,1.1462033296702578
1739.0,1.1486849251775173
1740.0,1.150085973411006
1741.0,1.15083625113629
1742.0,1.1514733305422828
1743.0,1.1512631520185244
1744.0,1.152011885791122
1745.0,1.152925464992569
1746.0,1.153970399885785
1747.0,1.1558290013024923
1748.0,1.1571458783661155
1749.0,1.1582824200252329
1750.0,1.1591111783670969
1751.0,1.159678622640918
1752.0,1.1603457783429945
1753.0,1.160414066985632
1754.0,1.1614089118980528
1755.0,1.1629746157127974
1756.0,1.1636728012879578
1757.0,1.164399537771563
1758.0,1.1651224595679646
1759.0,1.165601732442395
1760.0,1.1665189254086465
1761.0,1.1675353261802495
1762.0,1.1678494975910323
1763.0,1.1679733092737614
1764.0,1.1687171873663809
1765.0,1.170348928406267
1766.0,1.1723842344245714
1767.0,1.1740623876088785
1768.0,1.1759052000183652
1769.0,1.1769190375289431
1770.0,1.177456725315489
1771.0,1.178524890268586
1772.0,1.1779276759260353
1773.0,1.1776400732225936
1774.0,1.1790774741727692
1775.0,1.1805213437436992
1776.0,1.182838614410302
1777.0,1.1848986215891542
1778.0,1.1859584219015447
1779.0,1.1862128796127533
1780.0,1.1863123289329518
1781.0,1.1875116854122627
1782.0,1.188140531740733
1783.0,1.1891558635674728
1784.0,1.191220368451568
1785.0,1.1919048633102243
1786.0,1.1925913342364933
1787.0,1.1938783906609578
1788.0,1.194248888217011
1789.0,1.1946890556761436
1790.0,1.1958900678347504
1791.0,1.1965855018545912
1792.0,1.1968829204268274
1793.0,1.1978849022168876
1794.0,1.1989455871537698
1795.0,1.200125896391172
1796.0,1.2021152458475313
1797.0,1.2033790579918
1798.0,1.2042025014043045
1799.0,1.2048081923864085
1800.0,1.2056051510003574
1801.0,1.2009144676080825
1802.0,1.2015021737974103
1803.0,1.2016486055224385
1804.0,1.201839841802968
1805.0,1.2009117842714492
1806.0,1.2015648571491697
1807.0,1.202617589524288
1808.0,1.2039763766083469
1809.0,1.206270008211103
1810.0,1.208545142767704
1811.0,1.2113711032050964
1812.0,1.2135499351540817
1813.0,1.21653613725263
1814.0,1.2172520544711898
1815.0,1.2186124941055003
1816.0,1.2198698129581178
1817.0,1.2202757456582625
1818.0,1.219468271264418
1819.0,1.2201775295385762
1820.0,1.2204067505834504
1821.0,1.2213962786308363
1822.0,1.2235197377683895
1823.0,1.2262602976511519
1824.0,1.2288210272016824
1825.0,1.2310851001835252
1826.0,1.231931537061003
1827.0,1.2315744624577218
1828.0,1.232080485090922
1829.0,1.231217622732311
1830.0,1.231352650117002
1831.0,1.2325973532053687
1832.0,1.2335783025453413
1833.0,1.234373440936522
1834.0,1.235800636353788
1835.0,1.236845618931622
1836.0,1.2376443251306226
1837.0,1.2391474185032934
1838.0,1.2410633707321488
1839.0,1.2426438438164114
1840.0,1.2448457048765325
1841.0,1.2469188295152827
1842.0,1.2463473316442493
1843.0,1.245107882214244
1844.0,1.2443647349687612
1845.0,1.2440912422998285
1846.0,1.2444926458402348
1847.0,1.2464323182186663
1848.0,1.247650635437811
1849.0,1.2487361137704418
1850.0,1.2495013862614266
1851.0,1.2497916097032218
1852.0,1.2518775931757122
1853.0,1.2522640074345441
1854.0,1.2520145071832443
1855.0,1.2535515023385748
1856.0,1.2530085392606038
1857.0,1.2530972194359324
1858.0,1.253884007801311
1859.0,1.254435539183867
1860.0,1.2539091522460986
1861.0,1.2551058222232252
1862.0,1.257777726586791
1863.0,1.2583383450922618
1864.0,1.2607344707143746
1865.0,1.2612145604261047
1866.0,1.2592750407976305
1867.0,1.2588601887155217
1868.0,1.258296565175151
1869.0,1.2572891322410282
1870.0,1.256878087479987
1871.0,1.2573399842434463
1872.0,1.257270237615935
1873.0,1.255722174863031
1874.0,1.253713623108371
1875.0,1.2531322244093843
1876.0,1.2523720542641341
1877.0,1.2521462153296907
1878.0,1.251918236961082
1879.0,1.2503631622309748
1880.0,1.2471775090826254
1881.0,1.2441070786539368
1882.0,1.240005226933515
1883.0,1.2369293704816655
1884.0,1.2340823392961897
1885.0,1.2314073107159027
1886.0,1.229329942048993
1887.0,1.2253657862386456
1888.0,1.2199827488272144
1889.0,1.2143456800475179
1890.0,1.20911542200076
1891.0,1.2031430500904294
1892.0,1.1985490931639533
1893.0,1.1946749303771909
1894.0,1.1914101532925847
1895.0,1.1869899153671963
1896.0,1.1809315376832554
1897.0,1.1757934084328654
1898.0,1.16926094857133
1899.0,1.1635843965530865
1900.0,1.1591183803445855
1901.0,1.1530438013002215
1902.0,1.1460403041629845
1903.0,1.139272645589306
1904.0,1.1323480803380248
1905.0,1.1259874846430018
1906.0,1.1212723447622082
1907.0,1.1161549950903138
1908.0,1.1103879477097616
1909.0,1.1052719547335284
1910.0,1.1023290496836018
1911.0,1.101173561906233
1912.0,1.1001014927994304
1913.0,1.098494675363439
1914.0,1.0973673943438957
1915.0,1.0946324074535745
1916.0,1.0919519805068905
1917.0,1.090949480622824
1918.0,1.0904383973217178
1919.0,1.0910068875290788
1920.0,1.0911196755114643
1921.0,1.0909153289012312
1922.0,1.0913046307789889
1923.0,1.0906912087524645
1924.0,1.0906533048694593
1925.0,1.0909991712105793
1926.0,1.0907942000266824
1927.0,1.089703299382495
1928.0,1.0899379735420174
1929.0,1.0901242168263943
1930.0,1.091444726331068
1931.0,1.0942838011469644
1932.0,1.0971069300158507
1933.0,1.0995028802410602
1934.0,1.1016949242616698
1935.0,1.103788345646797
1936.0,1.1058616842235292
1937.0,1.1079305255526162
1938.0,1.1102141807559012
1939.0,1.1115960433632426
1940.0,1.1132338109978377
1941.0,1.1146164286152964
1942.0,1.1140926579846497
1943.0,1.115255951661332
1944.0,1.1175430634617145
1945.0,1.1197919785995183
1946.0,1.1243421339638677
1947.0,1.1275242946525892
1948.0,1.1295253115891837
1949.0,1.1299277621686277
1950.0,1.1316230869928325
1951.0,1.1320196015011657
1952.0,1.1325961222971868
1953.0,1.134418673489512
1954.0,1.1336920952582603
1955.0,1.1320711010734523
1956.0,1.1324177885775644
1957.0,1.1339984311248381
1958.0,1.1354019167011296
1959.0,1.137546628691095
1960.0,1.1418421111047077
1961.0,1.1444054881007122
1962.0,1.145961472087762
1963.0,1.1487547616652354
1964.0,1.1509874104825493
1965.0,1.1524371123341821
1966.0,1.1538182093515112
1967.0,1.1543969128850788
1968.0,1.1553762891207318
1969.0,1.1566374577073582
1970.0,1.1583124957994624
1971.0,1.1614363252771545
1972.0,1.1638821725481934
1973.0,1.1666750000127473
1974.0,1.1686198960603569
1975.0,1.169888080148202
1976.0,1.1711213535475868
1977.0,1.1737264620028047
1978.0,1.175838081227773
1979.0,1.1780453422183381
1980.0,1.1814884663162541
1981.0,1.1829933577122203
1982.0,1.1842551435892996
1983.0,1.186689111378244
1984.0,1.1878956310412392
1985.0,1.1889724599570275
1986.0,1.1894036032097792
1987.0,1.190599270040111
1988.0,1.1918545910945255
1989.0,1.1929431758099978
1990.0,1.1949465950439666
1991.0,1.1969084575152789
1992.0,1.1969204905316542
1993.0,1.1980727481383093
1994.0,1.1983864474283308
1995.0,1.198388634337393
1996.0,1.1995532074106865
1997.0,1.2015761622252379
1998.0,1.2032566933703326
1999.0,1.2056387416168974
2000.0,1.207851744020405
2001.0,1.20970633559784
2002.0,1.2121110087543916
2003.0,1.2166572744321393
2004.0,1.2198673022132
2005.0,1.223546036698839
2006.0,1.2263372660803038
2007.0,1.2265733453170935
2008.0,1.2275127632858094
2009.0,1.2290660832290794
2010.0,1.2309663652118723
2011.0,1.2330492410839398
2012.0,1.235384537786508
2013.0,1.2380346210200301
2014.0,1.241091350887572
2015.0,1.2437777995615265
2016.0,1.2465595202144926
2017.0,1.2507505958473584
2018.0,1.252711345950777
2019.0,1.2538719447833127
2020.0,1.2557648962224068
2021.0,1.2563424911794985
2022.0,1.2578680557103936
2023.0,1.2592817194264856
2024.0,1.2611775184457252
2025.0,1.26394729644699
2026.0,1.2656232990942409
2027.0,1.267355557804265
2028.0,1.2688041557173548
2029.0,1.2691982928436991
2030.0,1.2698701414835418
2031.0,1.271792141733027
2032.0,1.2728829629494662
2033.0,1.2744828512979487
2034.0,1.2756023368615121
2035.0,1.2759448100252089
2036.0,1.2776941346860498
2037.0,1.27967608609548
2038.0,1.282409363557382
2039.0,1.284241871125838
2040.0,1.2867253024023446
2041.0,1.2885644415469966
2042.0,1.2900597633038018
2043.0,1.2909510855429065
2044.0,1.2913978257359753
2045.0,1.2907185112505701
2046.0,1.2915100799334964
2047.0,1.2917754112927793
2048.0,1.2941329581265133
2049.0,1.296787588561785
2050.0,1.296312487381862
2051.0,1.29833843793255
2052.0,1.2997889581865671
2053.0,1.3003573690753374
2054.0,1.3019689887213157
2055.0,1.3052652506668958
2056.0,1.3065285039451529
2057.0,1.307264985657982
2058.0,1.3078917072898106
2059.0,1.3067942992189667
2060.0,1.3074734637241827
2061.0,1.308739939922063
2062.0,1.3098046011345517
2063.0,1.3114998708198635
2064.0,1.3113904489595514
2065.0,1.3107514951568113
2066.0,1.3123517365412893
2067.0,1.3129572873433921
2068.0,1.3135132977522466
2069.0,1.313885542312138
2070.0,1.3131008593747209
2071.0,1.314086205544585
2072.0,1.3163827577028417
2073.0,1.3183367165594024
2074.0,1.3215070405705704
2075.0,1.324002660474284
2076.0,1.3249116187696757
2077.0,1.3263078641019157
2078.0,1.3271329214250156
2079.0,1.326271286381791
2080.0,1.3266026665749078
2081.0,1.326279712796978
2082.0,1.3261099076566119
2083.0,1.32633895372563
2084.0,1.326652982151552
2085.0,1.325529072390489
2086.0,1.3270529861269038
2087.0,1.331240684663646
2088.0,1.3332572768926663
2089.0,1.3363817549230776
2090.0,1.3376423233447317
2091.0,1.3365882216585414
2092.0,1.3368489060648148
2093.0,1.337473149500549
2094.0,1.340143217880568
2095.0,1.343534551544527
2096.0,1.3450539455795707
2097.0,1.3468258326592433
2098.0,1.3479007871359079
2099.0,1.350372146356042
2100.0,1.3542157639882815
2101.0,1.3559005409924316
2102.0,1.358124561519579
2103.0,1.3581193606842437
2104.0,1.3544422656351613
2105.0,1.3532131516873636
2106.0,1.3519073008120783
2107.0,1.3514649495257223
2108.0,1.3526532396592077
2109.0,1.3517490265989724
2110.0,1.3508528829885034
2111.0,1.3517969897614546
2112.0,1.3533640822714295
2113.0,1.3559255703916229
2114.0,1.357520021266916
2115.0,1.360451142144269
2116.0,1.360031810319506
2117.0,1.356158817465962
2118.0,1.3560754015228285
2119.0,1.3560110486077555
2120.0,1.3567508922514544
2121.0,1.3601136720934772
2122.0,1.3616642285043197
2123.0,1.3622442817297222
2124.0,1.3631067430825266
2125.0,1.3634290436682681
2126.0,1.3661695979491235
2127.0,1.3650990098619793
2128.0,1.3648616566097633
2129.0,1.366664893260953
2130.0,1.3668634902732781
2131.0,1.3682948483797748
2132.0,1.367970174215391
2133.0,1.3667874370059547
2134.0,1.3618614665715112
2135.0,1.3610339419800064
2136.0,1.3620339425835712
2137.0,1.3623515484536393
2138.0,1.364367429389776
2139.0,1.3651023408173568
2140.0,1.3643621647207749
2141.0,1.3650148525442323
2142.0,1.3674498378320055
2143.0,1.367129883618639
2144.0,1.3668780476377889
2145.0,1.3658022389563336
2146.0,1.3635593150332064
2147.0,1.3626545041748606
2148.0,1.3619578183323628
2149.0,1.3621288146941875
2150.0,1.3617655280726182
2151.0,1.3622850868782086
2152.0,1.3632094088700244
2153.0,1.365246486641406
2154.0,1.366149942815428
2155.0,1.3674441994730018
2156.0,1.367617871465766
2157.0,1.3663127264518218
2158.0,1.3663100434955682
2159.0,1.3658747843191164
2160.0,1.3661913082672739
2161.0,1.3681822004332362
2162.0,1.3687239121501467
2163.0,1.3685104305727498
2164.0,1.3695972910970196
2165.0,1.3673786866587483
2166.0,1.367106302082279
2167.0,1.3681811153949825
2168.0,1.3681876850569397
2169.0,1.3691030049380175
2170.0,1.369126616786075
2171.0,1.3692180981726356
2172.0,1.368020889028229
2173.0,1.3678481199097139
2174.0,1.3690769407971326
2175.0,1.3689627840149663
2176.0,1.3677980421973446
2177.0,1.3674664364567248
2178.0,1.3670937807042034
2179.0,1.3665726869223331
2180.0,1.3673037096713758
2181.0,1.366447860157481
2182.0,1.3625832953901407
2183.0,1.3616960489370096
2184.0,1.3624596389795312
2185.0,1.3616718439963804
2186.0,1.362900194716678
2187.0,1.3654473023757294
2188.0,1.363703487369464
2189.0,1.3635264311928403
2190.0,1.362697649612934
2191.0,1.3602490249253372
2192.0,1.359768982440224
2193.0,1.3599256196721432
2194.0,1.3607579879145977
2195.0,1.3630149431753746
2196.0,1.3653933744001705
2197.0,1.3691376118183565
2198.0,1.3707364204805603
2199.0,1.3719797804604
2200.0,1.3722949152800206
2201.0,1.3706818356693278
2202.0,1.3693594504721196
2203.0,1.3683541077358945
2204.0,1.3666932503126075
2205.0,1.3634066254692072
2206.0,1.3617809983369717
2207.0,1.3607679163886635
2208.0,1.3597569720911353
2209.0,1.3597894226839016
2210.0,1.360227115040359
2211.0,1.3606045263549047
2212.0,1.3597921858171573
2213.0,1.3595647570112142
2214.0,1.3595221395480108
2215.0,1.3589073887646168
2216.0,1.3594425619727528
2217.0,1.3594171130938157
2218.0,1.357680100502668
2219.0,1.3598091378147963
2220.0,1.3654016907723967
2221.0,1.367145699935747
2222.0,1.370030132316917
2223.0,1.3714201705515854
2224.0,1.3684267308416282
2225.0,1.36824131150751
2226.0,1.3691461358902117
2227.0,1.3710835705464801
2228.0,1.375871835702453
2229.0,1.376569058630222
2230.0,1.3769684379551674
2231.0,1.37650204511652
2232.0,1.3726043156132486
2233.0,1.367854911794391
2234.0,1.368591212855227
2235.0,1.3666346143083723
2236.0,1.3686777107401809
2237.0,1.3729266248632943
2238.0,1.3738923804685088
2239.0,1.378005161223197
2240.0,1.3794751144119874
2241.0,1.379790139539196
2242.0,1.3808423071030276
2243.0,1.3799516640274252
2244.0,1.378009815958081
2245.0,1.3761554033700458
2246.0,1.3757876245375007
2247.0,1.377166447904169
2248.0,1.3761094744772266
2249.0,1.3753134098084867
2250.0,1.3737505258426483
2251.0,1.3696874802913115
2252.0,1.3674765894286083
2253.0,1.3644630331968373
2254.0,1.3644642484166616
2255.0,1.3677791924075642
2256.0,1.3686148869031571
2257.0,1.37051307051943
2258.0,1.3723403496683648
2259.0,1.37098224390323
2260.0,1.372435945665021
2261.0,1.3775327188959416
2262.0,1.3803374784539304
2263.0,1.3826595674929856
2264.0,1.383915847987463
2265.0,1.3784542136103475
2266.0,1.3794713766489297
2267.0,1.3817513424269434
2268.0,1.3810509911768236
2269.0,1.3865502674458414
2270.0,1.3885964423335786
2271.0,1.3907509007695866
2272.0,1.3946249390512337
2273.0,1.391736093816584
2274.0,1.387520654250218
2275.0,1.3836962479267805
2276.0,1.3812220465140146
2277.0,1.3793519667023055
2278.0,1.3810884457888792
2279.0,1.3816014203505167
2280.0,1.379513357056504
2281.0,1.3800729411595165
2282.0,1.382919794897174
2283.0,1.3847678282932518
2284.0,1.3892371528756837
2285.0,1.3899473755706044
2286.0,1.3900814860811368
2287.0,1.3879487071675305
2288.0,1.3804160156338112
2289.0,1.3771269713042251
2290.0,1.3729585152989794
2291.0,1.372177630605549
2292.0,1.3754609096919417
2293.0,1.376132265821263
2294.0,1.378716021259727
2295.0,1.3791772412886578
2296.0,1.3771003740246524
2297.0,1.3773229135242977
2298.0,1.3733287411030133
2299.0,1.3716498113730677
2300.0,1.3742881105386247
2301.0,1.3773825818513514
2302.0,1.3842834455574853
2303.0,1.3857719455497022
2304.0,1.3850272874098322
2305.0,1.383765210126322
2306.0,1.3817015632710163
2307.0,1.3853832614497543
2308.0,1.3805058911886638
2309.0,1.3743508185248232
2310.0,1.3721775672709626
2311.0,1.3654290679749996
2312.0,1.3670778121956535
2313.0,1.3704188920847973
2314.0,1.3677502280697218
2315.0,1.3663492851235721
2316.0,1.3615112708278172
2317.0,1.3580643043388632
2318.0,1.3619330748390766
2319.0,1.3660335281744684
2320.0,1.372200917600716
2321.0,1.3845280184855933
2322.0,1.3907915279513852
2323.0,1.3960178788985274
2324.0,1.399575995246787
2325.0,1.4003875775124976
2326.0,1.4002886335631242
2327.0,1.3978825114061102
2328.0,1.3962699394186855
2329.0,1.3920473867969299
2330.0,1.390321678373687
2331.0,1.3885989797649863
2332.0,1.3896989099521528
2333.0,1.3977560525457138
2334.0,1.3994117921765585
2335.0,1.4001541952243342
2336.0,1.4007790679899497
2337.0,1.3943400697762434
2338.0,1.3907153175860971
2339.0,1.390623278534301
2340.0,1.3878936564635644
2341.0,1.3839021715527542
2342.0,1.380264698667713
2343.0,1.3762594846332807
2344.0,1.370822409724355
2345.0,1.3630528893076606
2346.0,1.3613710224812283
2347.0,1.3647560479180239
2348.0,1.3586844325934986
2349.0,1.363532363743481
2350.0,1.3600907836071345
2351.0,1.3456286153240136
2352.0,1.3456920232695944
2353.0,1.3417599523608768
2354.0,1.3425275697873145
2355.0,1.354352115479329
2356.0,1.3610012633924538
2357.0,1.3708896352690332
2358.0,1.3707804279014344
2359.0,1.36340319139042
2360.0,1.3601245747437978
2361.0,1.3523942621118366
2362.0,1.3511889802785508
2363.0,1.3557298132126072
2364.0,1.3559783102156473
2365.0,1.3582332750648614
2366.0,1.354744075976006
2367.0,1.3425559108352758
2368.0,1.336518023637771
2369.0,1.3300262258565272
2370.0,1.3282657552036774
2371.0,1.3330773922084225
2372.0,1.3296635368015086
2373.0,1.3269643724978664
2374.0,1.3311153462399234
2375.0,1.333033200681041
2376.0,1.334020934737816
2377.0,1.3394112581421456
2378.0,1.339029810449523
2379.0,1.3362937546980702
2380.0,1.3431569983605138
2381.0,1.3478800798956205
2382.0,1.3419345321707488
2383.0,1.3362672465466268
2384.0,1.331565409699257
2385.0,1.319273077407743
2386.0,1.31604461791529
2387.0,1.3154310964216327
2388.0,1.3090942216065784
2389.0,1.3185517001339475
2390.0,1.3265662735514687
2391.0,1.3258799739805587
2392.0,1.3236957793780502
2393.0,1.3139586530470408
2394.0,1.2938512272854126
2395.0,1.2711846822794908
2396.0,1.2650904711384097
2397.0,1.2614871099607932
2398.0,1.2521548280567516
2399.0,1.262663394479921
2400.0,1.269952543223249
2401.0,1.2637513046525306
2402.0,1.2776389423281949
2403.0,1.279357859616908
2404.0,1.2775058216824944
2405.0,1.2931288616378454
2406.0,1.2905593824652761
2407.0,1.29548486075899
2408.0,1.3008671344240308
2409.0,1.2841905754793017
2410.0,1.2802023985347315
2411.0,1.2835953145305685
2412.0,1.2823569869296785
2413.0,1.2896430500030844
2414.0,1.2946932546524677
2415.0,1.283320771329109
2416.0,1.2690454526557888
2417.0,1.2586574956865424
2418.0,1.2400972419992689
2419.0,1.224312673115835
2420.0,1.219524255887077
2421.0,1.2126069260618806
2422.0,1.2119636310480164
2423.0,1.2103742517418283
2424.0,1.2022824388112705
2425.0,1.201207709316157
2426.0,1.208110495882735
2427.0,1.2204616742100631
2428.0,1.2334300676765952
2429.0,1.2426552463373055
2430.0,1.2299751276869946
2431.0,1.210609130633061
2432.0,1.2153773170571298
2433.0,1.2194560520512823
2434.0,1.224103623424159
2435.0,1.2287662949543607
2436.0,1.2105729542314578
2437.0,1.196483916121196
2438.0,1.1763498966530492
2439.0,1.1695142094013782
2440.0,1.179309660305715
2441.0,1.1717543916326527
2442.0,1.1899462782788557
2443.0,1.217862948457551
2444.0,1.2263178621339152
2445.0,1.2334460302387842
2446.0,1.2331974145573104
2447.0,1.231198596334608
2448.0,1.2354523202375403
2449.0,1.2464730928317151
2450.0,1.2436378242663175
2451.0,1.23226823502131
2452.0,1.2343318668608394
2453.0,1.2332341217568945
2454.0,1.2575511674035211
2455.0,1.295227046514624
2456.0,1.285232317776316
2457.0,1.2587292906320258
2458.0,1.2325221687574808
2459.0,1.2007686167570049
2460.0,1.1803780245974826
2461.0,1.1636083526707701
2462.0,1.148947593933955
2463.0,1.132396158279311
2464.0,1.1184423201737272
2465.0,1.1450822444726387
2466.0,1.1789438696090162
2467.0,1.1709122523656357
2468.0,1.1722227068078903
2469.0,1.1805813804849816
2470.0,1.1444107147030351
2471.0,1.151545828392611
2472.0,1.1519901995543989
2473.0,1.1362870770833
2474.0,1.1362016000335842
2475.0,1.1369765257258264
2476.0,1.1375923113712216
2477.0,1.1476846289240847
2478.0,1.1495558879655279
2479.0,1.1549948016033114
2480.0,1.1727654939818402
2481.0,1.1914075708720846
2482.0,1.2052606997822595
2483.0,1.2496449802445162
2484.0,1.2324490374039676
2485.0,1.1541984806697112
2486.0,1.13088525500544
2487.0,1.0855256541111773
2488.0,1.0846450274710848
2489.0,1.1654804664345748
2490.0,1.1734209007148582
2491.0,1.1602855212362586
2492.0,1.1447497296214169
2493.0,1.0828634452587904
2494.0,1.069242057966936
2495.0,1.0847592128579253
2496.0,1.0737356277262868
2497.0,1.0650306633405615
2498.0,1.0642863591235874
2499.0,1.0492196080797942
2500.0,1.0771451901005407
