350.0,-0.16977601690017352
351.0,-0.08586923098017833
352.0,-0.08321042904438317
353.0,-0.14078084327163115
354.0,-0.1523962257321644
355.0,-0.08375565846353894
356.0,0.006694203655734928
357.0,-0.0784825502222978
358.0,-0.05870581671941482
359.0,0.009013469157420299
360.0,-0.013027058595858877
361.0,-0.005573458614968348
362.0,0.010341671928434059
363.0,0.016443337784312003
364.0,0.003408342074618734
365.0,-0.0211026230316183
366.0,-0.022292960804937596
367.0,-0.0077887332712720785
368.0,-0.013999798785679786
369.0,-0.007657498863423057
370.0,-0.0036164809495417088
371.0,-0.0015230119633811426
372.0,0.018077690630849203
373.0,0.033064515620041014
374.0,0.027693474578032274
375.0,0.0017727322374151916
376.0,-0.02217146749370091
377.0,-0.02352171623550852
378.0,-0.007568724823211585
379.0,0.008687614193223432
380.0,-0.009222368958939577
381.0,-0.00352349066045156
382.0,0.017767481449428198
383.0,0.024825773405072367
384.0,0.01228810863762205
385.0,0.006842278284184389
386.0,0.014201903834973044
387.0,0.02433644289700011
388.0,0.0179434617179325
389.0,0.01494124002980902
390.0,0.019289892541135847
391.0,0.019030496407907348
392.0,0.023816450079598907
393.0,0.03187486822766638
394.0,0.036519026231461554
395.0,0.025848515078563613
396.0,0.020220070761539487
397.0,0.025847517559859725
398.0,0.035963481568330666
399.0,0.021013860224881865
400.0,0.02184826128683718
401.0,0.028887022163138584
402.0,0.023650578448441362
403.0,0.02538926330905928
404.0,0.02307952163309352
405.0,0.021336580451325002
406.0,0.0305114017053291
407.0,0.03588275430050218
408.0,0.03295878940010593
409.0,0.026945644417788864
410.0,0.030256766274951934
411.0,0.02817541302529508
412.0,0.028313463706472777
413.0,0.03387454267339979
414.0,0.03535880469643437
415.0,0.03664898630993488
416.0,0.03567172393023658
417.0,0.0320066267934405
418.0,0.03443257401651102
419.0,0.034077971018190996
420.0,0.03460063786554561
421.0,0.0414173865803915
422.0,0.03702636609975404
423.0,0.03332158550166147
424.0,0.03439241275419077
425.0,0.0359619519200696
426.0,0.03545451719623916
427.0,0.03681350278306162
428.0,0.039922322430795784
429.0,0.03711664804122652
430.0,0.038292882993425356
431.0,0.04105349788909015
432.0,0.0411043221673885
433.0,0.03746592429731472
434.0,0.037782916563953176
435.0,0.040574612353961564
436.0,0.040912969133373306
437.0,0.040993765369318494
438.0,0.04108411664804243
439.0,0.04054494070162249
440.0,0.0383403824921806
441.0,0.038917085456068964
442.0,0.039648786399482924
443.0,0.03928255533883682
444.0,0.041216761427975146
445.0,0.04154257842827083
446.0,0.040504947979722164
447.0,0.039460859373253054
448.0,0.03865857532982053
449.0,0.040018238232865336
450.0,0.04190337954023917
451.0,0.04117869109799578
452.0,0.04045898186896527
453.0,0.040643395927744574
454.0,0.041297864789995906
455.0,0.040693646691252354
456.0,0.04060977421228057
457.0,0.04047925141892162
458.0,0.04024042563698245
459.0,0.04265883723370642
460.0,0.0436174575954755
461.0,0.042739614180898736
462.0,0.04133548277731845
463.0,0.04031928580543212
464.0,0.04034178113539734
465.0,0.04168993256593924
466.0,0.04410074920624329
467.0,0.04431137869726931
468.0,0.04344033488628732
469.0,0.0427434009838219
470.0,0.04226739304648759
471.0,0.042137209317375135
472.0,0.042258356294601694
473.0,0.04248698992969011
474.0,0.04281340288388604
475.0,0.04344694149207903
476.0,0.044045971097462784
477.0,0.04391588439137601
478.0,0.042581772341641545
479.0,0.04257687970167359
480.0,0.04412254144375029
481.0,0.04364290576950925
482.0,0.0425712996902952
483.0,0.04300733347810778
484.0,0.04546108100070558
485.0,0.044829089976817955
486.0,0.04427275477176739
487.0,0.04431230316063073
488.0,0.044145352123699605
489.0,0.045137175030887114
490.0,0.0460234543628382
491.0,0.04607499772982786
492.0,0.04559133787931287
493.0,0.04540053979211819
494.0,0.04507912616466097
495.0,0.044589925577847446
496.0,0.0459959239491457
497.0,0.0475813790683813
498.0,0.04793420075683305
499.0,0.046447640904759335
500.0,0.04669794674686098
501.0,0.046599480046566055
502.0,0.04578831122682709
503.0,0.046405308958200414
504.0,0.0475760128459483
505.0,0.04799285585602301
506.0,0.0472499208248657
507.0,0.047633454430591964
508.0,0.0471214636021832
509.0,0.046535251319655906
510.0,0.04760313657458531
511.0,0.048729114740288314
512.0,0.04929876108934628
513.0,0.0492296209205018
514.0,0.04893219854034649
515.0,0.04863891149893709
516.0,0.048472781496421875
517.0,0.04849317280727012
518.0,0.04868130540004006
519.0,0.04945873840293391
520.0,0.050236974788295585
521.0,0.050103952013432936
522.0,0.04944342006978216
523.0,0.049569866585454814
524.0,0.05047133395786184
525.0,0.05050649786954625
526.0,0.0507343238291045
527.0,0.051376396540410596
528.0,0.05213017109033911
529.0,0.051658239218571544
530.0,0.05145592348434229
531.0,0.051810531324203955
532.0,0.052285342081429126
533.0,0.05254056078486744
534.0,0.05257017916459391
535.0,0.05257662910282187
536.0,0.05297481455550894
537.0,0.05344951512297895
538.0,0.05380432440597438
539.0,0.053890674906093346
540.0,0.05349292520378157
541.0,0.0537288621776939
542.0,0.054470814790212985
543.0,0.054802757024297266
544.0,0.054702996098841924
545.0,0.054848699095185555
546.0,0.055388619341367414
547.0,0.05545519844020135
548.0,0.055403247144525644
549.0,0.055539462904326396
550.0,0.055985184578532764
551.0,0.056123857232573744
552.0,0.05621787022425031
553.0,0.056348687508258784
554.0,0.056474943784743645
555.0,0.05735967539599402
556.0,0.058060879851259996
557.0,0.05804807486433024
558.0,0.05816422972065424
559.0,0.05861214418225885
560.0,0.05898859105546617
561.0,0.05886105227703021
562.0,0.05917179266458823
563.0,0.059389519751379356
564.0,0.05946656655697694
565.0,0.05991550900878537
566.0,0.06017595558656894
567.0,0.06039740245400436
568.0,0.06077954905227079
569.0,0.06128927192554578
570.0,0.06152278720604562
571.0,0.06162227225140139
572.0,0.06197519961111446
573.0,0.0624968677075047
574.0,0.06264214756435492
575.0,0.06243743305714769
576.0,0.0627406212692962
577.0,0.06338368855657138
578.0,0.06394266392599891
579.0,0.06413211645152732
580.0,0.06447736104632489
581.0,0.06487367782578911
582.0,0.06517860390549059
583.0,0.06527686786322748
584.0,0.0655884356472948
585.0,0.06618799785073498
586.0,0.06688772377485033
587.0,0.06709160548234977
588.0,0.06760274702247311
589.0,0.06807147409078822
590.0,0.06803440917016186
591.0,0.06854176532581789
592.0,0.06895339242033813
593.0,0.0691917787635388
594.0,0.06977512617988221
595.0,0.07018845625741586
596.0,0.07049783584332228
597.0,0.07087114776701792
598.0,0.0714562067363286
599.0,0.07187513605926985
600.0,0.072112821656962
601.0,0.07234696935680847
602.0,0.0726240166687411
603.0,0.0731857777738155
604.0,0.0738973896644225
605.0,0.07409515767741227
606.0,0.07445299383112429
607.0,0.07488477405890616
608.0,0.07519749655413271
609.0,0.07559206738524984
610.0,0.07610490662722938
611.0,0.07664223166398756
612.0,0.07703864557353285
613.0,0.07743535521395144
614.0,0.07810853170815717
615.0,0.0789297155054722
616.0,0.07887651838045757
617.0,0.07902210310819476
618.0,0.07960834142103486
619.0,0.08043637258590491
620.0,0.08071209611942361
621.0,0.08126483397208815
622.0,0.08215191844204188
623.0,0.082526807115612
624.0,0.08264495954103543
625.0,0.08298691778628534
626.0,0.0837591430856592
627.0,0.08424488758247223
628.0,0.0845568480452807
629.0,0.08498033637593684
630.0,0.0858327303166347
631.0,0.08674407951627042
632.0,0.08729264274331416
633.0,0.08748928139054148
634.0,0.08801705696794232
635.0,0.08837901492493949
636.0,0.08879870182191582
637.0,0.08956031758283764
638.0,0.09032978756595893
639.0,0.0908621675644617
640.0,0.09115822482697468
641.0,0.09145254105235671
642.0,0.092284461412605
643.0,0.09317438091568768
644.0,0.09369845238488995
645.0,0.09394371536451056
646.0,0.09446995186571033
647.0,0.09514312463672502
648.0,0.09557750936162994
649.0,0.09590680370401493
650.0,0.09665347657862776
651.0,0.09775428116283481
652.0,0.09842175454360251
653.0,0.09897020711526534
654.0,0.09955964459104368
655.0,0.10022047186638267
656.0,0.10063887763554649
657.0,0.10113202092784376
658.0,0.10192182663592396
659.0,0.10304225035872915
660.0,0.10342829774667184
661.0,0.1037689084470991
662.0,0.10452253024518472
663.0,0.10535838933072797
664.0,0.10606717722348757
665.0,0.10662626180251575
666.0,0.10713761325357248
667.0,0.10785768413923875
668.0,0.10852974031983038
669.0,0.10911468025100092
670.0,0.10978901653740052
671.0,0.11048583754749139
672.0,0.11128464941344066
673.0,0.11220205410119932
674.0,0.11304173847762311
675.0,0.11397790972289575
676.0,0.11466085677907203
677.0,0.11474857570479607
678.0,0.11556511304498628
679.0,0.11662265262352242
680.0,0.11752108479824983
681.0,0.11819709404649602
682.0,0.11896205234804014
683.0,0.11956443060750559
684.0,0.11986955573850182
685.0,0.12062215540746214
686.0,0.12143463146885576
687.0,0.12228655589047259
688.0,0.1233523348826539
689.0,0.12418807286644094
690.0,0.12479770079464836
691.0,0.12535347020246346
692.0,0.1262048838106633
693.0,0.12718246983376935
694.0,0.1281842694994904
695.0,0.12913736977813808
696.0,0.1300402345019216
697.0,0.13078921251712175
698.0,0.131385065253467
699.0,0.1319477787463716
700.0,0.13296940478583316
701.0,0.13396098555097036
702.0,0.1346641089609425
703.0,0.13587122180102768
704.0,0.1365860893731721
705.0,0.1370222221767389
706.0,0.1378108365433493
707.0,0.13864253016142958
708.0,0.13962728848957873
709.0,0.14067005786231557
710.0,0.14141992964645528
711.0,0.14247629744638676
712.0,0.14341339509515288
713.0,0.1439235411662288
714.0,0.14476012454991985
715.0,0.14574871689208244
716.0,0.14674546141667186
717.0,0.1476455378932991
718.0,0.1485925699743655
719.0,0.14955230933221816
720.0,0.15048572703307983
721.0,0.1513766281937434
722.0,0.15239315267769363
723.0,0.15336628354165943
724.0,0.15416770304786748
725.0,0.15521766045116278
726.0,0.15622858893841787
727.0,0.15707136206097136
728.0,0.15778867832730692
729.0,0.15882769614143802
730.0,0.15999411637921304
731.0,0.16105280007214617
732.0,0.16183020875956433
733.0,0.16297394179203759
734.0,0.16413228542309138
735.0,0.1648518448286212
736.0,0.16582554323758741
737.0,0.16696608051513315
738.0,0.16805624017311288
739.0,0.1688458735724603
740.0,0.1699531034959248
741.0,0.17119939604113035
742.0,0.17232704798814988
743.0,0.17317242064574417
744.0,0.17412682985972947
745.0,0.17513313534367284
746.0,0.17606743686033807
747.0,0.1774183069715948
748.0,0.1784694495447229
749.0,0.1792193675823914
750.0,0.18034901125258213
751.0,0.18137178835662507
752.0,0.18247742326718386
753.0,0.18378251639991047
754.0,0.1850112262224765
755.0,0.1860187917503137
756.0,0.187012695699925
757.0,0.1882307832617809
758.0,0.18915752656265217
759.0,0.1902086457255575
760.0,0.19146967867102868
761.0,0.19265446623300614
762.0,0.19372579791695405
763.0,0.1948206813877287
764.0,0.19599141570096343
765.0,0.1969975063274572
766.0,0.19807580431930547
767.0,0.1991780864784523
768.0,0.2002093803961752
769.0,0.2015231509181218
770.0,0.20280583214767683
771.0,0.203966390077578
772.0,0.2051785062162668
773.0,0.20656836336262327
774.0,0.20781689400733452
775.0,0.20879641129069093
776.0,0.21001113305309488
777.0,0.21114261837148388
778.0,0.21227574153458764
779.0,0.2135670888461839
780.0,0.21473676631292712
781.0,0.2160234777597927
782.0,0.2174642733013907
783.0,0.21887914826010932
784.0,0.22005672401316387
785.0,0.22120599874962707
786.0,0.22251606921812822
787.0,0.2239748511443585
788.0,0.2253942155736445
789.0,0.22669392034124997
790.0,0.2278712165580353
791.0,0.2290191405445808
792.0,0.2302096661234744
793.0,0.23146544623657045
794.0,0.2327651577764699
795.0,0.23402580728205735
796.0,0.2353176262086236
797.0,0.23662411788798446
798.0,0.2377494143605116
799.0,0.23907304853369982
800.0,0.2404194877030144
801.0,0.24157927673696095
802.0,0.24280217350554803
803.0,0.2443314002665392
804.0,0.2458462819010639
805.0,0.2468280507855042
806.0,0.24802008716396515
807.0,0.24927431575833575
808.0,0.2505221285413184
809.0,0.2519240299321394
810.0,0.2534130842013968
811.0,0.25482563400566266
812.0,0.25607097212402574
813.0,0.257283794528974
814.0,0.25879682560894474
815.0,0.2604356267719592
816.0,0.2618735498087017
817.0,0.26339751155810925
818.0,0.26478545985796953
819.0,0.26599120863786563
820.0,0.2671593556851984
821.0,0.2684942289110958
822.0,0.270028581742203
823.0,0.27158924484513
824.0,0.2726963969686692
825.0,0.2742327540004727
826.0,0.2758802584434473
827.0,0.27717174500736835
828.0,0.2784636887275116
829.0,0.2800114542971377
830.0,0.2817077879407139
831.0,0.2832434212039964
832.0,0.2844679139699489
833.0,0.28596729663691234
834.0,0.2876442854257951
835.0,0.2886669761111767
836.0,0.290212611421369
837.0,0.2918725023562534
838.0,0.2932702360768943
839.0,0.294753608249836
840.0,0.29623913911335276
841.0,0.29770873129492387
842.0,0.29913189592350964
843.0,0.3003570841901424
844.0,0.30182868189831646
845.0,0.30349736399750876
846.0,0.30500585061429836
847.0,0.30619421879936265
848.0,0.30772996472322767
849.0,0.30958140353892494
850.0,0.31091299515529147
851.0,0.3123420501903357
852.0,0.3139995747118483
853.0,0.31578179251002303
854.0,0.31731781315775737
855.0,0.31861182744825123
856.0,0.32000132250337937
857.0,0.32171013529358733
858.0,0.3231966467230896
859.0,0.3244243578786698
860.0,0.32590332446719344
861.0,0.328097939074417
862.0,0.3293942847101493
863.0,0.3307536280545108
864.0,0.3323682310684712
865.0,0.333603015249841
866.0,0.33512212327348345
867.0,0.3367877716866076
868.0,0.33850827481403356
869.0,0.3404376458273005
870.0,0.3419335063076067
871.0,0.34349411463275376
872.0,0.34541423346328615
873.0,0.346615964095066
874.0,0.3481129780841106
875.0,0.34976368466536584
876.0,0.35119869202577886
877.0,0.353101958395865
878.0,0.3545640639056366
879.0,0.35581540735729217
880.0,0.35762812668273164
881.0,0.3589843515901567
882.0,0.3605897894055247
883.0,0.3625700164188344
884.0,0.3643570657690015
885.0,0.36628214065578496
886.0,0.3680442189420231
887.0,0.36956863331275636
888.0,0.37124533983370545
889.0,0.37304494063545557
890.0,0.3748907992536731
891.0,0.37661793507860886
892.0,0.3778626017937266
893.0,0.3794696196849936
894.0,0.3811453629349671
895.0,0.3824911664127172
896.0,0.3842041194367877
897.0,0.38596630538504845
898.0,0.3876660391967375
899.0,0.3893366763201197
900.0,0.3911462470057345
901.0,0.3929353331720902
902.0,0.39466849193842035
903.0,0.39643596552931193
904.0,0.3984735207235291
905.0,0.4001743502377742
906.0,0.4015398516652243
907.0,0.4032040593281579
908.0,0.40444368599876357
909.0,0.40597917886791085
910.0,0.4080850464490545
911.0,0.4101025604414186
912.0,0.41178318938031055
913.0,0.41365303765596134
914.0,0.4158285821891905
915.0,0.4173120059007704
916.0,0.4186052644039117
917.0,0.42013493342637803
918.0,0.42205800581515135
919.0,0.42388080878913126
920.0,0.42581753106142384
921.0,0.4274941620326412
922.0,0.42872996253815154
923.0,0.4306737373224848
924.0,0.4327834310923731
925.0,0.43469593172347254
926.0,0.4362981262087299
927.0,0.4380984499320646
928.0,0.4399922077029049
929.0,0.44171939057681947
930.0,0.44311569072499657
931.0,0.44492720287311527
932.0,0.4472929568867852
933.0,0.4494338894058035
934.0,0.45034876098203946
935.0,0.452048009151493
936.0,0.4538665735834913
937.0,0.45556953919015003
938.0,0.4574945400112467
939.0,0.4594375211056894
940.0,0.4612958971521979
941.0,0.46300246000156264
942.0,0.4646014288234463
943.0,0.4671159710233794
944.0,0.4693144713931544
945.0,0.4708229808079988
946.0,0.4726405030572793
947.0,0.47382328857692946
948.0,0.47585514162494336
949.0,0.4787580406535376
950.0,0.48017457934123886
951.0,0.48186246595153787
952.0,0.48364601604770247
953.0,0.48543517602868935
954.0,0.4877652249089687
955.0,0.4887187339164311
956.0,0.4899357165601648
957.0,0.4923918476812481
958.0,0.4945795935281574
959.0,0.49646328807490997
960.0,0.4981026136230793
961.0,0.49966160382171393
962.0,0.5013642855149785
963.0,0.5031449687199858
964.0,0.5053475649993878
965.0,0.5079008056918141
966.0,0.5098695569007441
967.0,0.5108604168157314
968.0,0.5125569999845205
969.0,0.5154385538598375
970.0,0.5166472573255694
971.0,0.5191853610195545
972.0,0.5216542061739403
973.0,0.5228760805891013
974.0,0.524298518722807
975.0,0.52677553750124
976.0,0.528492199798958
977.0,0.528933383443179
978.0,0.5312669048688219
979.0,0.533699937448407
980.0,0.5351366349830733
981.0,0.5359256250395645
982.0,0.5385547272486001
983.0,0.5422675355789444
984.0,0.5446658539600865
985.0,0.5454726784783747
986.0,0.5484257897140785
987.0,0.5497238819388464
988.0,0.5505226526116074
989.0,0.5523556741920057
990.0,0.5554346276550871
991.0,0.5575477907697642
992.0,0.5588033343018936
993.0,0.5600743095823864
994.0,0.5623860053051766
995.0,0.564618710740176
996.0,0.5662074150871551
997.0,0.567806356925212
998.0,0.5709519516584947
999.0,0.572411211094245
1000.0,0.573646701239575
1001.0,0.5946024563056069
1002.0,0.5956333353657675
1003.0,0.5974739415822946
1004.0,0.6006948003756682
1005.0,0.6022032511310952
1006.0,0.603146225045371
1007.0,0.6057443759327542
1008.0,0.60806351044964
1009.0,0.6108857281597339
1010.0,0.614983405115147
1011.0,0.6184331932653857
1012.0,0.6198577200090487
1013.0,0.6199722977129761
1014.0,0.6197289012054643
1015.0,0.6159486469947466
1016.0,0.6168383989687096
1017.0,0.6191520940291625
1018.0,0.6228219291505602
1019.0,0.6264773119625248
1020.0,0.6311901789756906
1021.0,0.6334449717423317
1022.0,0.6322838916312368
1023.0,0.6347813946101857
1024.0,0.6367048798030245
1025.0,0.6364761637838225
1026.0,0.6383136763977135
1027.0,0.6395555742053269
1028.0,0.6422428535817027
1029.0,0.6451254099241396
1030.0,0.6486675375762294
1031.0,0.6527483319326891
1032.0,0.6570966745153068
1033.0,0.6578519474039178
1034.0,0.6573242333684971
1035.0,0.6573224102545542
1036.0,0.6593304646193322
1037.0,0.662850017255469
1038.0,0.667137807028864
1039.0,0.6715408086505608
1040.0,0.6731463354821409
1041.0,0.6735521082164284
1042.0,0.6746778984588075
1043.0,0.6753420488577017
1044.0,0.6756509945436051
1045.0,0.6759588817083322
1046.0,0.67798092200278
1047.0,0.6796649272380553
1048.0,0.6811871497414045
1049.0,0.6842929089190941
1050.0,0.6847046732890031
1051.0,0.6830236949715638
1052.0,0.684804034243442
1053.0,0.6869652788465641
1054.0,0.689502374019871
1055.0,0.6948887085367292
1056.0,0.6985044360202222
1057.0,0.7009570226855107
1058.0,0.7038881776777549
1059.0,0.708234718973203
1060.0,0.7091800924748097
1061.0,0.7114396008234891
1062.0,0.7139214262593652
1063.0,0.7126158612536221
1064.0,0.7133468120781696
1065.0,0.7147942892817495
1066.0,0.7149764407006827
1067.0,0.7172371351502362
1068.0,0.7195893774067494
1069.0,0.7213484403998303
1070.0,0.7239795702638893
1071.0,0.7258114003017399
1072.0,0.7273402623535191
1073.0,0.7280670589581961
1074.0,0.7295721047221705
1075.0,0.7312548804865889
1076.0,0.7323686762767534
1077.0,0.7349420833404379
1078.0,0.7388136543040718
1079.0,0.7422290807459488
1080.0,0.7455068600282577
1081.0,0.7487158489070347
1082.0,0.7504085341656093
1083.0,0.7507225526382688
1084.0,0.7522715823601146
1085.0,0.7540490716265791
1086.0,0.7565178667022282
1087.0,0.759833803912628
1088.0,0.762594075007071
1089.0,0.7658750320730718
1090.0,0.7685311764006513
1091.0,0.7690729529864538
1092.0,0.7703489164065475
1093.0,0.7719716329249916
1094.0,0.7727727693992767
1095.0,0.7749561791273392
1096.0,0.778191041508525
1097.0,0.780537973185458
1098.0,0.7827412747477981
1099.0,0.7849154253378782
1100.0,0.7871689097742851
1101.0,0.7890261989506372
1102.0,0.7906489200843039
1103.0,0.7920081137315532
1104.0,0.794116639792597
1105.0,0.7963323866424231
1106.0,0.7984912001099488
1107.0,0.8012492989234606
1108.0,0.80405017711404
1109.0,0.8067308983704335
1110.0,0.8083187841124312
1111.0,0.80951846919885
1112.0,0.8116368960032386
1113.0,0.813341941380986
1114.0,0.8153590365490871
1115.0,0.8189986077110114
1116.0,0.821431056608584
1117.0,0.8228485434984942
1118.0,0.8247949223692295
1119.0,0.8270450014059701
1120.0,0.8283545180645381
1121.0,0.8300885430338747
1122.0,0.8318178537971975
1123.0,0.8330973096902853
1124.0,0.8349920872610649
1125.0,0.8371694260735778
1126.0,0.8395538141061705
1127.0,0.8416386187332181
1128.0,0.8434699119470647
1129.0,0.845702279063718
1130.0,0.8484544271406614
1131.0,0.8501524532996112
1132.0,0.8513970266014373
1133.0,0.8534549062738397
1134.0,0.8551667100076079
1135.0,0.8566212300495895
1136.0,0.860340230308148
1137.0,0.8636177012202817
1138.0,0.8651744337719673
1139.0,0.8667946768774069
1140.0,0.8684877426919156
1141.0,0.8698212175913013
1142.0,0.8711766630307629
1143.0,0.8729550859809095
1144.0,0.8747652420415939
1145.0,0.8758258316436203
1146.0,0.8775886480880667
1147.0,0.8802256107987
1148.0,0.8826878812923918
1149.0,0.8850734412233109
1150.0,0.8880116522910354
1151.0,0.8901127220256115
1152.0,0.8919183883080017
1153.0,0.8938890158592655
1154.0,0.894885562655258
1155.0,0.896909225753207
1156.0,0.8993536996740094
1157.0,0.901565118914976
1158.0,0.9038945318604615
1159.0,0.9063221272878654
1160.0,0.9091665695214283
1161.0,0.9111674768766282
1162.0,0.9124266047643897
1163.0,0.9141190339916937
1164.0,0.9150102020323158
1165.0,0.9169173601843802
1166.0,0.9196745424511061
1167.0,0.9229923405620669
1168.0,0.9253197222917061
1169.0,0.9277058785450418
1170.0,0.928522377221773
1171.0,0.928860810396184
1172.0,0.9301071693239892
1173.0,0.9310979772996077
1174.0,0.9327997780996304
1175.0,0.9359376982121447
1176.0,0.9378702386186341
1177.0,0.9392013573091789
1178.0,0.9411077572043521
1179.0,0.9427305701660409
1180.0,0.9445521821059527
1181.0,0.9469030560934761
1182.0,0.9493761020510781
1183.0,0.9508083264288383
1184.0,0.952152886009391
1185.0,0.9539727607200236
1186.0,0.9564654798323282
1187.0,0.9584844146244548
1188.0,0.9609482078931897
1189.0,0.9631228409763098
1190.0,0.964766208915984
1191.0,0.9666553727656507
1192.0,0.9686155286497238
1193.0,0.9708690540066804
1194.0,0.9735729153890383
1195.0,0.9755119232639591
1196.0,0.977507530218118
1197.0,0.9793515120048478
1198.0,0.9806246891165137
1199.0,0.9814656380829462
1200.0,0.9832683680477223
1201.0,0.985139507250841
1202.0,0.9863255972394871
1203.0,0.9879420565111903
1204.0,0.989869287080948
1205.0,0.992120071259668
1206.0,0.9938647790241458
1207.0,0.9958058752305763
1208.0,0.9975413564992263
1209.0,0.9986281885641255
1210.0,1.0000610907815337
1211.0,1.001633114991138
1212.0,1.0035118919424386
1213.0,1.0053399336489668
1214.0,1.0075356290357604
1215.0,1.0104012344105835
1216.0,1.013119053603867
1217.0,1.015636377446409
1218.0,1.017740181479855
1219.0,1.0196744875294912
1220.0,1.0210916270996384
1221.0,1.02286240614538
1222.0,1.0246802967425224
1223.0,1.026239307178303
1224.0,1.0277431936570287
1225.0,1.029334421508839
1226.0,1.0309934062378516
1227.0,1.032214857557577
1228.0,1.032704285502427
1229.0,1.0342478197007652
1230.0,1.036306431022349
1231.0,1.0378911527989847
1232.0,1.039888197451508
1233.0,1.0419418280397712
1234.0,1.043551002906221
1235.0,1.044809069554714
1236.0,1.0469046303575231
1237.0,1.049986465530211
1238.0,1.0522247051771645
1239.0,1.0545525400225033
1240.0,1.0563354448977884
1241.0,1.0573649626573878
1242.0,1.0590130457123936
1243.0,1.060606965904349
1244.0,1.0623330049047608
1245.0,1.0642636662620621
1246.0,1.0664561948798348
1247.0,1.069179040287605
1248.0,1.0711210754044613
1249.0,1.0728700837578953
1250.0,1.074750025023416
1251.0,1.0757854250285093
1252.0,1.0772762797786362
1253.0,1.0793130654363605
1254.0,1.0820558719219047
1255.0,1.0843897339715975
1256.0,1.087179782465333
1257.0,1.0891943422805064
1258.0,1.0910032523900544
1259.0,1.092463049954918
1260.0,1.0931286612148825
1261.0,1.094333496854095
1262.0,1.0952117235825996
1263.0,1.0967176979309046
1264.0,1.0989614064782431
1265.0,1.100802493450723
1266.0,1.1030788721233786
1267.0,1.1048255982795887
1268.0,1.10632291302334
1269.0,1.1071639851634447
1270.0,1.108603493887827
1271.0,1.110021099684775
1272.0,1.1114095737561884
1273.0,1.112964531645952
1274.0,1.1145516715769495
1275.0,1.1159339516058504
1276.0,1.117588166942021
1277.0,1.1194904779605637
1278.0,1.1214450132548213
1279.0,1.123607846612216
1280.0,1.1255320687509665
1281.0,1.127897419550544
1282.0,1.1295038151501002
1283.0,1.1302330172026305
1284.0,1.1314424638094218
1285.0,1.1319757042349716
1286.0,1.133370161139183
1287.0,1.1353166815520013
1288.0,1.1378701988893676
1289.0,1.1400519099895332
1290.0,1.1426961096137989
1291.0,1.1447835411280545
1292.0,1.1467616771054843
1293.0,1.1482120208318498
1294.0,1.1493235863147737
1295.0,1.150343589205222
1296.0,1.1505273006207997
1297.0,1.1515024532011489
1298.0,1.1524394361455066
1299.0,1.1540655926690349
1300.0,1.1568997160793142
1301.0,1.1587145308804017
1302.0,1.160052046514247
1303.0,1.1620261356312258
1304.0,1.1638865280632558
1305.0,1.1656701352306382
1306.0,1.1676336183827198
1307.0,1.1704258826403062
1308.0,1.1723688287536325
1309.0,1.1737297916350582
1310.0,1.1753072160810056
1311.0,1.1767836134875527
1312.0,1.1785792261029502
1313.0,1.1803268159478155
1314.0,1.1821963868282157
1315.0,1.1846659649262476
1316.0,1.186468688518214
1317.0,1.187495349689114
1318.0,1.1893869136034598
1319.0,1.1917755380436814
1320.0,1.193657188345236
1321.0,1.1960395064899778
1322.0,1.1978348638603264
1323.0,1.1985342721953003
1324.0,1.1998106138400937
1325.0,1.2015221428371892
1326.0,1.2028299619277318
1327.0,1.2040316811523297
1328.0,1.205283343731478
1329.0,1.2064243736919396
1330.0,1.2071322078536966
1331.0,1.2083179165989024
1332.0,1.209699487981137
1333.0,1.211123078927711
1334.0,1.2125789642848093
1335.0,1.214273678461213
1336.0,1.2163019523426821
1337.0,1.2181477514838217
1338.0,1.2203300070385088
1339.0,1.2219807102703832
1340.0,1.2234344302150186
1341.0,1.2245848631286733
1342.0,1.2247509471310305
1343.0,1.2258220202583352
1344.0,1.2272279234509043
1345.0,1.2285987055520058
1346.0,1.230717837444531
1347.0,1.2325324418272898
1348.0,1.2338341979511682
1349.0,1.2345151136061245
1350.0,1.235813666181239
1351.0,1.236852693326495
1352.0,1.2384782123152722
1353.0,1.2408792624242369
1354.0,1.2425908393169889
1355.0,1.2441314884526702
1356.0,1.2458683745486676
1357.0,1.2475144556123376
1358.0,1.2490438393337213
1359.0,1.250848464582272
1360.0,1.252267602756712
1361.0,1.25325830103196
1362.0,1.2543064833978566
1363.0,1.2554125116822055
1364.0,1.256217151557019
1365.0,1.256162476217784
1366.0,1.257087722122305
1367.0,1.2581912110025657
1368.0,1.2600148672168379
1369.0,1.2610432655842898
1370.0,1.2624221521506924
1371.0,1.2636080278825474
1372.0,1.2639815628357218
1373.0,1.265064749891229
1374.0,1.267048291765746
1375.0,1.2681604381026315
1376.0,1.268874517173959
1377.0,1.2696644112238158
1378.0,1.2701557389270361
1379.0,1.270901360917886
1380.0,1.2715105438534755
1381.0,1.272594928942324
1382.0,1.274315841562448
1383.0,1.2754169275332135
1384.0,1.2766306588721612
1385.0,1.277478799675004
1386.0,1.2772847148934736
1387.0,1.2779374074571808
1388.0,1.279236304780428
1389.0,1.28011165182363
1390.0,1.2808582376798812
1391.0,1.2822445886484455
1392.0,1.2830537255682646
1393.0,1.2834688672371233
1394.0,1.2839242511760085
1395.0,1.2844303529292134
1396.0,1.284710718731264
1397.0,1.28446529572328
1398.0,1.2848566346124608
1399.0,1.2854944158284665
1400.0,1.2860484566144346
1401.0,1.2872778628995682
1402.0,1.287501289977693
1403.0,1.2869114025221517
1404.0,1.2868655510296354
1405.0,1.286527933429844
1406.0,1.2863986350795722
1407.0,1.286788534426723
1408.0,1.286951344717823
1409.0,1.2865327353002987
1410.0,1.286734407948485
1411.0,1.2873940156894177
1412.0,1.2879672918775529
1413.0,1.2886619435481346
1414.0,1.2899091304907278
1415.0,1.290162722156651
1416.0,1.2903821897839072
1417.0,1.2908369364370103
1418.0,1.2910264220154237
1419.0,1.2915939993532974
1420.0,1.2926718543876898
1421.0,1.2932996520956217
1422.0,1.2939959468069797
1423.0,1.294310819025912
1424.0,1.294046199261773
1425.0,1.2944690179944915
1426.0,1.2948027306849652
1427.0,1.295476569281591
1428.0,1.296947161012642
1429.0,1.2978487520514337
1430.0,1.298372618466259
1431.0,1.2993420309203092
1432.0,1.3004387264082882
1433.0,1.3015055444281234
1434.0,1.3027934455685894
1435.0,1.3040279051547186
1436.0,1.305225684841297
1437.0,1.3063292011909133
1438.0,1.3071628073826904
1439.0,1.308639636527683
1440.0,1.3101692836339882
1441.0,1.3106692439886303
1442.0,1.311488437872381
1443.0,1.3125217888814398
1444.0,1.3136385360931953
1445.0,1.3148220449242054
1446.0,1.3159733261478908
1447.0,1.3173518017697243
1448.0,1.3184090270078743
1449.0,1.3192717783699033
1450.0,1.3200518528716436
1451.0,1.3205853789015165
1452.0,1.3214321849178154
1453.0,1.3223669543606322
1454.0,1.3231346851919257
1455.0,1.3238776661365896
1456.0,1.324902510293635
1457.0,1.3258416437775649
1458.0,1.3269704491167735
1459.0,1.3286190961112307
1460.0,1.329921712775777
1461.0,1.3311115862737446
1462.0,1.3321892776759772
1463.0,1.3330519500374407
1464.0,1.3341062933764936
1465.0,1.3351452834385356
1466.0,1.3361833504508378
1467.0,1.3374404780831293
1468.0,1.3385199114246993
1469.0,1.33941293763722
1470.0,1.34022286076606
1471.0,1.341153095453898
1472.0,1.3418989476467493
1473.0,1.3432220589871462
1474.0,1.3449501686897851
1475.0,1.346406247590492
1476.0,1.3480008901987812
1477.0,1.3496060040949358
1478.0,1.351149370288349
1479.0,1.3525428213278226
1480.0,1.354367131974414
1481.0,1.35534471508023
1482.0,1.355328981124971
1483.0,1.3562331510165617
1484.0,1.3570544419670338
1485.0,1.3582289272048946
1486.0,1.3602300368795708
1487.0,1.3617207841678372
1488.0,1.3630290091937534
1489.0,1.3643020229541503
1490.0,1.3654397994141336
1491.0,1.3666751840875213
1492.0,1.3676260293562044
1493.0,1.3690941056184043
1494.0,1.3712335484697866
1495.0,1.3727780525118638
1496.0,1.374318839328845
1497.0,1.3758051411003644
1498.0,1.3769054607579383
1499.0,1.3779477137550664
1500.0,1.3788567893439296
1501.0,1.3800331569591051
1502.0,1.3810689045168316
1503.0,1.3825981781887589
1504.0,1.3838343969356435
1505.0,1.3853940109827982
1506.0,1.3865434553181295
1507.0,1.3871315713843908
1508.0,1.3884092311177834
1509.0,1.3900029623252637
1510.0,1.3914672369366738
1511.0,1.3934144358209088
1512.0,1.3945730135502479
1513.0,1.3950943311869441
1514.0,1.3961358410162823
1515.0,1.3968299987049737
1516.0,1.3981352463497494
1517.0,1.4002890784709778
1518.0,1.401803960932343
1519.0,1.4033874205758678
1520.0,1.4046014456883729
1521.0,1.4052203020298106
1522.0,1.406146664545458
1523.0,1.4069977274850516
1524.0,1.4079878370596144
1525.0,1.4092173189142776
1526.0,1.4102975184344588
1527.0,1.4115883301119385
1528.0,1.4124083469489184
1529.0,1.4124657521246329
1530.0,1.4133144979954597
1531.0,1.4141318586872247
1532.0,1.4153308318446252
1533.0,1.4176328173807422
1534.0,1.4193090029695912
1535.0,1.4208830787725268
1536.0,1.4221937496977268
1537.0,1.4230504517253437
1538.0,1.4240245472666553
1539.0,1.4247307876111033
1540.0,1.425621038149986
1541.0,1.4262042353843698
1542.0,1.426452935539844
1543.0,1.4273673147717152
1544.0,1.4284539776628666
1545.0,1.429415329865483
1546.0,1.43086822083518
1547.0,1.4318372509821025
1548.0,1.4321668815733817
1549.0,1.433257510191776
1550.0,1.4347635090948707
1551.0,1.4359360603836249
1552.0,1.4374432842737654
1553.0,1.438348359871019
1554.0,1.4385570285674645
1555.0,1.4394426631309134
1556.0,1.4403345135564554
1557.0,1.4414516358946623
1558.0,1.4432424293054378
1559.0,1.444354049110189
1560.0,1.4452809719073794
1561.0,1.446016037027044
1562.0,1.4464155596515915
1563.0,1.446793241341848
1564.0,1.4465659585421788
1565.0,1.4472393039281646
1566.0,1.4484104498571142
1567.0,1.449324871354621
1568.0,1.4510558104110078
1569.0,1.4519551775754265
1570.0,1.4517290637707343
1571.0,1.4523988071769494
1572.0,1.4535055172919449
1573.0,1.454177351697224
1574.0,1.4549531958051016
1575.0,1.4558281860756606
1576.0,1.456069109736314
1577.0,1.4569704100388081
1578.0,1.4585981689613627
1579.0,1.4600935172771758
1580.0,1.4619119039886537
1581.0,1.463476841544178
1582.0,1.4652154114588494
1583.0,1.4664818460207185
1584.0,1.467619677141195
1585.0,1.4682277022399075
1586.0,1.4677803112302097
1587.0,1.4679212610715107
1588.0,1.4677682134434502
1589.0,1.4680397480271892
1590.0,1.468680659808068
1591.0,1.4699726612518813
1592.0,1.4709349985283258
1593.0,1.4721255312791073
1594.0,1.4728074574588816
1595.0,1.4733312270433674
1596.0,1.4737900726668491
1597.0,1.473843098827158
1598.0,1.474341018296385
1599.0,1.4749416571743712
1600.0,1.4757202117531563
1601.0,1.4767861040594392
1602.0,1.4775582691469458
1603.0,1.4784422420904562
1604.0,1.479021760495301
1605.0,1.4793488980536063
1606.0,1.4796658447257243
1607.0,1.4797314923421756
1608.0,1.4801455801011074
1609.0,1.4805180043556907
1610.0,1.4811843592048095
1611.0,1.4824364785196007
1612.0,1.4829710309073252
1613.0,1.4831509488111894
1614.0,1.483718093648455
1615.0,1.483997507234974
1616.0,1.484687489225462
1617.0,1.486178429959272
1618.0,1.4868086017403077
1619.0,1.4871208819964346
1620.0,1.4873609912027568
1621.0,1.487110441680771
1622.0,1.4871550186417495
1623.0,1.486944750118205
1624.0,1.487473974916321
1625.0,1.4886283569533165
1626.0,1.4893388151502276
1627.0,1.490259327561689
1628.0,1.4912154612658757
1629.0,1.4919692626237142
1630.0,1.4926797113115398
1631.0,1.4939963301508434
1632.0,1.494408160046554
1633.0,1.493642233883177
1634.0,1.4938895876023979
1635.0,1.494537531519562
1636.0,1.4947170133309031
1637.0,1.4950964600217442
1638.0,1.4954538561824666
1639.0,1.495016154773006
1640.0,1.4953617628786953
1641.0,1.4967853514628982
1642.0,1.4973705650518196
1643.0,1.4975663995684256
1644.0,1.4980804944722252
1645.0,1.4985578298232187
1646.0,1.4988290396640942
1647.0,1.4993639722127041
1648.0,1.4995534674710898
1649.0,1.4991778775197349
1650.0,1.4989619195339763
1651.0,1.4985777428252458
1652.0,1.498542649808009
1653.0,1.4990961116637245
1654.0,1.498763522131533
1655.0,1.498229004141456
1656.0,1.497572613266692
1657.0,1.4958148960304696
1658.0,1.494941679208219
1659.0,1.4944665599146225
1660.0,1.4942178060938949
1661.0,1.494275688073867
1662.0,1.494552879837246
1663.0,1.4956852656104234
1664.0,1.4959271109315728
1665.0,1.495874236449195
1666.0,1.4958444645029703
1667.0,1.4946671879021616
1668.0,1.4947505389389364
1669.0,1.4959837244214007
1670.0,1.4965974000845894
1671.0,1.4976164477028882
1672.0,1.4982937396931253
1673.0,1.4982286140765144
1674.0,1.4986295074743363
1675.0,1.4989936823051477
1676.0,1.4998810397998958
1677.0,1.5014846818164136
1678.0,1.5026513438843856
1679.0,1.5039720948507336
1680.0,1.505306337437581
1681.0,1.5066205203400904
1682.0,1.5074406867663859
1683.0,1.5081598299580457
1684.0,1.5086541898067445
1685.0,1.5084599569127908
1686.0,1.508504734808466
1687.0,1.5085639304700569
1688.0,1.508817106424571
1689.0,1.508960174323544
1690.0,1.509263613830986
1691.0,1.5102598579168225
1692.0,1.5105742315685178
1693.0,1.5102116466002515
1694.0,1.5106597221359983
1695.0,1.5110754052313589
1696.0,1.5116889077857731
1697.0,1.5131433608495037
1698.0,1.5140447942016293
1699.0,1.5146176318746114
1700.0,1.5152024016358916
1701.0,1.5156475390467248
1702.0,1.5163419386060129
1703.0,1.517204279474211
1704.0,1.5179447436108162
1705.0,1.518263010597735
1706.0,1.519306112150909
1707.0,1.5213082942876737
1708.0,1.5220718025957594
1709.0,1.523042033711999
1710.0,1.523410030408505
1711.0,1.5218264848454184
1712.0,1.521582125049287
1713.0,1.5223473819933042
1714.0,1.52223410406757
1715.0,1.521811400942015
1716.0,1.521901311480752
1717.0,1.5215908340235431
1718.0,1.522030159196404
1719.0,1.5239716247249977
1720.0,1.5245247136384328
1721.0,1.524356759599159
1722.0,1.5242692646955567
1723.0,1.5233320193894146
1724.0,1.5231283336735186
1725.0,1.5237071787868002
1726.0,1.5237793570099396
1727.0,1.5236305689116734
1728.0,1.5236048295169504
1729.0,1.5234369076883816
1730.0,1.523354206773505
1731.0,1.523564461503216
1732.0,1.52363012697349
1733.0,1.5233463283290665
1734.0,1.523322634696271
1735.0,1.5232989977585243
1736.0,1.5236375986600657
1737.0,1.5246489315122724
1738.0,1.5247820988069511
1739.0,1.5246052096568914
1740.0,1.5247163185577386
1741.0,1.5241983319388315
1742.0,1.5244814380754281
1743.0,1.5258157069602154
1744.0,1.5261745187032716
1745.0,1.5260396664307982
1746.0,1.5266764838440285
1747.0,1.5272409832840017
1748.0,1.5275652353881128
1749.0,1.5284205804649014
1750.0,1.5289035188865092
1751.0,1.5290653962149383
1752.0,1.5292890875675043
1753.0,1.5292150075522346
1754.0,1.52957736779149
1755.0,1.5300671181193122
1756.0,1.5305456118771137
1757.0,1.5314530335497976
1758.0,1.530886388235718
1759.0,1.529816929952733
1760.0,1.5295795726850858
1761.0,1.5296905224836588
1762.0,1.5310161311784882
1763.0,1.5322162655782205
1764.0,1.5323446352309946
1765.0,1.5326879765058754
1766.0,1.5331194494165559
1767.0,1.5338899185661468
1768.0,1.5356005064856952
1769.0,1.5367616797793868
1770.0,1.536027503842434
1771.0,1.5360128414080256
1772.0,1.5366621476165525
1773.0,1.53693272795426
1774.0,1.5390981374475678
1775.0,1.5393309246554392
1776.0,1.5373129414911715
1777.0,1.5369668200956887
1778.0,1.5358212897716874
1779.0,1.5356020178671812
1780.0,1.5373133498586258
1781.0,1.5387529641138908
1782.0,1.5404239817542438
1783.0,1.5414919911208202
1784.0,1.5421437065352188
1785.0,1.5420136856004243
1786.0,1.5413413732217565
1787.0,1.5419416360923188
1788.0,1.5428298706838037
1789.0,1.5431426424287533
1790.0,1.5434690695256195
1791.0,1.544339641076799
1792.0,1.5451969726562529
1793.0,1.5463230092291618
1794.0,1.548812428586083
1795.0,1.5494526295396114
1796.0,1.5492884204685535
1797.0,1.5492161495032286
1798.0,1.5473625886019002
1799.0,1.5469471304946087
1800.0,1.547660444832775
1801.0,1.5352619163723964
1802.0,1.5328553343224767
1803.0,1.5320440558333104
1804.0,1.531989018375204
1805.0,1.533499357883181
1806.0,1.5337745481857965
1807.0,1.533391051483458
1808.0,1.5339544908523048
1809.0,1.534703813811991
1810.0,1.5357063722004747
1811.0,1.5368000591376505
1812.0,1.53940382615816
1813.0,1.5418480085246462
1814.0,1.5431736249694763
1815.0,1.5442729454061697
1816.0,1.5448258896149694
1817.0,1.5461860006263703
1818.0,1.5480435589048631
1819.0,1.5482392190003649
1820.0,1.5486022153356844
1821.0,1.5486627836631628
1822.0,1.5469503643766895
1823.0,1.5453537440932
1824.0,1.5455763111895948
1825.0,1.5442436680637497
1826.0,1.5445351923082125
1827.0,1.5457542816715213
1828.0,1.5466028033289636
1829.0,1.5491069173245735
1830.0,1.5498473934462755
1831.0,1.5490906527169626
1832.0,1.548510665057507
1833.0,1.5490803102514077
1834.0,1.548848546650411
1835.0,1.549924689034052
1836.0,1.5530866854962309
1837.0,1.5541777530377707
1838.0,1.554897162645556
1839.0,1.555205054869668
1840.0,1.554531786465638
1841.0,1.5541338182821898
1842.0,1.5537968065884176
1843.0,1.5537794477979645
1844.0,1.5539371121328256
1845.0,1.5552213006574394
1846.0,1.5549538251854957
1847.0,1.5538109001100824
1848.0,1.5525596109682107
1849.0,1.5504412361503177
1850.0,1.5485693596960108
1851.0,1.5451271444098902
1852.0,1.545265600095743
1853.0,1.5468709637496851
1854.0,1.5469235926253027
1855.0,1.5482615039556362
1856.0,1.5496440558416957
1857.0,1.5498722068456474
1858.0,1.5483562073190036
1859.0,1.5477955022411265
1860.0,1.5471314841457404
1861.0,1.5471716504248938
1862.0,1.5461950448125001
1863.0,1.5450373155679458
1864.0,1.5439491149454283
1865.0,1.5419330857092444
1866.0,1.5408253853812586
1867.0,1.5403953645523618
1868.0,1.5399048092886218
1869.0,1.541167506358625
1870.0,1.5399007964305926
1871.0,1.537549335920532
1872.0,1.5345690100575489
1873.0,1.531135560863699
1874.0,1.5273218330549874
1875.0,1.5250532709245694
1876.0,1.5232023950690885
1877.0,1.5201865936095216
1878.0,1.5162628591522584
1879.0,1.5120751344174463
1880.0,1.507455577705662
1881.0,1.5018405612729882
1882.0,1.4950441276579403
1883.0,1.4887838933059259
1884.0,1.4840602333991613
1885.0,1.4773201813207761
1886.0,1.4714529104274028
1887.0,1.4648399849974734
1888.0,1.4560073992838094
1889.0,1.4471123240229415
1890.0,1.438736978447289
1891.0,1.4311180087273097
1892.0,1.4232354350740863
1893.0,1.4122330153418112
1894.0,1.4014955252215584
1895.0,1.389515375961306
1896.0,1.3775205584084849
1897.0,1.3695891027473481
1898.0,1.3624559597697135
1899.0,1.3552383316639758
1900.0,1.3489180757786585
1901.0,1.34183891933697
1902.0,1.334400780089531
1903.0,1.3251399277972464
1904.0,1.3174977896974351
1905.0,1.3099737995325826
1906.0,1.300972441876662
1907.0,1.2954667359315533
1908.0,1.2899330313346646
1909.0,1.2831589883287102
1910.0,1.2786870618880608
1911.0,1.274036497533975
1912.0,1.2686223146973037
1913.0,1.2645808895346105
1914.0,1.2616035479825207
1915.0,1.2595361169227919
1916.0,1.257366960548996
1917.0,1.2558363363584928
1918.0,1.2545160481056676
1919.0,1.2514945697690434
1920.0,1.248765493960942
1921.0,1.2473924861258443
1922.0,1.246673096174055
1923.0,1.2465943494272411
1924.0,1.2462180070107183
1925.0,1.2458903921008253
1926.0,1.245848795990375
1927.0,1.2458359407283905
1928.0,1.2466880829399942
1929.0,1.2482202185858757
1930.0,1.2486492125237707
1931.0,1.250066644508215
1932.0,1.250913556920623
1933.0,1.2509124293967049
1934.0,1.2519326597412919
1935.0,1.252197370545742
1936.0,1.2523572262471399
1937.0,1.2534047441218987
1938.0,1.2555335703111736
1939.0,1.2573248037995477
1940.0,1.2581995152939651
1941.0,1.2586478181213494
1942.0,1.2587208320672567
1943.0,1.2599553974854716
1944.0,1.2627620396112063
1945.0,1.2664391393418872
1946.0,1.2705551734040954
1947.0,1.2740132217087792
1948.0,1.2766514086058363
1949.0,1.278282263002039
1950.0,1.2806339549345391
1951.0,1.28286784209539
1952.0,1.2843968477341157
1953.0,1.2874073376873836
1954.0,1.2901579058705737
1955.0,1.2917618423216823
1956.0,1.2929460972352023
1957.0,1.2941889138051288
1958.0,1.2952563499417131
1959.0,1.296789956249475
1960.0,1.2992343883965358
1961.0,1.301328543251798
1962.0,1.3037469418449448
1963.0,1.3052260412131707
1964.0,1.305525977268873
1965.0,1.306587896174848
1966.0,1.3081709841684976
1967.0,1.3097306237756021
1968.0,1.3124386320811057
1969.0,1.314802516062269
1970.0,1.3171374716944377
1971.0,1.3191416537813612
1972.0,1.3212357942240107
1973.0,1.3243560118284226
1974.0,1.3256999645020875
1975.0,1.3254132653457324
1976.0,1.3265885867338414
1977.0,1.3266920678350904
1978.0,1.3288302596594077
1979.0,1.333582273058101
1980.0,1.3364377161831993
1981.0,1.338849575200019
1982.0,1.3396814144377358
1983.0,1.3385786604744798
1984.0,1.337539085206628
1985.0,1.3384397909254468
1986.0,1.3405562315101893
1987.0,1.3432230383781103
1988.0,1.3473198078869282
1989.0,1.3525224821136679
1990.0,1.3556993696929294
1991.0,1.3577033793421902
1992.0,1.3599424915335643
1993.0,1.3599556323743898
1994.0,1.3595113129926304
1995.0,1.3615724318488436
1996.0,1.3637977742270602
1997.0,1.3661753496115125
1998.0,1.368896560390117
1999.0,1.373552266379145
2000.0,1.376419281792329
2001.0,1.378202462011255
2002.0,1.380721679007346
2003.0,1.3825598876250775
2004.0,1.3816481508369929
2005.0,1.3816963681442866
2006.0,1.382279940139839
2007.0,1.3831428754197852
2008.0,1.3863118173827977
2009.0,1.3887307696978133
2010.0,1.3912463454179287
2011.0,1.3940020671356002
2012.0,1.3979611488955
2013.0,1.4001955025474724
2014.0,1.4019217907918744
2015.0,1.4033497800003345
2016.0,1.4041706582214566
2017.0,1.403444916599523
2018.0,1.4052006478066217
2019.0,1.4069990250196949
2020.0,1.4077071751356556
2021.0,1.4089509754675502
2022.0,1.4097157429482192
2023.0,1.4110755413437346
2024.0,1.412632086205312
2025.0,1.414952787213354
2026.0,1.4171736837749485
2027.0,1.4193253868863973
2028.0,1.4215585697219684
2029.0,1.424525005501623
2030.0,1.4270134366855842
2031.0,1.426994605132673
2032.0,1.4273608601105054
2033.0,1.4293352279126694
2034.0,1.4292095455771974
2035.0,1.4289639294771679
2036.0,1.43156639830432
2037.0,1.4338266551260912
2038.0,1.4359375577532827
2039.0,1.437457185377109
2040.0,1.4401235039226217
2041.0,1.441139877038789
2042.0,1.4392777385648636
2043.0,1.4396173294443955
2044.0,1.44050132222562
2045.0,1.4431094346749487
2046.0,1.445432062166245
2047.0,1.446068292488078
2048.0,1.4467385279102307
2049.0,1.447200480402684
2050.0,1.4457985116025152
2051.0,1.445554087097077
2052.0,1.4452016405223902
2053.0,1.4435137353786864
2054.0,1.4436108582641929
2055.0,1.445270886348435
2056.0,1.44644777545043
2057.0,1.4490560034670994
2058.0,1.45050084320238
2059.0,1.4515520124989125
2060.0,1.451390134577134
2061.0,1.453010691366164
2062.0,1.4533666656699338
2063.0,1.452101021773208
2064.0,1.452840791398262
2065.0,1.4522011206844752
2066.0,1.4528713217834408
2067.0,1.4536737653248137
2068.0,1.456564975974005
2069.0,1.4570376303925388
2070.0,1.455080640100818
2071.0,1.4552337014025258
2072.0,1.45668188652335
2073.0,1.4570716252311644
2074.0,1.4570882133871899
2075.0,1.459342805697121
2076.0,1.4599707639342565
2077.0,1.457976028580522
2078.0,1.4594868157566905
2079.0,1.4595748106205626
2080.0,1.45848789155611
2081.0,1.4604345381519614
2082.0,1.4613600723136293
2083.0,1.4625777483935545
2084.0,1.4628470089041898
2085.0,1.4625350756152071
2086.0,1.4623950543305917
2087.0,1.461358831256304
2088.0,1.461053453520564
2089.0,1.4609164728345827
2090.0,1.4620252740018376
2091.0,1.4634796701207655
2092.0,1.4642094683572007
2093.0,1.4648873670507112
2094.0,1.4652545202047227
2095.0,1.4642682787168466
2096.0,1.4641695265995227
2097.0,1.464626232542848
2098.0,1.4655393643329604
2099.0,1.4662459298379404
2100.0,1.4683095317047556
2101.0,1.46877040927717
2102.0,1.4684793288993858
2103.0,1.4681331731280236
2104.0,1.4664181361322082
2105.0,1.465365421548355
2106.0,1.4632865498751322
2107.0,1.464305908029493
2108.0,1.465775386199248
2109.0,1.4655658390230946
2110.0,1.46577160864926
2111.0,1.4651476625681552
2112.0,1.4640957747689307
2113.0,1.4646036225732466
2114.0,1.465563585538348
2115.0,1.467869027409022
2116.0,1.469177727743061
2117.0,1.4712907681370557
2118.0,1.4724282882466972
2119.0,1.4726995075906764
2120.0,1.4722855865722444
2121.0,1.4699292680784954
2122.0,1.469897886714283
2123.0,1.4706162635176425
2124.0,1.4720501799183452
2125.0,1.477305448376707
2126.0,1.4785409865305572
2127.0,1.4756024715476608
2128.0,1.4745371451571396
2129.0,1.4750755236756385
2130.0,1.4738987533197896
2131.0,1.473617323837294
2132.0,1.4745192598857493
2133.0,1.4744341359429773
2134.0,1.4723590830328992
2135.0,1.4710844012685593
2136.0,1.470366814427757
2137.0,1.4698030054545823
2138.0,1.4677575166668382
2139.0,1.4679942278967315
2140.0,1.4720311318482668
2141.0,1.4724337864565809
2142.0,1.4714306836429618
2143.0,1.4706594596263465
2144.0,1.4688128104211466
2145.0,1.4673069527055886
2146.0,1.4677839079489794
2147.0,1.4669804637937582
2148.0,1.466023650794737
2149.0,1.4661561682560285
2150.0,1.4669536898210649
2151.0,1.4694988835943963
2152.0,1.468903452359713
2153.0,1.466405020308427
2154.0,1.465220992437481
2155.0,1.4617641618087713
2156.0,1.460306037730258
2157.0,1.4609032101310784
2158.0,1.4614689509530336
2159.0,1.46306817918925
2160.0,1.4636722309598877
2161.0,1.4653264448431689
2162.0,1.465221308075251
2163.0,1.4631607644530567
2164.0,1.4604469037750423
2165.0,1.4609435400046777
2166.0,1.461080589180824
2167.0,1.4614523094463625
2168.0,1.4637676394738093
2169.0,1.4624038945174995
2170.0,1.4610724868697103
2171.0,1.4598518991667593
2172.0,1.4570965221861458
2173.0,1.456524303049701
2174.0,1.4576123091962525
2175.0,1.4574273970989597
2176.0,1.4585027911212336
2177.0,1.4585375105580027
2178.0,1.4567758153704233
2179.0,1.4561497481924115
2180.0,1.4563814954962304
2181.0,1.4555694767697287
2182.0,1.4536065398305338
2183.0,1.4529543492540826
2184.0,1.452396188530566
2185.0,1.4520329315927023
2186.0,1.4522755965117116
2187.0,1.4545772399562518
2188.0,1.4555273901216128
2189.0,1.4566885335231738
2190.0,1.4592811962175536
2191.0,1.4576975520466082
2192.0,1.4543553444481079
2193.0,1.4518163446308003
2194.0,1.4490542554295638
2195.0,1.4435730696302882
2196.0,1.443721733916988
2197.0,1.4469126376442234
2198.0,1.4490342047307407
2199.0,1.456265060592567
2200.0,1.4575190248132972
2201.0,1.4544873555466729
2202.0,1.4535217894285903
2203.0,1.4496186636527642
2204.0,1.4484264159271676
2205.0,1.4479395521946674
2206.0,1.4518611371672336
2207.0,1.4539048723865604
2208.0,1.4538373026765212
2209.0,1.4549312368197083
2210.0,1.4526559039131397
2211.0,1.4490178397486786
2212.0,1.4470145543417843
2213.0,1.4474267391039533
2214.0,1.4471151188671536
2215.0,1.446626972980045
2216.0,1.4488157659434424
2217.0,1.448936038544646
2218.0,1.4464676532082623
2219.0,1.4465030387787408
2220.0,1.4479390149301001
2221.0,1.4479983833439138
2222.0,1.4486540568708344
2223.0,1.4484052417453683
2224.0,1.44629388526156
2225.0,1.446374332061028
2226.0,1.4462955199694658
2227.0,1.4473115290287584
2228.0,1.4517240753710927
2229.0,1.4535961375356377
2230.0,1.4553219410893075
2231.0,1.4563447373059044
2232.0,1.4575084198340595
2233.0,1.4536319048796646
2234.0,1.4499867031348248
2235.0,1.4486976506964584
2236.0,1.4487269192919905
2237.0,1.449775000340038
2238.0,1.4496910976897757
2239.0,1.4471730654840624
2240.0,1.4417764153589328
2241.0,1.4330932791445805
2242.0,1.426882878703832
2243.0,1.4245853172053324
2244.0,1.426050364483147
2245.0,1.4298488441530715
2246.0,1.43063377205361
2247.0,1.4334655308761632
2248.0,1.431841252731958
2249.0,1.4262282581402341
2250.0,1.4204278549610267
2251.0,1.4108346702640313
2252.0,1.4056054876089537
2253.0,1.399921801970207
2254.0,1.3970871637743503
2255.0,1.398660624751442
2256.0,1.3983156703063904
2257.0,1.3985862643209015
2258.0,1.3977551736935019
2259.0,1.3977006040081308
2260.0,1.3977208417601437
2261.0,1.398400012388396
2262.0,1.3955657624377549
2263.0,1.3912605279531522
2264.0,1.3842637312316115
2265.0,1.376892210390047
2266.0,1.3741009055743052
2267.0,1.3760772262151577
2268.0,1.3757979042668245
2269.0,1.3762092895529434
2270.0,1.3770159102981847
2271.0,1.3743149183829986
2272.0,1.374110021451867
2273.0,1.3745984309119599
2274.0,1.372897201077858
2275.0,1.3743515856790227
2276.0,1.3783594815820868
2277.0,1.3821011523942286
2278.0,1.3893044961992866
2279.0,1.3914087169227698
2280.0,1.3913548487986047
2281.0,1.3886278665230891
2282.0,1.379977690411063
2283.0,1.3752398386542288
2284.0,1.37100131714535
2285.0,1.370759919869033
2286.0,1.3722602987218753
2287.0,1.3744724618421138
2288.0,1.3808038194899679
2289.0,1.382699575640602
2290.0,1.3864614424216315
2291.0,1.3866493307177845
2292.0,1.3818568919679066
2293.0,1.3784164269201709
2294.0,1.3712268714088884
2295.0,1.365987516399943
2296.0,1.3617202785368079
2297.0,1.3585718601819854
2298.0,1.3568124756343534
2299.0,1.353704030277017
2300.0,1.3540211008885872
2301.0,1.3556835560246054
2302.0,1.3536805565936323
2303.0,1.3576200823563163
2304.0,1.3572480170781318
2305.0,1.3556588298108398
2306.0,1.3618445017431038
2307.0,1.3639926960612856
2308.0,1.3658966542355964
2309.0,1.3692453278389058
2310.0,1.3680710831086746
2311.0,1.3637701461479983
2312.0,1.361710799377111
2313.0,1.3635888552265225
2314.0,1.361632013911313
2315.0,1.362178256487903
2316.0,1.3648777353282184
2317.0,1.3636440811440371
2318.0,1.3664942588011892
2319.0,1.3712263664237836
2320.0,1.3756590470711136
2321.0,1.3814569977319113
2322.0,1.3869864777921899
2323.0,1.3937838262793463
2324.0,1.397667775254722
2325.0,1.401262514800272
2326.0,1.4009507790206632
2327.0,1.395888324311301
2328.0,1.3933122079967506
2329.0,1.3897678743081292
2330.0,1.3875633792408892
2331.0,1.386670680552615
2332.0,1.384061960119958
2333.0,1.3794627550912368
2334.0,1.3771968396883882
2335.0,1.3753428161378856
2336.0,1.3760836457824408
2337.0,1.3818428116745687
2338.0,1.3813511654044572
2339.0,1.3758337353030146
2340.0,1.374587265781524
2341.0,1.372619667346208
2342.0,1.373954363125543
2343.0,1.382854009207427
2344.0,1.3879131522333454
2345.0,1.3933316624172658
2346.0,1.39243643193141
2347.0,1.388155001505091
2348.0,1.3792202857188915
2349.0,1.3712380516757559
2350.0,1.3676414360026148
2351.0,1.36872797611098
2352.0,1.374586930228036
2353.0,1.383116144653393
2354.0,1.3826098035887573
2355.0,1.3803584067466674
2356.0,1.381702029336386
2357.0,1.3713905557817718
2358.0,1.3609501680983962
2359.0,1.3574872865296062
2360.0,1.3453065981473287
2361.0,1.344063217395858
2362.0,1.3481281878024487
2363.0,1.342885709042949
2364.0,1.348808666634066
2365.0,1.3463355113484772
2366.0,1.346850387034766
2367.0,1.3551265283934357
2368.0,1.351053222125207
2369.0,1.3533009871599837
2370.0,1.3462037802079336
2371.0,1.3386686482589334
2372.0,1.3406935267283626
2373.0,1.3361145381979012
2374.0,1.3407681145553993
2375.0,1.3376714874230378
2376.0,1.333775088917408
2377.0,1.3439470372296742
2378.0,1.3474671867172152
2379.0,1.3559150895505632
2380.0,1.364148697757574
2381.0,1.3597339681673102
2382.0,1.353671316932549
2383.0,1.3527380086233127
2384.0,1.3508380322059366
2385.0,1.347239070251428
2386.0,1.351393600436
2387.0,1.343676254279227
2388.0,1.3311337323889638
2389.0,1.3308340756598378
2390.0,1.3218564084470903
2391.0,1.3163640840345805
2392.0,1.3218139974268692
2393.0,1.3145062455323364
2394.0,1.3076396267434305
2395.0,1.315222831315112
2396.0,1.3133343150242405
2397.0,1.3046030199982828
2398.0,1.2986853532493248
2399.0,1.2710145256672436
2400.0,1.2463058981690442
2401.0,1.2545858136211487
2402.0,1.2617826746214544
2403.0,1.2793098264797884
2404.0,1.3044259994461889
2405.0,1.2953198505181205
2406.0,1.2910358335482561
2407.0,1.2941366080188332
2408.0,1.289617987358529
2409.0,1.3000061862926189
2410.0,1.301571242912919
2411.0,1.2982027610326574
2412.0,1.3003348550598832
2413.0,1.2907209150173655
2414.0,1.2858347272191433
2415.0,1.2869913124262529
2416.0,1.289281496560751
2417.0,1.3035910389904122
2418.0,1.3137262308542133
2419.0,1.2987106336475602
2420.0,1.281959272994963
2421.0,1.2708666734714236
2422.0,1.254065962123742
2423.0,1.2503103413643502
2424.0,1.2619402796745567
2425.0,1.2686169808754493
2426.0,1.2749769812242255
2427.0,1.2862139061088913
2428.0,1.2912044524736366
2429.0,1.2963511759564719
2430.0,1.2864175346377007
2431.0,1.2714163018343076
2432.0,1.2647521875276824
2433.0,1.2381066385604684
2434.0,1.2267840168530402
2435.0,1.2462159726164912
2436.0,1.2564682179549316
2437.0,1.2695830085246689
2438.0,1.2804630041830118
2439.0,1.2686546281766373
2440.0,1.2457930922069507
2441.0,1.2049709811874632
2442.0,1.1859575694618194
2443.0,1.1826332188622575
2444.0,1.180854176287978
2445.0,1.215737427749524
2446.0,1.2363819980173918
2447.0,1.2461529308553518
2448.0,1.251737278114937
2449.0,1.2360399717299144
2450.0,1.2317505649717693
2451.0,1.220695151662385
2452.0,1.2137077567600507
2453.0,1.2199315513628195
2454.0,1.2092388814029023
2455.0,1.2116111116104267
2456.0,1.1998926265753667
2457.0,1.1633106354836884
2458.0,1.1610584555190375
2459.0,1.1753439742751108
2460.0,1.1793583621109036
2461.0,1.1912040366869303
2462.0,1.200756269359827
2463.0,1.1740972368473326
2464.0,1.1610415309925088
2465.0,1.1898835919638588
2466.0,1.2018328787063495
2467.0,1.1922300476628827
2468.0,1.1852981063920627
2469.0,1.1702065345237789
2470.0,1.150729610713627
2471.0,1.1843909738535532
2472.0,1.197548929774168
2473.0,1.2141017676769823
2474.0,1.2078827524316464
2475.0,1.159312922047448
2476.0,1.1444532330356123
2477.0,1.1331766228581446
2478.0,1.1221934787210945
2479.0,1.1500072572483475
2480.0,1.1421097653493568
2481.0,1.0992452311740415
2482.0,1.0766336666867973
2483.0,1.0412551323509815
2484.0,1.0376134833674928
2485.0,1.0461130740012756
2486.0,1.0657628884963501
2487.0,1.1348316142007875
2488.0,1.151170642366069
2489.0,1.1553763060892075
2490.0,1.161353324789291
2491.0,1.1240102096012488
2492.0,1.1213974106943851
2493.0,1.154147346488965
2494.0,1.1602969981817743
2495.0,1.149262630058347
2496.0,1.1523692649449517
2497.0,1.1495344690646443
2498.0,1.1447143942863265
2499.0,1.1717113807134172
2500.0,1.1532782607880268
