350.0,-0.11729576777549997
351.0,-0.09131722261707753
352.0,-0.07978317201119187
353.0,-0.05899561873313838
354.0,-0.040491219558114425
355.0,-0.032147300546527355
356.0,-0.03572239203920388
357.0,-0.04879647818106976
358.0,0.011453295441462152
359.0,0.04633442809883527
360.0,-0.02463275381026172
361.0,-0.011025082944382932
362.0,-0.012936127187609881
363.0,-0.025155630006623565
364.0,0.0008188064679903817
365.0,0.0012994731933741695
366.0,-0.006672643098477309
367.0,-0.015303308859031223
368.0,-0.027060673913586148
369.0,0.002761448191995217
370.0,0.01675482094220007
371.0,0.008731843305796046
372.0,0.03455971599778557
373.0,0.03008770065463306
374.0,0.015095572016060226
375.0,0.006231573212684107
376.0,-0.009214805762689193
377.0,-0.007868317071072413
378.0,0.005702577132326069
379.0,0.018999966048448592
380.0,0.020970391534734702
381.0,0.011529758443728343
382.0,0.010126342895713248
383.0,0.02907879750478742
384.0,0.0254767893514567
385.0,0.031037304706870092
386.0,0.04019710479623756
387.0,0.030365939298955348
388.0,0.02625316449151011
389.0,0.0193956639053901
390.0,0.010158282478149417
391.0,0.008969066977781985
392.0,0.022495861685149415
393.0,0.03483117190831381
394.0,0.0364325132584645
395.0,0.030341328211026242
396.0,0.026247461809180167
397.0,0.023597419880712543
398.0,0.021312320682826576
399.0,0.023452012902771876
400.0,0.032503957231855396
401.0,0.039780238229073644
402.0,0.037750625515113
403.0,0.036859483154456245
404.0,0.03257197593654052
405.0,0.03020642176975729
406.0,0.03783833550103592
407.0,0.04032558410846833
408.0,0.04293226481598673
409.0,0.04509408909367819
410.0,0.039866438738551786
411.0,0.04071265998767901
412.0,0.04000773480739476
413.0,0.03599745951586764
414.0,0.042450363660615
415.0,0.04480578138025663
416.0,0.043436747083516754
417.0,0.04195985271164349
418.0,0.04101142012553961
419.0,0.03934496062636566
420.0,0.04113297370692531
421.0,0.049081063316847424
422.0,0.04468166312276637
423.0,0.04371783791555957
424.0,0.04700619050509175
425.0,0.04230087346166182
426.0,0.039548557592759666
427.0,0.04156564559125769
428.0,0.045774293917601065
429.0,0.04333479844489453
430.0,0.045093236636188735
431.0,0.04771253913112348
432.0,0.046689819962698595
433.0,0.04445551147278138
434.0,0.044243578907396934
435.0,0.04588524782478088
436.0,0.04724064548898841
437.0,0.045120932814561504
438.0,0.04495945520299462
439.0,0.04675067519736122
440.0,0.04545196035712581
441.0,0.045590766311164044
442.0,0.04571582796179956
443.0,0.04530100870799907
444.0,0.04734061185034795
445.0,0.046582184801826215
446.0,0.04542633372922314
447.0,0.046559744298740796
448.0,0.044910300764432774
449.0,0.04445203575703834
450.0,0.04583416305583369
451.0,0.04742058574739597
452.0,0.047509164893854976
453.0,0.047059926631113545
454.0,0.0465757467445283
455.0,0.045654065644225604
456.0,0.045320147847358
457.0,0.046486946558026765
458.0,0.048588520484373225
459.0,0.04740705804174196
460.0,0.04715277957150033
461.0,0.04755776136627382
462.0,0.0469153913660007
463.0,0.04603691917817173
464.0,0.04567859852416091
465.0,0.04652935038945532
466.0,0.04881830754485147
467.0,0.047356582804704894
468.0,0.04630936901342203
469.0,0.047691643303022745
470.0,0.04671938733603019
471.0,0.045914138727750305
472.0,0.04623018393286082
473.0,0.04752069869991958
474.0,0.047269021110944526
475.0,0.0468363959241744
476.0,0.04674739521278722
477.0,0.04684553295630621
478.0,0.04666964940876619
479.0,0.04782154744060093
480.0,0.04957204477575832
481.0,0.04751989461853935
482.0,0.04740872501028268
483.0,0.04783139300584816
484.0,0.046931454578195295
485.0,0.04784172464392242
486.0,0.04891718010414159
487.0,0.04910741513612432
488.0,0.04806016027606818
489.0,0.047653873687046135
490.0,0.04767262338593568
491.0,0.04744889424141315
492.0,0.04609312769053841
493.0,0.04705310152325039
494.0,0.047940739511090645
495.0,0.04709023251892734
496.0,0.04925483334343368
497.0,0.049811247798882796
498.0,0.048598013897401864
499.0,0.04764298548276989
500.0,0.04710945571048759
501.0,0.04770861961672286
502.0,0.04896754164510746
503.0,0.04911239522074096
504.0,0.04960166172267101
505.0,0.049371774898553475
506.0,0.04794935794470894
507.0,0.04777661844326378
508.0,0.04824249757964554
509.0,0.04887645288151892
510.0,0.04927995200619706
511.0,0.04938709150580393
512.0,0.049432127577074075
513.0,0.04933590470980208
514.0,0.04865850199627055
515.0,0.04887230386640663
516.0,0.048817526970654314
517.0,0.04793291113118377
518.0,0.048985539149485835
519.0,0.049812759374360555
520.0,0.04968362030341404
521.0,0.04881876257556975
522.0,0.04854219888922169
523.0,0.04904021370723629
524.0,0.04964845937814795
525.0,0.04888499792722407
526.0,0.04955415827453209
527.0,0.05009746469560638
528.0,0.049190091129135985
529.0,0.04926782947875124
530.0,0.049404629217461325
531.0,0.04943416070848783
532.0,0.04959092951176455
533.0,0.04995493162215772
534.0,0.050122378068110214
535.0,0.049962423158645526
536.0,0.04976346797500319
537.0,0.05011211777161086
538.0,0.050474190172223606
539.0,0.050307463684287956
540.0,0.05010478477011644
541.0,0.05004528369073104
542.0,0.050087384595800616
543.0,0.050071528611497225
544.0,0.05030227820411454
545.0,0.050236601041294356
546.0,0.04979611586452636
547.0,0.04981828743118991
548.0,0.049989905088457375
549.0,0.05017338683785793
550.0,0.050295368951243535
551.0,0.050403266747657306
552.0,0.05045478458702324
553.0,0.050411525317046034
554.0,0.0502950762396594
555.0,0.05098669928899799
556.0,0.051392188312061
557.0,0.051019533437539746
558.0,0.051318894345144105
559.0,0.0514579717310624
560.0,0.051231042182831185
561.0,0.05074854994997279
562.0,0.050551429845520406
563.0,0.05058913512820026
564.0,0.05080167328659683
565.0,0.051158532230274285
566.0,0.051539304893583875
567.0,0.05167978298900929
568.0,0.05153114261528241
569.0,0.051685048309297064
570.0,0.051614500735337444
571.0,0.051447598930750765
572.0,0.0515775277280002
573.0,0.05171964290709495
574.0,0.0518589807939578
575.0,0.05184473935618509
576.0,0.05129274607145204
577.0,0.051358439229014084
578.0,0.05180587354726698
579.0,0.052087514003159405
580.0,0.05205308559816185
581.0,0.05222843653390389
582.0,0.05246783356297295
583.0,0.05222857185248499
584.0,0.05219461985181271
585.0,0.05232784565542561
586.0,0.05249078357932033
587.0,0.05255814061537732
588.0,0.052671024019103015
589.0,0.05275132785174199
590.0,0.05269698895959793
591.0,0.05267142880383726
592.0,0.05258702558737502
593.0,0.05255552351403975
594.0,0.05286974764478213
595.0,0.053213171742438614
596.0,0.053105735442665246
597.0,0.05258291947655305
598.0,0.05316052097701559
599.0,0.053411765673954684
600.0,0.05335214416572859
601.0,0.05362799617905697
602.0,0.05382575414309824
603.0,0.053968568683807124
604.0,0.053986626584212515
605.0,0.05362446421204094
606.0,0.05337551111815996
607.0,0.05351584881576632
608.0,0.05402178608731424
609.0,0.05408591094343711
610.0,0.054138953141257856
611.0,0.05418649617297071
612.0,0.05395534669368821
613.0,0.05388363990029805
614.0,0.05410590079892627
615.0,0.054485143194293095
616.0,0.05441483862356767
617.0,0.054624419146661767
618.0,0.05504874356566644
619.0,0.05531504335102694
620.0,0.055112693910201654
621.0,0.05502727003020848
622.0,0.05517734653046693
623.0,0.05513618438748836
624.0,0.05522772368157204
625.0,0.05537694102994975
626.0,0.05548460382925792
627.0,0.055636039139917305
628.0,0.05578303702371033
629.0,0.05593981920707522
630.0,0.05612484801645582
631.0,0.05606733013676911
632.0,0.05608646324318284
633.0,0.05631038400517063
634.0,0.05648213423354747
635.0,0.056268940525507766
636.0,0.05612137180691836
637.0,0.056438705593292456
638.0,0.056282098076860215
639.0,0.05603328544144696
640.0,0.056105951108298836
641.0,0.05680846938560992
642.0,0.056931679731121634
643.0,0.0568999478613012
644.0,0.05716750053378754
645.0,0.05764152039412991
646.0,0.057588066927351314
647.0,0.05727164925253554
648.0,0.0573228229402681
649.0,0.05756131215195365
650.0,0.05784343338331409
651.0,0.05809686493210873
652.0,0.05834002435341713
653.0,0.0584160891533086
654.0,0.058316172574281275
655.0,0.05815937941113683
656.0,0.058315590437444706
657.0,0.05862860562334995
658.0,0.05892065279068711
659.0,0.05900255089799798
660.0,0.05867084705696505
661.0,0.05874825606131552
662.0,0.059398413593085335
663.0,0.05941790204215323
664.0,0.05955599505976901
665.0,0.05974076154615199
666.0,0.059750110350443045
667.0,0.05989848836428836
668.0,0.060026438535583565
669.0,0.06010381369963177
670.0,0.060234770812483816
671.0,0.06042609203903341
672.0,0.060651037284007385
673.0,0.060865087108264326
674.0,0.06101420206572879
675.0,0.060990591143505364
676.0,0.060954273391613405
677.0,0.0611229489077164
678.0,0.06113076759992049
679.0,0.061364712338735736
680.0,0.06184186997245705
681.0,0.0620406032251758
682.0,0.06211828205945744
683.0,0.06210982719032861
684.0,0.06208394422159681
685.0,0.062292551278095076
686.0,0.062489119143144436
687.0,0.0625952356612369
688.0,0.06267205910702352
689.0,0.06296225549633727
690.0,0.06311939717534484
691.0,0.06306860170945894
692.0,0.06335753885721712
693.0,0.06363204678183797
694.0,0.06372850109643069
695.0,0.0636603911098721
696.0,0.06395830611681298
697.0,0.06423546571656917
698.0,0.06434163560169706
699.0,0.06439440832821054
700.0,0.06474362725741131
701.0,0.06507227946044115
702.0,0.06517494074994103
703.0,0.06542767610868644
704.0,0.06550775240582683
705.0,0.06553697042198073
706.0,0.06576135789862043
707.0,0.06594518293942365
708.0,0.06610478885309932
709.0,0.06622073453316983
710.0,0.06621734756575286
711.0,0.06661914463077466
712.0,0.06693248494339651
713.0,0.06683196763103583
714.0,0.06728968425089386
715.0,0.06726382113072825
716.0,0.06706994913553299
717.0,0.0676127825852859
718.0,0.06783051173683141
719.0,0.06810914294226235
720.0,0.0685477226834435
721.0,0.06859570961176562
722.0,0.06872654126616132
723.0,0.06882972566718003
724.0,0.06877916428405995
725.0,0.06900160997893087
726.0,0.06934374334629055
727.0,0.06956008629738464
728.0,0.0694426801379666
729.0,0.06982115960476086
730.0,0.07040185738280133
731.0,0.07077396472281305
732.0,0.07058358742775321
733.0,0.07060401519718253
734.0,0.0709328681875639
735.0,0.07136804582670073
736.0,0.07154493013361338
737.0,0.07153637787297491
738.0,0.07156293635893539
739.0,0.0719057782098334
740.0,0.07210975880334575
741.0,0.07238498698588834
742.0,0.0728180142234883
743.0,0.07303140318990453
744.0,0.07292156313255878
745.0,0.07290004466558535
746.0,0.07336649771583996
747.0,0.07357647904392413
748.0,0.07379497924359499
749.0,0.07412697853117953
750.0,0.0744804635983962
751.0,0.07484203141998777
752.0,0.07500635677878238
753.0,0.074996294113288
754.0,0.07544319261389719
755.0,0.07579235313955908
756.0,0.07601320188786365
757.0,0.07624406592370714
758.0,0.07636466731532543
759.0,0.07658086447107533
760.0,0.07692382236015187
761.0,0.07723684377006496
762.0,0.07747316323971987
763.0,0.07769266831385425
764.0,0.07794714676578439
765.0,0.07823060266145485
766.0,0.0783480273841525
767.0,0.07845256976684159
768.0,0.07877765027496815
769.0,0.07917014134815274
770.0,0.07947814115978763
771.0,0.07970511166020952
772.0,0.08000434680807209
773.0,0.08042191837017924
774.0,0.08062912191453066
775.0,0.0805712593465699
776.0,0.08098484511786065
777.0,0.08123328136362225
778.0,0.08139737800144935
779.0,0.08174489714168866
780.0,0.08206412280651891
781.0,0.08232396863982794
782.0,0.0825210582257427
783.0,0.08268696156038426
784.0,0.08310463934496133
785.0,0.08348602792272886
786.0,0.08366168747794347
787.0,0.08387754376178067
788.0,0.08425157608292555
789.0,0.08460707240665662
790.0,0.08477626215714017
791.0,0.08514369795212415
792.0,0.08552836525868451
793.0,0.08582407434059934
794.0,0.08601705166556209
795.0,0.08623725207631883
796.0,0.08647194309122799
797.0,0.08675746623927308
798.0,0.08725277603720051
799.0,0.08768030995507639
800.0,0.0879947877588401
801.0,0.0882391337442263
802.0,0.0884801564188906
803.0,0.0888247736462801
804.0,0.08918117545177494
805.0,0.08938314466795785
806.0,0.08969558607345043
807.0,0.08999603382427547
808.0,0.0903301017657809
809.0,0.09098456751444488
810.0,0.09102278383512151
811.0,0.09090330642773838
812.0,0.09117059858084622
813.0,0.09172342242703119
814.0,0.09217342128622322
815.0,0.0925336805780159
816.0,0.09294963495695593
817.0,0.09320961945427388
818.0,0.09338764323178525
819.0,0.09364857736975873
820.0,0.09417101349915455
821.0,0.09443001976181899
822.0,0.09484158502696599
823.0,0.09553277774689839
824.0,0.0958581467913368
825.0,0.09612422375047523
826.0,0.0964042672556038
827.0,0.09670168951219336
828.0,0.09697912861312662
829.0,0.09740686378733707
830.0,0.09797510174205616
831.0,0.09851615247482486
832.0,0.09857576257546477
833.0,0.09869338022445207
834.0,0.09907327522173824
835.0,0.09945525241454574
836.0,0.10007777879066679
837.0,0.10066552908829504
838.0,0.10101497761090107
839.0,0.10126346898298962
840.0,0.10152131917836288
841.0,0.1017787975207641
842.0,0.10203436196414367
843.0,0.1024967182726776
844.0,0.10315246626808663
845.0,0.10370169063948069
846.0,0.10382552629470758
847.0,0.10437506582909455
848.0,0.10472514864197988
849.0,0.10479128358331209
850.0,0.10521436633484893
851.0,0.10561710940352179
852.0,0.10620549882392294
853.0,0.10686114475008107
854.0,0.1065964916875189
855.0,0.10687865111424262
856.0,0.10751187940743012
857.0,0.10793881241063973
858.0,0.10831795254911053
859.0,0.10895111344806296
860.0,0.10952337915219003
861.0,0.10958930868729715
862.0,0.11010663072099093
863.0,0.1105307257765141
864.0,0.11072162957108704
865.0,0.11102387545166485
866.0,0.11163893461830394
867.0,0.11213415177535124
868.0,0.11241672391996582
869.0,0.11305566219770694
870.0,0.11341847329545979
871.0,0.11369888947776811
872.0,0.11413122738549228
873.0,0.11446959602586756
874.0,0.11513034240710833
875.0,0.11571603543340117
876.0,0.11580706912994573
877.0,0.11625832890558532
878.0,0.11665305731029744
879.0,0.11704297660412026
880.0,0.11768476237250838
881.0,0.11797368779737631
882.0,0.11855329091838994
883.0,0.11929807292568906
884.0,0.11934535566631102
885.0,0.11982009074166759
886.0,0.12034551930966593
887.0,0.12066810802336764
888.0,0.12108130978504471
889.0,0.1217834021768416
890.0,0.12224545543568442
891.0,0.12234862921937655
892.0,0.12339495614213342
893.0,0.12360158793599482
894.0,0.12364731919877034
895.0,0.12445234818655952
896.0,0.12469124167519043
897.0,0.125071822682822
898.0,0.12570817202186535
899.0,0.12637131854723122
900.0,0.12670806166655452
901.0,0.1272820656952057
902.0,0.12789808940775746
903.0,0.12795376809421677
904.0,0.128352109945791
905.0,0.12884545093168295
906.0,0.12936124091584644
907.0,0.13008277380620115
908.0,0.1306001626316378
909.0,0.13111194922084612
910.0,0.1315779748044914
911.0,0.13153992887202087
912.0,0.13225554702505826
913.0,0.13286005530646694
914.0,0.13296673991878694
915.0,0.13398064352703484
916.0,0.1347484496527227
917.0,0.13522515817706146
918.0,0.13557349105182892
919.0,0.13562469684868048
920.0,0.13594087121380344
921.0,0.1366660769970375
922.0,0.13764659246084424
923.0,0.1384249081970925
924.0,0.13853200524001305
925.0,0.13862244938308055
926.0,0.1394878461398963
927.0,0.14008208633725747
928.0,0.140539674556407
929.0,0.14080470342050858
930.0,0.14090378659674743
931.0,0.1419872650204703
932.0,0.1427993762300274
933.0,0.14286050212621074
934.0,0.1425683174061804
935.0,0.14310674630604853
936.0,0.14427923258402536
937.0,0.14533233265458234
938.0,0.14544666899105535
939.0,0.14625869265609592
940.0,0.14720383422575628
941.0,0.14773396704688566
942.0,0.14774678815083736
943.0,0.14845449364369986
944.0,0.14938589001187977
945.0,0.15019139862589384
946.0,0.15096269503128534
947.0,0.15095050255493067
948.0,0.1510751280078417
949.0,0.15168339942391842
950.0,0.15196390612821822
951.0,0.1525135107412957
952.0,0.15347975247847617
953.0,0.15446745407949666
954.0,0.15448728497806133
955.0,0.15453678427706355
956.0,0.15503236564444497
957.0,0.1559431486428926
958.0,0.15672627416377005
959.0,0.15679565097154707
960.0,0.15735420258676217
961.0,0.1588201239459799
962.0,0.1594718583075445
963.0,0.16032411756796836
964.0,0.16080875587339621
965.0,0.16064796607732482
966.0,0.16076485649446315
967.0,0.16155140755757885
968.0,0.16233374133731807
969.0,0.1628596997692478
970.0,0.16425222558467964
971.0,0.1645556354737835
972.0,0.16431106517704594
973.0,0.16445715843989764
974.0,0.16529957550461485
975.0,0.16672526084931438
976.0,0.16795704977340717
977.0,0.16829271888739922
978.0,0.16753607240208993
979.0,0.16778936450776166
980.0,0.16858315083533382
981.0,0.16925701519116249
982.0,0.17009521637399658
983.0,0.17143675385101714
984.0,0.1724882888521467
985.0,0.1727400150257825
986.0,0.17266200307509727
987.0,0.17279742592859995
988.0,0.17350822172830774
989.0,0.17474851278676998
990.0,0.1759519268511587
991.0,0.17637511077018306
992.0,0.17729072574996307
993.0,0.17842943063386313
994.0,0.17731800195266598
995.0,0.17921232946339807
996.0,0.1798580986812176
997.0,0.17836629059093825
998.0,0.17948932279733418
999.0,0.18092237528677124
1000.0,0.18264487300923554
1001.0,0.1898607209415292
1002.0,0.19234490345459762
1003.0,0.19329157401506514
1004.0,0.19242849642083304
1005.0,0.19463532804980155
1006.0,0.1970056540540279
1007.0,0.1949074418086353
1008.0,0.1929847118790214
1009.0,0.19363915694310546
1010.0,0.19553558194700646
1011.0,0.19568859699229882
1012.0,0.19522654146550564
1013.0,0.19496605545754725
1014.0,0.19563513231499005
1015.0,0.19687210900059737
1016.0,0.19760957712808963
1017.0,0.19886351885100778
1018.0,0.2003479263850034
1019.0,0.20092032395266649
1020.0,0.20089028274178297
1021.0,0.20217459466046903
1022.0,0.2024842428048772
1023.0,0.20326756328899453
1024.0,0.20206324001089
1025.0,0.20172557113351638
1026.0,0.20303644762981618
1027.0,0.20240049034673263
1028.0,0.20380519785044351
1029.0,0.20484502276862776
1030.0,0.20582903154841406
1031.0,0.20664511662082585
1032.0,0.20899233076966237
1033.0,0.2096244851107844
1034.0,0.20897980443692307
1035.0,0.20821861502998168
1036.0,0.20703288286424915
1037.0,0.20603166751422292
1038.0,0.20713595938530632
1039.0,0.20811129894064337
1040.0,0.20953142264593574
1041.0,0.21206264855475937
1042.0,0.21382234004657316
1043.0,0.21599532304884966
1044.0,0.21941495391713414
1045.0,0.2213613941841635
1046.0,0.2206118751987001
1047.0,0.22046261057624228
1048.0,0.21857337949115554
1049.0,0.2170621802019541
1050.0,0.21867961101029937
1051.0,0.21862374245330296
1052.0,0.21802993613671368
1053.0,0.21933184467029374
1054.0,0.2204477191842028
1055.0,0.22236680631771097
1056.0,0.22394476025895388
1057.0,0.22667537074416136
1058.0,0.2276083991554811
1059.0,0.2283160755991427
1060.0,0.2288765951203708
1061.0,0.22862054545283078
1062.0,0.22830855711509354
1063.0,0.2277729732901823
1064.0,0.22880515389913403
1065.0,0.23111845907570638
1066.0,0.23244266510805692
1067.0,0.2336660495083035
1068.0,0.23384055867062087
1069.0,0.2335564329334169
1070.0,0.23505919440318615
1071.0,0.23592753728966992
1072.0,0.23696099468889784
1073.0,0.23775176614028162
1074.0,0.23821095544734905
1075.0,0.23816266068167424
1076.0,0.23899969138505942
1077.0,0.2385935029758465
1078.0,0.23902818281990443
1079.0,0.24084358459861188
1080.0,0.24183634369911447
1081.0,0.24378700417875943
1082.0,0.24542486890825155
1083.0,0.2455463654300707
1084.0,0.2460123228558022
1085.0,0.24580310006800843
1086.0,0.24638451887658894
1087.0,0.24707249881763213
1088.0,0.2487746721247853
1089.0,0.24913025980853784
1090.0,0.25052342245281195
1091.0,0.2523699440276904
1092.0,0.25218964345626543
1093.0,0.25243876129664977
1094.0,0.2527745352693217
1095.0,0.2530552245953675
1096.0,0.25432088708953576
1097.0,0.25592942957106235
1098.0,0.2577791631254268
1099.0,0.2588758394457871
1100.0,0.2591817805040431
1101.0,0.2595235695644044
1102.0,0.2595858542063092
1103.0,0.25961616457448333
1104.0,0.26034238208110627
1105.0,0.2605680476161479
1106.0,0.26103476487792526
1107.0,0.2626832856387228
1108.0,0.26349437849773183
1109.0,0.2640873931213969
1110.0,0.2662518301111227
1111.0,0.2681729812781184
1112.0,0.26896358283053234
1113.0,0.26944395553270917
1114.0,0.26996752641031135
1115.0,0.2689088182695172
1116.0,0.2690280536451636
1117.0,0.2703604212561882
1118.0,0.2713737849003527
1119.0,0.27256493776290197
1120.0,0.2732135509553885
1121.0,0.2745095282635842
1122.0,0.27480415481879494
1123.0,0.27464097357280537
1124.0,0.27571992247184074
1125.0,0.27718132828509573
1126.0,0.27931911245216157
1127.0,0.28089070010953043
1128.0,0.2831371253918362
1129.0,0.2841325170137848
1130.0,0.2835176655659587
1131.0,0.2841925890588986
1132.0,0.28558613351581374
1133.0,0.2864260278315096
1134.0,0.2872246165598524
1135.0,0.28854815971860803
1136.0,0.289440642728172
1137.0,0.289679134422673
1138.0,0.2907182308152203
1139.0,0.29174024879365174
1140.0,0.29243981203573494
1141.0,0.2929457250931261
1142.0,0.29361733061175854
1143.0,0.29453835039043835
1144.0,0.2951185445555309
1145.0,0.29518403364183665
1146.0,0.2961950539998924
1147.0,0.29775802507356386
1148.0,0.2988290506718206
1149.0,0.3006752894174334
1150.0,0.30137358501440525
1151.0,0.3010639937476659
1152.0,0.3011032319737172
1153.0,0.3012056344541724
1154.0,0.30179768656206596
1155.0,0.3022644073833843
1156.0,0.30339443094508595
1157.0,0.30451875776487825
1158.0,0.30578031479298
1159.0,0.3068082470074913
1160.0,0.3079360103096621
1161.0,0.30898074629141964
1162.0,0.30967936666785845
1163.0,0.3108324663538212
1164.0,0.3129917810362894
1165.0,0.31405828788997997
1166.0,0.31462621615129205
1167.0,0.31484292822086357
1168.0,0.31560598849532745
1169.0,0.3159651865375247
1170.0,0.31640832797153123
1171.0,0.3175442944970153
1172.0,0.3185772547590143
1173.0,0.31914111598905526
1174.0,0.3203032680615664
1175.0,0.3223463536210706
1176.0,0.32377945796584817
1177.0,0.3250101702351993
1178.0,0.326229635343588
1179.0,0.3274758870248715
1180.0,0.3284178087736969
1181.0,0.3292056004819679
1182.0,0.3299078929791696
1183.0,0.32978766395543446
1184.0,0.330275803570756
1185.0,0.3313002642722265
1186.0,0.33215793537141175
1187.0,0.33282828257296504
1188.0,0.3337459517910021
1189.0,0.33450472965609906
1190.0,0.33448531197515297
1191.0,0.3356088004357294
1192.0,0.337790042801322
1193.0,0.339199632035214
1194.0,0.3408735415132702
1195.0,0.34197055332167925
1196.0,0.34245785147438845
1197.0,0.3430436095061788
1198.0,0.343186644572289
1199.0,0.3437655129572687
1200.0,0.34474943237642913
1201.0,0.34567657139710883
1202.0,0.3467926548724737
1203.0,0.3479788655946909
1204.0,0.3488309420589003
1205.0,0.3492696493690883
1206.0,0.3498468874198016
1207.0,0.35013403780275826
1208.0,0.35101130587885276
1209.0,0.35203880035455826
1210.0,0.35322813753626825
1211.0,0.35506102649136595
1212.0,0.35646007273836333
1213.0,0.3578066513831867
1214.0,0.35906865099420515
1215.0,0.36038997462950756
1216.0,0.3613313026233592
1217.0,0.3619487427323213
1218.0,0.36232443798521746
1219.0,0.36294787107169624
1220.0,0.3631571766144332
1221.0,0.36407264888350416
1222.0,0.3657996312228853
1223.0,0.3665975438691981
1224.0,0.36714447636687414
1225.0,0.36796735596877567
1226.0,0.36818795988471914
1227.0,0.3690405360423087
1228.0,0.37083511113670975
1229.0,0.3718652698985195
1230.0,0.3726093085404607
1231.0,0.3734972314075826
1232.0,0.37416176276448887
1233.0,0.37463393680592905
1234.0,0.37590022849016014
1235.0,0.37741607661952364
1236.0,0.37854623811938765
1237.0,0.3800279934275473
1238.0,0.3806418300931562
1239.0,0.3802127723984553
1240.0,0.38094569267684736
1241.0,0.38186796522027894
1242.0,0.3827060844523601
1243.0,0.38416485832545694
1244.0,0.3853167857618852
1245.0,0.38609877714102425
1246.0,0.38704088046546425
1247.0,0.3881806861349217
1248.0,0.3892690550546891
1249.0,0.39018975012464874
1250.0,0.39112103108803564
1251.0,0.3921307087999045
1252.0,0.39318239291815776
1253.0,0.3942498003590548
1254.0,0.3953658976692048
1255.0,0.3963857232774736
1256.0,0.39741739048251384
1257.0,0.3984018021231343
1258.0,0.39919880160634685
1259.0,0.40018584756804176
1260.0,0.4012525518170345
1261.0,0.40237983658606874
1262.0,0.4039044145196832
1263.0,0.40479229348612333
1264.0,0.4053127248602876
1265.0,0.40599813228996817
1266.0,0.405932268091578
1267.0,0.40666301380640296
1268.0,0.40830714958979536
1269.0,0.4095566185160283
1270.0,0.41041580619869317
1271.0,0.41120101803406117
1272.0,0.4122600547204518
1273.0,0.4129316641268934
1274.0,0.4139208875869239
1275.0,0.415590284370005
1276.0,0.4166506172442257
1277.0,0.41721222052322865
1278.0,0.4180430738668522
1279.0,0.41901221492878576
1280.0,0.4198211669627782
1281.0,0.42036611936320367
1282.0,0.4212622517986866
1283.0,0.42211319287794313
1284.0,0.423224672524439
1285.0,0.4250536709640598
1286.0,0.4263469906397429
1287.0,0.4271393044624435
1288.0,0.4284969015001575
1289.0,0.42963234045521326
1290.0,0.43045550379160624
1291.0,0.43161853237083797
1292.0,0.4331044419278102
1293.0,0.4343895189908542
1294.0,0.4357748804254768
1295.0,0.4368162959099031
1296.0,0.43766179184241844
1297.0,0.4385768209111277
1298.0,0.43933011385693616
1299.0,0.44002659375248326
1300.0,0.440503797928571
1301.0,0.4414009293536088
1302.0,0.44239881548175936
1303.0,0.44339054276974604
1304.0,0.44480750814522785
1305.0,0.446065127759218
1306.0,0.44724389936355335
1307.0,0.448180668071352
1308.0,0.4493222726916634
1309.0,0.45052749190376506
1310.0,0.45180406707453236
1311.0,0.453344944805885
1312.0,0.45429013618976327
1313.0,0.45485931666521845
1314.0,0.45587137087481416
1315.0,0.45664008225525454
1316.0,0.45765152160379674
1317.0,0.45946141316031763
1318.0,0.46049317386717453
1319.0,0.4607854439049401
1320.0,0.461626973637388
1321.0,0.462366065628947
1322.0,0.4633295293959003
1323.0,0.46486199467217154
1324.0,0.466103686156412
1325.0,0.4674810720486156
1326.0,0.4685058802982513
1327.0,0.46931077733081256
1328.0,0.4697018284902348
1329.0,0.4706399204825641
1330.0,0.4715430461834809
1331.0,0.4724664296069009
1332.0,0.47376134090094535
1333.0,0.4748271319336856
1334.0,0.4755668877682262
1335.0,0.4765934257559758
1336.0,0.47797170089724794
1337.0,0.47900201148079846
1338.0,0.4799825858807222
1339.0,0.48079264745897154
1340.0,0.4811249886449637
1341.0,0.48192146625825844
1342.0,0.4826710624665173
1343.0,0.4837461836948342
1344.0,0.4856703161647571
1345.0,0.4869472154262093
1346.0,0.48799572591080176
1347.0,0.48893957151541206
1348.0,0.49011951462015874
1349.0,0.4910345602806582
1350.0,0.4921513143944803
1351.0,0.493731491722282
1352.0,0.4948744843777411
1353.0,0.4957610519412912
1354.0,0.4965909657944316
1355.0,0.49716208616789614
1356.0,0.4981272035626482
1357.0,0.499101503749493
1358.0,0.5001866341396923
1359.0,0.5018359033794485
1360.0,0.5029364282780778
1361.0,0.5034417423596216
1362.0,0.5044794192401904
1363.0,0.5056450974312345
1364.0,0.5067582441502082
1365.0,0.5082308353880571
1366.0,0.5095279762096107
1367.0,0.510492613445091
1368.0,0.5117406060811431
1369.0,0.5127526741599276
1370.0,0.5136784356174158
1371.0,0.5148127949243892
1372.0,0.5160143435039957
1373.0,0.5169075565441045
1374.0,0.5178938042991118
1375.0,0.5186926830611635
1376.0,0.5189482142752078
1377.0,0.5197933252951549
1378.0,0.5211054282862505
1379.0,0.5219755598974344
1380.0,0.5227732048097333
1381.0,0.5236186993835504
1382.0,0.5239865619865913
1383.0,0.5249402624465925
1384.0,0.5264546865562456
1385.0,0.527701401369265
1386.0,0.5292272780533073
1387.0,0.5304451551086433
1388.0,0.5313365093527084
1389.0,0.5322587572577165
1390.0,0.5329765620627948
1391.0,0.5340117833585067
1392.0,0.5346060313056825
1393.0,0.5350505466395121
1394.0,0.5355421345342497
1395.0,0.5356265325199311
1396.0,0.5363017902623906
1397.0,0.5372115662249624
1398.0,0.538296218887152
1399.0,0.5399379474057241
1400.0,0.5409783898263448
1401.0,0.5418960822073782
1402.0,0.5428035928853261
1403.0,0.5431469284451745
1404.0,0.5441356695565354
1405.0,0.5457628581066831
1406.0,0.5468374530003733
1407.0,0.5481122768080583
1408.0,0.5489215602123779
1409.0,0.548829411634092
1410.0,0.5493860879380185
1411.0,0.5500137229710192
1412.0,0.5508100466198176
1413.0,0.5520259644758266
1414.0,0.5532246065957807
1415.0,0.5543788930557749
1416.0,0.5555465130503207
1417.0,0.5566392296384648
1418.0,0.5578643450407657
1419.0,0.5586664549038018
1420.0,0.5591564244421354
1421.0,0.5598595222396394
1422.0,0.5602805820694684
1423.0,0.5610607875232693
1424.0,0.5622751949247704
1425.0,0.5630597614856533
1426.0,0.5635876938069896
1427.0,0.5645025109642207
1428.0,0.5652255226385976
1429.0,0.5663808871359591
1430.0,0.5682427466711442
1431.0,0.5696330266484961
1432.0,0.5711987645392308
1433.0,0.5723395773968463
1434.0,0.5728498518450913
1435.0,0.5737573900021611
1436.0,0.5744362416599516
1437.0,0.5754653020240932
1438.0,0.5768689632323525
1439.0,0.5784120264396185
1440.0,0.5798916322360144
1441.0,0.5814629769588117
1442.0,0.5825959685779889
1443.0,0.5834365036095777
1444.0,0.5844448033268178
1445.0,0.5851988671545434
1446.0,0.5861882035992094
1447.0,0.5873056690874588
1448.0,0.5885876601590596
1449.0,0.5901335494007619
1450.0,0.5912116593945598
1451.0,0.5922198086014837
1452.0,0.593264864775131
1453.0,0.5939992254934972
1454.0,0.5948965794551996
1455.0,0.596052077316918
1456.0,0.5970285154075773
1457.0,0.5978126481600322
1458.0,0.5985886477425407
1459.0,0.599429023684169
1460.0,0.600170916757696
1461.0,0.6005078483694616
1462.0,0.6013777712411429
1463.0,0.6023906754188013
1464.0,0.6036533375557704
1465.0,0.6056979548121342
1466.0,0.6071826226236008
1467.0,0.6087908330330454
1468.0,0.6097463765744111
1469.0,0.6104426680361361
1470.0,0.6114133850112244
1471.0,0.6124448114018023
1472.0,0.6135646655464644
1473.0,0.6147430648765294
1474.0,0.616096525799382
1475.0,0.6171711408964642
1476.0,0.6181120502752726
1477.0,0.6191806393184571
1478.0,0.620050439443877
1479.0,0.6212938286174154
1480.0,0.6229786231975998
1481.0,0.6242303375191504
1482.0,0.6255610229476838
1483.0,0.6265664991865485
1484.0,0.6270295640151666
1485.0,0.6279427833143609
1486.0,0.6287894351625982
1487.0,0.6299318943010758
1488.0,0.6315452585745441
1489.0,0.6328377532174725
1490.0,0.6341671700197533
1491.0,0.6354123618890083
1492.0,0.6363578117663066
1493.0,0.6375858796181834
1494.0,0.6391960849169809
1495.0,0.6403664694080262
1496.0,0.6413603206552949
1497.0,0.6423913108342227
1498.0,0.6429022444939394
1499.0,0.6438509425057152
1500.0,0.6453035516031772
1501.0,0.6465505996032811
1502.0,0.6476756935445268
1503.0,0.6490451461466602
1504.0,0.6501112819688869
1505.0,0.6510121065246134
1506.0,0.6518216827129535
1507.0,0.6523953077511176
1508.0,0.6533140438679949
1509.0,0.6541716656663198
1510.0,0.6551804148161745
1511.0,0.6565909907461522
1512.0,0.6576650857246689
1513.0,0.6585592520042776
1514.0,0.6596137694294834
1515.0,0.6606686348250049
1516.0,0.6617120569471738
1517.0,0.6628110408750291
1518.0,0.663863697002537
1519.0,0.6650608946335442
1520.0,0.6658869403074532
1521.0,0.6664051956785993
1522.0,0.6671350904094066
1523.0,0.6676351806294075
1524.0,0.6683077286024952
1525.0,0.6692119504505889
1526.0,0.6701534014615306
1527.0,0.6710243474294123
1528.0,0.6720851421141647
1529.0,0.6734777705088604
1530.0,0.6746699814245852
1531.0,0.6757907092558463
1532.0,0.6769707850279794
1533.0,0.6781767558123147
1534.0,0.6792963750087876
1535.0,0.680429327611406
1536.0,0.6815527491013893
1537.0,0.6827163406220512
1538.0,0.6834935437605238
1539.0,0.6847589717635962
1540.0,0.6859815028225142
1541.0,0.6874313872269376
1542.0,0.6891393922123913
1543.0,0.6906443029410623
1544.0,0.6923683888354365
1545.0,0.6934957847633894
1546.0,0.6941823051601909
1547.0,0.69526541286341
1548.0,0.6960219537980673
1549.0,0.6973293749907905
1550.0,0.6993138717216375
1551.0,0.7006404705287065
1552.0,0.7018689634223535
1553.0,0.7030356178797627
1554.0,0.7037871778283789
1555.0,0.7049174594535434
1556.0,0.7062828941866102
1557.0,0.707493358367068
1558.0,0.7087870501926701
1559.0,0.709945345369966
1560.0,0.7110046361969108
1561.0,0.7120409176147203
1562.0,0.7130224480955515
1563.0,0.7139719897756467
1564.0,0.7146608549729371
1565.0,0.7157471546604878
1566.0,0.7170460199254379
1567.0,0.7182896868130698
1568.0,0.7198491277389406
1569.0,0.7211790479277096
1570.0,0.722351152935075
1571.0,0.7235125209356772
1572.0,0.724638141725839
1573.0,0.7257346614357091
1574.0,0.7267326870295314
1575.0,0.7277742125398735
1576.0,0.7288415622275899
1577.0,0.7298570647644693
1578.0,0.7309318872983301
1579.0,0.7318569377759291
1580.0,0.7326103212665285
1581.0,0.733428579580542
1582.0,0.7339535244192595
1583.0,0.7348752418777943
1584.0,0.7364181260172056
1585.0,0.7374314367439517
1586.0,0.7383358764925864
1587.0,0.7392413558679357
1588.0,0.7394513995763902
1589.0,0.7401670402965285
1590.0,0.7411556292247395
1591.0,0.7426271589902725
1592.0,0.7435717531909383
1593.0,0.7445730465364601
1594.0,0.7454541337316251
1595.0,0.7458808734637192
1596.0,0.747021830827007
1597.0,0.7486380754890953
1598.0,0.7497520368171906
1599.0,0.7510090414219145
1600.0,0.7519506860336407
1601.0,0.7524825604212051
1602.0,0.7531930656102002
1603.0,0.7539368934941979
1604.0,0.7546111760432628
1605.0,0.7550521044142452
1606.0,0.7559165688235097
1607.0,0.7568270028032383
1608.0,0.7581096022495468
1609.0,0.759950879830161
1610.0,0.7613072636922753
1611.0,0.7627186426190621
1612.0,0.764000293405225
1613.0,0.7650242090661554
1614.0,0.7660711502355909
1615.0,0.7671594933186121
1616.0,0.7681553725030723
1617.0,0.7688244447066399
1618.0,0.7699318398606262
1619.0,0.7714073706311421
1620.0,0.7725008210219596
1621.0,0.7736860757444637
1622.0,0.7746496738296623
1623.0,0.7751428815436302
1624.0,0.7759910873763789
1625.0,0.7769720264448603
1626.0,0.7779476410271534
1627.0,0.7790979810314896
1628.0,0.7800533450962093
1629.0,0.7807862153908083
1630.0,0.7817929806702757
1631.0,0.7828112382406229
1632.0,0.7839531201391475
1633.0,0.7854349171751758
1634.0,0.7867076591510985
1635.0,0.7882090989207579
1636.0,0.7890738205313256
1637.0,0.7894288333498395
1638.0,0.790000775427485
1639.0,0.790144057316863
1640.0,0.7905772075899588
1641.0,0.7912944006792203
1642.0,0.791971622616174
1643.0,0.7925736417895503
1644.0,0.7933426142152926
1645.0,0.7942674584866369
1646.0,0.7952545840207875
1647.0,0.7964430185588623
1648.0,0.7974342863562749
1649.0,0.7983857114217286
1650.0,0.7993650911488308
1651.0,0.8002243916623393
1652.0,0.8011315232587278
1653.0,0.8021419580936284
1654.0,0.8030825400777466
1655.0,0.8039360165457369
1656.0,0.8048507087912146
1657.0,0.8059302989686935
1658.0,0.8067507635982327
1659.0,0.8072104310804517
1660.0,0.8081077502551427
1661.0,0.8093368005993888
1662.0,0.8101058239777886
1663.0,0.8108276514993019
1664.0,0.8116361144747741
1665.0,0.8118360651290587
1666.0,0.8126142538021408
1667.0,0.8141803380368289
1668.0,0.8153185605218235
1669.0,0.8166659277168472
1670.0,0.8175123713256084
1671.0,0.8174765568404776
1672.0,0.8181392741215703
1673.0,0.8186278129850499
1674.0,0.8196553697655818
1675.0,0.8219617912739942
1676.0,0.8233944120913143
1677.0,0.8244664529382545
1678.0,0.8256716248489401
1679.0,0.8263547076865951
1680.0,0.8273643419839788
1681.0,0.829052987005466
1682.0,0.8301383277342523
1683.0,0.8308128864807408
1684.0,0.8316325623823074
1685.0,0.8321059343729907
1686.0,0.8328060369618921
1687.0,0.8335047254915433
1688.0,0.834628989496199
1689.0,0.836179673262755
1690.0,0.8374619026745816
1691.0,0.8392093461857472
1692.0,0.8404778120474017
1693.0,0.841193056644131
1694.0,0.8421515467882165
1695.0,0.8425884549438171
1696.0,0.8438358915293604
1697.0,0.8459090535737427
1698.0,0.8473899420617722
1699.0,0.8491844878196255
1700.0,0.8507191142161104
1701.0,0.8515163594729626
1702.0,0.8527230405442948
1703.0,0.8545768499272843
1704.0,0.8557849502310219
1705.0,0.8565949786547162
1706.0,0.8574653432979037
1707.0,0.8580027880997165
1708.0,0.8585481621208957
1709.0,0.8590491675804963
1710.0,0.8597045389139759
1711.0,0.8601513184579862
1712.0,0.8609433652259887
1713.0,0.8622458482842537
1714.0,0.8633012840559274
1715.0,0.8645231361503324
1716.0,0.865349981271542
1717.0,0.8656402254882697
1718.0,0.8664977183719723
1719.0,0.8672203910699857
1720.0,0.8684723520877001
1721.0,0.8709886116802572
1722.0,0.8721677310323713
1723.0,0.8725367838865803
1724.0,0.8734157247281373
1725.0,0.8737766092034539
1726.0,0.8744156019300704
1727.0,0.8759063623767194
1728.0,0.8766827396744291
1729.0,0.876593516117563
1730.0,0.8773349928596191
1731.0,0.8784832582518293
1732.0,0.879354826914836
1733.0,0.880698539217104
1734.0,0.8815716810036435
1735.0,0.8814894817572371
1736.0,0.8823668345764971
1737.0,0.8836230542930434
1738.0,0.8849705871465848
1739.0,0.8871673263465698
1740.0,0.88851053353638
1741.0,0.8896540219636744
1742.0,0.8902775562225823
1743.0,0.8899352823998258
1744.0,0.8905289922904894
1745.0,0.8912453056936648
1746.0,0.8919625902147522
1747.0,0.89336769754757
1748.0,0.8942887306404892
1749.0,0.8946232659076054
1750.0,0.8955395007307978
1751.0,0.8964732305839492
1752.0,0.8977381786468399
1753.0,0.8996323291440299
1754.0,0.901243950561208
1755.0,0.9025585914097526
1756.0,0.9030600435520931
1757.0,0.9032265596400837
1758.0,0.90329333838163
1759.0,0.9033799744343911
1760.0,0.9037549619714548
1761.0,0.9039706564448157
1762.0,0.9042345097702579
1763.0,0.9045778199427849
1764.0,0.9048689392769579
1765.0,0.9057180071711322
1766.0,0.9066243952216185
1767.0,0.9074700057527203
1768.0,0.9092759757562472
1769.0,0.9109285712329391
1770.0,0.9116801661678766
1771.0,0.9122756754188397
1772.0,0.9120665340431235
1773.0,0.9118560227087074
1774.0,0.9128243021294239
1775.0,0.9145414697249091
1776.0,0.9162354414051607
1777.0,0.9172003550611982
1778.0,0.9183333504579038
1779.0,0.919229864236246
1780.0,0.9197007684269787
1781.0,0.921004609536898
1782.0,0.9220799412738888
1783.0,0.922472651037306
1784.0,0.9230642146688556
1785.0,0.9236112817367901
1786.0,0.9243546414386772
1787.0,0.9256970648816795
1788.0,0.9274289564358849
1789.0,0.9285752198865734
1790.0,0.9289078399856139
1791.0,0.9292042372880442
1792.0,0.9285589166915392
1793.0,0.9293407263822266
1794.0,0.9308633082210761
1795.0,0.9319572478385557
1796.0,0.9338984178835423
1797.0,0.9349086200273944
1798.0,0.9350258687395114
1799.0,0.9354397885203632
1800.0,0.9360311580928569
1801.0,0.9345591020484825
1802.0,0.9335205923573918
1803.0,0.9324967520291132
1804.0,0.9330829038131783
1805.0,0.9328702413676516
1806.0,0.9341068768078692
1807.0,0.9380330038738053
1808.0,0.9397900748121196
1809.0,0.9405154271357796
1810.0,0.9419185754346404
1811.0,0.9430498845852227
1812.0,0.9446341358738329
1813.0,0.9468824325720215
1814.0,0.9471582170176358
1815.0,0.9482432412826537
1816.0,0.9497359525943082
1817.0,0.9498197865633777
1818.0,0.9489935189974372
1819.0,0.949053997093832
1820.0,0.9469910650159323
1821.0,0.947523242131259
1822.0,0.9500328361515762
1823.0,0.9529058441888003
1824.0,0.9566186632170269
1825.0,0.960026165284661
1826.0,0.9613079129196916
1827.0,0.96056981715487
1828.0,0.9610021992190474
1829.0,0.9598824871838156
1830.0,0.9600586640044371
1831.0,0.9617913848374507
1832.0,0.9626760099620103
1833.0,0.962379250241659
1834.0,0.9627207957410888
1835.0,0.9636047129169697
1836.0,0.9642254446475212
1837.0,0.9657202637970581
1838.0,0.9688943890995947
1839.0,0.970686110316751
1840.0,0.9722594456193171
1841.0,0.9736934760838489
1842.0,0.9740215506156488
1843.0,0.9741492581197214
1844.0,0.9740668221258941
1845.0,0.974736898882423
1846.0,0.9761118989273742
1847.0,0.978494477691939
1848.0,0.9800875709009558
1849.0,0.9832517582699063
1850.0,0.9838396553795357
1851.0,0.9823048175300954
1852.0,0.9821175439195685
1853.0,0.9812639166488534
1854.0,0.9784100896612731
1855.0,0.9779205664784069
1856.0,0.9779899561136479
1857.0,0.9793495062237351
1858.0,0.9835512535342003
1859.0,0.9856343355004197
1860.0,0.9879517073297174
1861.0,0.9895314735563229
1862.0,0.9902985490766961
1863.0,0.9884835292524952
1864.0,0.989253213788896
1865.0,0.9902027276799111
1866.0,0.9897032982435305
1867.0,0.9900478801519548
1868.0,0.9897411124981466
1869.0,0.9880408575462991
1870.0,0.9877125356754947
1871.0,0.9881125003588325
1872.0,0.9883469685020668
1873.0,0.987529337465641
1874.0,0.9872853546511767
1875.0,0.9870965105668217
1876.0,0.9860103635249687
1877.0,0.9854810955979555
1878.0,0.9848466396014299
1879.0,0.9844999094204309
1880.0,0.9839882316682327
1881.0,0.9835194038790535
1882.0,0.9835188523240841
1883.0,0.9834366091662017
1884.0,0.9824036693268493
1885.0,0.9817474637407922
1886.0,0.982019741335616
1887.0,0.9800284299798622
1888.0,0.9775023483099596
1889.0,0.9738892823407155
1890.0,0.9699357292267817
1891.0,0.9639275078347552
1892.0,0.9607656937818572
1893.0,0.9578672259982981
1894.0,0.9556282308036743
1895.0,0.9530417849447114
1896.0,0.9488424144009554
1897.0,0.9463414893671531
1898.0,0.9424243530774046
1899.0,0.939948429425307
1900.0,0.93879806013304
1901.0,0.9356223842465482
1902.0,0.9310088450431558
1903.0,0.9272434334712442
1904.0,0.9229261114333301
1905.0,0.918916154078338
1906.0,0.9168485146395983
1907.0,0.9148664450483783
1908.0,0.9131034495341258
1909.0,0.9115069185602801
1910.0,0.9104898777449216
1911.0,0.9087269638325802
1912.0,0.9062617501948406
1913.0,0.9046693126985732
1914.0,0.9031119631213781
1915.0,0.9017663550952052
1916.0,0.9018210428809065
1917.0,0.9025825371860998
1918.0,0.9035337735609026
1919.0,0.9040186250344188
1920.0,0.9041641702061253
1921.0,0.9046939944558171
1922.0,0.9050941048241853
1923.0,0.9062099481133179
1924.0,0.9069644631508382
1925.0,0.9077236899155963
1926.0,0.9083813156466627
1927.0,0.9083920483971089
1928.0,0.9073954006330446
1929.0,0.9067204507325134
1930.0,0.9061914027220616
1931.0,0.9073555176286364
1932.0,0.9096138386997713
1933.0,0.9124329678332793
1934.0,0.9152679869007488
1935.0,0.9173838738482237
1936.0,0.9196919821908759
1937.0,0.9206994987102206
1938.0,0.920453368718322
1939.0,0.9198864670796432
1940.0,0.9199523766253496
1941.0,0.9193829028596548
1942.0,0.9199295969663085
1943.0,0.9223811355031851
1944.0,0.92494542264352
1945.0,0.9279690725062739
1946.0,0.9316080565105705
1947.0,0.9340558805896807
1948.0,0.9360036401654096
1949.0,0.9373610659992153
1950.0,0.9384912670505609
1951.0,0.9383343390164107
1952.0,0.9386415320311744
1953.0,0.9391643497959667
1954.0,0.9386757555907186
1955.0,0.9396795579007986
1956.0,0.940380765408356
1957.0,0.9399337803379131
1958.0,0.9406704339623735
1959.0,0.9419401749414967
1960.0,0.9431005434449931
1961.0,0.9450510364307858
1962.0,0.9485640429595593
1963.0,0.9513888952245603
1964.0,0.9527479606036284
1965.0,0.954878818336361
1966.0,0.9559446158913145
1967.0,0.9561524796146555
1968.0,0.9574319066838981
1969.0,0.9582678940890743
1970.0,0.9599825753975287
1971.0,0.9625422421001241
1972.0,0.9644984824595596
1973.0,0.9665839321335054
1974.0,0.9686072968837388
1975.0,0.9699855292181093
1976.0,0.9720065280006265
1977.0,0.9751393253414818
1978.0,0.9771395227704677
1979.0,0.9798512515434924
1980.0,0.9817766625877105
1981.0,0.9818327965952799
1982.0,0.9828027082040085
1983.0,0.9841355123867936
1984.0,0.9853061009399945
1985.0,0.986996866969981
1986.0,0.9904378612402545
1987.0,0.9923400477111078
1988.0,0.9935693169321943
1989.0,0.9949203651476733
1990.0,0.9952066765177016
1991.0,0.9945127717926419
1992.0,0.9956261311916541
1993.0,0.9967976462954292
1994.0,0.9979749028222349
1995.0,1.0004351203977349
1996.0,1.002002569762726
1997.0,1.003091288966553
1998.0,1.0039208220192122
1999.0,1.00416048438055
2000.0,1.0049012931000731
2001.0,1.00510052882985
2002.0,1.0057127696900257
2003.0,1.0096649512755034
2004.0,1.01244209801841
2005.0,1.0151259272456608
2006.0,1.0178275285517089
2007.0,1.0170746988588812
2008.0,1.0176060823267825
2009.0,1.018806835410087
2010.0,1.020547691642728
2011.0,1.0215318401712339
2012.0,1.0227225489070084
2013.0,1.024293257926545
2014.0,1.0251915532982998
2015.0,1.0271243693855847
2016.0,1.031083856239296
2017.0,1.034127659525827
2018.0,1.0354648378713518
2019.0,1.0375931691166467
2020.0,1.0397288279640622
2021.0,1.0397684132785632
2022.0,1.0405486498386263
2023.0,1.041713290929281
2024.0,1.0427274123384154
2025.0,1.0432236693154378
2026.0,1.0444513058483356
2027.0,1.0464906961473834
2028.0,1.0477177810770846
2029.0,1.0487865500863343
2030.0,1.049119427219218
2031.0,1.0497074852744288
2032.0,1.050273806127784
2033.0,1.0507470032273105
2034.0,1.0514971331740162
2035.0,1.0527723325838172
2036.0,1.0541682369061853
2037.0,1.0555655399337267
2038.0,1.0574864058352815
2039.0,1.0587408468153825
2040.0,1.0597498700232975
2041.0,1.0611562354999662
2042.0,1.062674057589664
2043.0,1.0636937761103196
2044.0,1.0648899559737401
2045.0,1.0647694210412975
2046.0,1.0659438425213867
2047.0,1.0669286911515796
2048.0,1.0682612787716705
2049.0,1.070708830169329
2050.0,1.0697218656722953
2051.0,1.0697324051855277
2052.0,1.0713226471473836
2053.0,1.0736941942532774
2054.0,1.0757214019741324
2055.0,1.080299537808322
2056.0,1.0824325212629575
2057.0,1.0827773879314253
2058.0,1.0830890764228254
2059.0,1.0827815137851124
2060.0,1.08222307429375
2061.0,1.0807931394309132
2062.0,1.0808165566523726
2063.0,1.0813970363615575
2064.0,1.0825776522775499
2065.0,1.0844518357869293
2066.0,1.086787336622132
2067.0,1.0876425978595152
2068.0,1.0873690971215841
2069.0,1.0873187543748444
2070.0,1.085772973372906
2071.0,1.0856494406053951
2072.0,1.0860539655224397
2073.0,1.0872249197719384
2074.0,1.088902085551536
2075.0,1.0918254306664499
2076.0,1.0948171918481726
2077.0,1.0982987637678872
2078.0,1.0999676404153558
2079.0,1.0996564102488822
2080.0,1.0988943414960062
2081.0,1.0972114727035658
2082.0,1.0971559567026374
2083.0,1.0982116962518464
2084.0,1.099129396396705
2085.0,1.100341478091212
2086.0,1.102007670300236
2087.0,1.1052216922622555
2088.0,1.106101750456875
2089.0,1.1060674774796426
2090.0,1.1062051614919512
2091.0,1.1062922027917692
2092.0,1.1059974061040474
2093.0,1.107089416528531
2094.0,1.109725957554501
2095.0,1.1104727190810408
2096.0,1.110146970167601
2097.0,1.1109956890669195
2098.0,1.1119074671687679
2099.0,1.1138850136153382
2100.0,1.1178189898372393
2101.0,1.1192377903550095
2102.0,1.1203283918001468
2103.0,1.1205348655294862
2104.0,1.1180362838406928
2105.0,1.117783565606358
2106.0,1.1187004050447682
2107.0,1.118930615242282
2108.0,1.1195923218319093
2109.0,1.1198263800395936
2110.0,1.119253698102058
2111.0,1.1201122729879014
2112.0,1.122994235189589
2113.0,1.1251974603970523
2114.0,1.126272549980329
2115.0,1.1284719185842869
2116.0,1.1273173420040377
2117.0,1.1212474871815528
2118.0,1.1207774105287727
2119.0,1.1206032694025114
2120.0,1.1216131425859857
2121.0,1.1277952873107078
2122.0,1.1299646013478506
2123.0,1.1308023027618723
2124.0,1.1314463784229576
2125.0,1.1305439822036816
2126.0,1.1298154766592547
2127.0,1.12927537431585
2128.0,1.128172729816392
2129.0,1.1286891047904488
2130.0,1.129598647154948
2131.0,1.1320454378640477
2132.0,1.1345938970391456
2133.0,1.1360936347194832
2134.0,1.1372657462053102
2135.0,1.138500828119407
2136.0,1.139422568191879
2137.0,1.1392006214679842
2138.0,1.1381475200082758
2139.0,1.1379004410362774
2140.0,1.1369496830966546
2141.0,1.1369036858515762
2142.0,1.1384948073259606
2143.0,1.1387089710068437
2144.0,1.137905924615356
2145.0,1.1355958957725192
2146.0,1.1351129700967275
2147.0,1.1344153112605817
2148.0,1.1335844840712839
2149.0,1.1345615067272223
2150.0,1.1336797257136484
2151.0,1.1334689189928906
2152.0,1.1337848163016466
2153.0,1.1353732569169888
2154.0,1.1353913108220928
2155.0,1.1349804066516662
2156.0,1.1351584574672364
2157.0,1.1349659611626284
2158.0,1.1346279512384383
2159.0,1.133995357313654
2160.0,1.1341770883938018
2161.0,1.1341744330121057
2162.0,1.1351746713482538
2163.0,1.1381754542706934
2164.0,1.1407283403608213
2165.0,1.139970479894225
2166.0,1.1393446100800289
2167.0,1.1380445823015293
2168.0,1.136977737342026
2169.0,1.1369161675189827
2170.0,1.1368549806139463
2171.0,1.1370789133970016
2172.0,1.1367840569849046
2173.0,1.13698115845822
2174.0,1.1382263780851862
2175.0,1.1394148519730618
2176.0,1.1410290123364868
2177.0,1.1416597822058963
2178.0,1.1425782152995454
2179.0,1.1420225623998677
2180.0,1.1397733015971763
2181.0,1.1379366092184169
2182.0,1.1344145663300145
2183.0,1.1330997391318443
2184.0,1.1333454499441742
2185.0,1.1328443379517932
2186.0,1.1330059291740329
2187.0,1.1335200363592544
2188.0,1.1314806062789158
2189.0,1.131194875457457
2190.0,1.1315625842373631
2191.0,1.1310949279806175
2192.0,1.1323571161908108
2193.0,1.1334652825028713
2194.0,1.1349592757893547
2195.0,1.1370660119446394
2196.0,1.1399248276005207
2197.0,1.1445694360787868
2198.0,1.1465625602345684
2199.0,1.1478372422552776
2200.0,1.1483077207271948
2201.0,1.14546669071415
2202.0,1.1447579719201482
2203.0,1.146148694747959
2204.0,1.146520369755854
2205.0,1.1465673328178345
2206.0,1.1465267758819806
2207.0,1.1484693956900207
2208.0,1.148639472350407
2209.0,1.1476247972641411
2210.0,1.1480444337706852
2211.0,1.145426489584443
2212.0,1.142739481295122
2213.0,1.1429012011761177
2214.0,1.1429617241313237
2215.0,1.145182223680273
2216.0,1.1458730707412266
2217.0,1.1459203705936158
2218.0,1.1447850434337539
2219.0,1.1452040234158951
2220.0,1.146159890394105
2221.0,1.146800695698987
2222.0,1.1488388919835313
2223.0,1.1486498468842905
2224.0,1.146278863217792
2225.0,1.1444779260632127
2226.0,1.1402096039112841
2227.0,1.1402083516504502
2228.0,1.143437075743741
2229.0,1.1448525960429945
2230.0,1.1497873001662169
2231.0,1.1511592435563607
2232.0,1.1491330537790059
2233.0,1.1468431284695286
2234.0,1.1474902229281887
2235.0,1.1452964956196763
2236.0,1.1471438398667844
2237.0,1.1509625892702577
2238.0,1.1512924894664607
2239.0,1.1537119210298383
2240.0,1.1538467473155751
2241.0,1.1550330274487957
2242.0,1.1579665445851082
2243.0,1.1585132970596796
2244.0,1.1625855530893339
2245.0,1.1631762885177899
2246.0,1.162244781124454
2247.0,1.1600186890774238
2248.0,1.1582686002775706
2249.0,1.1533680444032561
2250.0,1.1514159511598407
2251.0,1.1511045707539784
2252.0,1.1501760676355695
2253.0,1.149184533302995
2254.0,1.1489610256165652
2255.0,1.1493601661517225
2256.0,1.1497991450483054
2257.0,1.1506873030629776
2258.0,1.1525234978859238
2259.0,1.1556786326436457
2260.0,1.157443619318794
2261.0,1.1594748957462224
2262.0,1.1610507231463079
2263.0,1.160439149999819
2264.0,1.1585385772875947
2265.0,1.1571284585786006
2266.0,1.1573865668278782
2267.0,1.160616108360369
2268.0,1.1639774710352413
2269.0,1.1682208111148997
2270.0,1.1718614985433953
2271.0,1.1723741365792297
2272.0,1.1726600082313483
2273.0,1.170878181947817
2274.0,1.1667148893660078
2275.0,1.1623793613240172
2276.0,1.1609939533409706
2277.0,1.1587985669515992
2278.0,1.1568348957184096
2279.0,1.1562034609089837
2280.0,1.1546106855824327
2281.0,1.1549295111327205
2282.0,1.1581079415545994
2283.0,1.1602615744256852
2284.0,1.166134784975384
2285.0,1.1660485054809389
2286.0,1.161956908626625
2287.0,1.1590490447224906
2288.0,1.1504230095532442
2289.0,1.1476965067567282
2290.0,1.1493416994924204
2291.0,1.1511715176845985
2292.0,1.1558597243767494
2293.0,1.1585711962170078
2294.0,1.1615318915458737
2295.0,1.1633855784996536
2296.0,1.164016463779611
2297.0,1.1647514745442504
2298.0,1.1660716865662182
2299.0,1.1649549122290326
2300.0,1.1628317666328458
2301.0,1.164664437554617
2302.0,1.1658293542383957
2303.0,1.1619677090502019
2304.0,1.1610490563173315
2305.0,1.159108423968291
2306.0,1.1563525987108878
2307.0,1.162352187173156
2308.0,1.1649623198630383
2309.0,1.1661207250283154
2310.0,1.1620849947619847
2311.0,1.156271102595731
2312.0,1.1577989184877113
2313.0,1.1530636003299548
2314.0,1.153129756595667
2315.0,1.1560954389636968
2316.0,1.1521046425256416
2317.0,1.1553522830350846
2318.0,1.159972896031456
2319.0,1.159356991195494
2320.0,1.1626034767742732
2321.0,1.1661079830158514
2322.0,1.170713021540799
2323.0,1.180552095588932
2324.0,1.185863649769406
2325.0,1.190860243541119
2326.0,1.1919721376543904
2327.0,1.1888274414878355
2328.0,1.1841228096832277
2329.0,1.174053887339373
2330.0,1.1690125333716108
2331.0,1.1616652767358453
2332.0,1.1597607479670535
2333.0,1.1654567366859043
2334.0,1.168781697205904
2335.0,1.1762402659404283
2336.0,1.1792588510964745
2337.0,1.1788982310358642
2338.0,1.1770015099543782
2339.0,1.169465409364279
2340.0,1.1688508371527337
2341.0,1.1706502410826862
2342.0,1.1721443103414364
2343.0,1.1796785681176536
2344.0,1.1807303063150638
2345.0,1.178370671832926
2346.0,1.1776469874994504
2347.0,1.1756824809635067
2348.0,1.1706128063504382
2349.0,1.1714703228014192
2350.0,1.1715437001435967
2351.0,1.1661602356317502
2352.0,1.1669091722137233
2353.0,1.1659086453788188
2354.0,1.1680314820811597
2355.0,1.1848482223742076
2356.0,1.2014941955699663
2357.0,1.2125807125848833
2358.0,1.2107582313824603
2359.0,1.2031002216716613
2360.0,1.1914525536190101
2361.0,1.1753520037795426
2362.0,1.1666648121254777
2363.0,1.1613943724393663
2364.0,1.1577632323974145
2365.0,1.1606587971592743
2366.0,1.165482093926249
2367.0,1.1609425011430168
2368.0,1.1522930275174073
2369.0,1.1469487332508406
2370.0,1.1496587564867589
2371.0,1.1601313231615802
2372.0,1.1660410970222401
2373.0,1.1643769297733455
2374.0,1.1603116395536526
2375.0,1.1565880232109842
2376.0,1.1475762685436184
2377.0,1.1447336772162986
2378.0,1.1513206048185585
2379.0,1.151346228013655
2380.0,1.1565952111750577
2381.0,1.1652542205609597
2382.0,1.1605353273108083
2383.0,1.149596267319835
2384.0,1.1458601606285497
2385.0,1.1371153926485817
2386.0,1.1321219415289332
2387.0,1.1356946002138018
2388.0,1.1336103667071311
2389.0,1.1452768148034045
2390.0,1.155732785723925
2391.0,1.156324018152184
2392.0,1.1520119072692863
2393.0,1.1421068713690583
2394.0,1.1317175183717043
2395.0,1.1169117134495188
2396.0,1.1151269185476709
2397.0,1.1182882209467797
2398.0,1.1052448721133357
2399.0,1.09974226671941
2400.0,1.1095665092260198
2401.0,1.1115549929891397
2402.0,1.1243915640736895
2403.0,1.1403227685409099
2404.0,1.142668081210597
2405.0,1.1453553499824505
2406.0,1.1414093600657054
2407.0,1.1507463375038414
2408.0,1.1539205267360881
2409.0,1.1400952715456611
2410.0,1.1360581287915106
2411.0,1.120632747570578
2412.0,1.1039554160873404
2413.0,1.1077164960366803
2414.0,1.1120061347799501
2415.0,1.1133550881765366
2416.0,1.1250468835776188
2417.0,1.1160182272770505
2418.0,1.0945992545037182
2419.0,1.0875538434873961
2420.0,1.075458042827214
2421.0,1.0749280189936008
2422.0,1.0849544998189733
2423.0,1.081191494292019
2424.0,1.07291704047463
2425.0,1.074695691806103
2426.0,1.0868390546717515
2427.0,1.0996081476326185
2428.0,1.1121642608061746
2429.0,1.1126707452636928
2430.0,1.0967545386045838
2431.0,1.081054645389795
2432.0,1.0666071210628039
2433.0,1.0515228760224753
2434.0,1.0459331799897256
2435.0,1.045113778550928
2436.0,1.043816938553403
2437.0,1.0516452666428113
2438.0,1.0559391951084256
2439.0,1.0568327617194957
2440.0,1.0605885135865278
2441.0,1.0634298600637127
2442.0,1.0750320075783546
2443.0,1.0908626805554797
2444.0,1.101246958778221
2445.0,1.0980949808236093
2446.0,1.0832414266276944
2447.0,1.0692850812259518
2448.0,1.0629086521329325
2449.0,1.0534309522781913
2450.0,1.0384063787143993
2451.0,1.0407517741026382
2452.0,1.0436190990761829
2453.0,1.057993101193677
2454.0,1.107343295097791
2455.0,1.142288734494068
2456.0,1.1530891280298983
2457.0,1.1602910960482566
2458.0,1.1380990621688443
2459.0,1.1070335716871758
2460.0,1.093501334275526
2461.0,1.0629235185062504
2462.0,1.0435069170229656
2463.0,1.0277978880830765
2464.0,1.0003349984302334
2465.0,1.0243937401889855
2466.0,1.0496982163225148
2467.0,1.056228951601741
2468.0,1.0695211239123212
2469.0,1.0568985579131625
2470.0,1.039822576898259
2471.0,1.0322115170507589
2472.0,1.029882900157858
2473.0,1.0321293733916048
2474.0,1.0273086213992169
2475.0,1.0100309517990858
2476.0,1.010758542666204
2477.0,1.0263697779936025
2478.0,1.0314029912945646
2479.0,1.0497903094739292
2480.0,1.06527220256303
2481.0,1.0651890749154493
2482.0,1.0618735937608779
2483.0,1.072958262017833
2484.0,1.0612866056096824
2485.0,1.0126937271685856
2486.0,0.9984348902426934
2487.0,0.985691798454927
2488.0,0.999458138314187
2489.0,1.0612396451492963
2490.0,1.0771140430716624
2491.0,1.0851342180463837
2492.0,1.0707917030989609
2493.0,1.0185420814106694
2494.0,1.007345223551711
2495.0,1.0060368054468731
2496.0,1.0002476955378914
2497.0,1.0100387042734715
2498.0,1.0047211062068262
2499.0,0.9888332123400363
2500.0,0.9621700329836015
