350.0,-0.15453261846832972
351.0,-0.06566992898290294
352.0,0.02023143294633589
353.0,-0.010008914793418273
354.0,-0.032325535081445096
355.0,-0.02123768834005763
356.0,-0.0003158812557805834
357.0,-0.0335361233253035
358.0,-0.012980547999159278
359.0,0.0197262749651827
360.0,0.006775944762009258
361.0,0.03970855513333453
362.0,0.0209034516025451
363.0,-0.01641435613566441
364.0,0.004250199302878548
365.0,0.017135099538208527
366.0,0.021481078877397315
367.0,0.014228128599093507
368.0,-0.008676746427607471
369.0,-0.007988595671115926
370.0,0.0057766011649946665
371.0,0.024171856739160655
372.0,0.04454801330086484
373.0,0.04045322648835509
374.0,0.027701779951073424
375.0,0.020390387639562295
376.0,0.01660739749713587
377.0,0.019400258032821978
378.0,0.023377759902579388
379.0,0.025888810674050376
380.0,0.037443176219279534
381.0,0.04083919712218232
382.0,0.03584922239688893
383.0,0.030055941995281287
384.0,0.0319411122713438
385.0,0.03632500439476491
386.0,0.04163214234711503
387.0,0.04712096187311576
388.0,0.0415520021160944
389.0,0.03130138180681052
390.0,0.02424389264636217
391.0,0.026204217620834924
392.0,0.03652723078397066
393.0,0.04010733562372034
394.0,0.0347854070060222
395.0,0.03812301729562245
396.0,0.040441472665000866
397.0,0.03892544540808723
398.0,0.035162198372293285
399.0,0.037575286372437136
400.0,0.04076402022101314
401.0,0.04112619982197768
402.0,0.03897981707204412
403.0,0.04838004938386761
404.0,0.04543168185499774
405.0,0.037093733933476654
406.0,0.04402552758388065
407.0,0.045091565790410265
408.0,0.04687310338433349
409.0,0.05027486149375264
410.0,0.04894963422734046
411.0,0.04684941968710095
412.0,0.045376371060580546
413.0,0.04507103480878287
414.0,0.04594307273000381
415.0,0.046549774536349384
416.0,0.047992868483129905
417.0,0.051206603230719926
418.0,0.05548030457587998
419.0,0.05194577980268025
420.0,0.04651689615011447
421.0,0.04889601976931326
422.0,0.05000985247854394
423.0,0.05076205809896755
424.0,0.05078798850423184
425.0,0.048528339175229945
426.0,0.04678090939872983
427.0,0.04798034524713221
428.0,0.05076626353875316
429.0,0.04833415159055741
430.0,0.04799447325682534
431.0,0.05121772148597039
432.0,0.05580849579676915
433.0,0.05365971452182548
434.0,0.051161969382462355
435.0,0.05037564080123597
436.0,0.050784150206228465
437.0,0.049916643522513
438.0,0.05112041163100089
439.0,0.05275730392867631
440.0,0.04923862521165053
441.0,0.05079007587764038
442.0,0.05217166719023827
443.0,0.05045003718787063
444.0,0.05131907718649681
445.0,0.051868504895804315
446.0,0.05222504177515248
447.0,0.05271394862887699
448.0,0.05109003198742327
449.0,0.05103093297661956
450.0,0.05210109431634012
451.0,0.0517128161954802
452.0,0.051374659949371945
453.0,0.05206069741770363
454.0,0.05313026546871009
455.0,0.0522127262381521
456.0,0.05160497775465752
457.0,0.05173195762295727
458.0,0.05214671424723124
459.0,0.051109165779507935
460.0,0.05153282203583468
461.0,0.052385363765363985
462.0,0.0515169370578331
463.0,0.049686215004979564
464.0,0.05017335286664735
465.0,0.052186709947702144
466.0,0.051681514026652
467.0,0.05261759727189037
468.0,0.052963509267878094
469.0,0.05206775106907123
470.0,0.05365865043031728
471.0,0.05304636437704596
472.0,0.052170851707085894
473.0,0.05335857695228639
474.0,0.05175444274245297
475.0,0.051658136836386453
476.0,0.05292839644795356
477.0,0.05263829325003093
478.0,0.05303813754588744
479.0,0.05316527053877403
480.0,0.052778895798161043
481.0,0.05322548621457048
482.0,0.05253418891134939
483.0,0.05184352450768242
484.0,0.052354382514687
485.0,0.05286852243889934
486.0,0.052554611939352326
487.0,0.05215640933207709
488.0,0.052975128598516254
489.0,0.05319160033301931
490.0,0.05334937810474851
491.0,0.05344281149992375
492.0,0.05251530539519363
493.0,0.05195841785973738
494.0,0.05135104311268306
495.0,0.050775322234315676
496.0,0.05330992147672082
497.0,0.054625503552696776
498.0,0.05407138031405512
499.0,0.053061802129191614
500.0,0.053136240823745774
501.0,0.0535013698570142
502.0,0.05357336121783025
503.0,0.05331114042882052
504.0,0.05380486953301426
505.0,0.05409494908539264
506.0,0.05347979005410842
507.0,0.05318418728012889
508.0,0.05278317538014536
509.0,0.052588193257825586
510.0,0.053024752389480644
511.0,0.052896474587002584
512.0,0.05358324382294538
513.0,0.054680640082790534
514.0,0.053627109284378235
515.0,0.053152275984893575
516.0,0.05322113131039349
517.0,0.05325211493630444
518.0,0.052828019442716395
519.0,0.05324831926013659
520.0,0.05400327225542693
521.0,0.05393176028576391
522.0,0.05410132180833742
523.0,0.05415004458454311
524.0,0.053889537598727395
525.0,0.05348507850965301
526.0,0.05358174491720892
527.0,0.05402119242747402
528.0,0.05446175902678478
529.0,0.05470573726416663
530.0,0.054681037961488835
531.0,0.0544364818835499
532.0,0.05412397821287728
533.0,0.05405937592056237
534.0,0.05403135217167549
535.0,0.05406213152836583
536.0,0.05458517792457845
537.0,0.05463895050405163
538.0,0.054474094283636726
539.0,0.0545337268325488
540.0,0.05475553183831402
541.0,0.054752698867130155
542.0,0.054595032331167664
543.0,0.05463225551125783
544.0,0.05480280175468432
545.0,0.05490980500884018
546.0,0.05489517322599185
547.0,0.05497025680711543
548.0,0.05477845936139871
549.0,0.05469749655794907
550.0,0.055035271841180324
551.0,0.05481449703048419
552.0,0.05471409596660323
553.0,0.05483475685068262
554.0,0.054796534033057426
555.0,0.05487310305392193
556.0,0.055160108652716026
557.0,0.05549931794056991
558.0,0.05520508957985096
559.0,0.055234973305794854
560.0,0.055229317692475376
561.0,0.05464982805555405
562.0,0.05486758666702062
563.0,0.0549849398800078
564.0,0.054882689784145136
565.0,0.0553397438731124
566.0,0.055326617253371464
567.0,0.05536211321419229
568.0,0.05572986080038996
569.0,0.05509805433310725
570.0,0.05499438201719303
571.0,0.05536242696722445
572.0,0.05544382218489804
573.0,0.0558379177670246
574.0,0.056031871802875464
575.0,0.05582883150073012
576.0,0.05560031383703277
577.0,0.05553627974400096
578.0,0.055694989367679595
579.0,0.05600576997352793
580.0,0.05618970913747373
581.0,0.05623852222949907
582.0,0.05620705383033037
583.0,0.05618084109984847
584.0,0.05600405275180352
585.0,0.056068787779936236
586.0,0.05640229854572007
587.0,0.05619068450630655
588.0,0.056375477430405156
589.0,0.05668776232795465
590.0,0.05658483736887861
591.0,0.056308385674855084
592.0,0.056433071648024496
593.0,0.05681210510664356
594.0,0.05663123821670763
595.0,0.05676927515997341
596.0,0.057012220494991474
597.0,0.057086349463993435
598.0,0.057158568899580285
599.0,0.05713199076129734
600.0,0.0570148157645574
601.0,0.05689452712093191
602.0,0.05700061299632962
603.0,0.05721723803832453
604.0,0.05735324666573735
605.0,0.0571683433470015
606.0,0.057093276668071666
607.0,0.05716225720816409
608.0,0.05729604605084568
609.0,0.05745681566411993
610.0,0.05764962082716048
611.0,0.05780309559934448
612.0,0.05780893130810386
613.0,0.05783122734822428
614.0,0.05773110712421548
615.0,0.05755314619611124
616.0,0.0578225806381216
617.0,0.05802962982247008
618.0,0.058152054094288905
619.0,0.058298887895317585
620.0,0.05823532915328321
621.0,0.05831070595176734
622.0,0.058561116859985315
623.0,0.058656763997000635
624.0,0.05851682543595663
625.0,0.05845205303341773
626.0,0.05863618844574178
627.0,0.05855354316208662
628.0,0.058683171049241444
629.0,0.058934010545336826
630.0,0.058965586341246726
631.0,0.05924683503912662
632.0,0.05937980564785157
633.0,0.059247305477082214
634.0,0.059319474150279994
635.0,0.059206073963181616
636.0,0.059065571363131286
637.0,0.05915500057048121
638.0,0.05942350273799248
639.0,0.059734569773216915
640.0,0.05990635324596809
641.0,0.05975393071085518
642.0,0.05951179870305224
643.0,0.059427153545472
644.0,0.05963785165701882
645.0,0.06012064156985686
646.0,0.060161272762835984
647.0,0.05996156008997914
648.0,0.06002480549450546
649.0,0.059860137087064266
650.0,0.06003874681124108
651.0,0.06051581452237355
652.0,0.060434957779148146
653.0,0.0605875018485237
654.0,0.06087672797428491
655.0,0.06101521474376631
656.0,0.06079847403809968
657.0,0.060665519566388465
658.0,0.06073409310757753
659.0,0.06090641589395817
660.0,0.06123838437259974
661.0,0.06147819421621382
662.0,0.06150628032521838
663.0,0.061487785563190116
664.0,0.061324364086247585
665.0,0.061308729165379966
666.0,0.06167481342627888
667.0,0.061785271142398554
668.0,0.06200920010792159
669.0,0.06233288135989484
670.0,0.06237456272176376
671.0,0.06231012748423868
672.0,0.06225311529307338
673.0,0.062308762160006685
674.0,0.0626126177175024
675.0,0.0628796080368281
676.0,0.06299756335348011
677.0,0.06297048358895929
678.0,0.06294457281402316
679.0,0.06293439517451362
680.0,0.06298469550290847
681.0,0.06319346046786475
682.0,0.06340884381826956
683.0,0.06351710353551382
684.0,0.06349393603593297
685.0,0.06355501512888498
686.0,0.06362138279391051
687.0,0.06374185308943547
688.0,0.0640126304817465
689.0,0.06412345700406342
690.0,0.06421850873524831
691.0,0.06437634656836051
692.0,0.06444097941105638
693.0,0.06461347025476129
694.0,0.06485768221193512
695.0,0.06503136561696125
696.0,0.06486694052396746
697.0,0.06493937564455177
698.0,0.06526785820781618
699.0,0.06536500564255056
700.0,0.06552794688574147
701.0,0.06564178466120123
702.0,0.06567844087071043
703.0,0.06602226265250175
704.0,0.06606330196245754
705.0,0.06595163667859678
706.0,0.06609486020118947
707.0,0.06628540528533275
708.0,0.0663664692672412
709.0,0.06637909035116513
710.0,0.06658215712126428
711.0,0.06680430561737973
712.0,0.0669344808720219
713.0,0.06696175199721872
714.0,0.06714030597273041
715.0,0.06723130211400716
716.0,0.06727915405751485
717.0,0.06746655750535589
718.0,0.06771869386817211
719.0,0.06780679760603586
720.0,0.0677750713708495
721.0,0.06809015497828104
722.0,0.06825045473055678
723.0,0.06827298008738279
724.0,0.06834037500338094
725.0,0.0686758207679779
726.0,0.06900696883124331
727.0,0.06910659486469864
728.0,0.06886778469589984
729.0,0.06894136163579143
730.0,0.06916526058735946
731.0,0.06937132628668051
732.0,0.06960122351092445
733.0,0.06988939251498895
734.0,0.07013713047764056
735.0,0.07022441233564404
736.0,0.07012299482507942
737.0,0.07016016355809104
738.0,0.07037044980340214
739.0,0.0705432109189919
740.0,0.07082036322867258
741.0,0.07122708857932424
742.0,0.07161527144112666
743.0,0.07147762242698077
744.0,0.0715063225142725
745.0,0.07173687966051165
746.0,0.07196032450735287
747.0,0.07206196015484527
748.0,0.07223810627648723
749.0,0.07249409519641058
750.0,0.07265463985909716
751.0,0.07288142970043189
752.0,0.07304699791578365
753.0,0.07309643529141553
754.0,0.07326021722071983
755.0,0.07335398919414865
756.0,0.07348239097066171
757.0,0.07378275816292117
758.0,0.07393524587263015
759.0,0.07418932634366121
760.0,0.07447512696677488
761.0,0.07442279260932903
762.0,0.07464307069165543
763.0,0.07499219774216626
764.0,0.07525140568109283
765.0,0.07535453286358301
766.0,0.07558857458210651
767.0,0.07580042975371612
768.0,0.07578254222760182
769.0,0.0760670162315045
770.0,0.0763944352831612
771.0,0.07665222976391359
772.0,0.07691062190136069
773.0,0.07699733428077069
774.0,0.07711658685761816
775.0,0.07736793266839766
776.0,0.07744580304926725
777.0,0.07764579486869298
778.0,0.07796220357915552
779.0,0.07826052439057768
780.0,0.07837960182239896
781.0,0.07851329490691049
782.0,0.07872320439980961
783.0,0.07893137319340558
784.0,0.0791042871555158
785.0,0.07931228632392306
786.0,0.07959412391805001
787.0,0.07988988865678504
788.0,0.08017042733831672
789.0,0.08043832578504073
790.0,0.08069351245952544
791.0,0.08086196087375569
792.0,0.0809500172801127
793.0,0.08114131205321382
794.0,0.08167458722949324
795.0,0.08190529114781955
796.0,0.08209357730642945
797.0,0.08238211572607029
798.0,0.08249556050613727
799.0,0.08275985727478755
800.0,0.08306975283911733
801.0,0.08327052570698666
802.0,0.08350098248645169
803.0,0.083726991694702
804.0,0.08396254049567568
805.0,0.0842244036353448
806.0,0.08429831769599783
807.0,0.08445077386092979
808.0,0.08485716746528318
809.0,0.08549769666000201
810.0,0.08574084125011924
811.0,0.08583530036303132
812.0,0.08607081596523358
813.0,0.08625896689021877
814.0,0.08637569501317675
815.0,0.08657651354491767
816.0,0.08701103266019301
817.0,0.0873492360432812
818.0,0.08764751974440241
819.0,0.0878767991384029
820.0,0.08793749424534038
821.0,0.08804471257226251
822.0,0.08839543473608785
823.0,0.08894087110409957
824.0,0.08922392344170886
825.0,0.0894934264486759
826.0,0.08966028742189829
827.0,0.08969407650032912
828.0,0.090086004552562
829.0,0.09058433409385351
830.0,0.09102453070459321
831.0,0.09131034798071075
832.0,0.09137877957189461
833.0,0.09157277296656754
834.0,0.0919577053927465
835.0,0.09226171225095216
836.0,0.0926056658429796
837.0,0.09287406339415948
838.0,0.09303740171092317
839.0,0.09332717341687519
840.0,0.09362128752870716
841.0,0.0938903592191635
842.0,0.09413620199741538
843.0,0.09435283564668864
844.0,0.0947306512828933
845.0,0.09514677275217319
846.0,0.09535868465840752
847.0,0.09577414354176292
848.0,0.09612402680329864
849.0,0.09631199596812692
850.0,0.09650978108331337
851.0,0.09678515690843507
852.0,0.09713821780119745
853.0,0.09752674703377706
854.0,0.09787357594173914
855.0,0.09809000565072605
856.0,0.09830070115333732
857.0,0.09862843128162645
858.0,0.09892974903017027
859.0,0.09924277212846853
860.0,0.09967519838067267
861.0,0.10028335797722761
862.0,0.10063702665101584
863.0,0.10084848576016009
864.0,0.10108344496264236
865.0,0.10148709261290416
866.0,0.10186256670523625
867.0,0.10222105439534411
868.0,0.10261921838956185
869.0,0.10312651917314648
870.0,0.10320248381282549
871.0,0.10331482679967499
872.0,0.10383394165915734
873.0,0.10418267037066481
874.0,0.10456688390905239
875.0,0.10501625873012714
876.0,0.10545814245885929
877.0,0.10562677887461121
878.0,0.10591264212641643
879.0,0.10634625415375816
880.0,0.10673144010652348
881.0,0.10709607177543785
882.0,0.10736778631988639
883.0,0.10766397625843746
884.0,0.108228735645782
885.0,0.10848738908322357
886.0,0.10861308174136337
887.0,0.1089153560540348
888.0,0.10968924633877104
889.0,0.1102066569967518
890.0,0.11048446246419087
891.0,0.1107203047871279
892.0,0.11106593195336031
893.0,0.1113995729285242
894.0,0.1117627431212576
895.0,0.1121964016523116
896.0,0.11253681784195294
897.0,0.11308896240612311
898.0,0.11366527862387173
899.0,0.11392072818010537
900.0,0.11401562713675352
901.0,0.1142790837170617
902.0,0.1148597626835383
903.0,0.1156475920801565
904.0,0.11579381309387739
905.0,0.1163093838461964
906.0,0.11710287118690617
907.0,0.11694312324388727
908.0,0.11724914210534856
909.0,0.11773933155823492
910.0,0.11808447489826819
911.0,0.11829247815899284
912.0,0.11888036842200962
913.0,0.11963217072224795
914.0,0.12020627463164218
915.0,0.12037156736994743
916.0,0.12051926655590738
917.0,0.1210094683863636
918.0,0.12178101782885946
919.0,0.12166386789389685
920.0,0.12232347588582744
921.0,0.12318108712861828
922.0,0.12335708245100878
923.0,0.12385260916119163
924.0,0.12418925024862765
925.0,0.12433699752091379
926.0,0.1245374071602844
927.0,0.12524201013289452
928.0,0.12593332393049875
929.0,0.1261873646770043
930.0,0.12597170381111616
931.0,0.1268039515886753
932.0,0.12728329741684521
933.0,0.12728026656856503
934.0,0.12767580549245375
935.0,0.12851335599999464
936.0,0.12915437916894332
937.0,0.12963831974615211
938.0,0.13050205437216264
939.0,0.13050514444356925
940.0,0.13075767722783307
941.0,0.13141541354741673
942.0,0.1315072815567201
943.0,0.13263863359302672
944.0,0.1330753054076635
945.0,0.13269378715057897
946.0,0.13367808202023757
947.0,0.13376315558057159
948.0,0.1339556081356695
949.0,0.1349003089337419
950.0,0.13593552059215114
951.0,0.1364518020970094
952.0,0.13686438617313987
953.0,0.13721238806179825
954.0,0.13667990256951632
955.0,0.13689431820632086
956.0,0.13785437876569132
957.0,0.13902035024334108
958.0,0.13966839490510374
959.0,0.1397679257517179
960.0,0.14009675080407596
961.0,0.14089383035412212
962.0,0.14109587812972937
963.0,0.14163381005504078
964.0,0.14242212971108523
965.0,0.14313877924883128
966.0,0.14352672846489534
967.0,0.14381951691572414
968.0,0.14405182535246625
969.0,0.14437988158701043
970.0,0.14525135851811602
971.0,0.14609739207476646
972.0,0.14680138517316765
973.0,0.1473313421049669
974.0,0.1475775485669694
975.0,0.14794106619251368
976.0,0.1480915759192733
977.0,0.14793979837092436
978.0,0.14817712595724805
979.0,0.14880523525139092
980.0,0.14972031228743318
981.0,0.1506844559440374
982.0,0.15133027942011995
983.0,0.15180002287929736
984.0,0.1522656322613327
985.0,0.15293979183742062
986.0,0.15401937381835257
987.0,0.15431574924651087
988.0,0.15423403797500554
989.0,0.15426244864070082
990.0,0.1544287197240945
991.0,0.15538658228251637
992.0,0.15678312648637754
993.0,0.15778747630931728
994.0,0.15747940032052046
995.0,0.15806611093901674
996.0,0.1590068276284095
997.0,0.15963190703750132
998.0,0.1598651050373397
999.0,0.16069202136485414
1000.0,0.16151910932513067
1001.0,0.16399218490812795
1002.0,0.1664667495507903
1003.0,0.16733805141455727
1004.0,0.16888843453599042
1005.0,0.17076568779465426
1006.0,0.17035886625530294
1007.0,0.16956667348199986
1008.0,0.16806418001246456
1009.0,0.16825120742236432
1010.0,0.17169657574788524
1011.0,0.17502605648477246
1012.0,0.17826714129523283
1013.0,0.17964743126583174
1014.0,0.1799156089574726
1015.0,0.17640944198965705
1016.0,0.1756211335459997
1017.0,0.1753788513939761
1018.0,0.17545592070421465
1019.0,0.17609727029131556
1020.0,0.1771810153796194
1021.0,0.17769136508486325
1022.0,0.17913892004474122
1023.0,0.1810614148338837
1024.0,0.18234115948341795
1025.0,0.18376752450578024
1026.0,0.18379859504554188
1027.0,0.18220715820996797
1028.0,0.18308422196271767
1029.0,0.1835528578581485
1030.0,0.18406411013495044
1031.0,0.18370683478954228
1032.0,0.18597208602413548
1033.0,0.1862497212073211
1034.0,0.18554758702288932
1035.0,0.1886574216570837
1036.0,0.19073728857574615
1037.0,0.1900151495194464
1038.0,0.19041772608425445
1039.0,0.1890822740907029
1040.0,0.18659116175004997
1041.0,0.18913855172051303
1042.0,0.1914352713552349
1043.0,0.19233637704116313
1044.0,0.19350786497389846
1045.0,0.19586471390658394
1046.0,0.1942619515089008
1047.0,0.1933705394221341
1048.0,0.19475910704266142
1049.0,0.19463849848633472
1050.0,0.19523864349735726
1051.0,0.1961643886531207
1052.0,0.19670240266651776
1053.0,0.19770704450488752
1054.0,0.19886157774401686
1055.0,0.19905920662929003
1056.0,0.19986382018774343
1057.0,0.20054740755064657
1058.0,0.20232641378363278
1059.0,0.20197895504416719
1060.0,0.20130279878034096
1061.0,0.20081332791703865
1062.0,0.19877168911280552
1063.0,0.19817658735912683
1064.0,0.19964944287899475
1065.0,0.20138957661812443
1066.0,0.2039067922080888
1067.0,0.2075787372770655
1068.0,0.20978939211873784
1069.0,0.21021125829198262
1070.0,0.2092250353365689
1071.0,0.20891291076332127
1072.0,0.20745550105006966
1073.0,0.2082174265611653
1074.0,0.20876649302514091
1075.0,0.20989751713749627
1076.0,0.21275489629099112
1077.0,0.21336557172497228
1078.0,0.21409065276840722
1079.0,0.21667406084242277
1080.0,0.21749411720798245
1081.0,0.2171539035752112
1082.0,0.21714410696658884
1083.0,0.2165517150237476
1084.0,0.21670204378247387
1085.0,0.2167575216987806
1086.0,0.2177693547278285
1087.0,0.21994011288355597
1088.0,0.22136048893268115
1089.0,0.22204123838741457
1090.0,0.2225850683275662
1091.0,0.22299806852057694
1092.0,0.22372790041465554
1093.0,0.22475797598506658
1094.0,0.225216084012803
1095.0,0.22586927943778437
1096.0,0.22623821335370706
1097.0,0.2264441893942668
1098.0,0.2270856477254929
1099.0,0.22739980009523633
1100.0,0.22713186154453666
1101.0,0.2277386540865437
1102.0,0.22884606739825833
1103.0,0.2294099810147224
1104.0,0.22995684717445256
1105.0,0.2308270644277976
1106.0,0.23146380002131792
1107.0,0.23216631689167375
1108.0,0.23363523934199787
1109.0,0.23472685790904935
1110.0,0.23521091308536973
1111.0,0.23588074150161534
1112.0,0.23656375801812515
1113.0,0.23706662851590388
1114.0,0.2378146619139718
1115.0,0.23878213927876704
1116.0,0.23966625051683185
1117.0,0.24094840738536363
1118.0,0.24168690174177518
1119.0,0.24218420436395213
1120.0,0.24232550625144972
1121.0,0.24247548404142594
1122.0,0.2429350014523528
1123.0,0.2437987960431574
1124.0,0.24530237501753954
1125.0,0.24684048705370398
1126.0,0.24740167942010854
1127.0,0.24810326303557034
1128.0,0.24858728147214468
1129.0,0.24903782715175649
1130.0,0.2490635119925618
1131.0,0.2499316878605708
1132.0,0.2511908467366556
1133.0,0.25216164649935935
1134.0,0.25355253904214936
1135.0,0.2547026258799626
1136.0,0.2552269916394473
1137.0,0.2559818387140881
1138.0,0.256857840542379
1139.0,0.2573894673796771
1140.0,0.2578719631878132
1141.0,0.25811882276636017
1142.0,0.25854130862792835
1143.0,0.2587137249941005
1144.0,0.2595504940002289
1145.0,0.26090896542033837
1146.0,0.2620309121414734
1147.0,0.2634410828344427
1148.0,0.2644901722496837
1149.0,0.26547654684136246
1150.0,0.26602551927868434
1151.0,0.26667405557712853
1152.0,0.26759183658471525
1153.0,0.26797552560439203
1154.0,0.2682619508441717
1155.0,0.26822531901436397
1156.0,0.26809301742864095
1157.0,0.2684910995891339
1158.0,0.26913746893535107
1159.0,0.2698791892413145
1160.0,0.27089833348602066
1161.0,0.27201414649457156
1162.0,0.2737864648742446
1163.0,0.2746160445880513
1164.0,0.2748450248628409
1165.0,0.27563144132145284
1166.0,0.27616146068914177
1167.0,0.27646895964960516
1168.0,0.27774537424188733
1169.0,0.27928997430639774
1170.0,0.28045835577333184
1171.0,0.2811944158225266
1172.0,0.28190075763490974
1173.0,0.282311993694374
1174.0,0.283126678947226
1175.0,0.2839098800277642
1176.0,0.2848314445120309
1177.0,0.2860642525415192
1178.0,0.2872179143771033
1179.0,0.28853862725089796
1180.0,0.28952505788169713
1181.0,0.2906587001603668
1182.0,0.29127007580620345
1183.0,0.29154654355858295
1184.0,0.29166865513737006
1185.0,0.2920103344076418
1186.0,0.2925859384812991
1187.0,0.2932731341776714
1188.0,0.2941999891217795
1189.0,0.29513744760422483
1190.0,0.29625678168619174
1191.0,0.29720142128631677
1192.0,0.29819517531651385
1193.0,0.29903265631570486
1194.0,0.29965204316651367
1195.0,0.3004511764080794
1196.0,0.3011610470751949
1197.0,0.30212256499825085
1198.0,0.30346570729965666
1199.0,0.3044452550846142
1200.0,0.3054763232505871
1201.0,0.3062586100225085
1202.0,0.3071844365390646
1203.0,0.30791366148330274
1204.0,0.3084635776418469
1205.0,0.30887947092484735
1206.0,0.30952075930993483
1207.0,0.30987942180615224
1208.0,0.3106606473993543
1209.0,0.3119060052022866
1210.0,0.31299433976258384
1211.0,0.3141686974269155
1212.0,0.3151509830861911
1213.0,0.31616472534027695
1214.0,0.317090282635557
1215.0,0.3178233216810908
1216.0,0.3185668752651448
1217.0,0.3195390215022796
1218.0,0.32023104746741543
1219.0,0.320849220716794
1220.0,0.3212766473079396
1221.0,0.3220033356807792
1222.0,0.32261790079050146
1223.0,0.32352997952506507
1224.0,0.32490041736259934
1225.0,0.3259497477310388
1226.0,0.32707358179415824
1227.0,0.32792211846914027
1228.0,0.3284923131284303
1229.0,0.3291483845288537
1230.0,0.3297565516150865
1231.0,0.3302920733849807
1232.0,0.33058472010023826
1233.0,0.33108850330554507
1234.0,0.3324844176429633
1235.0,0.33364271411599966
1236.0,0.33456107794034323
1237.0,0.3358993744765085
1238.0,0.33675578782927496
1239.0,0.3367813676467644
1240.0,0.3374871403076923
1241.0,0.33862298056880463
1242.0,0.3395330075729247
1243.0,0.34048287611175815
1244.0,0.3412792376796274
1245.0,0.341894766158902
1246.0,0.34265262343440506
1247.0,0.343210357733159
1248.0,0.34410841956762694
1249.0,0.34535674961757035
1250.0,0.3465243538500319
1251.0,0.3480049416863587
1252.0,0.3492529676433287
1253.0,0.35024175478494024
1254.0,0.3509545892047329
1255.0,0.3519056673426976
1256.0,0.352829498965746
1257.0,0.35356236803606556
1258.0,0.3543425726565485
1259.0,0.35497247542242166
1260.0,0.3550323549155761
1261.0,0.355728374709497
1262.0,0.3567523787159361
1263.0,0.3577738486243337
1264.0,0.3592317457580088
1265.0,0.3603525232151768
1266.0,0.36147643705010424
1267.0,0.3623805776814476
1268.0,0.363122258680126
1269.0,0.3635731018743801
1270.0,0.3642395803975158
1271.0,0.36468218245558814
1272.0,0.3655493676961897
1273.0,0.36683972414672994
1274.0,0.36765506894558675
1275.0,0.3684737560413506
1276.0,0.369200733861624
1277.0,0.3694913005973294
1278.0,0.37016746700859393
1279.0,0.3709582763738958
1280.0,0.37190656679138395
1281.0,0.3731186402038966
1282.0,0.3742068458310722
1283.0,0.37564335722968767
1284.0,0.3766377497068865
1285.0,0.37699953374307144
1286.0,0.3778653301230969
1287.0,0.3788346038364173
1288.0,0.3797265426436384
1289.0,0.3808204423336028
1290.0,0.38258448030468784
1291.0,0.383338278746544
1292.0,0.38343662735453343
1293.0,0.38413926627691597
1294.0,0.38470444826741057
1295.0,0.38533678916249214
1296.0,0.38630900221853515
1297.0,0.3871665357048115
1298.0,0.38775602882458043
1299.0,0.38854188531624995
1300.0,0.38960431284172337
1301.0,0.3905652614699419
1302.0,0.3912912004857752
1303.0,0.39232227529754987
1304.0,0.3937672761452444
1305.0,0.394893852963254
1306.0,0.395957387518924
1307.0,0.397120082735772
1308.0,0.39803171477487453
1309.0,0.3985923482387078
1310.0,0.39942889844599216
1311.0,0.40027719697062314
1312.0,0.4012458370275281
1313.0,0.4023365660930857
1314.0,0.40334300280575663
1315.0,0.40454711963801027
1316.0,0.40540902767438514
1317.0,0.4058495959745514
1318.0,0.4067343563703566
1319.0,0.4076965043162325
1320.0,0.4086401006992567
1321.0,0.4099923772844617
1322.0,0.41101299388100776
1323.0,0.411531098912594
1324.0,0.4124459392452775
1325.0,0.41350782146884013
1326.0,0.41456660609201357
1327.0,0.4157216010957467
1328.0,0.4172532169549233
1329.0,0.4182383948128642
1330.0,0.41899176931475635
1331.0,0.41979253785012116
1332.0,0.4201732035424941
1333.0,0.42116786185166655
1334.0,0.42259461918185565
1335.0,0.4236616819772674
1336.0,0.4248934292264979
1337.0,0.4259627856275181
1338.0,0.4267638454864557
1339.0,0.42757971221991103
1340.0,0.42829581588473575
1341.0,0.42923721614452093
1342.0,0.4301562386478088
1343.0,0.43112502419572907
1344.0,0.43249047057174567
1345.0,0.43357923532111703
1346.0,0.43422350561173234
1347.0,0.43533928958326285
1348.0,0.436295332956603
1349.0,0.43716765891253373
1350.0,0.43819125157352934
1351.0,0.43932110572474997
1352.0,0.4404335351219762
1353.0,0.4416343376468019
1354.0,0.4427204284433812
1355.0,0.4439483564163828
1356.0,0.44480383754935154
1357.0,0.445443932015363
1358.0,0.4460271444768622
1359.0,0.44588492822538084
1360.0,0.4466989184928614
1361.0,0.447885119851689
1362.0,0.44921969351289986
1363.0,0.45167727009582087
1364.0,0.4531911290297286
1365.0,0.4542346106192734
1366.0,0.4552568136479841
1367.0,0.45572750427278824
1368.0,0.4564551213373854
1369.0,0.45701068093967545
1370.0,0.45758987237079124
1371.0,0.4581640073381778
1372.0,0.45852505064149146
1373.0,0.4591182427531572
1374.0,0.4598023229677708
1375.0,0.46061251733438374
1376.0,0.46164390983566567
1377.0,0.4624629295828881
1378.0,0.4631934710867987
1379.0,0.46418093486803647
1380.0,0.4652394211726804
1381.0,0.4661609463636053
1382.0,0.4672654263459395
1383.0,0.46830004915276724
1384.0,0.4691328293946112
1385.0,0.46998051067455776
1386.0,0.4708076792791974
1387.0,0.4717913364304325
1388.0,0.4729626086670233
1389.0,0.47380629479212805
1390.0,0.4748208039491299
1391.0,0.4753896681416338
1392.0,0.47608201723837235
1393.0,0.476349133571663
1394.0,0.4771841686083293
1395.0,0.4784214451968442
1396.0,0.47928737028671586
1397.0,0.48019742330828247
1398.0,0.480971122280435
1399.0,0.4814347642942749
1400.0,0.48221277716253164
1401.0,0.4831152710504363
1402.0,0.48395229326603784
1403.0,0.48496428015422316
1404.0,0.4857745316384487
1405.0,0.4861920973231573
1406.0,0.4871508583932586
1407.0,0.48859773117650457
1408.0,0.48951243676793554
1409.0,0.4905145143727465
1410.0,0.49137125074537275
1411.0,0.49167581634767976
1412.0,0.49217449039715827
1413.0,0.4929260367395585
1414.0,0.49348791287709337
1415.0,0.4938040015225994
1416.0,0.4942924372595874
1417.0,0.49503490556977775
1418.0,0.4959171558616738
1419.0,0.4968169577162406
1420.0,0.49793546678134726
1421.0,0.49902102356271605
1422.0,0.5001719792454942
1423.0,0.5011272932484302
1424.0,0.5021123242808652
1425.0,0.5030515412998511
1426.0,0.5037670681113439
1427.0,0.5046208527701631
1428.0,0.5055687740341805
1429.0,0.5065090980743298
1430.0,0.5074586723567813
1431.0,0.5083389484299095
1432.0,0.509293176830744
1433.0,0.510128318381622
1434.0,0.5106307396161388
1435.0,0.5114929673193372
1436.0,0.5125391645835407
1437.0,0.5135700106187137
1438.0,0.5147144537139039
1439.0,0.5160095766261041
1440.0,0.5173952964603226
1441.0,0.5185207373127991
1442.0,0.519514131749373
1443.0,0.5204907179459085
1444.0,0.521307531780818
1445.0,0.521783060645622
1446.0,0.5224829060760962
1447.0,0.5231808344888902
1448.0,0.5240563221416165
1449.0,0.525137299994985
1450.0,0.5258771726528684
1451.0,0.5265028140669623
1452.0,0.5273145048281186
1453.0,0.528003192456198
1454.0,0.5287438137172579
1455.0,0.5297505009326587
1456.0,0.5306139721031343
1457.0,0.5312070089449787
1458.0,0.5319934329035799
1459.0,0.5330584378196148
1460.0,0.53384118987527
1461.0,0.5343108280814757
1462.0,0.5351578457148749
1463.0,0.5361275388918298
1464.0,0.5370513273756568
1465.0,0.5382718084338235
1466.0,0.539336044043075
1467.0,0.5402045168413793
1468.0,0.5410957575333476
1469.0,0.5420387256198268
1470.0,0.5430214962134409
1471.0,0.5439648479314044
1472.0,0.544854341517143
1473.0,0.5458405160795436
1474.0,0.5468564841538208
1475.0,0.54785934065118
1476.0,0.5489337431444694
1477.0,0.5499615778717323
1478.0,0.55095240673966
1479.0,0.5519872024555363
1480.0,0.5530374455480852
1481.0,0.5540525886256866
1482.0,0.5550697291561927
1483.0,0.5560688004453067
1484.0,0.5570431550931347
1485.0,0.5580344387210395
1486.0,0.5589522209349614
1487.0,0.560037717280529
1488.0,0.561139806048475
1489.0,0.5623791402705968
1490.0,0.5639974928665655
1491.0,0.5652522533619977
1492.0,0.5664466908644991
1493.0,0.5675200612363834
1494.0,0.5682855358802268
1495.0,0.5691237234508721
1496.0,0.569820359038404
1497.0,0.5707423554704311
1498.0,0.5718250126307913
1499.0,0.5728355127282334
1500.0,0.5739570663469618
1501.0,0.5751578765842595
1502.0,0.5759284590342459
1503.0,0.5767034771309988
1504.0,0.5776638539072145
1505.0,0.5785474490056651
1506.0,0.57974011953579
1507.0,0.5813171085978561
1508.0,0.5824894879597475
1509.0,0.5836207091245716
1510.0,0.5846944929766952
1511.0,0.5855680922693658
1512.0,0.5865785445503044
1513.0,0.587704439534452
1514.0,0.5886927969816734
1515.0,0.5897188822174849
1516.0,0.5904725301286798
1517.0,0.5909183309583734
1518.0,0.5916309273165509
1519.0,0.592182591680803
1520.0,0.5929971769927236
1521.0,0.5941195652021453
1522.0,0.5951953587860407
1523.0,0.5965179330110183
1524.0,0.5974947448357678
1525.0,0.5983080044010276
1526.0,0.5991627707920686
1527.0,0.5995839403591631
1528.0,0.6004585136221234
1529.0,0.6016504558349401
1530.0,0.602851567948047
1531.0,0.6043884813038798
1532.0,0.6057199881852461
1533.0,0.6071108801530557
1534.0,0.6082692685812483
1535.0,0.6091549737655036
1536.0,0.6100999289974441
1537.0,0.6109274196186381
1538.0,0.6116878159424045
1539.0,0.6126975723568941
1540.0,0.6139041707520495
1541.0,0.6148482868256784
1542.0,0.615826131642909
1543.0,0.6166780638496697
1544.0,0.6172494584241895
1545.0,0.6181624160428508
1546.0,0.6192030939791497
1547.0,0.6202287150296113
1548.0,0.6214744110361817
1549.0,0.6223621233277178
1550.0,0.6229869941363657
1551.0,0.6239586813683672
1552.0,0.6249371207234392
1553.0,0.625899089757666
1554.0,0.627196718412101
1555.0,0.6280907818423068
1556.0,0.6286058346051013
1557.0,0.6293939071044962
1558.0,0.6300748782781432
1559.0,0.631016069965554
1560.0,0.6322316487864651
1561.0,0.6332886200505424
1562.0,0.6345272930547261
1563.0,0.6355151391938031
1564.0,0.6362391186329392
1565.0,0.6371334379363169
1566.0,0.6379154598463013
1567.0,0.6388768502806442
1568.0,0.639928742914566
1569.0,0.6411114685915337
1570.0,0.6425791981184868
1571.0,0.6438260118646345
1572.0,0.6453174973329586
1573.0,0.6463412290048565
1574.0,0.6467299341251642
1575.0,0.6475326293927058
1576.0,0.6483769453846615
1577.0,0.649135051845773
1578.0,0.6500113484399151
1579.0,0.65095472692733
1580.0,0.6516786803788822
1581.0,0.6526037850116906
1582.0,0.6539212714581893
1583.0,0.6550608385887678
1584.0,0.6562699131660672
1585.0,0.6572662732340135
1586.0,0.6579267098705147
1587.0,0.6588090372482237
1588.0,0.659755124062101
1589.0,0.6605940795018194
1590.0,0.6614416113621793
1591.0,0.6623765662147594
1592.0,0.66342289921574
1593.0,0.6644822081372608
1594.0,0.6652963702533364
1595.0,0.6661931348720879
1596.0,0.6670515542230274
1597.0,0.6675200878841792
1598.0,0.6684434767315548
1599.0,0.6697860667785769
1600.0,0.6707644749737757
1601.0,0.6716736896875634
1602.0,0.6725450783090972
1603.0,0.6732820116941846
1604.0,0.6741490962851029
1605.0,0.6750363156937947
1606.0,0.6759347770788883
1607.0,0.6769268598678269
1608.0,0.6777909657987097
1609.0,0.6785008168815951
1610.0,0.6794704014348081
1611.0,0.6805518486419917
1612.0,0.6815311870320766
1613.0,0.6826422835943008
1614.0,0.6836509103521234
1615.0,0.6845546911496486
1616.0,0.6853880234180246
1617.0,0.6862611354320501
1618.0,0.6870128773979558
1619.0,0.6874053321375949
1620.0,0.6882447632975124
1621.0,0.6894122275380148
1622.0,0.6902282764106001
1623.0,0.6908957446350765
1624.0,0.6919685633077637
1625.0,0.6931646927353885
1626.0,0.6941360174572971
1627.0,0.6954564461524736
1628.0,0.6964412537835741
1629.0,0.6966945526836016
1630.0,0.697610254560328
1631.0,0.6990258026476525
1632.0,0.7000948021104589
1633.0,0.7013730958193608
1634.0,0.7022686879592452
1635.0,0.7027341851888425
1636.0,0.7033923093690123
1637.0,0.703945489583397
1638.0,0.7045500156295244
1639.0,0.7050579417754009
1640.0,0.7058675126666443
1641.0,0.7069699832721558
1642.0,0.7078303387845385
1643.0,0.7088115213999299
1644.0,0.7097131539544919
1645.0,0.7104072836133636
1646.0,0.7111001751570968
1647.0,0.711713064606722
1648.0,0.7125663087702693
1649.0,0.7134284393852792
1650.0,0.7143369104464438
1651.0,0.7157637688816904
1652.0,0.7166391231412431
1653.0,0.7170484236111954
1654.0,0.7176609299530748
1655.0,0.7181401613510914
1656.0,0.7186516737498999
1657.0,0.7192372948536491
1658.0,0.719855700489258
1659.0,0.7203898062880352
1660.0,0.7209934852659741
1661.0,0.7216001581443969
1662.0,0.7224394336572255
1663.0,0.7234798407059768
1664.0,0.7244358641590999
1665.0,0.7255450707088396
1666.0,0.7266084879691559
1667.0,0.7275813103376955
1668.0,0.7285557983142191
1669.0,0.7297567432403886
1670.0,0.7306869784375865
1671.0,0.7313841315733751
1672.0,0.7321079883944239
1673.0,0.7323768082846219
1674.0,0.7331664583532378
1675.0,0.7342582329426036
1676.0,0.7353457033407528
1677.0,0.736989874227035
1678.0,0.7382230421346323
1679.0,0.7391414183153782
1680.0,0.7401853196321121
1681.0,0.7412694627578313
1682.0,0.7421105431280222
1683.0,0.7428014349313887
1684.0,0.7436311877031433
1685.0,0.744026698116926
1686.0,0.7449711314710472
1687.0,0.7465153137342879
1688.0,0.747750553965872
1689.0,0.7490902601328109
1690.0,0.7504164522526988
1691.0,0.7516242110739623
1692.0,0.7528330704176663
1693.0,0.7542308701236093
1694.0,0.755397905236841
1695.0,0.756372690628023
1696.0,0.7572275153967691
1697.0,0.7580726038738023
1698.0,0.7587185528680411
1699.0,0.75867050298533
1700.0,0.759477558047141
1701.0,0.7604992301645297
1702.0,0.7616885960382531
1703.0,0.763879555735309
1704.0,0.7653820726259272
1705.0,0.7667158980199165
1706.0,0.7677467637801193
1707.0,0.7680947122147908
1708.0,0.7689589147268688
1709.0,0.7700429242129431
1710.0,0.7708301800157514
1711.0,0.7717831836474812
1712.0,0.7725070664448092
1713.0,0.7726024995422687
1714.0,0.7731340712411641
1715.0,0.7739388872688522
1716.0,0.7746917512751273
1717.0,0.7756611612333043
1718.0,0.7764578321125235
1719.0,0.7771330424000652
1720.0,0.7778309711772166
1721.0,0.778504593845976
1722.0,0.779116909281368
1723.0,0.7794187027490038
1724.0,0.7803070606349564
1725.0,0.7814592010097671
1726.0,0.7825328751788541
1727.0,0.7843067158602514
1728.0,0.7854267686996952
1729.0,0.7859105220083866
1730.0,0.7868596698642469
1731.0,0.7877700351618335
1732.0,0.7886652908465184
1733.0,0.7898617224027655
1734.0,0.7907464458417511
1735.0,0.791482524077729
1736.0,0.792143736330349
1737.0,0.7927709225557152
1738.0,0.7932226203809233
1739.0,0.7931261038777881
1740.0,0.7937390571547285
1741.0,0.7944775017033514
1742.0,0.7954014327835002
1743.0,0.7973542257353584
1744.0,0.7981439341363016
1745.0,0.7982111603317307
1746.0,0.7988996424218876
1747.0,0.7990788077448548
1748.0,0.7997752092706714
1749.0,0.8014389739581005
1750.0,0.8021805166553776
1751.0,0.8024139321849607
1752.0,0.8031496186973427
1753.0,0.80374907168646
1754.0,0.8049305341809468
1755.0,0.8058187937192586
1756.0,0.8061569943854826
1757.0,0.8068720381099226
1758.0,0.8075548014212126
1759.0,0.8085301453185895
1760.0,0.8095495827838382
1761.0,0.8100523753717952
1762.0,0.8108948531166323
1763.0,0.8115563686009408
1764.0,0.8126982510436942
1765.0,0.8141908103161762
1766.0,0.8147714778800619
1767.0,0.8154250237916664
1768.0,0.8159907487372636
1769.0,0.8164261576822834
1770.0,0.8171266976551873
1771.0,0.817760119888114
1772.0,0.8185020890042871
1773.0,0.8192026826045725
1774.0,0.8200794499712328
1775.0,0.8213742319256986
1776.0,0.8224385164300382
1777.0,0.8234844098356155
1778.0,0.8248355149839295
1779.0,0.8256593491629686
1780.0,0.826000137837272
1781.0,0.8263614148565019
1782.0,0.8267272781085442
1783.0,0.8272119280087832
1784.0,0.827998750488034
1785.0,0.8290078198578417
1786.0,0.8302509742669579
1787.0,0.8314972265160281
1788.0,0.832398593411627
1789.0,0.8333988310117177
1790.0,0.8331574240281387
1791.0,0.8337513228282398
1792.0,0.8352126722018685
1793.0,0.8358550077571603
1794.0,0.8362370539371754
1795.0,0.8368358746297005
1796.0,0.8371530606739821
1797.0,0.8377601529925536
1798.0,0.8389222579253667
1799.0,0.8393793487433409
1800.0,0.8400215698646964
1801.0,0.8349386661134359
1802.0,0.8351147910453636
1803.0,0.8368504310069442
1804.0,0.8378744470581494
1805.0,0.8387097922762078
1806.0,0.840527322536307
1807.0,0.8430453270586034
1808.0,0.8449527159304009
1809.0,0.847512150279545
1810.0,0.8493728269206601
1811.0,0.8506482108520254
1812.0,0.8521721913500081
1813.0,0.8527667149800334
1814.0,0.8526179775635001
1815.0,0.8531470093981859
1816.0,0.8528451606950407
1817.0,0.8536449592999221
1818.0,0.8560260890282037
1819.0,0.8569189645299803
1820.0,0.8576968173262178
1821.0,0.8581266294014787
1822.0,0.8566462478617721
1823.0,0.8566227497592475
1824.0,0.8595578804216748
1825.0,0.8615501621974393
1826.0,0.8629042907835672
1827.0,0.8655857771809821
1828.0,0.8665910346092501
1829.0,0.8651747974870749
1830.0,0.8649291067496899
1831.0,0.8646269131259656
1832.0,0.864768100296155
1833.0,0.8661242719856825
1834.0,0.8678867596151949
1835.0,0.8686159299131486
1836.0,0.8697358445517953
1837.0,0.8705457973485319
1838.0,0.8698731567575332
1839.0,0.8703245605459948
1840.0,0.8713058381122969
1841.0,0.8730200328847385
1842.0,0.8743942219596219
1843.0,0.8756454919801517
1844.0,0.8775428372109799
1845.0,0.8786871731023878
1846.0,0.8791713508441137
1847.0,0.878698927301014
1848.0,0.8791267550276333
1849.0,0.8788392229171976
1850.0,0.8794785603709806
1851.0,0.8816445709051317
1852.0,0.8827970388606923
1853.0,0.8822564158044277
1854.0,0.8822938014695673
1855.0,0.8822119941127006
1856.0,0.8822329722601784
1857.0,0.8826543206292707
1858.0,0.8841739643801358
1859.0,0.8851126520986617
1860.0,0.8858880698426608
1861.0,0.8864699047419988
1862.0,0.8875205971318527
1863.0,0.8880033521317411
1864.0,0.8882698061013671
1865.0,0.8890662417919366
1866.0,0.8894070493267568
1867.0,0.8902553653608014
1868.0,0.8905579428395474
1869.0,0.8902659305521728
1870.0,0.8901594803583583
1871.0,0.8897686654989411
1872.0,0.8899178103365134
1873.0,0.8900145504787064
1874.0,0.8900828203178802
1875.0,0.8905712268477333
1876.0,0.8897334574832816
1877.0,0.887717541391496
1878.0,0.8870398488577818
1879.0,0.8868287325099921
1880.0,0.886839795952543
1881.0,0.8868286383036889
1882.0,0.8880456337170812
1883.0,0.8881282652366976
1884.0,0.8872636295115754
1885.0,0.8861644383150113
1886.0,0.8844895726283698
1887.0,0.8830230023292872
1888.0,0.8816253754771313
1889.0,0.879532072672067
1890.0,0.8775112049876073
1891.0,0.8754098513620104
1892.0,0.8738267279184995
1893.0,0.8713161585523128
1894.0,0.8681721772255027
1895.0,0.8652434899453667
1896.0,0.8614872642795403
1897.0,0.8585600032677451
1898.0,0.8566880740219245
1899.0,0.8539956057155527
1900.0,0.8509205550667107
1901.0,0.8478651378238647
1902.0,0.8441227208338445
1903.0,0.8407707668942456
1904.0,0.838184819731605
1905.0,0.8354826181350138
1906.0,0.8334104697517201
1907.0,0.8309881550640423
1908.0,0.8286686423907658
1909.0,0.8275178615972786
1910.0,0.8258869057140238
1911.0,0.8244513912271976
1912.0,0.8234983928938554
1913.0,0.8226048975511782
1914.0,0.82168276514557
1915.0,0.8217120956624827
1916.0,0.82185086908368
1917.0,0.8219122715351259
1918.0,0.8224974920873438
1919.0,0.8225813542646697
1920.0,0.8215744362709909
1921.0,0.8205449040284428
1922.0,0.8209035671071164
1923.0,0.8217163451211478
1924.0,0.8224223590571451
1925.0,0.8238685639929172
1926.0,0.8260391761750312
1927.0,0.82658065893045
1928.0,0.8269336332058594
1929.0,0.8287937402219074
1930.0,0.8294857181825663
1931.0,0.8298257276919162
1932.0,0.8315127436579497
1933.0,0.8318520632399548
1934.0,0.8315758932478773
1935.0,0.8332923650096304
1936.0,0.8333109780068034
1937.0,0.8339604932195247
1938.0,0.8346703639062173
1939.0,0.8373265185816152
1940.0,0.8379308222629492
1941.0,0.8399429503849265
1942.0,0.842699168859994
1943.0,0.8438089187334983
1944.0,0.8447542200582726
1945.0,0.8454863172942787
1946.0,0.8458855963560145
1947.0,0.8464031382662429
1948.0,0.8473663323986824
1949.0,0.8491158596497264
1950.0,0.8506446093394828
1951.0,0.8521345331715322
1952.0,0.8543008336058339
1953.0,0.8565053841720167
1954.0,0.858625156913852
1955.0,0.8594978671849
1956.0,0.8598359235231368
1957.0,0.8603535376433963
1958.0,0.8597230026277268
1959.0,0.8602480865206896
1960.0,0.8618428641610743
1961.0,0.8631465817740712
1962.0,0.8641005217931376
1963.0,0.866489846119402
1964.0,0.8692682618819082
1965.0,0.8714735097998306
1966.0,0.8743469724032668
1967.0,0.8767895156364072
1968.0,0.878172694780081
1969.0,0.8787008494978683
1970.0,0.8789310802028887
1971.0,0.8786346208988888
1972.0,0.8792452198620043
1973.0,0.8810616070957153
1974.0,0.8821481886936031
1975.0,0.8827790848432464
1976.0,0.8843584505804855
1977.0,0.8866896196873296
1978.0,0.8870497781365421
1979.0,0.8878123627184572
1980.0,0.8890161282315362
1981.0,0.8893408574201198
1982.0,0.8902212564313136
1983.0,0.8925965756914961
1984.0,0.895469919692937
1985.0,0.897367562197317
1986.0,0.8989245276835929
1987.0,0.9004939886735777
1988.0,0.9017596498933261
1989.0,0.9022906186393579
1990.0,0.9030503536924658
1991.0,0.9040689343228075
1992.0,0.9040594506656255
1993.0,0.9041686742055811
1994.0,0.9050806174669329
1995.0,0.9057735605076136
1996.0,0.9072935289018035
1997.0,0.9100453316802651
1998.0,0.9119664062026643
1999.0,0.9144019922642967
2000.0,0.9159206210825312
2001.0,0.9170336533821569
2002.0,0.9170432571195648
2003.0,0.9169985443768848
2004.0,0.9178621889909172
2005.0,0.9185990470087096
2006.0,0.920365854715115
2007.0,0.9220595754273859
2008.0,0.9231713687780878
2009.0,0.9248635982616406
2010.0,0.926469907736071
2011.0,0.928342200875684
2012.0,0.9317579142654255
2013.0,0.9331748494889401
2014.0,0.9334522573282715
2015.0,0.9343046969535621
2016.0,0.9344358837355984
2017.0,0.9345926381785798
2018.0,0.9370246885560989
2019.0,0.9395684414913895
2020.0,0.9415208587065821
2021.0,0.9442975062302265
2022.0,0.9458536393876293
2023.0,0.9457769261763778
2024.0,0.9467059830311176
2025.0,0.9472712654501488
2026.0,0.9484948123076814
2027.0,0.9507024735155388
2028.0,0.9526280558810601
2029.0,0.9550918111694143
2030.0,0.9562620596654249
2031.0,0.9581007206046
2032.0,0.9598726457974636
2033.0,0.9607209378059846
2034.0,0.9612315315577663
2035.0,0.9609573170796593
2036.0,0.9609773961952986
2037.0,0.9618032890017438
2038.0,0.9640686757533846
2039.0,0.9648863176682138
2040.0,0.9653032145575937
2041.0,0.9660729605984552
2042.0,0.9657883865019218
2043.0,0.9663713864480571
2044.0,0.9678298029292645
2045.0,0.9691998041859268
2046.0,0.9712814724987776
2047.0,0.9737724926574665
2048.0,0.9752133617957528
2049.0,0.9767016290839147
2050.0,0.9774064527045632
2051.0,0.9776432283532785
2052.0,0.978304577671687
2053.0,0.9796913039295949
2054.0,0.9803971854355193
2055.0,0.9807315183317382
2056.0,0.9807647961693969
2057.0,0.9801688525468538
2058.0,0.9802710788766101
2059.0,0.9795820188839257
2060.0,0.9807772275101877
2061.0,0.9832150854496929
2062.0,0.985787736687923
2063.0,0.9888041970201249
2064.0,0.9905423386030923
2065.0,0.9914178893620633
2066.0,0.9916448068600732
2067.0,0.9921947023581859
2068.0,0.992541091769395
2069.0,0.9929930688994342
2070.0,0.9936073325960103
2071.0,0.9943601135370136
2072.0,0.9946610935662445
2073.0,0.995467212476869
2074.0,0.997573132123358
2075.0,0.9978620977450795
2076.0,0.9970948417132061
2077.0,0.997796548221577
2078.0,0.9979164710289551
2079.0,0.9983137563086133
2080.0,0.9996870319495277
2081.0,1.0011748988664577
2082.0,1.0020016502546478
2083.0,1.0018680698363216
2084.0,1.0027598289160968
2085.0,1.0036269058035852
2086.0,1.0049076023679564
2087.0,1.0073403510001855
2088.0,1.0088937606622568
2089.0,1.0101644515163695
2090.0,1.0115152867846628
2091.0,1.0128620873633312
2092.0,1.0136065531391312
2093.0,1.0142039495546595
2094.0,1.0150689332565535
2095.0,1.0151654265075132
2096.0,1.015822602824306
2097.0,1.0164096445879482
2098.0,1.0170303282402873
2099.0,1.0180645742800427
2100.0,1.0195989982251388
2101.0,1.0202410702605467
2102.0,1.020654248006626
2103.0,1.0209330628552649
2104.0,1.0203483004545717
2105.0,1.0204127889500354
2106.0,1.02069750075261
2107.0,1.0220553410675894
2108.0,1.0213502874511573
2109.0,1.0209628302305278
2110.0,1.0199813162313627
2111.0,1.0187132159403265
2112.0,1.0196154840734797
2113.0,1.0207147319494274
2114.0,1.0227494953874385
2115.0,1.0269742938563409
2116.0,1.0284582615340674
2117.0,1.0293716067179968
2118.0,1.0306357612160932
2119.0,1.0308009248924708
2120.0,1.031333679845626
2121.0,1.032451284483216
2122.0,1.0327517846725691
2123.0,1.0317766295376893
2124.0,1.0316253064851089
2125.0,1.0317693140321649
2126.0,1.0323485468313107
2127.0,1.0333796746299202
2128.0,1.0328240049416209
2129.0,1.0307491181872583
2130.0,1.0308575203543704
2131.0,1.0312450603925287
2132.0,1.031130465421072
2133.0,1.031328260716452
2134.0,1.0320405981295446
2135.0,1.0325418430047615
2136.0,1.0330443548187964
2137.0,1.0335123607286822
2138.0,1.0346264663854263
2139.0,1.0354719547040947
2140.0,1.035299733078677
2141.0,1.0357863646992567
2142.0,1.0369118450097725
2143.0,1.0377056017747526
2144.0,1.0383893831230395
2145.0,1.0390349400822751
2146.0,1.0387014863869712
2147.0,1.0376119929155423
2148.0,1.0370014713362548
2149.0,1.0364676226442566
2150.0,1.0360285612550704
2151.0,1.0367241060753767
2152.0,1.037565145597906
2153.0,1.0395715580039955
2154.0,1.0394550543018795
2155.0,1.0386064776746482
2156.0,1.0379580905277326
2157.0,1.0352357269870325
2158.0,1.0345328236792326
2159.0,1.03560688112099
2160.0,1.036082438178595
2161.0,1.0364347244200636
2162.0,1.0375811214546977
2163.0,1.0396676518471744
2164.0,1.0407594058073601
2165.0,1.0424457473063737
2166.0,1.0435590361170701
2167.0,1.0432421070210125
2168.0,1.043117915847442
2169.0,1.042439446517604
2170.0,1.043186935983143
2171.0,1.0427468104890396
2172.0,1.0411727934325077
2173.0,1.041501917436776
2174.0,1.041741803956854
2175.0,1.0422616065882446
2176.0,1.0443743610615752
2177.0,1.0457724140122375
2178.0,1.0475465842404676
2179.0,1.0489501468056357
2180.0,1.0502480003339636
2181.0,1.0511690330571328
2182.0,1.0526666769201076
2183.0,1.0514723248166913
2184.0,1.0477700574610715
2185.0,1.0455654652943407
2186.0,1.0423315799580302
2187.0,1.0398253834378905
2188.0,1.0424574268558326
2189.0,1.0442357746064803
2190.0,1.043591417531324
2191.0,1.044076389937909
2192.0,1.0419824022988087
2193.0,1.039702406240548
2194.0,1.0385325960871608
2195.0,1.037350925574667
2196.0,1.0379937992079524
2197.0,1.0405085558222245
2198.0,1.0417082698414233
2199.0,1.0445623153198305
2200.0,1.0459297949044495
2201.0,1.045673851797932
2202.0,1.0456189718376445
2203.0,1.0456371481567068
2204.0,1.0451005189826672
2205.0,1.0430581203451288
2206.0,1.0425649812175812
2207.0,1.0422067858861794
2208.0,1.0428344929513962
2209.0,1.0443901637056152
2210.0,1.043748151697257
2211.0,1.0460729784904006
2212.0,1.0479567836019068
2213.0,1.0488195547274153
2214.0,1.052017394313642
2215.0,1.0531654997202924
2216.0,1.0524168423202924
2217.0,1.0525426226886934
2218.0,1.0524534833909707
2219.0,1.0530988762798006
2220.0,1.0538919397066047
2221.0,1.0554648573531864
2222.0,1.059073786035575
2223.0,1.0599728429778323
2224.0,1.0596492913368973
2225.0,1.0594046347151493
2226.0,1.0565550359142097
2227.0,1.056353843060445
2228.0,1.058161939346246
2229.0,1.059446727822868
2230.0,1.062396386314624
2231.0,1.0635891889754083
2232.0,1.0643943738430586
2233.0,1.0632888927160555
2234.0,1.0616351005166311
2235.0,1.0619165012134746
2236.0,1.0604901664153588
2237.0,1.060788599097639
2238.0,1.0626038132170548
2239.0,1.0619409959936883
2240.0,1.0636997326998552
2241.0,1.0632513631296878
2242.0,1.0613542051331672
2243.0,1.0623271380643757
2244.0,1.063617735367228
2245.0,1.0635547489023576
2246.0,1.0630935942239526
2247.0,1.062242735461367
2248.0,1.06164559206963
2249.0,1.0608722589790767
2250.0,1.0597963588944137
2251.0,1.057264692123958
2252.0,1.0576796520063654
2253.0,1.059118266041385
2254.0,1.0597729455067024
2255.0,1.0634869168268741
2256.0,1.0650415990859117
2257.0,1.0643163609484176
2258.0,1.0637911269120706
2259.0,1.0638056284778854
2260.0,1.0631019482722832
2261.0,1.0604141858093417
2262.0,1.0590837241719364
2263.0,1.0596848838959263
2264.0,1.0568535712655922
2265.0,1.056740091283714
2266.0,1.0580373210528076
2267.0,1.0607763441659595
2268.0,1.067052027297193
2269.0,1.0684808380909205
2270.0,1.0681881360312238
2271.0,1.069521138755941
2272.0,1.0687577074584393
2273.0,1.069189226234526
2274.0,1.0725546672123547
2275.0,1.0749803460325003
2276.0,1.0743226278179407
2277.0,1.0750130762295866
2278.0,1.0777373623675683
2279.0,1.079249020803972
2280.0,1.0805922029574129
2281.0,1.0795916014147904
2282.0,1.076380506535421
2283.0,1.0745248078484715
2284.0,1.0696898249657847
2285.0,1.0685109368749641
2286.0,1.0724638990022526
2287.0,1.0735722301682566
2288.0,1.0734090775332272
2289.0,1.0749438477906328
2290.0,1.0770151233349772
2291.0,1.077473490752875
2292.0,1.078297704692139
2293.0,1.0787061043276678
2294.0,1.0769437878613457
2295.0,1.0772422453405777
2296.0,1.0800196023730837
2297.0,1.0800047875225516
2298.0,1.0806430296732283
2299.0,1.0777123902523147
2300.0,1.0738338098422306
2301.0,1.0754963781624969
2302.0,1.0766795700547998
2303.0,1.0808068366640524
2304.0,1.0846717817862925
2305.0,1.085658240587873
2306.0,1.087198565737383
2307.0,1.087437889528893
2308.0,1.0897188250555976
2309.0,1.090062073309095
2310.0,1.0884094512041051
2311.0,1.0893420240759806
2312.0,1.0888149520853
2313.0,1.0895490410820845
2314.0,1.0916655799458674
2315.0,1.0912265378954766
2316.0,1.0876344215672835
2317.0,1.0835070887849434
2318.0,1.0811527910818772
2319.0,1.078743164715536
2320.0,1.0775970459170403
2321.0,1.078125022969483
2322.0,1.0796742097242686
2323.0,1.083616790081788
2324.0,1.0839075667986113
2325.0,1.0812441053079913
2326.0,1.0825787411260328
2327.0,1.0844102773805453
2328.0,1.0874382920362133
2329.0,1.097259219799957
2330.0,1.1004626608125954
2331.0,1.0981099455583638
2332.0,1.0967793452916623
2333.0,1.094199233518042
2334.0,1.0921634724529816
2335.0,1.0880115491789681
2336.0,1.0875308397679204
2337.0,1.089604037791331
2338.0,1.0888933295042313
2339.0,1.0906162517876534
2340.0,1.0905175733149488
2341.0,1.085427026052087
2342.0,1.0844131654679674
2343.0,1.0854618931236575
2344.0,1.0860924689566809
2345.0,1.089988537210265
2346.0,1.0910858488207735
2347.0,1.0892057778986932
2348.0,1.0902356237981787
2349.0,1.0930681231571493
2350.0,1.0927863825177746
2351.0,1.097465940682699
2352.0,1.1011164751231555
2353.0,1.1000212850285693
2354.0,1.0989850489832909
2355.0,1.0932604548692977
2356.0,1.090723862489235
2357.0,1.0887258785310918
2358.0,1.0844643737361228
2359.0,1.0873900616027588
2360.0,1.0860065597941588
2361.0,1.0839275532986912
2362.0,1.07912686325205
2363.0,1.0699001412515576
2364.0,1.0692247706104063
2365.0,1.0654968714602597
2366.0,1.0675772806824422
2367.0,1.07600669037127
2368.0,1.0689116519022106
2369.0,1.068269014980899
2370.0,1.0728707414348897
2371.0,1.068267841954743
2372.0,1.0724088771529647
2373.0,1.0727129102428217
2374.0,1.06835440898316
2375.0,1.06283920136146
2376.0,1.0562905207700042
2377.0,1.0588150799771503
2378.0,1.0583973562244309
2379.0,1.066895806980309
2380.0,1.0761772413533728
2381.0,1.076129802498066
2382.0,1.080432066352915
2383.0,1.0831169181687805
2384.0,1.082358986620675
2385.0,1.0793644749011237
2386.0,1.0790792977128545
2387.0,1.074925439092616
2388.0,1.0715859240213155
2389.0,1.0693169729163905
2390.0,1.0603015757567986
2391.0,1.0543970470067712
2392.0,1.046111875640224
2393.0,1.0457866373169307
2394.0,1.0495126443243783
2395.0,1.048325357803596
2396.0,1.0511589646564568
2397.0,1.044034098752978
2398.0,1.0427465764614652
2399.0,1.0500781455271635
2400.0,1.0550025205695515
2401.0,1.0705274904101616
2402.0,1.0689901698324842
2403.0,1.0530444453741095
2404.0,1.052154269330708
2405.0,1.044152335893764
2406.0,1.038108865964231
2407.0,1.0492432153333657
2408.0,1.0443468200903245
2409.0,1.0324262365487225
2410.0,1.030399241183407
2411.0,1.0264064329555762
2412.0,1.0255242908474032
2413.0,1.0253097743095274
2414.0,1.029448481152066
2415.0,1.034615426962744
2416.0,1.035786016514047
2417.0,1.0519857595777955
2418.0,1.0595918780594018
2419.0,1.0491165532083953
2420.0,1.0460773166061854
2421.0,1.0400590673894763
2422.0,1.03972380535685
2423.0,1.054161740073047
2424.0,1.0589313055950873
2425.0,1.0438483612237521
2426.0,1.0253769308726692
2427.0,1.0199793431042996
2428.0,1.0264804598641406
2429.0,1.0381056455510524
2430.0,1.0537072784029518
2431.0,1.0660900179278403
2432.0,1.0611648400207563
2433.0,1.0589853471866078
2434.0,1.0613096571139118
2435.0,1.045684828550973
2436.0,1.0319192548005935
2437.0,1.0175928882783585
2438.0,1.002155980173589
2439.0,0.9869882579259076
2440.0,0.9752518460962292
2441.0,0.9819520063361618
2442.0,0.9865221788827615
2443.0,0.9952640169622633
2444.0,1.0104859265161383
2445.0,1.0173848834401662
2446.0,1.013651359730976
2447.0,1.007253337907368
2448.0,1.0063464986003974
2449.0,0.9884256511793565
2450.0,0.973841891585134
2451.0,0.9668788560674796
2452.0,0.9525306849252002
2453.0,0.9475654781031538
2454.0,0.9563694142530189
2455.0,0.9918333128918712
2456.0,1.016864226286819
2457.0,1.0372207371476825
2458.0,1.0589773867392531
2459.0,1.043160265542265
2460.0,1.0246086877835903
2461.0,1.006357864635412
2462.0,1.0000488542067807
2463.0,0.9898961673521364
2464.0,0.9909290925830305
2465.0,1.017694591459448
2466.0,1.0107242968451333
2467.0,1.0175046889692503
2468.0,1.0225512346555594
2469.0,0.9957387411862453
2470.0,0.9777163832337246
2471.0,0.9625205134837834
2472.0,0.9612192365835627
2473.0,0.9843159235970788
2474.0,0.9939688663755082
2475.0,1.0041209897511305
2476.0,1.0095531394319661
2477.0,1.003568906793876
2478.0,1.0058163811519796
2479.0,1.016365995447039
2480.0,1.012149089199167
2481.0,0.9963829406029706
2482.0,0.9898522316330203
2483.0,0.9821878232526847
2484.0,0.9803493928813484
2485.0,0.9943698620243216
2486.0,0.987486235629672
2487.0,0.958269684677708
2488.0,0.9436776301030626
2489.0,0.9183552531044691
2490.0,0.9241482660787713
2491.0,0.9709907127184415
2492.0,0.994730556585937
2493.0,1.0241635522127324
2494.0,1.042618352383665
2495.0,1.0509504666911376
2496.0,1.0331593872918359
2497.0,0.9887084509570035
2498.0,0.988767640818141
2499.0,0.9794955949573737
2500.0,1.0004215279918869
