350.0,-0.08116407681013446
351.0,0.005958836742581151
352.0,-0.017617020030484546
353.0,-0.0694498834350193
354.0,-0.09946791867578553
355.0,-0.0640182346431832
356.0,0.01851369784875113
357.0,0.019720270108670807
358.0,0.03198770625646508
359.0,0.03041834441566934
360.0,-0.019008315254646878
361.0,-0.005560791583142637
362.0,0.0031916083474221204
363.0,0.011624655741817062
364.0,0.043998892462070484
365.0,-0.0048762161562180585
366.0,-0.020369529243464378
367.0,-0.002274091069292827
368.0,-0.035163409573007114
369.0,-0.010373292877956497
370.0,0.007982675993734614
371.0,0.006237977137283932
372.0,0.0415241199421858
373.0,0.04334199919028815
374.0,0.029758176257049913
375.0,0.019100842723028096
376.0,0.003524414988313995
377.0,0.012644430616813543
378.0,0.025774754589869928
379.0,0.023887959070360197
380.0,0.023345990586874234
381.0,0.023456441825615747
382.0,0.025024967521345403
383.0,0.02766717312344887
384.0,0.02515606301900457
385.0,0.022774966338491548
386.0,0.027703192597674377
387.0,0.043147694094547356
388.0,0.04223702708131728
389.0,0.03407342058701238
390.0,0.02946390301493143
391.0,0.03485423321202877
392.0,0.03546164771123274
393.0,0.035247224422817934
394.0,0.03916351435419902
395.0,0.049336680306296454
396.0,0.045964333207221965
397.0,0.036756491663124
398.0,0.03245112106760336
399.0,0.034675630994474654
400.0,0.03373699968348907
401.0,0.03488150491322914
402.0,0.04366626748787171
403.0,0.04747926728485712
404.0,0.04268172792707742
405.0,0.03530913498593732
406.0,0.03571435645189195
407.0,0.04304695840402482
408.0,0.04679638592052851
409.0,0.04426052428020977
410.0,0.041041224242908285
411.0,0.041808835779594336
412.0,0.04364697387325419
413.0,0.04376366786709337
414.0,0.0416895494704417
415.0,0.04324180780778832
416.0,0.044499081724943275
417.0,0.042999867597157855
418.0,0.04943862736127335
419.0,0.047885298210204534
420.0,0.04298860446591329
421.0,0.04595827574171254
422.0,0.048934845291458716
423.0,0.0487208522331481
424.0,0.0461507613212135
425.0,0.04508057647310658
426.0,0.04708396640195839
427.0,0.048283002993068404
428.0,0.04691768210777115
429.0,0.04554793849735096
430.0,0.04701936016097501
431.0,0.04931001741763734
432.0,0.05004889078187968
433.0,0.0497273141491691
434.0,0.049962914091610675
435.0,0.04983146851892742
436.0,0.0479676241395116
437.0,0.04755342048808326
438.0,0.04818027627438847
439.0,0.048933776718562375
440.0,0.04883625981749872
441.0,0.049257140977317565
442.0,0.04925859615320951
443.0,0.04855119023210291
444.0,0.04858852833828038
445.0,0.04950321722031215
446.0,0.05011738002396972
447.0,0.04964917132123242
448.0,0.050409287638015846
449.0,0.049849854919925926
450.0,0.04866483454652691
451.0,0.04920177546259164
452.0,0.05060446492129624
453.0,0.05072766136374018
454.0,0.04946793410444262
455.0,0.04922869150334751
456.0,0.04915254576188564
457.0,0.04835876231702591
458.0,0.047183451902543506
459.0,0.04924047349920125
460.0,0.050944218257553124
461.0,0.050876570997874335
462.0,0.04920251946971204
463.0,0.049105712962125694
464.0,0.04927635989161101
465.0,0.04947317904252792
466.0,0.05047045681823057
467.0,0.05043312705272146
468.0,0.05033304191504832
469.0,0.050736907266896406
470.0,0.05062020318568495
471.0,0.05039633061211455
472.0,0.049953421616168135
473.0,0.04932255220494423
474.0,0.04967986289003216
475.0,0.04991943928734225
476.0,0.05009443040117933
477.0,0.05083537653449151
478.0,0.05003069751555957
479.0,0.049532887071916415
480.0,0.05001671828141377
481.0,0.049755303482228896
482.0,0.04977752943284912
483.0,0.0502472416340141
484.0,0.05094616058431684
485.0,0.05125510696646543
486.0,0.05088961172557
487.0,0.050552904907772894
488.0,0.05111591130198817
489.0,0.050097893744010094
490.0,0.049751438387926096
491.0,0.05069309062220271
492.0,0.05092902820392663
493.0,0.05000258137235649
494.0,0.04958352329034295
495.0,0.05077155562137405
496.0,0.05172435495723472
497.0,0.0513075874371032
498.0,0.05058520845949562
499.0,0.051239886116800734
500.0,0.05063146212073307
501.0,0.051033619079516916
502.0,0.05235947411822452
503.0,0.05146029083072282
504.0,0.051120469765498076
505.0,0.05139145571269608
506.0,0.05166679024797701
507.0,0.05114700939317915
508.0,0.05142875935996674
509.0,0.05218130901731776
510.0,0.05224091649460894
511.0,0.05155370396488435
512.0,0.051197584616231175
513.0,0.05153866267709318
514.0,0.05201291438712038
515.0,0.05166076470219517
516.0,0.05156892185872142
517.0,0.05240378445140122
518.0,0.052416419754101766
519.0,0.05231744798280715
520.0,0.052195900348061514
521.0,0.05195375678605674
522.0,0.05225049249683602
523.0,0.05277113666633008
524.0,0.05308498120029586
525.0,0.05275516321394044
526.0,0.052811439116012576
527.0,0.05263556561002938
528.0,0.05195891045836812
529.0,0.05278193296637449
530.0,0.05333902133037535
531.0,0.05337174226535254
532.0,0.05341180247272306
533.0,0.0531020964451938
534.0,0.05291175574842062
535.0,0.053032249280411614
536.0,0.053170363417274484
537.0,0.05372316259554387
538.0,0.05401326820934429
539.0,0.053538710944549595
540.0,0.05325537294259028
541.0,0.053454211905416986
542.0,0.053816320507078866
543.0,0.05372043826543221
544.0,0.053750290320009185
545.0,0.05391704591809711
546.0,0.0540930103423996
547.0,0.05403785924286055
548.0,0.05407641837273105
549.0,0.05408776146206535
550.0,0.05393093573487836
551.0,0.05395697816157512
552.0,0.054183376142901474
553.0,0.05437373376222005
554.0,0.054168389439692086
555.0,0.054303638201050455
556.0,0.054671949281127875
557.0,0.05494291143483537
558.0,0.05451279297025037
559.0,0.05481016806665643
560.0,0.055341525581314284
561.0,0.05513259580966867
562.0,0.05490569405056488
563.0,0.054876831786915645
564.0,0.055063749433571396
565.0,0.055310198380127594
566.0,0.05564105736498678
567.0,0.055990758246440786
568.0,0.05617300612549499
569.0,0.05563564486830491
570.0,0.05535006595403428
571.0,0.055489154956065045
572.0,0.055782086007616416
573.0,0.056051360578567126
574.0,0.056406870179869874
575.0,0.05668803383239204
576.0,0.056312069173407135
577.0,0.056141406132862705
578.0,0.05627370486899296
579.0,0.05654446516871075
580.0,0.056710013679846794
581.0,0.05686054709648116
582.0,0.056989231514583516
583.0,0.05703469031816485
584.0,0.05713787846715102
585.0,0.057266013447373344
586.0,0.057321157612115516
587.0,0.057077630711245664
588.0,0.05739588429654435
589.0,0.057905033754499576
590.0,0.05798076326766881
591.0,0.05810490956731888
592.0,0.05810975496715539
593.0,0.057980304143975044
594.0,0.05788908473375943
595.0,0.05826105735338778
596.0,0.05870699928109372
597.0,0.058881891394740656
598.0,0.059036224031939054
599.0,0.05896683108202813
600.0,0.05894068177950759
601.0,0.059317169242705775
602.0,0.05925728194278666
603.0,0.0592511013476539
604.0,0.05951757990431275
605.0,0.05972227190953256
606.0,0.059906585946934196
607.0,0.0600373633616446
608.0,0.06009833141852931
609.0,0.06016927765616969
610.0,0.060190359147458766
611.0,0.06034182678634614
612.0,0.06090594679878165
613.0,0.06120881157664995
614.0,0.061300317266699066
615.0,0.06126877571280146
616.0,0.06097447324270271
617.0,0.061175029017409205
618.0,0.061701154443613446
619.0,0.06208000258658628
620.0,0.06241759446349136
621.0,0.06256177939109255
622.0,0.06255332036468746
623.0,0.0626357783075817
624.0,0.06245195059488658
625.0,0.06237284862401847
626.0,0.06271690059418011
627.0,0.06324846230303699
628.0,0.06355920360617275
629.0,0.06362969396901488
630.0,0.06366519830621356
631.0,0.06356760487716294
632.0,0.06360150893565467
633.0,0.06384330883077947
634.0,0.06402357575640891
635.0,0.06427406007830969
636.0,0.06456401372221902
637.0,0.06481829964703575
638.0,0.0649960540394833
639.0,0.06503399811745099
640.0,0.06500351423287067
641.0,0.06508737235385029
642.0,0.06536640030454215
643.0,0.06567031491178453
644.0,0.06592906562387772
645.0,0.0664744695177784
646.0,0.06660535443817882
647.0,0.066499927216444
648.0,0.06663863496237413
649.0,0.06672194249210561
650.0,0.06711287549326458
651.0,0.06769329951374431
652.0,0.06773336380074985
653.0,0.06797296533567532
654.0,0.06815479242840115
655.0,0.06803941749968796
656.0,0.06823922396326736
657.0,0.06846895889226318
658.0,0.0686996306004574
659.0,0.06905153092013008
660.0,0.06947108759433152
661.0,0.06969806778739006
662.0,0.06970438198088233
663.0,0.0698906164674794
664.0,0.0702248960413448
665.0,0.07048262871186241
666.0,0.07052335383973411
667.0,0.07095989735119479
668.0,0.0713871634398419
669.0,0.07164561518062594
670.0,0.07184499439588508
671.0,0.07196376853709259
672.0,0.07211751469060348
673.0,0.07239775228306113
674.0,0.07280461456931211
675.0,0.07315754530130605
676.0,0.07340376855575341
677.0,0.0735849682577552
678.0,0.07390388242507503
679.0,0.07404482413840086
680.0,0.07406429801607224
681.0,0.07453956284288708
682.0,0.07487341754832763
683.0,0.07503058278972739
684.0,0.07518427793670521
685.0,0.07572062374877475
686.0,0.07607739908464728
687.0,0.07624798428889547
688.0,0.07656823956209836
689.0,0.07676771598822113
690.0,0.07695971988936859
691.0,0.07722190583490583
692.0,0.07747517713805491
693.0,0.07792863158195704
694.0,0.07831854858282619
695.0,0.0783947095285387
696.0,0.0787231236920874
697.0,0.07909368272282945
698.0,0.07943128958927503
699.0,0.07980531413926083
700.0,0.08012189278912392
701.0,0.08040273448247284
702.0,0.08067055786082686
703.0,0.08089971793321696
704.0,0.08103321405785972
705.0,0.08134547443395644
706.0,0.08208309215066839
707.0,0.08238699263517978
708.0,0.08277084147734431
709.0,0.08326074133868955
710.0,0.08321350386327049
711.0,0.08361372254645087
712.0,0.08413588789394241
713.0,0.08439363243078606
714.0,0.08480083786243776
715.0,0.08503573237007203
716.0,0.08519612950297636
717.0,0.08557733754534952
718.0,0.0859983297563765
719.0,0.08643707006379685
720.0,0.08684278375118827
721.0,0.08709451852326783
722.0,0.08756088281717538
723.0,0.08793356408346698
724.0,0.08796895023175441
725.0,0.0883959240993837
726.0,0.08894395271132169
727.0,0.08937900625807467
728.0,0.08957255591298055
729.0,0.09011581645736463
730.0,0.09065052469242015
731.0,0.0909690314570653
732.0,0.09137684380052954
733.0,0.09169129635723029
734.0,0.09201854779665603
735.0,0.09248358404232374
736.0,0.0928900316720364
737.0,0.09324840374275195
738.0,0.09364500999629452
739.0,0.09419063634262581
740.0,0.09449550574643781
741.0,0.09479588138276983
742.0,0.09527028230844485
743.0,0.0957679471527456
744.0,0.09621814681127215
745.0,0.09662158698770337
746.0,0.09701925545975496
747.0,0.09747505783836849
748.0,0.09789475349911865
749.0,0.09823899007314688
750.0,0.09854484218482822
751.0,0.09910355567736773
752.0,0.09963926247428832
753.0,0.09999375653423687
754.0,0.10054174666850312
755.0,0.10090366949071342
756.0,0.10125654058050207
757.0,0.10188174081026183
758.0,0.10239212106389933
759.0,0.10283640675695319
760.0,0.10320752005014164
761.0,0.10344715704292456
762.0,0.10406413510281427
763.0,0.10470108689392896
764.0,0.10506916496214609
765.0,0.1054132030804811
766.0,0.10588226545476627
767.0,0.1064440284523563
768.0,0.10699032279221839
769.0,0.10754022868128779
770.0,0.10808325828289567
771.0,0.10858792613559932
772.0,0.10901810536184547
773.0,0.10957170472164342
774.0,0.11010676484511499
775.0,0.11051800550888144
776.0,0.11092402927470185
777.0,0.11133547967997234
778.0,0.1118492544048254
779.0,0.1125189680172497
780.0,0.11305178130788493
781.0,0.1135447214326363
782.0,0.11409671068669514
783.0,0.11476409235640513
784.0,0.11527535728817571
785.0,0.11574732694217398
786.0,0.11628001089852429
787.0,0.11678774531708708
788.0,0.11741010656709922
789.0,0.11801689060848276
790.0,0.118457707890742
791.0,0.11891634416950772
792.0,0.11939126041646554
793.0,0.11992108418634718
794.0,0.12056075624808489
795.0,0.12115450051777162
796.0,0.12178578771016281
797.0,0.12245214167795414
798.0,0.12295210415257188
799.0,0.1235739210727123
800.0,0.12422515673735675
801.0,0.12476597893815378
802.0,0.12530159182427072
803.0,0.12585143086847764
804.0,0.12644383911372767
805.0,0.12709212442266868
806.0,0.1276600211585315
807.0,0.1282373544817563
808.0,0.12886536824158942
809.0,0.129499068863048
810.0,0.13014610262616838
811.0,0.13077526069252332
812.0,0.1313773458385037
813.0,0.13203934269183656
814.0,0.13257371292505174
815.0,0.13309854316873737
816.0,0.13380063986398122
817.0,0.1344968584366565
818.0,0.13503649756610842
819.0,0.13554977756825737
820.0,0.13635622979867076
821.0,0.13684379547981285
822.0,0.13742100218366995
823.0,0.13830759737955556
824.0,0.1391059358864809
825.0,0.13972868265901783
826.0,0.140381022492756
827.0,0.1412159428994382
828.0,0.14184072295811298
829.0,0.14261161088550459
830.0,0.14344476331579478
831.0,0.14404703307571332
832.0,0.14452576141150067
833.0,0.14512613938641838
834.0,0.14587256444065527
835.0,0.1465505364328689
836.0,0.14754457044072833
837.0,0.14839826684549898
838.0,0.1489171477781243
839.0,0.14980068756455542
840.0,0.150400920026925
841.0,0.15094273766027583
842.0,0.1517740595000473
843.0,0.15256338184949603
844.0,0.15333597637851984
845.0,0.15411477459342943
846.0,0.1549020972872601
847.0,0.15555098771500062
848.0,0.15609266107886355
849.0,0.15663813442659544
850.0,0.15735873190678304
851.0,0.1583141298179164
852.0,0.1592378179300131
853.0,0.15991007911562063
854.0,0.1602993094979245
855.0,0.1612649750880892
856.0,0.16234662633963756
857.0,0.16296244986024766
858.0,0.16372586131831993
859.0,0.1646438108340299
860.0,0.16557458885334747
861.0,0.16632459840927857
862.0,0.16699316350967497
863.0,0.16755261289663048
864.0,0.16816042477126303
865.0,0.16909468338896158
866.0,0.1699483579696857
867.0,0.17077154064297226
868.0,0.1715751259240361
869.0,0.1721969640979109
870.0,0.17294471489628427
871.0,0.17382898679341746
872.0,0.17476900442671167
873.0,0.17567645158206532
874.0,0.17638581119296937
875.0,0.17713062961817605
876.0,0.17811544157890008
877.0,0.17868846472298294
878.0,0.17967907501439734
879.0,0.18080731187738727
880.0,0.181313318317807
881.0,0.18232416148043962
882.0,0.18325800046640414
883.0,0.18395561285894607
884.0,0.18479505669279161
885.0,0.18567976022710242
886.0,0.18649828907259244
887.0,0.18734793969976163
888.0,0.1886237831057541
889.0,0.18960177532402014
890.0,0.19026245013183302
891.0,0.1908618975696809
892.0,0.19185853377754003
893.0,0.19278892928097843
894.0,0.1936111122752847
895.0,0.19447923418561677
896.0,0.19575306757520658
897.0,0.1967123443148656
898.0,0.1973692140148383
899.0,0.198092710296063
900.0,0.19890269957785534
901.0,0.20001093346935037
902.0,0.20106328345768795
903.0,0.20151254123171697
904.0,0.2024840573362706
905.0,0.20366243395305358
906.0,0.20463480867607636
907.0,0.20513338942669712
908.0,0.2057811098055821
909.0,0.2069337097575087
910.0,0.20832947555993825
911.0,0.20900179613112657
912.0,0.21002868588484214
913.0,0.21106957350404396
914.0,0.21180931751131912
915.0,0.21256878626988754
916.0,0.2134834757729187
917.0,0.2144760624760852
918.0,0.215400333506153
919.0,0.21612238855433047
920.0,0.21686670174206296
921.0,0.21777988669953366
922.0,0.21893683872676517
923.0,0.22034408269722144
924.0,0.22158101306137776
925.0,0.2223776927003132
926.0,0.2228344423040448
927.0,0.22416868553745464
928.0,0.22523019033999672
929.0,0.22597090141000964
930.0,0.2269641746345569
931.0,0.22804774387642554
932.0,0.22900676367677544
933.0,0.22991887581798792
934.0,0.23098598411812993
935.0,0.23168368096381073
936.0,0.23226663733543443
937.0,0.2332912175680152
938.0,0.23527203693605409
939.0,0.23688179291770045
940.0,0.2378609306920486
941.0,0.23840237113543913
942.0,0.23900906733503635
943.0,0.23988307905811707
944.0,0.2409164214530589
945.0,0.24216779693617033
946.0,0.24386439879248245
947.0,0.24460752018435689
948.0,0.245623379874174
949.0,0.2470594588145092
950.0,0.24712610025194806
951.0,0.24835958744198144
952.0,0.250138936104988
953.0,0.2514253262539032
954.0,0.25165618513551696
955.0,0.2522299594696903
956.0,0.2528857868392497
957.0,0.2536169190690809
958.0,0.2554143510573476
959.0,0.25726267992685237
960.0,0.2585051567535944
961.0,0.25910153961827587
962.0,0.2599217565301967
963.0,0.2615268474057162
964.0,0.26265984122500197
965.0,0.26295830840391954
966.0,0.26459351541471665
967.0,0.26548864318459203
968.0,0.26621544330372776
969.0,0.2675264444433367
970.0,0.2691663075867153
971.0,0.2699766990617897
972.0,0.27076534958661475
973.0,0.2722110555708249
974.0,0.27366835646662013
975.0,0.27472425315214005
976.0,0.2757339955202728
977.0,0.2766930299807877
978.0,0.2765342186906214
979.0,0.27728749758177584
980.0,0.2788642408995926
981.0,0.28082544806556836
982.0,0.28310772694896036
983.0,0.2833196652426133
984.0,0.2839070748418314
985.0,0.2859177078950718
986.0,0.28618438543287883
987.0,0.2885266217903418
988.0,0.28984813427568346
989.0,0.28898234019314095
990.0,0.2899305232768934
991.0,0.29193173861681343
992.0,0.29354287880560487
993.0,0.2941873940067192
994.0,0.29479118958215733
995.0,0.2961637380029863
996.0,0.2979223540015609
997.0,0.29966056734823804
998.0,0.3012107765582247
999.0,0.3016035043378591
1000.0,0.302642224377347
1001.0,0.31462602758121894
1002.0,0.31402651973311024
1003.0,0.3144442281845328
1004.0,0.3138487406781031
1005.0,0.3157768914388891
1006.0,0.31691391087145415
1007.0,0.31980639204718514
1008.0,0.3232383257917081
1009.0,0.3246752913863594
1010.0,0.3281127421384547
1011.0,0.3303608158075658
1012.0,0.32942584321556845
1013.0,0.32856144871514525
1014.0,0.32881344479093777
1015.0,0.3284369750946596
1016.0,0.32922310321401643
1017.0,0.331565028493802
1018.0,0.33379039253908155
1019.0,0.33432027969636013
1020.0,0.3362856239122248
1021.0,0.3394451796502946
1022.0,0.33902410681893924
1023.0,0.3392946322094455
1024.0,0.34121996250460424
1025.0,0.3404581491343123
1026.0,0.34373054967534156
1027.0,0.3485835942355147
1028.0,0.3507482681906751
1029.0,0.35236700997451115
1030.0,0.353728208688638
1031.0,0.35290627580420825
1032.0,0.3533516024136148
1033.0,0.35364939066389006
1034.0,0.35313046037628926
1035.0,0.35513968480113745
1036.0,0.3555107091995969
1037.0,0.35639436190696994
1038.0,0.3601999956653755
1039.0,0.36158017186706803
1040.0,0.3615119191111068
1041.0,0.36257779160259823
1042.0,0.36297825395448313
1043.0,0.3640741090127329
1044.0,0.3662016980014995
1045.0,0.3692392287761886
1046.0,0.3702542614168218
1047.0,0.3709982103299771
1048.0,0.37303998254650417
1049.0,0.3746575320619961
1050.0,0.3749324008691101
1051.0,0.3762775017008134
1052.0,0.376393858015808
1053.0,0.37560623300683116
1054.0,0.3780744611110302
1055.0,0.38100922533987047
1056.0,0.3826881028428162
1057.0,0.38358224758690285
1058.0,0.38569189336078563
1059.0,0.3879832949644726
1060.0,0.3879130057124228
1061.0,0.3893224877154775
1062.0,0.3912952324618452
1063.0,0.3903267654781668
1064.0,0.39182496422656055
1065.0,0.3934357459767484
1066.0,0.39343457817911326
1067.0,0.39527306767644677
1068.0,0.39638076583896115
1069.0,0.39699847273815075
1070.0,0.3983694271863698
1071.0,0.3998432778210844
1072.0,0.4014238100847596
1073.0,0.40324242200063826
1074.0,0.4057158688111276
1075.0,0.4079157493906051
1076.0,0.4095404910102372
1077.0,0.4116903108581316
1078.0,0.4129765571141928
1079.0,0.41371455368741356
1080.0,0.4147148565708333
1081.0,0.41512340351992194
1082.0,0.4154553281864389
1083.0,0.4171163713570366
1084.0,0.41911526089309176
1085.0,0.42239089803255414
1086.0,0.4240858824762471
1087.0,0.42547500354480483
1088.0,0.42705322263354617
1089.0,0.4281543657530382
1090.0,0.42907406326054115
1091.0,0.4309615129682073
1092.0,0.4323271129762287
1093.0,0.43234999739353863
1094.0,0.43299389470861366
1095.0,0.43383869746870696
1096.0,0.43461844595576815
1097.0,0.43609768763563617
1098.0,0.437906574698472
1099.0,0.4397813486019473
1100.0,0.44221560408644683
1101.0,0.4440171157005074
1102.0,0.4456704543314171
1103.0,0.44733096765557884
1104.0,0.4482490002490716
1105.0,0.44905777037054023
1106.0,0.45025774153079723
1107.0,0.45132439638832156
1108.0,0.45251373624657415
1109.0,0.45423697156918125
1110.0,0.4561781408377795
1111.0,0.4573100440336081
1112.0,0.4588325887721588
1113.0,0.4608967346741789
1114.0,0.4623681154810919
1115.0,0.4633986931978739
1116.0,0.4648213502256685
1117.0,0.4661918908383763
1118.0,0.46743688882820045
1119.0,0.46842839115861395
1120.0,0.47036312420012966
1121.0,0.47197907958995694
1122.0,0.47325284208202967
1123.0,0.47517703448936677
1124.0,0.47636497080494355
1125.0,0.47749538263044533
1126.0,0.47947126983869515
1127.0,0.48123839975005966
1128.0,0.48339939792331604
1129.0,0.48495217280402314
1130.0,0.4862552970340629
1131.0,0.4874204298722742
1132.0,0.48792586383042125
1133.0,0.4889437821393587
1134.0,0.4902152149289699
1135.0,0.49138443468726056
1136.0,0.49292130713511173
1137.0,0.49477940729886705
1138.0,0.4959602230903975
1139.0,0.4977065352933798
1140.0,0.4994448720813649
1141.0,0.500290532068009
1142.0,0.5017593809766954
1143.0,0.5036771238040619
1144.0,0.5053024569170684
1145.0,0.5071211194131111
1146.0,0.508565740164054
1147.0,0.5095428251658962
1148.0,0.5108767543800745
1149.0,0.5121897997566537
1150.0,0.513341208060106
1151.0,0.5153377236686798
1152.0,0.5170084327200911
1153.0,0.5184145097710733
1154.0,0.5201182909473155
1155.0,0.5211117006262203
1156.0,0.5222972600341628
1157.0,0.523688124024911
1158.0,0.5251564423906461
1159.0,0.5266206948171347
1160.0,0.5282289697469251
1161.0,0.5298684610913359
1162.0,0.5316763897987626
1163.0,0.5329431356799709
1164.0,0.5340485356800623
1165.0,0.535478669012637
1166.0,0.5364110348868022
1167.0,0.5376751396674325
1168.0,0.5406316683357356
1169.0,0.5425128746455545
1170.0,0.5436944930430971
1171.0,0.5457595220332443
1172.0,0.5474235222208661
1173.0,0.5485162640389046
1174.0,0.5499609217918957
1175.0,0.5519249721395018
1176.0,0.5532682748838809
1177.0,0.5537818117907557
1178.0,0.5552223371472677
1179.0,0.5571116978865545
1180.0,0.5587838279990351
1181.0,0.560996492339191
1182.0,0.5627930645295856
1183.0,0.5640999292546718
1184.0,0.5654156181192093
1185.0,0.5665803314176481
1186.0,0.568059574716303
1187.0,0.5692392475475491
1188.0,0.5700967782530577
1189.0,0.5713614486515975
1190.0,0.5726681801220127
1191.0,0.5741077878647154
1192.0,0.5758556117693033
1193.0,0.5775447404981782
1194.0,0.5791949054493488
1195.0,0.5808227032268543
1196.0,0.5828605203654365
1197.0,0.5844036541841973
1198.0,0.585139103010643
1199.0,0.5869145026353072
1200.0,0.5885941042403766
1201.0,0.5894736372488105
1202.0,0.5910459371263971
1203.0,0.5925141223289144
1204.0,0.5939892806962133
1205.0,0.5953053833886248
1206.0,0.5968918258081228
1207.0,0.5987933701763544
1208.0,0.6003175675915512
1209.0,0.6019278436825553
1210.0,0.6031888142832578
1211.0,0.6037501305613682
1212.0,0.6049182866806626
1213.0,0.6062060500993879
1214.0,0.6075693756333708
1215.0,0.6091655542426834
1216.0,0.6111022610928349
1217.0,0.6126607713879778
1218.0,0.6137130221975642
1219.0,0.615206313658909
1220.0,0.6167047079975717
1221.0,0.6183369240110237
1222.0,0.6202922154034659
1223.0,0.6219626029301523
1224.0,0.6235017575686904
1225.0,0.6250478312298123
1226.0,0.6264719682015544
1227.0,0.6280607040214579
1228.0,0.6300519817168051
1229.0,0.6314188384866675
1230.0,0.6322127257236594
1231.0,0.6334456509048754
1232.0,0.6342018812758048
1233.0,0.6355714875083717
1234.0,0.6376358734725397
1235.0,0.640122279096043
1236.0,0.6419971755499162
1237.0,0.6438308688224732
1238.0,0.6456160606471996
1239.0,0.6471969157028334
1240.0,0.6486373903586533
1241.0,0.650055572934289
1242.0,0.6514843375525475
1243.0,0.6524260283430807
1244.0,0.6539163835034295
1245.0,0.6562893422738134
1246.0,0.657710964282067
1247.0,0.6583424601852512
1248.0,0.6597207605795191
1249.0,0.6607510751360297
1250.0,0.662239480195235
1251.0,0.6644062526639543
1252.0,0.6670856678491959
1253.0,0.6692222104202087
1254.0,0.671326854638888
1255.0,0.6730535946769469
1256.0,0.6745194157305987
1257.0,0.6760325102622881
1258.0,0.6773803249888445
1259.0,0.6785762176234675
1260.0,0.6794979833091475
1261.0,0.680815106164389
1262.0,0.6820255377589456
1263.0,0.6834081104461263
1264.0,0.6854868994371034
1265.0,0.687006157244559
1266.0,0.6879418545273036
1267.0,0.6893327564118936
1268.0,0.6909937801620953
1269.0,0.6922672775909288
1270.0,0.6936633635487335
1271.0,0.6953162650189666
1272.0,0.6967321969869249
1273.0,0.6978318935458833
1274.0,0.6991896633860248
1275.0,0.7007837171345098
1276.0,0.702149271211234
1277.0,0.7033478339659195
1278.0,0.7047158151632126
1279.0,0.7059656245133413
1280.0,0.7074719871745854
1281.0,0.7093296435333062
1282.0,0.7109428751786462
1283.0,0.7126684230521791
1284.0,0.7142156234231857
1285.0,0.7155309516764007
1286.0,0.7168609173657161
1287.0,0.7176502062212156
1288.0,0.7192481747192117
1289.0,0.7208741790280585
1290.0,0.7227785248397849
1291.0,0.7243607008462157
1292.0,0.7260832522997378
1293.0,0.7277963695060873
1294.0,0.729372651907776
1295.0,0.7308081512524732
1296.0,0.7322865545435027
1297.0,0.7338278809439696
1298.0,0.7348434355242756
1299.0,0.7365016948316144
1300.0,0.7390036066963684
1301.0,0.7408844457457988
1302.0,0.7427644477087354
1303.0,0.7444544550932527
1304.0,0.7454124947106361
1305.0,0.7469358492834662
1306.0,0.7486601004401543
1307.0,0.7506105687623147
1308.0,0.7523946920663558
1309.0,0.754528224328497
1310.0,0.7561589075609197
1311.0,0.757321078282911
1312.0,0.7589308520807893
1313.0,0.7605543320853266
1314.0,0.762268803970785
1315.0,0.7644429161039684
1316.0,0.7660219746261588
1317.0,0.7673315354227861
1318.0,0.7686342138231953
1319.0,0.7692970536771818
1320.0,0.7706655493464024
1321.0,0.772616401267665
1322.0,0.774159832360866
1323.0,0.7757145912087572
1324.0,0.7774015423675966
1325.0,0.7787600110540827
1326.0,0.7803965167537834
1327.0,0.782242764562892
1328.0,0.78478455196595
1329.0,0.7862352754308827
1330.0,0.7872155246354532
1331.0,0.7885370122869869
1332.0,0.7893713711810064
1333.0,0.7906950850980841
1334.0,0.7926158709103525
1335.0,0.7940776774394874
1336.0,0.7950743554555793
1337.0,0.7966683723675954
1338.0,0.798531231653641
1339.0,0.8003284344797629
1340.0,0.8025014382345429
1341.0,0.804518196328059
1342.0,0.8065384897653938
1343.0,0.8082824299240389
1344.0,0.8097278232369625
1345.0,0.811438322027603
1346.0,0.8131309013912527
1347.0,0.8147683094711375
1348.0,0.8162668325906852
1349.0,0.817925152819175
1350.0,0.8194718992926548
1351.0,0.8206983663005086
1352.0,0.8221280144468569
1353.0,0.8240161986665315
1354.0,0.8252129022937225
1355.0,0.8258501800877052
1356.0,0.82687969402282
1357.0,0.8276442278752963
1358.0,0.8287961714308192
1359.0,0.8301929878706235
1360.0,0.8317742752797818
1361.0,0.8337327535829203
1362.0,0.8354331764274079
1363.0,0.8374943984021778
1364.0,0.839041314323281
1365.0,0.8398466823140328
1366.0,0.8410956790657053
1367.0,0.8422952633196064
1368.0,0.8435820127323335
1369.0,0.8450821771412254
1370.0,0.847045520723857
1371.0,0.8486075456485761
1372.0,0.8500598675494869
1373.0,0.8515458841956227
1374.0,0.8529947033715641
1375.0,0.85436150866899
1376.0,0.8556737308325831
1377.0,0.8570213735498774
1378.0,0.8582966057104202
1379.0,0.8596630946570736
1380.0,0.8612195107383775
1381.0,0.8625560840524966
1382.0,0.8638110245491496
1383.0,0.8649936270797007
1384.0,0.8658779661490497
1385.0,0.8670097835729642
1386.0,0.8685455933136322
1387.0,0.8695822828598017
1388.0,0.8704822166193174
1389.0,0.8712687519492567
1390.0,0.8717665657470779
1391.0,0.8718529866731759
1392.0,0.8725608917219254
1393.0,0.8734187759613211
1394.0,0.8745549493235281
1395.0,0.8762288295984448
1396.0,0.877281002767912
1397.0,0.878167476478214
1398.0,0.8792370331873411
1399.0,0.8798944667468229
1400.0,0.8811668605286633
1401.0,0.883275909467753
1402.0,0.8845211947803162
1403.0,0.8856640489381583
1404.0,0.8865321933024292
1405.0,0.8865353415644769
1406.0,0.8872514257977321
1407.0,0.8882742283401209
1408.0,0.8892067527591827
1409.0,0.8903012833120417
1410.0,0.8914526932019992
1411.0,0.8925615881921165
1412.0,0.8937540577407208
1413.0,0.8951917615012671
1414.0,0.8966308524162737
1415.0,0.8975317498279912
1416.0,0.8984312624307011
1417.0,0.8996108393982492
1418.0,0.9007112317027683
1419.0,0.9019699782375405
1420.0,0.9035676783707587
1421.0,0.9049888680507168
1422.0,0.9062542987213018
1423.0,0.90769009730865
1424.0,0.9093062458689499
1425.0,0.9108233207187276
1426.0,0.9125020640845743
1427.0,0.9137512878686063
1428.0,0.9147383207318461
1429.0,0.9158360536119623
1430.0,0.9165644413113883
1431.0,0.9176409988114995
1432.0,0.9189852514761105
1433.0,0.920261015701039
1434.0,0.9215400802977957
1435.0,0.922932129097843
1436.0,0.924261966335956
1437.0,0.9258923962638752
1438.0,0.9278379031307874
1439.0,0.9297344427375692
1440.0,0.9318459878132404
1441.0,0.9338426478702248
1442.0,0.9352506083732104
1443.0,0.9362204171310193
1444.0,0.9372183040992037
1445.0,0.9377685013662759
1446.0,0.9386196375721444
1447.0,0.9392775609444955
1448.0,0.9406435780108515
1449.0,0.9423972645979146
1450.0,0.9439047488677883
1451.0,0.9461040653738583
1452.0,0.9474866732531702
1453.0,0.9481755740861926
1454.0,0.9492254276998713
1455.0,0.9500675607363381
1456.0,0.951161573220031
1457.0,0.9525244891482753
1458.0,0.9536790091669519
1459.0,0.9547546776285927
1460.0,0.9559528821786979
1461.0,0.9569618518120073
1462.0,0.9583291723347772
1463.0,0.9601739320051834
1464.0,0.9617091429712387
1465.0,0.9633285316709536
1466.0,0.9648227455193755
1467.0,0.9661297205280088
1468.0,0.9673252067070444
1469.0,0.9686376291321265
1470.0,0.9697651989948272
1471.0,0.9711316991637772
1472.0,0.9724845206091207
1473.0,0.9740523088769497
1474.0,0.9759275532975412
1475.0,0.9774433525936899
1476.0,0.978907497304718
1477.0,0.9804019221324436
1478.0,0.9817538954422841
1479.0,0.9831904798278023
1480.0,0.9846560736519957
1481.0,0.9861678561225369
1482.0,0.9877700104574071
1483.0,0.9891601212010515
1484.0,0.990419729852097
1485.0,0.9919149279708127
1486.0,0.9932478449240217
1487.0,0.9948614525213739
1488.0,0.9969544596167521
1489.0,0.9987833022231628
1490.0,1.0007667221630085
1491.0,1.002323548381749
1492.0,1.0033517142947022
1493.0,1.00478936980642
1494.0,1.0062703401608435
1495.0,1.0076384156768523
1496.0,1.0090759064037886
1497.0,1.010710921479894
1498.0,1.0124374864806889
1499.0,1.0139199371730394
1500.0,1.015619050248417
1501.0,1.0172202597285913
1502.0,1.0179684296839444
1503.0,1.018664687926814
1504.0,1.0196929678039104
1505.0,1.0206414990478887
1506.0,1.021937952567656
1507.0,1.0236995051687758
1508.0,1.0249846081282579
1509.0,1.0261747017479743
1510.0,1.0273458617171227
1511.0,1.0281758476942902
1512.0,1.029601294803804
1513.0,1.0315190347838363
1514.0,1.0329402550940996
1515.0,1.0344263473400865
1516.0,1.035780975120111
1517.0,1.0366359310114106
1518.0,1.0379141825771896
1519.0,1.039519545193648
1520.0,1.0409281403050228
1521.0,1.042261656330789
1522.0,1.04371997870067
1523.0,1.0453278984634833
1524.0,1.0467506871626377
1525.0,1.0482601881143148
1526.0,1.0495745231763902
1527.0,1.0503492087525907
1528.0,1.0516116883395472
1529.0,1.0530891321656533
1530.0,1.0545504574301696
1531.0,1.0564427677517236
1532.0,1.0580583580595586
1533.0,1.0595554620232133
1534.0,1.0609253371365646
1535.0,1.0619802725558445
1536.0,1.0632154505326112
1537.0,1.0644355604349933
1538.0,1.065674999797753
1539.0,1.0669356517306487
1540.0,1.0684953763332175
1541.0,1.0698129963737375
1542.0,1.0710387116667004
1543.0,1.0723079530115776
1544.0,1.073571290296056
1545.0,1.0747986304036818
1546.0,1.0759965701475693
1547.0,1.0772018688303715
1548.0,1.0783181280409364
1549.0,1.079644383115331
1550.0,1.0808800679792234
1551.0,1.0826608321880873
1552.0,1.0850792182487794
1553.0,1.0867522185767107
1554.0,1.088645421955869
1555.0,1.0898892771459963
1556.0,1.0901036603835466
1557.0,1.091172817445829
1558.0,1.0924887464576445
1559.0,1.0936222945610432
1560.0,1.0949575787226746
1561.0,1.09620770971937
1562.0,1.0972841162648903
1563.0,1.0983755964076873
1564.0,1.0996410154797318
1565.0,1.100725568831441
1566.0,1.1013474157161753
1567.0,1.1025028328828688
1568.0,1.103873594533338
1569.0,1.1053209975659188
1570.0,1.107292594598984
1571.0,1.1088572447623082
1572.0,1.1103819563012802
1573.0,1.1116756860660661
1574.0,1.112267303408998
1575.0,1.113586085973237
1576.0,1.115361274282733
1577.0,1.1168339083816925
1578.0,1.1187503403521473
1579.0,1.120302077677743
1580.0,1.1211860325356846
1581.0,1.122385185135112
1582.0,1.123683063629483
1583.0,1.1250243881924435
1584.0,1.1264992339525672
1585.0,1.1279281624356372
1586.0,1.1295106880840813
1587.0,1.1308713436944406
1588.0,1.1321560148958902
1589.0,1.1332999789380227
1590.0,1.1342944869258238
1591.0,1.134915063455819
1592.0,1.1361868703942943
1593.0,1.137678251394312
1594.0,1.1389080903338222
1595.0,1.140465114924853
1596.0,1.141559345623603
1597.0,1.1421793254544845
1598.0,1.1430933961642264
1599.0,1.1440318689429612
1600.0,1.145048615151687
1601.0,1.1460665163728527
1602.0,1.1471584454696218
1603.0,1.1483645032250736
1604.0,1.1495518219732175
1605.0,1.1509234627832583
1606.0,1.1518086047259848
1607.0,1.1524487183617547
1608.0,1.1532561366293814
1609.0,1.15372148754689
1610.0,1.154549905440706
1611.0,1.1556414409528577
1612.0,1.156796220958336
1613.0,1.158108778971535
1614.0,1.159241453577047
1615.0,1.1606300882957663
1616.0,1.1615436434914166
1617.0,1.1619573672905001
1618.0,1.1627444897588266
1619.0,1.1635520645898958
1620.0,1.1642689511251891
1621.0,1.1649298323398858
1622.0,1.1659077931073556
1623.0,1.166822951430126
1624.0,1.168028262352217
1625.0,1.170029523148684
1626.0,1.171173761592326
1627.0,1.1719282564790776
1628.0,1.1727678730025677
1629.0,1.1729719491499124
1630.0,1.1738492114826873
1631.0,1.1751366920036037
1632.0,1.1763959425830972
1633.0,1.1779233677242358
1634.0,1.1794357494330818
1635.0,1.1811015641497997
1636.0,1.1825425886997258
1637.0,1.1841134847062489
1638.0,1.1852832001102964
1639.0,1.1860294433016276
1640.0,1.1869037451426037
1641.0,1.1875117764579828
1642.0,1.1883609069915189
1643.0,1.1894485752416728
1644.0,1.1903328907022674
1645.0,1.191317879636345
1646.0,1.1920556370779298
1647.0,1.1924694412768007
1648.0,1.1930350388481679
1649.0,1.1935715144117054
1650.0,1.1940448025684105
1651.0,1.1945662361195764
1652.0,1.1950304790058983
1653.0,1.1952861202111906
1654.0,1.1957328021878748
1655.0,1.1962560117162064
1656.0,1.1968194175318558
1657.0,1.1976557473320426
1658.0,1.1981539654921534
1659.0,1.1983435087081329
1660.0,1.1988585465787185
1661.0,1.1993338535904645
1662.0,1.1999213778575804
1663.0,1.2009969535836775
1664.0,1.2015837432682512
1665.0,1.201413868310251
1666.0,1.2021090134808563
1667.0,1.2031559407519243
1668.0,1.2042292228316869
1669.0,1.206114478609138
1670.0,1.2075036978069735
1671.0,1.2084271018681436
1672.0,1.2095974410428554
1673.0,1.2106359021865
1674.0,1.2119651538336211
1675.0,1.2136281132558924
1676.0,1.2150364378457577
1677.0,1.2164458314448479
1678.0,1.2179738395631856
1679.0,1.2195224971141387
1680.0,1.2209190023377772
1681.0,1.2226130568961866
1682.0,1.2238800022260146
1683.0,1.2245080511532724
1684.0,1.2255529894999408
1685.0,1.226735144224549
1686.0,1.2276883067505355
1687.0,1.2286145471389782
1688.0,1.2295734493646588
1689.0,1.230269394569923
1690.0,1.2311873910876638
1691.0,1.2324639953900274
1692.0,1.2335895732586621
1693.0,1.234636417479148
1694.0,1.2356868925996407
1695.0,1.23675546105891
1696.0,1.237645480610796
1697.0,1.238474131046723
1698.0,1.2393463476555842
1699.0,1.2398728044822789
1700.0,1.2408638640215512
1701.0,1.2419737999797198
1702.0,1.2433551459950805
1703.0,1.2455164440616209
1704.0,1.2470230330220862
1705.0,1.2484663594564973
1706.0,1.2497241021400602
1707.0,1.2503198778603561
1708.0,1.2513502279485387
1709.0,1.252832146931035
1710.0,1.253831045115789
1711.0,1.2544181191768329
1712.0,1.2553802065702921
1713.0,1.256280512883442
1714.0,1.2571023966392756
1715.0,1.2584874052919255
1716.0,1.2593499276483084
1717.0,1.2594959705674065
1718.0,1.2601065368360498
1719.0,1.2607527685171842
1720.0,1.261375875962325
1721.0,1.262148313268066
1722.0,1.2630827353699456
1723.0,1.2642624084782421
1724.0,1.2651498674039967
1725.0,1.2659349913366926
1726.0,1.2668035342459953
1727.0,1.2673199629521592
1728.0,1.2681225045839426
1729.0,1.2693310068805452
1730.0,1.2704037323323587
1731.0,1.2715501160814133
1732.0,1.2725309866263126
1733.0,1.2735210105902508
1734.0,1.2742378452390168
1735.0,1.2747348526879758
1736.0,1.2751114121872411
1737.0,1.2753686248226972
1738.0,1.2754767812668417
1739.0,1.275134393035724
1740.0,1.2754553830972442
1741.0,1.275583056114771
1742.0,1.2765214361691815
1743.0,1.2788062844462136
1744.0,1.2799418234156503
1745.0,1.2807810885776465
1746.0,1.2816539525670827
1747.0,1.2817116193810716
1748.0,1.2825287211366856
1749.0,1.2843905315974558
1750.0,1.2853424248474468
1751.0,1.2859166306641214
1752.0,1.2868784564338651
1753.0,1.287209967512982
1754.0,1.2887384378076925
1755.0,1.2902685651889731
1756.0,1.2905646449366315
1757.0,1.2915505311797981
1758.0,1.2921201196060843
1759.0,1.2921339794370377
1760.0,1.2932025932442275
1761.0,1.2943939693873976
1762.0,1.2950833066836114
1763.0,1.2959528746549114
1764.0,1.296365327169811
1765.0,1.296327191034842
1766.0,1.296929527830554
1767.0,1.2975338772241383
1768.0,1.298904919142251
1769.0,1.3011867062092772
1770.0,1.302190508114709
1771.0,1.3025350680790482
1772.0,1.3030634840720745
1773.0,1.3032528706676196
1774.0,1.303916881400425
1775.0,1.305738062518248
1776.0,1.3066697805638787
1777.0,1.3067345496547347
1778.0,1.3076055340676433
1779.0,1.3083063933122883
1780.0,1.3089202661156076
1781.0,1.3093104359197927
1782.0,1.309071735931242
1783.0,1.3093954115085196
1784.0,1.3100728696655743
1785.0,1.3112744078251946
1786.0,1.3132407941875501
1787.0,1.3145996943135891
1788.0,1.316225055202341
1789.0,1.317765375960252
1790.0,1.3178555597374497
1791.0,1.3187213356259655
1792.0,1.3192319625454023
1793.0,1.3201336814380864
1794.0,1.3219185750726863
1795.0,1.3230670909820847
1796.0,1.3238147258781505
1797.0,1.3247048859893158
1798.0,1.3257124707340917
1799.0,1.3257525714276948
1800.0,1.3262687401932074
1801.0,1.3083102105849014
1802.0,1.3090881394831921
1803.0,1.3117558326521355
1804.0,1.3142588004788156
1805.0,1.318318751452443
1806.0,1.3207035072949356
1807.0,1.3231787031816893
1808.0,1.3248699256952539
1809.0,1.3252267550526164
1810.0,1.326390533190642
1811.0,1.327596749393554
1812.0,1.3290827957051263
1813.0,1.3299678810585263
1814.0,1.3300453010744768
1815.0,1.3306228782015999
1816.0,1.330628901185965
1817.0,1.331175425360328
1818.0,1.3322192629005127
1819.0,1.333104123410302
1820.0,1.3344857706911901
1821.0,1.3349829786898606
1822.0,1.3341769224398787
1823.0,1.3346899222631754
1824.0,1.3376443120771464
1825.0,1.3387045114932008
1826.0,1.3393562738967002
1827.0,1.3404567559328624
1828.0,1.3417157119326357
1829.0,1.341226367399427
1830.0,1.341957439432241
1831.0,1.3441323581346718
1832.0,1.346503165694596
1833.0,1.3480045111237902
1834.0,1.348682707909626
1835.0,1.3492724541713457
1836.0,1.3498405001870912
1837.0,1.3502370428332733
1838.0,1.3492709997928896
1839.0,1.3497698902375481
1840.0,1.3511313854651517
1841.0,1.3523928317701301
1842.0,1.3529162763878007
1843.0,1.3541688969612342
1844.0,1.3545041034255711
1845.0,1.3539628107481458
1846.0,1.3545271269846053
1847.0,1.3556632111041618
1848.0,1.3572589268574575
1849.0,1.3599220236850067
1850.0,1.3611231497604812
1851.0,1.3629103876412678
1852.0,1.3629842348120746
1853.0,1.3602929502718721
1854.0,1.3596944886156066
1855.0,1.3599171656178455
1856.0,1.3598654917345507
1857.0,1.359690828215866
1858.0,1.360339039324556
1859.0,1.36026231854585
1860.0,1.3592298746011524
1861.0,1.3585197858462508
1862.0,1.3598588080213927
1863.0,1.360892092627156
1864.0,1.3607221402868435
1865.0,1.3612618159799352
1866.0,1.3598643047023933
1867.0,1.3585645443241754
1868.0,1.3581145125852936
1869.0,1.358619299890869
1870.0,1.3580597655387867
1871.0,1.3575160393799133
1872.0,1.357099593598627
1873.0,1.3556989874894652
1874.0,1.3538582716125138
1875.0,1.3517006494734989
1876.0,1.348237080973344
1877.0,1.3441303424506392
1878.0,1.3412991578056495
1879.0,1.3389880401463952
1880.0,1.337341745669933
1881.0,1.3356932668740917
1882.0,1.3355639924845186
1883.0,1.3333094782944444
1884.0,1.3298437182886806
1885.0,1.3269282212139897
1886.0,1.3224107536823466
1887.0,1.317078445465007
1888.0,1.3114634480619836
1889.0,1.3045539861449649
1890.0,1.2976315545510317
1891.0,1.2895866109627911
1892.0,1.2830201533874974
1893.0,1.2766398804471435
1894.0,1.269740618241305
1895.0,1.2636822625735187
1896.0,1.257250484070334
1897.0,1.251242109928398
1898.0,1.244902682475872
1899.0,1.2379920751275475
1900.0,1.2305089978673631
1901.0,1.222854093635763
1902.0,1.213810549972942
1903.0,1.2068133596154398
1904.0,1.201050152454068
1905.0,1.1948105052793867
1906.0,1.1895677140481657
1907.0,1.1840333231817977
1908.0,1.1786730239548528
1909.0,1.1748481037711336
1910.0,1.1716265344413124
1911.0,1.1696576661463716
1912.0,1.1672091717845505
1913.0,1.1648899154373855
1914.0,1.1626729821253152
1915.0,1.1609805916737062
1916.0,1.1588781562345114
1917.0,1.1578958085655722
1918.0,1.15688314371734
1919.0,1.1562277770907292
1920.0,1.1562299190821133
1921.0,1.1559590193434715
1922.0,1.156290991949144
1923.0,1.156615190976956
1924.0,1.1572730438541243
1925.0,1.1579763668832028
1926.0,1.1597893563379285
1927.0,1.1610114430788059
1928.0,1.1620875646773527
1929.0,1.1635295408293445
1930.0,1.163162435386926
1931.0,1.1625284895600443
1932.0,1.1631215499386496
1933.0,1.164046918242768
1934.0,1.1654508909019963
1935.0,1.167939390737061
1936.0,1.1701286852408972
1937.0,1.172177972140865
1938.0,1.1738755643879153
1939.0,1.1759173228580362
1940.0,1.178051866567078
1941.0,1.1803406601039625
1942.0,1.1827215917787013
1943.0,1.1854851595022011
1944.0,1.18716789684906
1945.0,1.1884909828053427
1946.0,1.1894469157127312
1947.0,1.190352240982767
1948.0,1.19188021662789
1949.0,1.1937767848426617
1950.0,1.1959649976741715
1951.0,1.199294958717998
1952.0,1.2016465686206852
1953.0,1.204056973346831
1954.0,1.2065932238476682
1955.0,1.2071562166061285
1956.0,1.2086335630968308
1957.0,1.2102006910023375
1958.0,1.210581620718863
1959.0,1.211873970718818
1960.0,1.2141286293571698
1961.0,1.2155532558770725
1962.0,1.2163498707413885
1963.0,1.2185111963982291
1964.0,1.2201193883127317
1965.0,1.2218895342653915
1966.0,1.224120035553614
1967.0,1.225415335491066
1968.0,1.2269301647683597
1969.0,1.2275231192229497
1970.0,1.2279897438282499
1971.0,1.2292446982896756
1972.0,1.230234364824139
1973.0,1.2312939215405514
1974.0,1.2327218697690225
1975.0,1.2341267469181096
1976.0,1.2354213608125793
1977.0,1.2387796083583107
1978.0,1.2405770222908303
1979.0,1.2419602250449127
1980.0,1.2438361426001467
1981.0,1.2447381028964621
1982.0,1.2468982426968234
1983.0,1.249953720218677
1984.0,1.25310782476421
1985.0,1.2556490915750416
1986.0,1.2573910688134284
1987.0,1.2596407983518576
1988.0,1.262112973311754
1989.0,1.2644216687204113
1990.0,1.2650250324597958
1991.0,1.2657992092483688
1992.0,1.266446092154577
1993.0,1.2665339656879635
1994.0,1.2686705475876445
1995.0,1.270902422275654
1996.0,1.273098561031676
1997.0,1.275588563985953
1998.0,1.2776774121316867
1999.0,1.2799007830094518
2000.0,1.28205913579572
2001.0,1.284445406533005
2002.0,1.2849216316308893
2003.0,1.2861323038637884
2004.0,1.2881225900524462
2005.0,1.288671775353781
2006.0,1.2909574846396945
2007.0,1.2923541335630322
2008.0,1.2927879442432004
2009.0,1.2946313592936234
2010.0,1.2967263091444965
2011.0,1.298702572019149
2012.0,1.3024964607873557
2013.0,1.304330265125191
2014.0,1.3044610988104368
2015.0,1.3061351321325654
2016.0,1.3075072968733696
2017.0,1.3086594964529563
2018.0,1.3122673690654247
2019.0,1.3146280979548661
2020.0,1.3159341957814066
2021.0,1.318873621751798
2022.0,1.319566385913653
2023.0,1.319500029069742
2024.0,1.3210337212906467
2025.0,1.323129159876263
2026.0,1.3249848361396444
2027.0,1.3284873873573142
2028.0,1.3307804917758075
2029.0,1.3323513480377194
2030.0,1.333629018292998
2031.0,1.3353140418475526
2032.0,1.3363320482411518
2033.0,1.3381018105993268
2034.0,1.3382888785679408
2035.0,1.3372001570234398
2036.0,1.337904438594016
2037.0,1.3383667473982004
2038.0,1.3386157648868449
2039.0,1.3393575576949353
2040.0,1.3405687683858911
2041.0,1.3418353014167932
2042.0,1.3432935514131386
2043.0,1.344951142757616
2044.0,1.3471398444326208
2045.0,1.348724738845873
2046.0,1.3518882021970238
2047.0,1.3550856452989284
2048.0,1.3567091838482424
2049.0,1.3586249061387734
2050.0,1.3592700647470604
2051.0,1.3577993496511727
2052.0,1.3581318905387767
2053.0,1.3597843396711242
2054.0,1.360842101936808
2055.0,1.362318124322147
2056.0,1.3631354626913454
2057.0,1.36279054405943
2058.0,1.363367169392821
2059.0,1.3632348756822472
2060.0,1.3657333134758594
2061.0,1.3674431774942857
2062.0,1.3692486428165345
2063.0,1.3719376754572743
2064.0,1.371802799422923
2065.0,1.3718007609250338
2066.0,1.3722948416193603
2067.0,1.3718688822263176
2068.0,1.3694229932459192
2069.0,1.3689656020466088
2070.0,1.369096919159126
2071.0,1.3697093796176683
2072.0,1.3717938315125013
2073.0,1.373262895600154
2074.0,1.3753811739628823
2075.0,1.3756587588084503
2076.0,1.3758840077153676
2077.0,1.3765916969714542
2078.0,1.3781654178726688
2079.0,1.380029674870673
2080.0,1.3818537868091325
2081.0,1.3838081516820864
2082.0,1.3846435530400403
2083.0,1.3841202499822196
2084.0,1.3844043496880114
2085.0,1.3840763110966376
2086.0,1.38402217167347
2087.0,1.384464442222737
2088.0,1.384697541824694
2089.0,1.3837855657725013
2090.0,1.3854906710129002
2091.0,1.387847033143624
2092.0,1.3890961514227342
2093.0,1.3912707848175974
2094.0,1.3928249141684033
2095.0,1.3932808402382637
2096.0,1.3939931356511772
2097.0,1.394867720549742
2098.0,1.3959794959933864
2099.0,1.3969818002366918
2100.0,1.3985262755965362
2101.0,1.3985526528591292
2102.0,1.3972943675255363
2103.0,1.396556474411077
2104.0,1.394640920550377
2105.0,1.394347526209052
2106.0,1.3950274038379988
2107.0,1.3965657305170254
2108.0,1.3966015597190078
2109.0,1.3960469741928676
2110.0,1.3953390791012985
2111.0,1.3942868400560913
2112.0,1.3947925807741208
2113.0,1.3959730456722856
2114.0,1.3976761472658883
2115.0,1.4007557028777884
2116.0,1.4021109710468207
2117.0,1.4034158728482835
2118.0,1.404269408350969
2119.0,1.4038221262457669
2120.0,1.4040145181085972
2121.0,1.4048758235649053
2122.0,1.4051220032137248
2123.0,1.4047309157447987
2124.0,1.4043526738447787
2125.0,1.4040026763348272
2126.0,1.4027408813342361
2127.0,1.4029673118589359
2128.0,1.4020873541314194
2129.0,1.401560867251383
2130.0,1.403246418164975
2131.0,1.4043523064129215
2132.0,1.4054075754889477
2133.0,1.405712276875927
2134.0,1.40523974182358
2135.0,1.4053483623715604
2136.0,1.4050967742801657
2137.0,1.405349794649663
2138.0,1.4059506804504902
2139.0,1.4071062772013976
2140.0,1.4088976923376941
2141.0,1.4101238467118709
2142.0,1.4118558884039254
2143.0,1.4134868089152928
2144.0,1.4137821236213814
2145.0,1.4116609734380674
2146.0,1.4099341227803552
2147.0,1.4069849595640367
2148.0,1.4051679375285437
2149.0,1.40513999703134
2150.0,1.4030063796247612
2151.0,1.4028014256144596
2152.0,1.4023081998226197
2153.0,1.4011524681847505
2154.0,1.4000533460926479
2155.0,1.3992508167406024
2156.0,1.3993290997133825
2157.0,1.399634729954701
2158.0,1.400000288707276
2159.0,1.4021635362256848
2160.0,1.4025072864531785
2161.0,1.4011232625241588
2162.0,1.4008768845218311
2163.0,1.4009765295439602
2164.0,1.4006842242556408
2165.0,1.3997446647136829
2166.0,1.3990593528643305
2167.0,1.3975855940074597
2168.0,1.395598907814112
2169.0,1.3956827779440824
2170.0,1.3964459770740638
2171.0,1.3962139371000535
2172.0,1.39633105467087
2173.0,1.3958684791160598
2174.0,1.3932732409636268
2175.0,1.3930607802930866
2176.0,1.3939235114097317
2177.0,1.3947178786041752
2178.0,1.397156194468868
2179.0,1.3993220141533185
2180.0,1.4015616215497246
2181.0,1.402759949419975
2182.0,1.4049878012453756
2183.0,1.4046904805348315
2184.0,1.4013973567307532
2185.0,1.39985712599958
2186.0,1.3964821592780525
2187.0,1.393284067878106
2188.0,1.3937805557686436
2189.0,1.393256285786992
2190.0,1.3922552951761724
2191.0,1.3932944664057447
2192.0,1.392189726381138
2193.0,1.3910166969174502
2194.0,1.3902765074775059
2195.0,1.3899619633858737
2196.0,1.3900436316850888
2197.0,1.3898515578845663
2198.0,1.3899675348059388
2199.0,1.391075441553223
2200.0,1.3918992083060904
2201.0,1.3937533462014728
2202.0,1.3939237699061549
2203.0,1.3929826116598807
2204.0,1.3928735298438906
2205.0,1.391216376357041
2206.0,1.3906150856772919
2207.0,1.3934120658839348
2208.0,1.3954439616586563
2209.0,1.3966866500013408
2210.0,1.39524777150696
2211.0,1.3949199485805779
2212.0,1.3948695385428527
2213.0,1.3941696025790733
2214.0,1.3973191859305376
2215.0,1.3990814184044333
2216.0,1.397171184965838
2217.0,1.3968565307413674
2218.0,1.396996088532008
2219.0,1.3958529042541428
2220.0,1.3933773904716358
2221.0,1.3939505347334307
2222.0,1.3956593528281478
2223.0,1.3958044925942341
2224.0,1.3972027902803354
2225.0,1.3976263312788135
2226.0,1.3958669233053667
2227.0,1.395567611974224
2228.0,1.3972351630078341
2229.0,1.3973100914426615
2230.0,1.3952072112999152
2231.0,1.3949349181874737
2232.0,1.3962881263510893
2233.0,1.3952892910268289
2234.0,1.394049478435102
2235.0,1.3976482364360978
2236.0,1.398171177742177
2237.0,1.3992052328821885
2238.0,1.4015161108358796
2239.0,1.3987346107058958
2240.0,1.3942252502670307
2241.0,1.3892928692406543
2242.0,1.3852327515196872
2243.0,1.3856512654299828
2244.0,1.3890251218837482
2245.0,1.39102738960539
2246.0,1.3900149025544448
2247.0,1.3858855409411461
2248.0,1.3834478149823215
2249.0,1.3794978447288835
2250.0,1.3765303420212813
2251.0,1.373907920094093
2252.0,1.373506227840493
2253.0,1.3739344964145037
2254.0,1.373183106570087
2255.0,1.3748416857743133
2256.0,1.3758684719913068
2257.0,1.3751511549545758
2258.0,1.3741795042633744
2259.0,1.3750066509808112
2260.0,1.3737704365460135
2261.0,1.3691672543135975
2262.0,1.3664308532009937
2263.0,1.365651764295933
2264.0,1.3627403059478485
2265.0,1.3626722609364013
2266.0,1.3624252724582429
2267.0,1.3612644199456696
2268.0,1.3630188632888482
2269.0,1.3609028214040877
2270.0,1.3582960395704984
2271.0,1.357430119997236
2272.0,1.3561790684109403
2273.0,1.3597141248714197
2274.0,1.3647538263365473
2275.0,1.3700924191240187
2276.0,1.3749019869325962
2277.0,1.3765203458890987
2278.0,1.3748337024183976
2279.0,1.374669889416175
2280.0,1.3744840612658185
2281.0,1.3714114761062541
2282.0,1.3652869331403559
2283.0,1.3628078591117567
2284.0,1.3580156419631793
2285.0,1.3571038322534574
2286.0,1.3636063240702831
2287.0,1.3648095969151213
2288.0,1.3637083521112086
2289.0,1.3631086515582336
2290.0,1.3600897294262648
2291.0,1.3591898860334635
2292.0,1.3610269341378047
2293.0,1.3607764929741433
2294.0,1.3581809919188537
2295.0,1.3590391800068626
2296.0,1.3615476040431505
2297.0,1.3628377328844947
2298.0,1.3656857239657503
2299.0,1.3656686097223825
2300.0,1.3620395911052912
2301.0,1.359878149426528
2302.0,1.3578833106505799
2303.0,1.3578515808539697
2304.0,1.3597195916303948
2305.0,1.3598813192595303
2306.0,1.3591814022810598
2307.0,1.3612039407537597
2308.0,1.3648619471429984
2309.0,1.3665383883944398
2310.0,1.3711307352016262
2311.0,1.3762446353370674
2312.0,1.3769899385670974
2313.0,1.3785335077647887
2314.0,1.378266460746422
2315.0,1.3744627819435358
2316.0,1.368245113973714
2317.0,1.3606025446690877
2318.0,1.3583395562664888
2319.0,1.3580181593990972
2320.0,1.3558939969958068
2321.0,1.3561590064959077
2322.0,1.3555521018035064
2323.0,1.351268915205165
2324.0,1.350404239863689
2325.0,1.3507611367235075
2326.0,1.3535009527494823
2327.0,1.3599894933609038
2328.0,1.365749896431305
2329.0,1.3759119644001554
2330.0,1.3797835891730519
2331.0,1.3771413048546164
2332.0,1.3777624300750506
2333.0,1.379356859501359
2334.0,1.3795580963957235
2335.0,1.3809624335765969
2336.0,1.3803537946072124
2337.0,1.3751496472853977
2338.0,1.3707276538420683
2339.0,1.3666093106911263
2340.0,1.365162463067447
2341.0,1.3648182156103144
2342.0,1.363720298900031
2343.0,1.3632165554404425
2344.0,1.3623449410150057
2345.0,1.3615640746003286
2346.0,1.3607406375883875
2347.0,1.3588336457780978
2348.0,1.3609013932688219
2349.0,1.3665410169105134
2350.0,1.3631525394345143
2351.0,1.3662577867451435
2352.0,1.3693733309179505
2353.0,1.3634566708420457
2354.0,1.362166941434457
2355.0,1.358374228587313
2356.0,1.353943574808797
2357.0,1.353429049688536
2358.0,1.3518702957947504
2359.0,1.3528902856967269
2360.0,1.3518736038746069
2361.0,1.3415629395327662
2362.0,1.3316256928438321
2363.0,1.3231210656274415
2364.0,1.3154982458490891
2365.0,1.3149845293185844
2366.0,1.3215837823017011
2367.0,1.331185098275325
2368.0,1.333916699762132
2369.0,1.3386856011379915
2370.0,1.344592050311098
2371.0,1.342052489190371
2372.0,1.3439815893047686
2373.0,1.3504951927791138
2374.0,1.3536887108544644
2375.0,1.350733430224254
2376.0,1.34594102559679
2377.0,1.338807221824115
2378.0,1.326453586236041
2379.0,1.325314318223174
2380.0,1.330146227807868
2381.0,1.3334547165239334
2382.0,1.3416665505386844
2383.0,1.3466664534505448
2384.0,1.3471425407022917
2385.0,1.3404963926914497
2386.0,1.334425490735766
2387.0,1.329879685571441
2388.0,1.3192230390804318
2389.0,1.3104511397060163
2390.0,1.2980973519317787
2391.0,1.2872983853255264
2392.0,1.279986206962313
2393.0,1.282196165349727
2394.0,1.2946125750092938
2395.0,1.2976637269104156
2396.0,1.3003433083497868
2397.0,1.2974824803652831
2398.0,1.2923618297887658
2399.0,1.295683109255076
2400.0,1.3035967684642493
2401.0,1.319502311910773
2402.0,1.3217801538026477
2403.0,1.3185977678961944
2404.0,1.3193965039977813
2405.0,1.3062146128016139
2406.0,1.3049603065630442
2407.0,1.3085332504777398
2408.0,1.2986422468725267
2409.0,1.2966790358677724
2410.0,1.2872538738870989
2411.0,1.2740626496491763
2412.0,1.2720015474792943
2413.0,1.2630444416872588
2414.0,1.2622454334193178
2415.0,1.269005591115671
2416.0,1.2700424944838151
2417.0,1.2780815344973875
2418.0,1.2820981952183081
2419.0,1.2856881346774156
2420.0,1.2897610901260648
2421.0,1.2856840054671905
2422.0,1.2863128556372125
2423.0,1.2828871858914759
2424.0,1.2694286529458518
2425.0,1.248936543851085
2426.0,1.2388153436104137
2427.0,1.2431836646258558
2428.0,1.2414686981882095
2429.0,1.2430080052564538
2430.0,1.2460649397324448
2431.0,1.2449692229852658
2432.0,1.2457312121176944
2433.0,1.254482430503226
2434.0,1.2622287006750263
2435.0,1.264757204059932
2436.0,1.2808606178225712
2437.0,1.2900164172367083
2438.0,1.2919902875973923
2439.0,1.269554771330193
2440.0,1.230911267324512
2441.0,1.2236150680216598
2442.0,1.2054083160554436
2443.0,1.185208416241698
2444.0,1.1803922447257769
2445.0,1.1530691978466103
2446.0,1.1393717447742042
2447.0,1.150580015626471
2448.0,1.1554059500985532
2449.0,1.161752051914817
2450.0,1.1660569874432256
2451.0,1.1654801438076738
2452.0,1.1692450760023332
2453.0,1.1662915980655608
2454.0,1.1742288739736149
2455.0,1.2200146893879023
2456.0,1.2600472519741945
2457.0,1.2745611121697158
2458.0,1.2752862749911291
2459.0,1.2388911801672209
2460.0,1.1919322960101195
2461.0,1.1685882699744499
2462.0,1.18223517658826
2463.0,1.174633092213345
2464.0,1.164551659499714
2465.0,1.2046479591873276
2466.0,1.1979888288116782
2467.0,1.1948789464120715
2468.0,1.2164695073644585
2469.0,1.1860139568469397
2470.0,1.16426439874241
2471.0,1.1620851648221462
2472.0,1.1641808096034434
2473.0,1.1849835590964393
2474.0,1.1950235624010948
2475.0,1.2085929488802816
2476.0,1.2104525652140001
2477.0,1.1964975281833674
2478.0,1.1919396306408565
2479.0,1.1857644424323834
2480.0,1.1803640788119327
2481.0,1.1815000200574106
2482.0,1.1761557209738784
2483.0,1.1593450217587975
2484.0,1.1626187008185005
2485.0,1.1781454751982103
2486.0,1.1771604989051645
2487.0,1.1820561605495292
2488.0,1.1730582677230226
2489.0,1.1349123442783642
2490.0,1.127417267455116
2491.0,1.143456262937506
2492.0,1.1548168689973377
2493.0,1.1769939504934532
2494.0,1.1955216527526948
2495.0,1.2060180293254519
2496.0,1.2146605225506448
2497.0,1.217597587067389
2498.0,1.2305498317851638
2499.0,1.2559391838646368
2500.0,1.2113917352896542
