350.0,-0.1249116030195039
351.0,-0.12138509143950048
352.0,-0.08664723183550932
353.0,-0.0713194098637011
354.0,-0.06471763867587868
355.0,-0.03015581802448683
356.0,0.03212541549391217
357.0,0.012932504998297399
358.0,-0.009320147194494435
359.0,-0.010144842780205986
360.0,0.000861221472947287
361.0,-0.012804636884346413
362.0,-0.009387296775412049
363.0,0.006700014849670016
364.0,0.010423791422016571
365.0,-0.005140096918821905
366.0,-0.004013829110852957
367.0,0.009355019679014018
368.0,0.0022042194802925474
369.0,0.009694455734239039
370.0,0.010963222287896568
371.0,0.0051477290471598
372.0,0.018394369608067195
373.0,0.019800703201234417
374.0,0.015048927498740193
375.0,0.015051402234489331
376.0,0.02958239912548559
377.0,0.03420448290276309
378.0,0.029598235267307763
379.0,0.023431989849063146
380.0,0.022360013989504463
381.0,0.01873374375004211
382.0,0.021069569123199388
383.0,0.036317988378815454
384.0,0.03922752743275873
385.0,0.04414061891097536
386.0,0.04570127334337103
387.0,0.031771822177554594
388.0,0.025455862497866095
389.0,0.030129310823279718
390.0,0.03676653740287333
391.0,0.030208193090316304
392.0,0.03130802711906841
393.0,0.037363127848051805
394.0,0.04156780992202881
395.0,0.036563710705910885
396.0,0.03536923411362855
397.0,0.038834751317380664
398.0,0.04307910495992068
399.0,0.04040648889166751
400.0,0.03660850720081248
401.0,0.03582972985935523
402.0,0.03982675608190193
403.0,0.044919614121416644
404.0,0.04356539694345502
405.0,0.04059169227877915
406.0,0.04550107288613757
407.0,0.047990274102666056
408.0,0.04498445822187936
409.0,0.04108200258174358
410.0,0.04620028289872389
411.0,0.04554148875972273
412.0,0.04579168261854978
413.0,0.04969633310743893
414.0,0.047641818846332805
415.0,0.04386177680305321
416.0,0.04289939739344115
417.0,0.04701511671475585
418.0,0.053060020891948244
419.0,0.049254240845890994
420.0,0.044817946263432745
421.0,0.052865596601957957
422.0,0.05278476358863769
423.0,0.04982160137056091
424.0,0.04700464553093024
425.0,0.04428311542642932
426.0,0.045113627417151976
427.0,0.04723328788067299
428.0,0.04852980359057145
429.0,0.04853358258706321
430.0,0.048482067737739526
431.0,0.048409344165044235
432.0,0.04839323680636292
433.0,0.04970278066120606
434.0,0.0506675903569469
435.0,0.05076899059123982
436.0,0.05022056418364042
437.0,0.049710841407503384
438.0,0.04974529503026164
439.0,0.049887539435013055
440.0,0.049124331380070725
441.0,0.05113641146081282
442.0,0.05111277123437083
443.0,0.04821578266148277
444.0,0.051167556422340325
445.0,0.052236517335263064
446.0,0.051271473189873816
447.0,0.050211444840500684
448.0,0.04985356588404794
449.0,0.05062937779765254
450.0,0.0518771972265237
451.0,0.05236422234301116
452.0,0.05175366885134226
453.0,0.05136192580337343
454.0,0.05141914279516108
455.0,0.050696400841833564
456.0,0.05049858981176866
457.0,0.05104967078650959
458.0,0.05184753441247395
459.0,0.05115413481251203
460.0,0.05049480919924254
461.0,0.050807119404238696
462.0,0.05212896996064498
463.0,0.05118979911290423
464.0,0.05097041418202695
465.0,0.05163893715953465
466.0,0.05083154487253783
467.0,0.05085800356650737
468.0,0.051571536379138166
469.0,0.05216422530297004
470.0,0.05128461568973742
471.0,0.05142755943121918
472.0,0.05185532586994413
473.0,0.05135914283123876
474.0,0.05104729047833424
475.0,0.05154173129449024
476.0,0.05234068458465013
477.0,0.05231833432699264
478.0,0.05200502412928537
479.0,0.05227753169679883
480.0,0.05279394778943837
481.0,0.05140412980872029
482.0,0.05087741041658149
483.0,0.05126584815979621
484.0,0.05188892979513677
485.0,0.05232952196138635
486.0,0.052466119678433794
487.0,0.05223714421039396
488.0,0.051756848196818875
489.0,0.05204585230312825
490.0,0.05213722288386335
491.0,0.05192330268244174
492.0,0.052598785499045286
493.0,0.052582630704267025
494.0,0.051675826310889086
495.0,0.050702054260185994
496.0,0.05256751843018297
497.0,0.053590286457436215
498.0,0.052985922649614776
499.0,0.05173869919931529
500.0,0.051805760978451375
501.0,0.05258518813175722
502.0,0.053263212139162484
503.0,0.05313272083618143
504.0,0.05282053640720936
505.0,0.0526286790637788
506.0,0.052639352112237386
507.0,0.052529710144060035
508.0,0.052727569981940926
509.0,0.05312920345261936
510.0,0.05342298157010968
511.0,0.05384314440054832
512.0,0.053701857785449385
513.0,0.05330737478577827
514.0,0.05410357175509352
515.0,0.053667783449177324
516.0,0.0529085001251892
517.0,0.05290774295258636
518.0,0.05315290887100152
519.0,0.05359777815839861
520.0,0.053771493819572865
521.0,0.05323263883781441
522.0,0.0530661249848247
523.0,0.0531350799832911
524.0,0.05327764403434529
525.0,0.053448107883395976
526.0,0.05377886590170355
527.0,0.05396248238739516
528.0,0.05381749860181771
529.0,0.05383460345571661
530.0,0.053579053120946726
531.0,0.05325224300014371
532.0,0.053347314071243254
533.0,0.05381549623421135
534.0,0.053920317705710805
535.0,0.0536090032502272
536.0,0.05384310217944955
537.0,0.05375032345914006
538.0,0.05369308796616095
539.0,0.054032524279350444
540.0,0.05399189835924755
541.0,0.05411904046485004
542.0,0.05437757466221226
543.0,0.05435839589502855
544.0,0.05397608985565533
545.0,0.053769872183365236
546.0,0.054005087360421825
547.0,0.054409064766937215
548.0,0.05433930067741671
549.0,0.05428300215058185
550.0,0.054744282518297625
551.0,0.05469740453774057
552.0,0.054389584975586026
553.0,0.054098166220510904
554.0,0.05408606900687177
555.0,0.05458467020406561
556.0,0.05497186003842649
557.0,0.05489622842984135
558.0,0.054845990579998234
559.0,0.05463803826532211
560.0,0.05441498201539381
561.0,0.05437973185218635
562.0,0.05441996447719502
563.0,0.054488174458284966
564.0,0.05455037278505973
565.0,0.05458932566256474
566.0,0.054731945195868756
567.0,0.055049023974663304
568.0,0.05540275770103402
569.0,0.05510267426909865
570.0,0.054897697744972815
571.0,0.054917119616563294
572.0,0.055000787934289065
573.0,0.05543248821539966
574.0,0.05559673387881887
575.0,0.055321128890574965
576.0,0.05515253613612069
577.0,0.055093082454486866
578.0,0.05523424422271236
579.0,0.05553481015282073
580.0,0.055492461732965175
581.0,0.05533688273192681
582.0,0.0552630668240139
583.0,0.05540199648515028
584.0,0.05557399218097752
585.0,0.055674172710780394
586.0,0.05566244191960285
587.0,0.05556544271035456
588.0,0.05573085658954419
589.0,0.05586655565427488
590.0,0.055656561316477435
591.0,0.05587509281429373
592.0,0.05608734576843818
593.0,0.05615737049032143
594.0,0.056289282018791305
595.0,0.056317416824121974
596.0,0.05621353898625669
597.0,0.05605292051019028
598.0,0.056106570840243675
599.0,0.056218400324262244
600.0,0.056315731434853356
601.0,0.05639290009191447
602.0,0.05668602753708654
603.0,0.05675222765310994
604.0,0.0564885473402503
605.0,0.05634163868515245
606.0,0.056332284768868014
607.0,0.05653659465504203
608.0,0.0568852632485395
609.0,0.05677709933457
610.0,0.056850582796004016
611.0,0.05704151566149126
612.0,0.056816942456842254
613.0,0.0567332707260151
614.0,0.056883556987436766
615.0,0.05713207324262981
616.0,0.056980810322734866
617.0,0.05737106176318563
618.0,0.0577752961986302
619.0,0.05739144386575274
620.0,0.057124236711860586
621.0,0.057256133433794966
622.0,0.057579082104513325
623.0,0.057435839460175386
624.0,0.05751189427510146
625.0,0.05764618569970446
626.0,0.057627981042426356
627.0,0.05763655676398825
628.0,0.05771001949253642
629.0,0.05785890270508128
630.0,0.05805616899235731
631.0,0.05817026415835358
632.0,0.058174370599593114
633.0,0.058096895502086056
634.0,0.05802678102826625
635.0,0.05786680645947529
636.0,0.057863207828295474
637.0,0.058206363753842714
638.0,0.05845198561924753
639.0,0.058492948523884467
640.0,0.058450020265197425
641.0,0.05858918385011674
642.0,0.05835451229765381
643.0,0.0582922338585654
644.0,0.05870374015640054
645.0,0.05892619269499482
646.0,0.05896370652430288
647.0,0.058877347076797606
648.0,0.05878190569998981
649.0,0.05870983490799432
650.0,0.058946310162644434
651.0,0.059333010759880525
652.0,0.05918082844970074
653.0,0.05917758775540162
654.0,0.059445017361974245
655.0,0.059800494761011055
656.0,0.059556690636194086
657.0,0.059275177484569334
658.0,0.059190193735652305
659.0,0.05930197649779635
660.0,0.059573099320300034
661.0,0.05977298607531328
662.0,0.05982846113809026
663.0,0.05997681911635826
664.0,0.0600149397322334
665.0,0.06004210275617371
666.0,0.06017404844996874
667.0,0.06009046265870734
668.0,0.060241881265583205
669.0,0.06059316274242272
670.0,0.06066095512594779
671.0,0.060715847512377547
672.0,0.06074500292779345
673.0,0.06074408991906987
674.0,0.060868055467363236
675.0,0.06086515694862152
676.0,0.06077517233466169
677.0,0.06078386896655822
678.0,0.06105167725238062
679.0,0.061372376246982836
680.0,0.06154665420406906
681.0,0.06143512643086798
682.0,0.06141386275513598
683.0,0.061464851509224004
684.0,0.06150755710061813
685.0,0.06165111820932141
686.0,0.06166493446106891
687.0,0.061645949095698094
688.0,0.06186188468434856
689.0,0.0619464183512932
690.0,0.06195564670374045
691.0,0.06200018781870784
692.0,0.06219210161221432
693.0,0.062340363968895744
694.0,0.06241239700703917
695.0,0.06244991985106051
696.0,0.06254709265371916
697.0,0.06274637667957852
698.0,0.06289955671067586
699.0,0.06273578851567481
700.0,0.06288556996525568
701.0,0.06317013018084362
702.0,0.06335786074653368
703.0,0.06346629553590755
704.0,0.06348366278510044
705.0,0.06355074637409222
706.0,0.06379219073325355
707.0,0.06380015340969641
708.0,0.06381279272252185
709.0,0.0638822739897028
710.0,0.0637944060510536
711.0,0.06402947999996832
712.0,0.06432632911651229
713.0,0.06439697708259201
714.0,0.0644098558149882
715.0,0.06442110190223314
716.0,0.06448733089459581
717.0,0.0646363125357365
718.0,0.06470018758144383
719.0,0.06479984832488753
720.0,0.06501720705789453
721.0,0.06534047404877713
722.0,0.06537292637674433
723.0,0.06526644312664247
724.0,0.06529695841056089
725.0,0.06554798535634748
726.0,0.0657892045458298
727.0,0.0659071079808207
728.0,0.06590434380744692
729.0,0.06597324657607533
730.0,0.06609001880367346
731.0,0.0661867095962346
732.0,0.06616305562125867
733.0,0.06630831862380505
734.0,0.06660481617198531
735.0,0.06690471758189825
736.0,0.06703103884496621
737.0,0.06699218943856458
738.0,0.06692093269826521
739.0,0.06702854366530402
740.0,0.06721113361689811
741.0,0.06745111679619478
742.0,0.06769306044996097
743.0,0.06777139690470514
744.0,0.0678586321033901
745.0,0.06792776840038937
746.0,0.06792553527636694
747.0,0.06803278981954759
748.0,0.06823722606901582
749.0,0.06845275421265135
750.0,0.06855425148663047
751.0,0.06878550067835762
752.0,0.06897127036792247
753.0,0.06901319561512495
754.0,0.06916042664866165
755.0,0.06930234172396756
756.0,0.06943692810365198
757.0,0.06958935270667146
758.0,0.06972341224453604
759.0,0.06983950526745326
760.0,0.06994865516335161
761.0,0.070076141688074
762.0,0.07040046870656226
763.0,0.07062276795439769
764.0,0.07059879399901414
765.0,0.07075263525548108
766.0,0.0708985994223995
767.0,0.071010908355052
768.0,0.07113449062271959
769.0,0.07139225847030611
770.0,0.07164259475290143
771.0,0.07179383527309066
772.0,0.07183428472293671
773.0,0.07195077109954834
774.0,0.07208510075165483
775.0,0.07218331456589486
776.0,0.07231401026389325
777.0,0.07240680907810765
778.0,0.07263925233958646
779.0,0.07312770080040772
780.0,0.07322368403259703
781.0,0.07317047693122418
782.0,0.07315850653460428
783.0,0.0732811595978766
784.0,0.0735959797929754
785.0,0.07388614611307892
786.0,0.07403602774722481
787.0,0.07422252041488037
788.0,0.07435040341115136
789.0,0.0745248633369424
790.0,0.07482662985003147
791.0,0.07494304043432337
792.0,0.074989661744464
793.0,0.07511435651936324
794.0,0.07543802827824138
795.0,0.07567682345616429
796.0,0.07574614756851634
797.0,0.07574069967506628
798.0,0.07599091400114712
799.0,0.07620605745237909
800.0,0.07641020120861117
801.0,0.07666259478949114
802.0,0.0768150258100457
803.0,0.07701582821246723
804.0,0.07716866020740959
805.0,0.07711029895061106
806.0,0.07736982018724237
807.0,0.07762239448740413
808.0,0.07779379268693354
809.0,0.0782277483073485
810.0,0.07841604960823409
811.0,0.07842272860331716
812.0,0.07846039973873678
813.0,0.07877648090144028
814.0,0.0790093409255622
815.0,0.07922998412891315
816.0,0.07961521320124672
817.0,0.07986096763635925
818.0,0.07995525881497267
819.0,0.07994505917953218
820.0,0.07993211232701986
821.0,0.08019885513811884
822.0,0.08057591543303161
823.0,0.08088127605728922
824.0,0.08105263573080508
825.0,0.0813003376531648
826.0,0.0814993779723073
827.0,0.0815290262198138
828.0,0.0816174877743955
829.0,0.08201893123093666
830.0,0.08255767356257462
831.0,0.08283230648047367
832.0,0.08277755596332396
833.0,0.0827082774189586
834.0,0.0828693856721112
835.0,0.0833460138755662
836.0,0.08368480790746255
837.0,0.08398421643633888
838.0,0.08430285908336178
839.0,0.08436550535712685
840.0,0.08458914776671357
841.0,0.08477590241982828
842.0,0.08470212581144161
843.0,0.08484923446402329
844.0,0.08524287886085358
845.0,0.085649557238522
846.0,0.08579176701348751
847.0,0.08631009463691235
848.0,0.08660628583900444
849.0,0.08656002769751678
850.0,0.0867019295315397
851.0,0.08699624130743919
852.0,0.0874151795670961
853.0,0.0878039098669605
854.0,0.08776895424987671
855.0,0.08799745134118711
856.0,0.08827334568165968
857.0,0.08829859322535678
858.0,0.08856318453781621
859.0,0.0887951303216389
860.0,0.08902439459685565
861.0,0.08939114577162625
862.0,0.08967276019190247
863.0,0.08979694952544529
864.0,0.089948321425137
865.0,0.09047588004653627
866.0,0.09094671033177049
867.0,0.091156685680486
868.0,0.09118491024926376
869.0,0.09146294692250242
870.0,0.09187096806678446
871.0,0.09223728197868555
872.0,0.09242243042806977
873.0,0.09237300585227716
874.0,0.09269565879398353
875.0,0.09314671151174198
876.0,0.09329260717895184
877.0,0.09340019777016008
878.0,0.09370748467003574
879.0,0.09410900591734085
880.0,0.09435462303985226
881.0,0.0948329834739136
882.0,0.09505506492649277
883.0,0.09514242243817457
884.0,0.09577463990137584
885.0,0.0959452391733685
886.0,0.09601606541187244
887.0,0.09630158231301462
888.0,0.09670367727285972
889.0,0.09721509830553891
890.0,0.09749445801493344
891.0,0.0974645655616433
892.0,0.0978295447282781
893.0,0.09800208969363085
894.0,0.09820333678642959
895.0,0.09868970080448808
896.0,0.09886180073673022
897.0,0.09927202479287087
898.0,0.09968933590414304
899.0,0.0996892586043918
900.0,0.09992804332363757
901.0,0.10045053134320212
902.0,0.10104783210930254
903.0,0.10138915476871427
904.0,0.10149345703768131
905.0,0.10177476363620495
906.0,0.10209920340963055
907.0,0.10184278629736422
908.0,0.10188693608383556
909.0,0.10228560746559558
910.0,0.1028588336613046
911.0,0.10331785745277822
912.0,0.10402674538138211
913.0,0.10430941525552498
914.0,0.10405925638926355
915.0,0.10463348067675328
916.0,0.10502482574133001
917.0,0.10522608979489602
918.0,0.10545067051167818
919.0,0.10573599012276995
920.0,0.10623657288584083
921.0,0.1067677547608968
922.0,0.10705945415891241
923.0,0.1069953611077157
924.0,0.10696342576937429
925.0,0.10724543215055389
926.0,0.10792583842416721
927.0,0.108628970318244
928.0,0.10897963610876545
929.0,0.10901502924481177
930.0,0.10911548119346744
931.0,0.11000001227690813
932.0,0.11076978154416062
933.0,0.11097298043071527
934.0,0.11077801468193142
935.0,0.11146473961059179
936.0,0.11199481757991309
937.0,0.11215109717867518
938.0,0.11258113685361225
939.0,0.11298974444328151
940.0,0.1133990183154315
941.0,0.11375140304429333
942.0,0.11393659707774165
943.0,0.11459262128104877
944.0,0.11513145046506443
945.0,0.11522721471057285
946.0,0.11512687271490932
947.0,0.11497665061040238
948.0,0.11541609032500139
949.0,0.11644629837881831
950.0,0.11714011255111817
951.0,0.11752158031920802
952.0,0.11753005283190457
953.0,0.11732744104938424
954.0,0.11736860640822419
955.0,0.11787058407365492
956.0,0.11864997705858933
957.0,0.11931027861444553
958.0,0.11934556666237663
959.0,0.12007897352134228
960.0,0.12055012275757573
961.0,0.1202851466385171
962.0,0.12064606162953097
963.0,0.12172643150819785
964.0,0.12262439983143579
965.0,0.12287506970799005
966.0,0.12337108330146032
967.0,0.1230140814658968
968.0,0.12287704945461908
969.0,0.12367929077237715
970.0,0.12438845465263737
971.0,0.125168497480598
972.0,0.12575533371989542
973.0,0.12589447147484079
974.0,0.125513166944673
975.0,0.12640162516162265
976.0,0.1270775573209963
977.0,0.1267144451832329
978.0,0.1273284937196762
979.0,0.12767974134265805
980.0,0.1282610947730372
981.0,0.12911649514833057
982.0,0.12882925598785477
983.0,0.12914377921200415
984.0,0.12938524945320432
985.0,0.12933162675786464
986.0,0.13040583390286994
987.0,0.1316704294280928
988.0,0.13192598929153299
989.0,0.13145049679502016
990.0,0.13263729212190553
991.0,0.13287790303656924
992.0,0.13332503647113023
993.0,0.134328717338255
994.0,0.1342736679571304
995.0,0.13432251702134027
996.0,0.1348042548884138
997.0,0.13582441486478142
998.0,0.1372117409943312
999.0,0.13709921219818222
1000.0,0.13707292594641396
1001.0,0.14646037592229655
1002.0,0.14044618375705928
1003.0,0.1390946264509483
1004.0,0.14003310021614737
1005.0,0.14173119833889314
1006.0,0.14299818451960675
1007.0,0.14305818780546023
1008.0,0.14380245263883543
1009.0,0.14504354529130897
1010.0,0.14621484719472036
1011.0,0.14694715763012836
1012.0,0.1461597805831633
1013.0,0.14859557116648378
1014.0,0.1498406522109155
1015.0,0.15158190104366548
1016.0,0.15206133896807042
1017.0,0.15253791913802933
1018.0,0.15094597502198578
1019.0,0.14899489012055986
1020.0,0.14940804394751764
1021.0,0.15128709605821464
1022.0,0.15205578587651683
1023.0,0.15211650663535511
1024.0,0.15437715175424702
1025.0,0.15523355219019855
1026.0,0.1549035723554232
1027.0,0.1563318937188067
1028.0,0.15651809662593538
1029.0,0.1567397934427709
1030.0,0.15697795717963461
1031.0,0.1574075977659034
1032.0,0.15691137674955355
1033.0,0.15699726352925863
1034.0,0.15599200317090622
1035.0,0.1562850624292116
1036.0,0.15879215541972616
1037.0,0.1598295755534157
1038.0,0.16115921590121154
1039.0,0.1628563562072898
1040.0,0.16204704753922847
1041.0,0.1608866084861991
1042.0,0.16094208371814456
1043.0,0.16133935832722712
1044.0,0.16160115537081163
1045.0,0.1626071111813322
1046.0,0.16420457822283052
1047.0,0.16563773865577208
1048.0,0.16641844032137806
1049.0,0.16638859874544043
1050.0,0.16731703693183825
1051.0,0.168190632607406
1052.0,0.16835126952811988
1053.0,0.16815040215299426
1054.0,0.16729025428381325
1055.0,0.16657911007510356
1056.0,0.16689185258070313
1057.0,0.16789786384763564
1058.0,0.16970828017647663
1059.0,0.17088376511823625
1060.0,0.1716193092133921
1061.0,0.1721768941551154
1062.0,0.17284931651244737
1063.0,0.17287025070331247
1064.0,0.1729913188100107
1065.0,0.17354213090924225
1066.0,0.173027141966067
1067.0,0.17370870009199835
1068.0,0.17426642796901232
1069.0,0.17357198057929135
1070.0,0.1731856022090708
1071.0,0.1732951711390291
1072.0,0.17324900197065485
1073.0,0.17434235902637563
1074.0,0.17531122998221146
1075.0,0.1758794257510579
1076.0,0.17641875944361107
1077.0,0.17648643664413446
1078.0,0.1775612217417754
1079.0,0.17871489787476422
1080.0,0.1787519074579015
1081.0,0.17860319798577037
1082.0,0.17911009595555097
1083.0,0.1799147385120349
1084.0,0.18044871261996426
1085.0,0.18184411291693758
1086.0,0.18216889439850587
1087.0,0.18144239490789907
1088.0,0.18125046796252395
1089.0,0.18187632535686174
1090.0,0.18396302438992332
1091.0,0.18655992850566572
1092.0,0.18796007463197484
1093.0,0.18838395328011898
1094.0,0.18791373420127244
1095.0,0.18749912193658513
1096.0,0.1875880506317195
1097.0,0.1885759014400525
1098.0,0.18970554247549232
1099.0,0.1907500096401518
1100.0,0.1925200770268592
1101.0,0.1931691324035852
1102.0,0.19298031852160027
1103.0,0.19340402762552536
1104.0,0.1940195134024454
1105.0,0.19411482164487529
1106.0,0.19490585817881909
1107.0,0.19582619355753328
1108.0,0.19643007896080902
1109.0,0.19663749770933706
1110.0,0.19742594430565452
1111.0,0.1982032861182557
1112.0,0.19878671089169356
1113.0,0.19919010919043664
1114.0,0.2000015260390938
1115.0,0.20102435772548538
1116.0,0.20179325379105764
1117.0,0.20260386478805847
1118.0,0.20323708570842985
1119.0,0.20393201692116653
1120.0,0.2037745092625835
1121.0,0.20390724220251208
1122.0,0.2049856517492645
1123.0,0.2049016680810183
1124.0,0.20579031950830942
1125.0,0.207259207965726
1126.0,0.20739374812938954
1127.0,0.20796369619068614
1128.0,0.2087402883088356
1129.0,0.20949180792289476
1130.0,0.2102850388102835
1131.0,0.21106825199683016
1132.0,0.21230144364018788
1133.0,0.21260988838614395
1134.0,0.21214529555986164
1135.0,0.21168592352217566
1136.0,0.211731067638171
1137.0,0.2129432645679094
1138.0,0.21495161836641716
1139.0,0.21606890964712272
1140.0,0.21681788065301402
1141.0,0.2182441435180998
1142.0,0.21898602580530643
1143.0,0.2193606931728315
1144.0,0.21994463132454317
1145.0,0.2200024352400896
1146.0,0.22042806051501754
1147.0,0.2213692199240753
1148.0,0.22222602242501285
1149.0,0.2233780658675509
1150.0,0.22407447264985522
1151.0,0.22441419197888807
1152.0,0.22428878247346865
1153.0,0.22436770738898898
1154.0,0.22497945429776836
1155.0,0.2253416178234989
1156.0,0.22571523966015286
1157.0,0.22649338125069537
1158.0,0.22730439320135626
1159.0,0.22812172660405822
1160.0,0.22962883768173567
1161.0,0.23058819588692242
1162.0,0.23105855730516298
1163.0,0.23156745033162343
1164.0,0.23190790920686577
1165.0,0.23250516592551446
1166.0,0.23322719717758966
1167.0,0.23376057110367499
1168.0,0.23451571836057775
1169.0,0.23513214368511012
1170.0,0.23563309881435238
1171.0,0.23650951421069275
1172.0,0.23733535326688465
1173.0,0.23850979092669802
1174.0,0.23930071211431325
1175.0,0.23977694386253146
1176.0,0.24060092207993297
1177.0,0.24152846327093788
1178.0,0.24223099722175814
1179.0,0.24315435490534837
1180.0,0.24380878880900572
1181.0,0.24416252830840834
1182.0,0.24447649917321687
1183.0,0.24486782896502415
1184.0,0.24508816904282557
1185.0,0.24540788142992734
1186.0,0.2463200691904495
1187.0,0.24723801846582025
1188.0,0.2486122983507862
1189.0,0.24949617328558474
1190.0,0.25022864931135186
1191.0,0.2511017995815657
1192.0,0.25181929205506975
1193.0,0.25259580795199144
1194.0,0.25393032386004133
1195.0,0.2545013252325384
1196.0,0.25423692396878433
1197.0,0.2546135823996611
1198.0,0.25474612679098796
1199.0,0.25523822648134825
1200.0,0.25661187101588523
1201.0,0.25788664592487254
1202.0,0.25908218989180665
1203.0,0.25992970643728114
1204.0,0.26057470301305324
1205.0,0.26057794905369963
1206.0,0.2612671009519214
1207.0,0.26207980232683814
1208.0,0.2630096447309928
1209.0,0.2644488832889802
1210.0,0.2655162049850167
1211.0,0.2665326836019323
1212.0,0.26721981407531226
1213.0,0.26747208253010374
1214.0,0.26802814241107487
1215.0,0.2682952535553423
1216.0,0.26914074601124927
1217.0,0.2700228021568421
1218.0,0.27077447122210074
1219.0,0.27160835222916285
1220.0,0.27242861441258304
1221.0,0.2732220178991785
1222.0,0.27413871705223736
1223.0,0.27489844339747643
1224.0,0.2754463617117984
1225.0,0.2761773628723246
1226.0,0.27709259305474765
1227.0,0.27773249001438216
1228.0,0.27822889028391257
1229.0,0.27878693459444714
1230.0,0.2791580035528126
1231.0,0.2796335976896959
1232.0,0.27981091197183083
1233.0,0.28082354356087147
1234.0,0.28201234525241214
1235.0,0.2830584099134137
1236.0,0.2838783644118709
1237.0,0.28500192447496225
1238.0,0.2854487157041318
1239.0,0.2850342445573036
1240.0,0.28547364759464494
1241.0,0.28588375693240925
1242.0,0.2866601711827268
1243.0,0.2881107207960815
1244.0,0.2891153127319968
1245.0,0.2900438019221839
1246.0,0.2911127133077272
1247.0,0.2923258848483538
1248.0,0.2932140635915825
1249.0,0.2938676399113733
1250.0,0.2947175871575977
1251.0,0.29535874959426106
1252.0,0.29616646627149207
1253.0,0.2969695065525965
1254.0,0.29809207139501614
1255.0,0.2988757052066218
1256.0,0.2994606355161861
1257.0,0.30006304297608355
1258.0,0.300595267502242
1259.0,0.3011910927462417
1260.0,0.3017016152660975
1261.0,0.3022871941837395
1262.0,0.30287928819909865
1263.0,0.30358779905140604
1264.0,0.30450819801793294
1265.0,0.30521107385168617
1266.0,0.3058106247204052
1267.0,0.3065562566789813
1268.0,0.3072833939000163
1269.0,0.3078606873831149
1270.0,0.308739738658462
1271.0,0.3099830945569037
1272.0,0.3107769442590105
1273.0,0.3113288566382371
1274.0,0.3122802376274036
1275.0,0.3131939808425617
1276.0,0.3142326288198207
1277.0,0.31577676443006153
1278.0,0.31685305803990316
1279.0,0.3177801980354294
1280.0,0.31853423918681545
1281.0,0.31893159246396985
1282.0,0.3195744051212027
1283.0,0.3202181943571725
1284.0,0.32080027797779437
1285.0,0.32147533156843827
1286.0,0.3221291762314126
1287.0,0.3223958588874229
1288.0,0.32319979859807385
1289.0,0.3238112791756724
1290.0,0.3245149341919429
1291.0,0.3252082974409565
1292.0,0.32576342448872275
1293.0,0.32668859653476523
1294.0,0.328027799271189
1295.0,0.32888185771437567
1296.0,0.32952104860318115
1297.0,0.33054807279063336
1298.0,0.3315530555113396
1299.0,0.332504425977504
1300.0,0.3338908354067072
1301.0,0.33498482375503597
1302.0,0.3357101857969503
1303.0,0.3364929506986628
1304.0,0.33708829944289537
1305.0,0.3380308595257722
1306.0,0.3391006264595799
1307.0,0.34028026411341783
1308.0,0.34118355101868003
1309.0,0.34234008465924537
1310.0,0.3430933381527954
1311.0,0.34324880166678534
1312.0,0.3439513347220107
1313.0,0.34483072862586256
1314.0,0.34569479626104677
1315.0,0.34688977391852605
1316.0,0.3476187092578846
1317.0,0.34797542166071815
1318.0,0.34868270965932785
1319.0,0.349247787539483
1320.0,0.35000444961969984
1321.0,0.3511823398818707
1322.0,0.3521481686613148
1323.0,0.35304647639821934
1324.0,0.35390187120822314
1325.0,0.3546380610287905
1326.0,0.35549115911716034
1327.0,0.3563724460806216
1328.0,0.35735910079832484
1329.0,0.35799571994826895
1330.0,0.35848137681981435
1331.0,0.3591554221639413
1332.0,0.3596238778166793
1333.0,0.36026357905920825
1334.0,0.36117324074626905
1335.0,0.36198950610144537
1336.0,0.36264681046214137
1337.0,0.36346855768738423
1338.0,0.3643625121243983
1339.0,0.3654206126042726
1340.0,0.36685898369323666
1341.0,0.3678470430017722
1342.0,0.36872362386739443
1343.0,0.3696088124489702
1344.0,0.37003871575028513
1345.0,0.3707418892960758
1346.0,0.3716491433628567
1347.0,0.3727179615168667
1348.0,0.3735231379860726
1349.0,0.3742665836832442
1350.0,0.375012572413848
1351.0,0.37557760336775925
1352.0,0.37639407426785304
1353.0,0.3773895942492554
1354.0,0.37825281606908795
1355.0,0.3791232318628461
1356.0,0.37999527511643494
1357.0,0.3808893970008001
1358.0,0.38163561207688124
1359.0,0.3821816432414222
1360.0,0.3830798824021976
1361.0,0.384110082629065
1362.0,0.38501680745334055
1363.0,0.3860968187032895
1364.0,0.38711570225044667
1365.0,0.3879186322348267
1366.0,0.38879685513966766
1367.0,0.38961725933307606
1368.0,0.3908259405440997
1369.0,0.3918474997388572
1370.0,0.39284524702671764
1371.0,0.39383739429909603
1372.0,0.39492296176948755
1373.0,0.39578131742526157
1374.0,0.3964862421148521
1375.0,0.397199977858113
1376.0,0.3976987133339553
1377.0,0.39855238303772755
1378.0,0.39960275885704866
1379.0,0.40054453582256155
1380.0,0.4016743636986329
1381.0,0.40266705032848776
1382.0,0.40354725758814664
1383.0,0.4043745525978116
1384.0,0.40516764895663987
1385.0,0.4059150340091106
1386.0,0.40658164546453013
1387.0,0.4072260251069302
1388.0,0.40791939017832207
1389.0,0.4084955697967003
1390.0,0.40897842132204654
1391.0,0.409187646899697
1392.0,0.4099712592577198
1393.0,0.41082802900489324
1394.0,0.4119540803476329
1395.0,0.41376034721051175
1396.0,0.41475404652018594
1397.0,0.4154382134153504
1398.0,0.41631529101152887
1399.0,0.4169228020295541
1400.0,0.4177298050573921
1401.0,0.41877097706870114
1402.0,0.41969521104481294
1403.0,0.42065436065694767
1404.0,0.42135149879182104
1405.0,0.421813394846102
1406.0,0.42255581741921877
1407.0,0.42324655436880815
1408.0,0.42392851289954164
1409.0,0.4248098671211242
1410.0,0.42566946010830026
1411.0,0.4265005682831742
1412.0,0.427204998114081
1413.0,0.4277540868730554
1414.0,0.4286013032516212
1415.0,0.4295818608496235
1416.0,0.43028009804313583
1417.0,0.43098600548040567
1418.0,0.4318724514152014
1419.0,0.43261806933414226
1420.0,0.4330585352360063
1421.0,0.43375347647972834
1422.0,0.4345799336952257
1423.0,0.4354299152765896
1424.0,0.4362721430889046
1425.0,0.437206617082095
1426.0,0.4384292368461
1427.0,0.43934773579488545
1428.0,0.4400319825594391
1429.0,0.44089843911757004
1430.0,0.4417941662190111
1431.0,0.44260107795600706
1432.0,0.4434927635757017
1433.0,0.44430671295395613
1434.0,0.4450276950665648
1435.0,0.44565087762200745
1436.0,0.44594907631421915
1437.0,0.4467342386527324
1438.0,0.44768211576337547
1439.0,0.44864366823030566
1440.0,0.45007996317144355
1441.0,0.4515397215717634
1442.0,0.45256043127250445
1443.0,0.4532326329583734
1444.0,0.4538205186938947
1445.0,0.4539944301571101
1446.0,0.45457976436304076
1447.0,0.4550305126468138
1448.0,0.4559955342600061
1449.0,0.4574501968693909
1450.0,0.4585394804258364
1451.0,0.4598114639263283
1452.0,0.4609078974277643
1453.0,0.4617980402037776
1454.0,0.46269729067782506
1455.0,0.463516814143671
1456.0,0.4644417700255762
1457.0,0.46536906240856674
1458.0,0.4662443253247672
1459.0,0.4672906962469089
1460.0,0.4681373352342021
1461.0,0.4686776928430853
1462.0,0.4693936096207738
1463.0,0.47007478044389245
1464.0,0.4708891086132301
1465.0,0.47193284948964187
1466.0,0.4728650850398657
1467.0,0.47380327571326064
1468.0,0.47479864452417064
1469.0,0.47557689935357306
1470.0,0.4760481223980563
1471.0,0.4766897867732283
1472.0,0.47716738498920186
1473.0,0.4779637357023472
1474.0,0.47891891561005434
1475.0,0.4798486253777206
1476.0,0.480945219262513
1477.0,0.48185962404544924
1478.0,0.48272047588487915
1479.0,0.4836295858117964
1480.0,0.4844923950229078
1481.0,0.4854041728452961
1482.0,0.48636062249183476
1483.0,0.4872728687670249
1484.0,0.4881651557314298
1485.0,0.48904578484214273
1486.0,0.48989719528690934
1487.0,0.4908124734407508
1488.0,0.4916733951153631
1489.0,0.49270597324612875
1490.0,0.4938741971996496
1491.0,0.4950237297978747
1492.0,0.4964075477946955
1493.0,0.4975101565497121
1494.0,0.49847844257958523
1495.0,0.4994297064580475
1496.0,0.5000914715956342
1497.0,0.500980289619132
1498.0,0.5020931860213376
1499.0,0.5030248377165379
1500.0,0.5037947858328015
1501.0,0.5048496318073936
1502.0,0.505888517846997
1503.0,0.5066941301369844
1504.0,0.5076716666881838
1505.0,0.5088415291554562
1506.0,0.5097978480186066
1507.0,0.5106040109280762
1508.0,0.5115733124591778
1509.0,0.5126378565410352
1510.0,0.5134732089112001
1511.0,0.5142414998496845
1512.0,0.5150940306651466
1513.0,0.5157918544935544
1514.0,0.5166481373912919
1515.0,0.517827575229079
1516.0,0.5185927788579876
1517.0,0.5189636926999536
1518.0,0.5197638258061391
1519.0,0.5206253976454069
1520.0,0.521470109166461
1521.0,0.522654865259559
1522.0,0.5235907739616124
1523.0,0.5243031712856003
1524.0,0.5250654660218429
1525.0,0.5257930072679825
1526.0,0.5265751207317281
1527.0,0.527159454898114
1528.0,0.5280737536703364
1529.0,0.5292781113548147
1530.0,0.530410257520549
1531.0,0.5318939277502531
1532.0,0.5330496857047352
1533.0,0.5340622105532109
1534.0,0.5349285442035923
1535.0,0.5354406464455398
1536.0,0.5360700100094351
1537.0,0.5365745656833459
1538.0,0.5371798159313942
1539.0,0.537931634787021
1540.0,0.5389750795373031
1541.0,0.5399647145013281
1542.0,0.5411211688699264
1543.0,0.5421618815541693
1544.0,0.5431932247455432
1545.0,0.5442339515544737
1546.0,0.5452654012971168
1547.0,0.5463104021775158
1548.0,0.5473587225690233
1549.0,0.5484198195022033
1550.0,0.54941975694244
1551.0,0.5506160142122334
1552.0,0.5520370885177316
1553.0,0.5531403198417737
1554.0,0.5544127124639475
1555.0,0.555158553905125
1556.0,0.5552109375079567
1557.0,0.5559081883678705
1558.0,0.5566602030057524
1559.0,0.5574312901021352
1560.0,0.5586055387782626
1561.0,0.5594746395044647
1562.0,0.5599330407587182
1563.0,0.5608167065965979
1564.0,0.5619614623625244
1565.0,0.5629780745531786
1566.0,0.5642268275890129
1567.0,0.5651987924059322
1568.0,0.5658261012408449
1569.0,0.5667266194355575
1570.0,0.567656101254616
1571.0,0.5686219668471564
1572.0,0.5698882648731048
1573.0,0.5708618893344621
1574.0,0.5715000641268151
1575.0,0.5724290461639107
1576.0,0.5735480049011815
1577.0,0.5744157188575418
1578.0,0.5752831827013128
1579.0,0.5761733304390677
1580.0,0.5767713061140939
1581.0,0.5775273032980405
1582.0,0.578479600522441
1583.0,0.5794322615444302
1584.0,0.5803407342486501
1585.0,0.5813263321056418
1586.0,0.5824951974221577
1587.0,0.5835593800868194
1588.0,0.5847027279088789
1589.0,0.5856795837015213
1590.0,0.5865441669014495
1591.0,0.587197401186995
1592.0,0.5881829775686273
1593.0,0.5891921989491132
1594.0,0.5901877540176015
1595.0,0.5914587273183254
1596.0,0.5923179390943062
1597.0,0.5929028331359921
1598.0,0.5936145243141179
1599.0,0.5941768623466658
1600.0,0.595010883558733
1601.0,0.5959113418823618
1602.0,0.5969499187599818
1603.0,0.5983448586089151
1604.0,0.599222647302617
1605.0,0.59989065078259
1606.0,0.6007574817231532
1607.0,0.6013855709314362
1608.0,0.60226905110597
1609.0,0.6034862450679906
1610.0,0.6044821531103454
1611.0,0.6054273723856964
1612.0,0.6062991200539002
1613.0,0.6071200073639333
1614.0,0.6079524662387822
1615.0,0.608760383593943
1616.0,0.6094200895545585
1617.0,0.609894147592356
1618.0,0.6107002784432457
1619.0,0.6115462061507966
1620.0,0.6123844537871779
1621.0,0.6135868178775341
1622.0,0.6144361851933395
1623.0,0.6148155429451664
1624.0,0.6157040070078087
1625.0,0.6169798122325153
1626.0,0.6177929265183337
1627.0,0.618702365299944
1628.0,0.6193390108401569
1629.0,0.6192807018906054
1630.0,0.619817622872168
1631.0,0.620538265668252
1632.0,0.6213913498056076
1633.0,0.6225884277213748
1634.0,0.6236439115059262
1635.0,0.6248123503558005
1636.0,0.6258379914140325
1637.0,0.6267986029209857
1638.0,0.6276873981927269
1639.0,0.6284398846533519
1640.0,0.6292394036887116
1641.0,0.6300271495993692
1642.0,0.6308060028346998
1643.0,0.6315333750745167
1644.0,0.6323647295256759
1645.0,0.633320972996851
1646.0,0.6340937996895664
1647.0,0.6347209604787961
1648.0,0.6355710276354425
1649.0,0.6364556914975591
1650.0,0.6372645587042384
1651.0,0.6383416331970957
1652.0,0.6391415287896047
1653.0,0.6395860357149196
1654.0,0.6402187386034245
1655.0,0.6408423769914571
1656.0,0.6415413429911231
1657.0,0.6422998365462737
1658.0,0.6430686111279759
1659.0,0.6439044334739991
1660.0,0.6447174681197676
1661.0,0.6455440000570288
1662.0,0.6464246372735997
1663.0,0.6474180640812667
1664.0,0.648173856813763
1665.0,0.6488046431294622
1666.0,0.6494860174570385
1667.0,0.6500314804000077
1668.0,0.6506094658135072
1669.0,0.6512965592073938
1670.0,0.6519276628396216
1671.0,0.6523777544961904
1672.0,0.6530316016170442
1673.0,0.6536517273884039
1674.0,0.6545261945662806
1675.0,0.6556894733124329
1676.0,0.6567898680457441
1677.0,0.6581645717019478
1678.0,0.65937606340849
1679.0,0.6605939906798991
1680.0,0.6615477789099355
1681.0,0.6622633683039638
1682.0,0.6629976417336572
1683.0,0.6634873377859161
1684.0,0.6641199182636587
1685.0,0.6647912113998168
1686.0,0.6656011824127451
1687.0,0.6664439734241215
1688.0,0.6673666453687257
1689.0,0.6686950397419484
1690.0,0.6695548257129793
1691.0,0.6700678223970303
1692.0,0.6708788921595809
1693.0,0.6712992639972434
1694.0,0.6721968169979623
1695.0,0.6738409768381481
1696.0,0.6749831133822451
1697.0,0.6761227092935963
1698.0,0.6772513348238918
1699.0,0.6779752345987944
1700.0,0.6789340241378905
1701.0,0.6800693625630224
1702.0,0.6811198478877841
1703.0,0.6824686135843118
1704.0,0.6834037525879685
1705.0,0.6840098910455389
1706.0,0.6847910693447152
1707.0,0.6851066336559731
1708.0,0.6860006774462758
1709.0,0.687385846390327
1710.0,0.6885648124847258
1711.0,0.6900202841585823
1712.0,0.6912320328308487
1713.0,0.6923112205929481
1714.0,0.6933016871154678
1715.0,0.6942280772684913
1716.0,0.6950730249674916
1717.0,0.6956864018666943
1718.0,0.6964709550765814
1719.0,0.6971982500420177
1720.0,0.6980005732240281
1721.0,0.6989135141472135
1722.0,0.6998386131568692
1723.0,0.7010236534648212
1724.0,0.7018292405576215
1725.0,0.7023037328772684
1726.0,0.7030742490237603
1727.0,0.7037484649838381
1728.0,0.7046072941748901
1729.0,0.7058703318402513
1730.0,0.7067988002076822
1731.0,0.7074621884149516
1732.0,0.7082186288399992
1733.0,0.7092135566801988
1734.0,0.7097212164881952
1735.0,0.7099597208843045
1736.0,0.710150599031963
1737.0,0.7098465028303036
1738.0,0.7099759072436373
1739.0,0.7102791017900983
1740.0,0.7107421910714786
1741.0,0.711296735699148
1742.0,0.711967641662852
1743.0,0.7129181365908119
1744.0,0.7138769869090921
1745.0,0.7151074580357043
1746.0,0.715788926917209
1747.0,0.7160554953149989
1748.0,0.7164635184924464
1749.0,0.7167104178175739
1750.0,0.7173575656928514
1751.0,0.718355739911218
1752.0,0.7193364659971295
1753.0,0.7202412574234053
1754.0,0.7214616279316293
1755.0,0.7223284563372552
1756.0,0.7225740840329076
1757.0,0.7230618957860981
1758.0,0.7230756890771002
1759.0,0.7236791714631945
1760.0,0.7254140138851646
1761.0,0.7267361460665352
1762.0,0.727558846864429
1763.0,0.7284674782725802
1764.0,0.7287861230031365
1765.0,0.7290864278016745
1766.0,0.7301908586219563
1767.0,0.7309433030902148
1768.0,0.7319153394337823
1769.0,0.7336340309319261
1770.0,0.7345030127826302
1771.0,0.7346056586333335
1772.0,0.7353764421333653
1773.0,0.7360760622654399
1774.0,0.7367716293673106
1775.0,0.7386879285681336
1776.0,0.7400897966795801
1777.0,0.7405956116005619
1778.0,0.742038416241356
1779.0,0.7436769511189595
1780.0,0.744630199774482
1781.0,0.7452702214555167
1782.0,0.7453049329899968
1783.0,0.7454305734527419
1784.0,0.7456773845698597
1785.0,0.746524114984112
1786.0,0.748503817230549
1787.0,0.7501554249060014
1788.0,0.7516965832095609
1789.0,0.753184241590847
1790.0,0.753165249463092
1791.0,0.7539026513257856
1792.0,0.7551419621795843
1793.0,0.7559968323579341
1794.0,0.7570647183485288
1795.0,0.7576541810828349
1796.0,0.7576702012969265
1797.0,0.7582137046067231
1798.0,0.7586785233852121
1799.0,0.759338654032493
1800.0,0.7598578504739114
1801.0,0.7578843365713257
1802.0,0.7572922786450175
1803.0,0.7582020288338742
1804.0,0.7593115068483064
1805.0,0.7608419189380187
1806.0,0.7619793825816302
1807.0,0.7638680012150791
1808.0,0.7649349802861699
1809.0,0.7648614358873088
1810.0,0.765849915090574
1811.0,0.7674084728392682
1812.0,0.768929429826121
1813.0,0.7696731352951457
1814.0,0.7699608714318856
1815.0,0.770309348437471
1816.0,0.7691965834346162
1817.0,0.7698686656896634
1818.0,0.7720863035486146
1819.0,0.7730482555032956
1820.0,0.7742460228968177
1821.0,0.7750753445309089
1822.0,0.7744927744331712
1823.0,0.774712683315776
1824.0,0.7775624796595443
1825.0,0.7793245077237627
1826.0,0.7803283119905569
1827.0,0.7816198604946776
1828.0,0.7827474060818882
1829.0,0.7821758178818445
1830.0,0.7827000468443741
1831.0,0.7846623931698149
1832.0,0.7853427581481948
1833.0,0.7862498085114564
1834.0,0.7869207703697749
1835.0,0.7871550173950352
1836.0,0.787475862183173
1837.0,0.7875371024201234
1838.0,0.7860521217104868
1839.0,0.7862827848688951
1840.0,0.7872478544328231
1841.0,0.7881522390570967
1842.0,0.7900827748679982
1843.0,0.7926758947940881
1844.0,0.793813489851773
1845.0,0.7944583662673564
1846.0,0.7951397322623508
1847.0,0.7948101015170841
1848.0,0.7955074317346267
1849.0,0.7968524662190918
1850.0,0.7976860837959099
1851.0,0.7988342128490838
1852.0,0.7991963777532243
1853.0,0.7994898443305715
1854.0,0.8006547667534974
1855.0,0.8009233632108058
1856.0,0.8017521225930684
1857.0,0.8025402627155175
1858.0,0.8027673640315427
1859.0,0.8035821855599574
1860.0,0.8047920948815418
1861.0,0.8064736766624354
1862.0,0.8080823077554286
1863.0,0.8091749403191131
1864.0,0.8099854617846819
1865.0,0.810286764979015
1866.0,0.8100379614730202
1867.0,0.8107079421109916
1868.0,0.8114180506869044
1869.0,0.8127744948913783
1870.0,0.8131597790361472
1871.0,0.8133375255218068
1872.0,0.8136812985990848
1873.0,0.8127521094926825
1874.0,0.811321908268397
1875.0,0.8094946565551762
1876.0,0.8079199894513699
1877.0,0.8071788936395977
1878.0,0.8068928970476704
1879.0,0.806838955062492
1880.0,0.8077730112306275
1881.0,0.807736959857379
1882.0,0.8074733937891677
1883.0,0.8071857750999923
1884.0,0.8060371269963129
1885.0,0.8061638233340075
1886.0,0.8059133792189279
1887.0,0.8056320701321746
1888.0,0.805212861049863
1889.0,0.8034973995487495
1890.0,0.8019410863076577
1891.0,0.7996041384447341
1892.0,0.797805390330389
1893.0,0.7969153847816173
1894.0,0.7957726207799274
1895.0,0.794250342802747
1896.0,0.7921916014635324
1897.0,0.7903732644484691
1898.0,0.7882009613729625
1899.0,0.785412447490436
1900.0,0.7831974937488001
1901.0,0.7805636561293956
1902.0,0.7768708938170189
1903.0,0.7739547412701318
1904.0,0.7723991213328284
1905.0,0.7703650064790285
1906.0,0.7690709418959994
1907.0,0.7678474638120489
1908.0,0.7666189743253554
1909.0,0.7660781348786281
1910.0,0.7647981002044314
1911.0,0.7635521147299872
1912.0,0.7628414278683581
1913.0,0.7622018240801479
1914.0,0.7615354054130504
1915.0,0.7611749412679107
1916.0,0.7609625212216304
1917.0,0.7605783167248279
1918.0,0.7602034560314648
1919.0,0.760065443134167
1920.0,0.759713243320169
1921.0,0.7596046131478863
1922.0,0.7602087736246858
1923.0,0.7607329002194897
1924.0,0.7614418664190042
1925.0,0.7626922243229319
1926.0,0.7643889135512552
1927.0,0.7648196375688464
1928.0,0.765786553516829
1929.0,0.7675123278739344
1930.0,0.7676262671710935
1931.0,0.7681349297806102
1932.0,0.7699002371805468
1933.0,0.7705755742892256
1934.0,0.770973733911344
1935.0,0.7723541334023245
1936.0,0.7725494924909743
1937.0,0.7735323584577699
1938.0,0.7747663658055607
1939.0,0.7772915174171345
1940.0,0.7786524979046768
1941.0,0.7806273830224085
1942.0,0.7818935849284525
1943.0,0.782448983023633
1944.0,0.7833109173442792
1945.0,0.7833656904853161
1946.0,0.7837855006086072
1947.0,0.7845114897784531
1948.0,0.7855215290933466
1949.0,0.7868934401697006
1950.0,0.7889026357393647
1951.0,0.7908310429555623
1952.0,0.7925334589602191
1953.0,0.794071568797057
1954.0,0.7956766020050363
1955.0,0.7962984946574908
1956.0,0.7965498873293672
1957.0,0.7975277634869453
1958.0,0.7980873670560796
1959.0,0.7991446830085431
1960.0,0.8010335201389306
1961.0,0.8024203638900884
1962.0,0.803515416134547
1963.0,0.8053638009734451
1964.0,0.806444672322855
1965.0,0.8078661089939253
1966.0,0.8101541752997599
1967.0,0.8111161211452843
1968.0,0.8120235215672797
1969.0,0.8118417784093989
1970.0,0.8105514972148506
1971.0,0.8097146068261907
1972.0,0.8097000230130242
1973.0,0.8105056424522438
1974.0,0.8114125123488648
1975.0,0.8131434761383397
1976.0,0.8141996902440239
1977.0,0.8155952633938791
1978.0,0.8167599130174208
1979.0,0.817343098547793
1980.0,0.8188598316904893
1981.0,0.8201645117742735
1982.0,0.8208318874945215
1983.0,0.8222185601191841
1984.0,0.8228524574606858
1985.0,0.8235978516032649
1986.0,0.8239391528119097
1987.0,0.8249443793829035
1988.0,0.8260575714612088
1989.0,0.8278109963158092
1990.0,0.8292278850601748
1991.0,0.8291208489016995
1992.0,0.8290560388857199
1993.0,0.8298318904989602
1994.0,0.8314690299492573
1995.0,0.8337133179604204
1996.0,0.8355773681654369
1997.0,0.8378345246008864
1998.0,0.8394138628858278
1999.0,0.8405962212921902
2000.0,0.8417985780202414
2001.0,0.8429744642591693
2002.0,0.8436462278451791
2003.0,0.8440242637735068
2004.0,0.8447210520835008
2005.0,0.8457071295475143
2006.0,0.8478439043588977
2007.0,0.8492066655727807
2008.0,0.8510141360537159
2009.0,0.8528249760850752
2010.0,0.8542143385670137
2011.0,0.8553370849410613
2012.0,0.8571988152475352
2013.0,0.8576899477412826
2014.0,0.8566221347227593
2015.0,0.8572990055615487
2016.0,0.8571688554847601
2017.0,0.8571928821256548
2018.0,0.8590350530132994
2019.0,0.8601994345431492
2020.0,0.8610746429205127
2021.0,0.8637641863599529
2022.0,0.8652602385381453
2023.0,0.8653748423852213
2024.0,0.8666414062560096
2025.0,0.8680849953620647
2026.0,0.8696358369534987
2027.0,0.8724494158503985
2028.0,0.8741155132969218
2029.0,0.8753619862036143
2030.0,0.8759791288496205
2031.0,0.8768524887770229
2032.0,0.8770316852541482
2033.0,0.8782441307351436
2034.0,0.8800237461387043
2035.0,0.8805615167749582
2036.0,0.882190670305229
2037.0,0.8835951654477464
2038.0,0.8847832315645576
2039.0,0.8857705445846629
2040.0,0.8871745526052438
2041.0,0.8881801946831608
2042.0,0.8883551092135731
2043.0,0.8896334349698335
2044.0,0.8917963205669529
2045.0,0.8925718818223198
2046.0,0.8950440558330425
2047.0,0.8972811006971401
2048.0,0.8973872592947031
2049.0,0.8980128083654798
2050.0,0.8976542345520239
2051.0,0.8964679496793335
2052.0,0.8965797334863786
2053.0,0.8977609323716825
2054.0,0.898708554930659
2055.0,0.9002351518601764
2056.0,0.9010619398941448
2057.0,0.9010949395010415
2058.0,0.9019479996535007
2059.0,0.9023376500598912
2060.0,0.9045741465278643
2061.0,0.9075079964159208
2062.0,0.9086901521631272
2063.0,0.9102771029367143
2064.0,0.9115984408168638
2065.0,0.9102995615762028
2066.0,0.9104519249917404
2067.0,0.9108428111728792
2068.0,0.9104930263399303
2069.0,0.9106855596717309
2070.0,0.9124814753541635
2071.0,0.9132910236418204
2072.0,0.9131779890574782
2073.0,0.9138810337016987
2074.0,0.9151444751908006
2075.0,0.915695378085652
2076.0,0.9169017375299829
2077.0,0.9187163096837861
2078.0,0.9210609824401771
2079.0,0.9231978438834181
2080.0,0.9240018614297354
2081.0,0.9248907801681812
2082.0,0.9253699278066805
2083.0,0.9242874828786833
2084.0,0.9248901490588659
2085.0,0.9263413471247299
2086.0,0.9270652532249788
2087.0,0.9284127480227473
2088.0,0.9290690751713867
2089.0,0.9283652578604585
2090.0,0.9293457007936367
2091.0,0.9310400733862214
2092.0,0.9320139425995394
2093.0,0.9335357354032411
2094.0,0.9346997368985037
2095.0,0.9355272078337804
2096.0,0.9359938742423618
2097.0,0.9367128738796472
2098.0,0.9380818283053106
2099.0,0.9389165886558417
2100.0,0.9396465459734803
2101.0,0.9395412462203442
2102.0,0.9383402377187657
2103.0,0.9375134330595976
2104.0,0.9361519692308318
2105.0,0.9356731559661965
2106.0,0.9353811158914724
2107.0,0.9362457799705987
2108.0,0.9371143835596258
2109.0,0.937624687505539
2110.0,0.9388901704962139
2111.0,0.9404158198502447
2112.0,0.9409814697257575
2113.0,0.9407629049294111
2114.0,0.9410692959073781
2115.0,0.9406869935088599
2116.0,0.9411046640598217
2117.0,0.9418510933089691
2118.0,0.9432878543489068
2119.0,0.9460056151912036
2120.0,0.947078790301898
2121.0,0.948582390427129
2122.0,0.949017261280682
2123.0,0.9466494104817315
2124.0,0.9462080510637861
2125.0,0.9463065628466354
2126.0,0.9468858297896695
2127.0,0.9481978622574689
2128.0,0.9495501847782692
2129.0,0.9495571324102935
2130.0,0.9499309510551674
2131.0,0.9507176790464134
2132.0,0.9507107262623559
2133.0,0.9515890155714367
2134.0,0.9536857626826547
2135.0,0.9545016971563585
2136.0,0.955500040556481
2137.0,0.955571381433279
2138.0,0.9539432207393852
2139.0,0.9537545303055763
2140.0,0.9528579972687857
2141.0,0.9533331135980038
2142.0,0.9552123320235563
2143.0,0.9575775359690534
2144.0,0.9593743425457606
2145.0,0.9616725709979936
2146.0,0.962838853834962
2147.0,0.9622560390589936
2148.0,0.9613618422976627
2149.0,0.9599141557586065
2150.0,0.958814776916017
2151.0,0.9583352194436078
2152.0,0.9582690677034402
2153.0,0.9595927394894547
2154.0,0.9593907194157202
2155.0,0.9581698723164979
2156.0,0.9582257257542773
2157.0,0.9576047391618858
2158.0,0.9582551209935626
2159.0,0.961418914010431
2160.0,0.9626946574679494
2161.0,0.9637666909293449
2162.0,0.9643907491217272
2163.0,0.9643796816168412
2164.0,0.963785635901171
2165.0,0.9618425725957188
2166.0,0.9597171395495964
2167.0,0.9576256762088045
2168.0,0.9553172033385064
2169.0,0.9554743766076761
2170.0,0.956588327490677
2171.0,0.9574026956017376
2172.0,0.958958531907765
2173.0,0.9604347446899868
2174.0,0.9619478177200542
2175.0,0.9627928348215748
2176.0,0.96411038280941
2177.0,0.9641037992416421
2178.0,0.9623491503744468
2179.0,0.9627170662069172
2180.0,0.9629545380760642
2181.0,0.9635969947826775
2182.0,0.9672430312154608
2183.0,0.9677200440066839
2184.0,0.9659769826904976
2185.0,0.9653952384279212
2186.0,0.9635366721218451
2187.0,0.9607417479991947
2188.0,0.9615391743983821
2189.0,0.9617190211332902
2190.0,0.9611747328396134
2191.0,0.9614594816544935
2192.0,0.9592579243406728
2193.0,0.9586702862623436
2194.0,0.9576740633515805
2195.0,0.9561109841250128
2196.0,0.9564519386522311
2197.0,0.9575802014718463
2198.0,0.958145639098257
2199.0,0.9602438643314976
2200.0,0.9612316244550118
2201.0,0.9616645245349114
2202.0,0.9620577768391637
2203.0,0.9620687336847362
2204.0,0.9629983556664689
2205.0,0.9643182955044428
2206.0,0.9643984960391168
2207.0,0.9659471848149498
2208.0,0.966775259138613
2209.0,0.9655756892708063
2210.0,0.9638460391100593
2211.0,0.9636413849025977
2212.0,0.962419928284734
2213.0,0.9624002657479549
2214.0,0.9646853187476933
2215.0,0.9670987002877306
2216.0,0.9679699398140931
2217.0,0.9682920013694759
2218.0,0.968197796625741
2219.0,0.967923378682019
2220.0,0.9657106550171365
2221.0,0.9666296432822211
2222.0,0.969737463881584
2223.0,0.9708341340415308
2224.0,0.9724963364741305
2225.0,0.9733977454298701
2226.0,0.9725288970756198
2227.0,0.9723732760181585
2228.0,0.9729552149125944
2229.0,0.9732862052000215
2230.0,0.9731290702774138
2231.0,0.9732180946245496
2232.0,0.9738346380175035
2233.0,0.9732628347133006
2234.0,0.9736505881702546
2235.0,0.9763745404754557
2236.0,0.9789283714504234
2237.0,0.9817601492342753
2238.0,0.9837675675467498
2239.0,0.9817504122806737
2240.0,0.9779773977154178
2241.0,0.97522281023536
2242.0,0.9712376624882619
2243.0,0.9703741462070533
2244.0,0.9736124067579001
2245.0,0.9750295442404618
2246.0,0.9761503191624173
2247.0,0.977564044931077
2248.0,0.9791526078992082
2249.0,0.9807895196783165
2250.0,0.9817610282891139
2251.0,0.9832443494705847
2252.0,0.9839859453857625
2253.0,0.9821805842670873
2254.0,0.981262019518315
2255.0,0.9811139280858056
2256.0,0.9818840917410846
2257.0,0.9838545912633625
2258.0,0.9842942074383304
2259.0,0.9846024047857458
2260.0,0.9848053920117761
2261.0,0.9838847946088072
2262.0,0.9822538822435982
2263.0,0.9834357467359943
2264.0,0.9833921839639814
2265.0,0.9805172339189011
2266.0,0.9808658043675094
2267.0,0.9822819623346104
2268.0,0.9846189609735659
2269.0,0.9874639884422222
2270.0,0.9902980697709947
2271.0,0.9938788808414211
2272.0,0.995835843337699
2273.0,0.9979762700434296
2274.0,1.0001495806310974
2275.0,0.9995445328279752
2276.0,0.9953579142120579
2277.0,0.9932165451588767
2278.0,0.9902840720424682
2279.0,0.9894043732459111
2280.0,0.9909993587494025
2281.0,0.9908731918629958
2282.0,0.9915717528713095
2283.0,0.9910635612148351
2284.0,0.987388964112006
2285.0,0.9867878706838399
2286.0,0.9881137307791747
2287.0,0.9888582787924435
2288.0,0.9905345646212715
2289.0,0.9919320684778353
2290.0,0.9932345892650566
2291.0,0.99355193889258
2292.0,0.9938539549857669
2293.0,0.9940367101309967
2294.0,0.9925197515983473
2295.0,0.9931042964457866
2296.0,0.9961039468564794
2297.0,0.9960780865009097
2298.0,0.9959999037693811
2299.0,0.9957755692111847
2300.0,0.9943609702019253
2301.0,0.9950585194431766
2302.0,0.9973155218366753
2303.0,0.9978049708595731
2304.0,0.9966512883541329
2305.0,0.9955414939553002
2306.0,0.9925619152132944
2307.0,0.9922307492157109
2308.0,0.9960714454643677
2309.0,0.9993946059738572
2310.0,1.004393242064685
2311.0,1.0089264646419138
2312.0,1.009012826229811
2313.0,1.007129114175158
2314.0,1.0053932274131565
2315.0,1.0029570998935944
2316.0,0.9966969333333024
2317.0,0.9879917739790747
2318.0,0.983212864222183
2319.0,0.9794492501932981
2320.0,0.9776517863628735
2321.0,0.9813442713143236
2322.0,0.9846404123933323
2323.0,0.9878228692787097
2324.0,0.9902809195477489
2325.0,0.9932683291720024
2326.0,0.9951808278887401
2327.0,0.9965857442871375
2328.0,0.9989820352605198
2329.0,1.0045155491077529
2330.0,1.0059376967856326
2331.0,1.003127883835995
2332.0,1.0025895154280338
2333.0,1.001503885432094
2334.0,1.0004896005848618
2335.0,0.9986299537710532
2336.0,0.9997783173542818
2337.0,1.0018527714008223
2338.0,1.003378709039333
2339.0,1.0108091275944722
2340.0,1.0126811067076409
2341.0,1.0107633124051274
2342.0,1.0087613457909834
2343.0,0.9998878490881485
2344.0,0.9980927309793618
2345.0,1.0001696051877753
2346.0,1.001349328042237
2347.0,1.0050223169556358
2348.0,1.012013274290751
2349.0,1.0148643022922563
2350.0,1.0131520034650479
2351.0,1.014677919117838
2352.0,1.0136088853643654
2353.0,1.005869442407613
2354.0,1.0034358254477673
2355.0,0.9979357863508631
2356.0,0.9947613347800436
2357.0,1.001196884154845
2358.0,1.0042570493192815
2359.0,1.0057179521603643
2360.0,1.0057563821519762
2361.0,1.001512114947213
2362.0,0.996864890467384
2363.0,0.9934045821411561
2364.0,0.9946389062134713
2365.0,0.994129073818373
2366.0,0.9944564044548118
2367.0,1.0002526903567583
2368.0,0.9958146087556021
2369.0,0.9906499286126188
2370.0,0.9907329009876893
2371.0,0.9852656262829248
2372.0,0.9845688835544758
2373.0,0.9922953291371981
2374.0,0.9976786117947818
2375.0,0.9976461177683043
2376.0,1.0016498153748703
2377.0,1.0088464652545526
2378.0,1.0087133840404412
2379.0,1.013424017112824
2380.0,1.0180302122793454
2381.0,1.015469926345255
2382.0,1.0168185457794214
2383.0,1.0150688511507209
2384.0,1.0134876848804686
2385.0,1.009230034641456
2386.0,0.9987307710380985
2387.0,0.9994034823116734
2388.0,1.002886965581118
2389.0,0.9970202937188754
2390.0,0.9970842831847964
2391.0,0.9928287303157153
2392.0,0.9819775175883688
2393.0,0.9897260329248581
2394.0,0.9982237905898409
2395.0,1.000515910262429
2396.0,1.0038395025582234
2397.0,0.9893312911390443
2398.0,0.9769790361489612
2399.0,0.9693365763627312
2400.0,0.9602383643433853
2401.0,0.9687306254951977
2402.0,0.9698938541066463
2403.0,0.9687010093277415
2404.0,0.980448877802454
2405.0,0.9780629403439335
2406.0,0.9758917064028586
2407.0,0.9773093398602614
2408.0,0.9677124405800408
2409.0,0.9640218523686686
2410.0,0.9648508081233169
2411.0,0.96164370406207
2412.0,0.9596685127797284
2413.0,0.9594019113693633
2414.0,0.9542456764201961
2415.0,0.9595970861348296
2416.0,0.9767912687657163
2417.0,0.987805148095805
2418.0,0.9954083394197277
2419.0,0.9948265850645138
2420.0,0.9821714439279935
2421.0,0.9681313055150672
2422.0,0.9681273880174193
2423.0,0.9755841035626781
2424.0,0.9793430196149845
2425.0,0.9724629574162891
2426.0,0.9553091952605226
2427.0,0.9430459355972646
2428.0,0.9349512748891028
2429.0,0.9368456663680348
2430.0,0.9489157316939391
2431.0,0.955531883285287
2432.0,0.9581279602458723
2433.0,0.9628388884575179
2434.0,0.9552430699134271
2435.0,0.9467896704374503
2436.0,0.9534352807666104
2437.0,0.9626066429156449
2438.0,0.9802733280077828
2439.0,0.9807946160924713
2440.0,0.9694153299870839
2441.0,0.9601375934263886
2442.0,0.939208676224994
2443.0,0.9300013338791004
2444.0,0.9185476778025248
2445.0,0.9130487250756777
2446.0,0.9247019853628288
2447.0,0.9360137528744507
2448.0,0.9510415731444437
2449.0,0.949031049825154
2450.0,0.9288223369794071
2451.0,0.918016956497337
2452.0,0.9160091698809878
2453.0,0.903261126766478
2454.0,0.9073013361657811
2455.0,0.939545744584339
2456.0,0.9566521272081225
2457.0,0.9804203176751112
2458.0,0.9984253393411857
2459.0,0.9752779437809095
2460.0,0.9476486662852285
2461.0,0.9317649014385752
2462.0,0.9479158151141164
2463.0,0.9478672805510134
2464.0,0.9448359610439268
2465.0,0.9604877111885876
2466.0,0.9313120027799834
2467.0,0.9367417465614666
2468.0,0.9561239071841611
2469.0,0.9472450989857577
2470.0,0.9443383766262037
2471.0,0.905205802713171
2472.0,0.9005734837975895
2473.0,0.9300403232125543
2474.0,0.9388861218696412
2475.0,0.9629678196507635
2476.0,0.9683594113804841
2477.0,0.9333053123550604
2478.0,0.9194102952357951
2479.0,0.9168274603349464
2480.0,0.908987705696527
2481.0,0.90245213757801
2482.0,0.9036023857976259
2483.0,0.9047269384462056
2484.0,0.905098737081657
2485.0,0.9170971514388478
2486.0,0.9172189230855863
2487.0,0.9080757522945788
2488.0,0.9014940303199145
2489.0,0.8845879787381536
2490.0,0.8877448374714364
2491.0,0.9020385838493562
2492.0,0.923983258788915
2493.0,0.9723677492994351
2494.0,0.987772123118415
2495.0,0.9856711992171464
2496.0,0.9864621292130985
2497.0,0.9726815909407179
2498.0,0.9774841244051505
2499.0,0.997838919387186
2500.0,0.9887900085152564
