350.0,-0.04364289969816395
351.0,-0.006712507320087458
352.0,-0.04968927277549236
353.0,-0.04175583683668006
354.0,-0.027301312536570588
355.0,0.005974697600373552
356.0,0.05008411618870501
357.0,-0.007128401108983904
358.0,-0.013335295893619814
359.0,0.001147481718715076
360.0,-0.030851233337921575
361.0,-0.02574314337799345
362.0,0.010561252551001044
363.0,0.0388274892751252
364.0,0.019902456272770305
365.0,0.0036362463728806423
366.0,-0.010402348379301695
367.0,-0.02130302419317672
368.0,-0.021131669200113435
369.0,0.02171006726591909
370.0,0.039995204279834703
371.0,0.026285976490296948
372.0,0.04501270683399272
373.0,0.0352071199620915
374.0,0.025994153892333963
375.0,0.032286277027261355
376.0,0.01671236739548161
377.0,0.015484681105405618
378.0,0.02214146572641667
379.0,0.024832175828543142
380.0,0.026918279092174514
381.0,0.02459717607912233
382.0,0.02262938480692757
383.0,0.028051866102530996
384.0,0.04439424074951569
385.0,0.04823515013182498
386.0,0.041139698540557046
387.0,0.03723394610361167
388.0,0.0355529447463887
389.0,0.03383584208452536
390.0,0.032246612108863044
391.0,0.033156540559673424
392.0,0.036756662283347584
393.0,0.043405441066605356
394.0,0.04894682164446105
395.0,0.04295845088613201
396.0,0.03809105476010513
397.0,0.03604964686687738
398.0,0.03570760144889892
399.0,0.035050145899779346
400.0,0.03663490987763538
401.0,0.03980821378405675
402.0,0.04325347976659056
403.0,0.04868888302523814
404.0,0.0435505700348237
405.0,0.03526087632454452
406.0,0.03956797224024679
407.0,0.04224381943514926
408.0,0.0449749018692237
409.0,0.04715146572335212
410.0,0.045141974420670354
411.0,0.0454322099804279
412.0,0.045309307245299454
413.0,0.04356382977603307
414.0,0.0439034144824835
415.0,0.047149933310537864
416.0,0.04970572076374638
417.0,0.04908113124339739
418.0,0.049749725442756826
419.0,0.046651246239534386
420.0,0.043969309064441894
421.0,0.04739257724595075
422.0,0.046832816211549
423.0,0.04634285795366888
424.0,0.047238401686833076
425.0,0.0478010403546894
426.0,0.047825862834261476
427.0,0.047523352601824616
428.0,0.04718710897415376
429.0,0.0470194927873579
430.0,0.04852231940509733
431.0,0.05074040018356961
432.0,0.05204966559003985
433.0,0.0506172676290398
434.0,0.050194930642160115
435.0,0.05074107947870279
436.0,0.050553196975202344
437.0,0.04941240682291013
438.0,0.05062590486920771
439.0,0.05282003030741944
440.0,0.050853439127230095
441.0,0.05151051573081701
442.0,0.05150678368907099
443.0,0.0494655081810093
444.0,0.05035439329042511
445.0,0.050400301636482486
446.0,0.049802391402890764
447.0,0.04970069038739424
448.0,0.05030403677357349
449.0,0.05100486523306213
450.0,0.05134510458128054
451.0,0.05104087138972007
452.0,0.04996429423343977
453.0,0.04960004133878943
454.0,0.05053077339230171
455.0,0.05202410382510068
456.0,0.05063073274894909
457.0,0.04920856810585659
458.0,0.050121467853643256
459.0,0.050930850996002336
460.0,0.05133952440126218
461.0,0.05168133133274378
462.0,0.05229555332794198
463.0,0.05168875443920102
464.0,0.05103754078617303
465.0,0.050952739344621
466.0,0.05125443978355363
467.0,0.04977145367716087
468.0,0.049241944937956764
469.0,0.05085336134621558
470.0,0.05159623035883763
471.0,0.05139665949843482
472.0,0.0511418513654441
473.0,0.05150757328944588
474.0,0.05068407905761805
475.0,0.050046385873616143
476.0,0.05057814693127308
477.0,0.052493835757341206
478.0,0.05234653952579368
479.0,0.05194678446182703
480.0,0.051958424259202926
481.0,0.050379401639771636
482.0,0.04977569027426825
483.0,0.050376049683914376
484.0,0.051417618984828425
485.0,0.05113995815910712
486.0,0.051688299388436276
487.0,0.05240971124560466
488.0,0.05150403102461956
489.0,0.05129667546934352
490.0,0.05127445486863118
491.0,0.05110129631605138
492.0,0.05102479516621163
493.0,0.05154931062408892
494.0,0.051918746336763875
495.0,0.051755632582714546
496.0,0.05279156404056842
497.0,0.052479555412782354
498.0,0.05147393616190321
499.0,0.05174757387191422
500.0,0.05247409799809628
501.0,0.05282853683615702
502.0,0.05258998253882914
503.0,0.05224382838485903
504.0,0.05272851607593875
505.0,0.05270060025417144
506.0,0.05149194771494053
507.0,0.05161099299274715
508.0,0.052063101602293514
509.0,0.05251055531384188
510.0,0.052815626638764296
511.0,0.05211360476414958
512.0,0.05215170499559838
513.0,0.05293495933799948
514.0,0.05232087864281897
515.0,0.052131446675819
516.0,0.05268670414463116
517.0,0.05355982078752812
518.0,0.053282016434730635
519.0,0.05256365698147223
520.0,0.05200819787532161
521.0,0.05202758333790345
522.0,0.051926528562939216
523.0,0.05256515763327935
524.0,0.05363488339356024
525.0,0.053324045907645126
526.0,0.05313611472028165
527.0,0.05307492335663413
528.0,0.05290876927956638
529.0,0.05276941241562861
530.0,0.05248101787130826
531.0,0.052664177418077246
532.0,0.05396211354461816
533.0,0.05371388954998137
534.0,0.05336846651325874
535.0,0.05354777610543864
536.0,0.05313718834850213
537.0,0.05328204605276793
538.0,0.053493755596862064
539.0,0.053224632988695
540.0,0.05321577742618243
541.0,0.05336690641240972
542.0,0.053470394207460414
543.0,0.053301175125144956
544.0,0.0531529302541768
545.0,0.052957564625509636
546.0,0.05288836095632418
547.0,0.05364884465616251
548.0,0.053754754222685906
549.0,0.05362502200101069
550.0,0.05389774906528147
551.0,0.053388167647076525
552.0,0.0531333976769215
553.0,0.05337862414822456
554.0,0.05368684081132606
555.0,0.05435543342754169
556.0,0.05464442276458138
557.0,0.05422911811423659
558.0,0.053903196150264836
559.0,0.05380611068139289
560.0,0.053811383105991775
561.0,0.05371447124933666
562.0,0.053643880006986874
563.0,0.05398576282359719
564.0,0.05445711466503857
565.0,0.05413300465591416
566.0,0.05411219251434165
567.0,0.05419679753800345
568.0,0.05409703046148404
569.0,0.053994528704821736
570.0,0.05416797318202599
571.0,0.05444404912651427
572.0,0.05448063369425569
573.0,0.054658915503809934
574.0,0.05464789633730407
575.0,0.054312163771004666
576.0,0.05386166563270007
577.0,0.05415665395683646
578.0,0.05463187785450959
579.0,0.054584062198631496
580.0,0.05435401669977706
581.0,0.054363286065704494
582.0,0.05451555309359723
583.0,0.05440222301364625
584.0,0.0545490202288254
585.0,0.054806162922887376
586.0,0.054951981795741386
587.0,0.05479082090322273
588.0,0.054655738246334504
589.0,0.05473803511235581
590.0,0.05505475817303606
591.0,0.05508650379272801
592.0,0.05500686756154401
593.0,0.05499856405357405
594.0,0.055197474656279305
595.0,0.05527610135897867
596.0,0.05519679504751691
597.0,0.05506638326459664
598.0,0.05522116478108944
599.0,0.0552293387712715
600.0,0.05521004618855888
601.0,0.05548129161430258
602.0,0.055638912448776785
603.0,0.05567038371205969
604.0,0.055577495933216814
605.0,0.055317235677482486
606.0,0.05543236411354288
607.0,0.055559895071031935
608.0,0.05536789038739556
609.0,0.05566208439738115
610.0,0.05590921373291501
611.0,0.05596581236399016
612.0,0.05600274435136976
613.0,0.056148731394573985
614.0,0.05621038684921131
615.0,0.05609625216137999
616.0,0.05598822433449612
617.0,0.05619961849052122
618.0,0.056509101155953
619.0,0.0565343714258303
620.0,0.05627153396696087
621.0,0.05628016500746984
622.0,0.05656868877064459
623.0,0.056538267061614966
624.0,0.05644788055920155
625.0,0.05630662976830387
626.0,0.05617980864626115
627.0,0.05646773692580025
628.0,0.056534121610106076
629.0,0.05649661096555971
630.0,0.056805204329591276
631.0,0.05683560994853337
632.0,0.05678809245746253
633.0,0.056849364233402144
634.0,0.05704797358324647
635.0,0.05702146326326483
636.0,0.057039075467726554
637.0,0.05737585946194007
638.0,0.05748127407038912
639.0,0.05732025905785614
640.0,0.057130882872038755
641.0,0.057321198070271695
642.0,0.05738815018250722
643.0,0.05740144756219305
644.0,0.05745898558988564
645.0,0.05748912054042025
646.0,0.05749974856685302
647.0,0.05760346818242262
648.0,0.05786149538917621
649.0,0.05768030878125428
650.0,0.05777263021831014
651.0,0.058237614380584266
652.0,0.05832712569294116
653.0,0.058193814017428167
654.0,0.058165132236434824
655.0,0.058392683747894435
656.0,0.05827156007879626
657.0,0.058201340663386045
658.0,0.05826081952946915
659.0,0.05832869154107488
660.0,0.058484855178811676
661.0,0.058614800025014464
662.0,0.058710198052289164
663.0,0.05900319401128618
664.0,0.0590822543439826
665.0,0.058961927435736264
666.0,0.05882702018656547
667.0,0.05889726497230042
668.0,0.05901562109093035
669.0,0.059127769238071275
670.0,0.059276226493911316
671.0,0.05910464687323388
672.0,0.05906258965714195
673.0,0.05940594959286819
674.0,0.059574300332853596
675.0,0.059506259594983325
676.0,0.059457383181896625
677.0,0.05974628237683968
678.0,0.05991771732092036
679.0,0.059980548825335114
680.0,0.060025907722046495
681.0,0.06019360207861948
682.0,0.06024054492143085
683.0,0.060231835374184695
684.0,0.06029023771683021
685.0,0.06047290272027681
686.0,0.060461687919266795
687.0,0.06039654639376639
688.0,0.06065181289688315
689.0,0.06067087755469602
690.0,0.060496663589607945
691.0,0.06038318921579459
692.0,0.0608220451673535
693.0,0.06135069704264006
694.0,0.06158777059159569
695.0,0.0613543600843132
696.0,0.06120322941219229
697.0,0.06121208166884113
698.0,0.06131898913813444
699.0,0.061371934271777576
700.0,0.06167463871091134
701.0,0.061910810993490085
702.0,0.06192497018614555
703.0,0.06224466674005489
704.0,0.06222309828714201
705.0,0.06202347203058097
706.0,0.062074892257534924
707.0,0.062069712626333054
708.0,0.062320146617624486
709.0,0.06272906005248514
710.0,0.06269374547551138
711.0,0.06268234637758416
712.0,0.06275292021222033
713.0,0.06285966128546501
714.0,0.06293873279723969
715.0,0.0629891127715666
716.0,0.0631002275367127
717.0,0.06337436470523797
718.0,0.06358498649796565
719.0,0.06372469443367038
720.0,0.0637846195308548
721.0,0.06370425036228929
722.0,0.06392817634952916
723.0,0.06416733818893423
724.0,0.0641096379537439
725.0,0.06419735624546682
726.0,0.06426835240680431
727.0,0.06427814610064445
728.0,0.06429138749487143
729.0,0.06454104941090097
730.0,0.06479782619499684
731.0,0.06494003475919895
732.0,0.06516918126382831
733.0,0.06518617689672364
734.0,0.06514466993727175
735.0,0.06526285562130946
736.0,0.06531845887391004
737.0,0.06545636280305808
738.0,0.06569368736925707
739.0,0.06592407255210421
740.0,0.06602292080422208
741.0,0.06611773616953126
742.0,0.0662494605117267
743.0,0.06616014114468152
744.0,0.06624799191758232
745.0,0.06651126963251965
746.0,0.06679132976866059
747.0,0.0669911479604121
748.0,0.06707249021148577
749.0,0.0671075340484379
750.0,0.06725099102548512
751.0,0.0673159388302159
752.0,0.06745425556117536
753.0,0.06775781258736596
754.0,0.0680973012302925
755.0,0.0680462661890422
756.0,0.06792386627120803
757.0,0.06819524519728479
758.0,0.06830310757166617
759.0,0.06851605807883424
760.0,0.06881415821300081
761.0,0.06887776260509683
762.0,0.06904484481676144
763.0,0.06912690523171412
764.0,0.06906056579526777
765.0,0.0693190278388501
766.0,0.06948569389596873
767.0,0.06963096956876744
768.0,0.06993830557075156
769.0,0.07015106765043866
770.0,0.07015403600590937
771.0,0.07008626071229503
772.0,0.0702925025592816
773.0,0.07040939972982473
774.0,0.07058709059641805
775.0,0.07092242273140308
776.0,0.07120478895168153
777.0,0.07131225349431386
778.0,0.07140271787411995
779.0,0.07165000928769909
780.0,0.07165128655149265
781.0,0.07176064620270793
782.0,0.07205518268644485
783.0,0.07232815778721574
784.0,0.07254497407926755
785.0,0.07266150525173182
786.0,0.07272612457243333
787.0,0.07296623898073988
788.0,0.07311907193779559
789.0,0.07327512931236223
790.0,0.07358341930291457
791.0,0.07391524511500687
792.0,0.07407497198993426
793.0,0.07412347413023648
794.0,0.07429459102105462
795.0,0.074372732897859
796.0,0.07449152170954708
797.0,0.07471879769320404
798.0,0.07493710907881762
799.0,0.07520782561972152
800.0,0.07549174209811235
801.0,0.07572190404037056
802.0,0.07582314908222577
803.0,0.07598645563817516
804.0,0.07622246037690071
805.0,0.07643122652011185
806.0,0.07661230630852091
807.0,0.07677620746511274
808.0,0.07698253526878603
809.0,0.07734057273517897
810.0,0.0775266624307111
811.0,0.07771141948047547
812.0,0.07802090580153942
813.0,0.0781519798331365
814.0,0.07820382106712508
815.0,0.07834998169859758
816.0,0.07870191940274031
817.0,0.07883145594667254
818.0,0.07900761722123045
819.0,0.07928622332792354
820.0,0.07950530694036735
821.0,0.07976484349711101
822.0,0.08002323727373417
823.0,0.08022041846553139
824.0,0.0802898076740558
825.0,0.08062683057257952
826.0,0.08104239211687567
827.0,0.08127047034170326
828.0,0.08145094824025677
829.0,0.08167523248250257
830.0,0.08196883659075689
831.0,0.08227902243556896
832.0,0.0823328069276503
833.0,0.08243286776246271
834.0,0.08270909785448725
835.0,0.08303605229518285
836.0,0.08336584075820666
837.0,0.08357361286890551
838.0,0.08366314795717465
839.0,0.08391413686849492
840.0,0.08427816698401071
841.0,0.08454852359710038
842.0,0.08459406907312061
843.0,0.08479476993318319
844.0,0.08507384106501642
845.0,0.08528300829339275
846.0,0.08534773385038734
847.0,0.08604855978738436
848.0,0.08650816088379412
849.0,0.08643747161357562
850.0,0.08639807707103968
851.0,0.08675186856299123
852.0,0.08718036544015324
853.0,0.08740959224589834
854.0,0.08755005023792355
855.0,0.08773618041356732
856.0,0.08801271247201696
857.0,0.0883379368765209
858.0,0.08850098677566132
859.0,0.08880284406912611
860.0,0.08918364946499728
861.0,0.08945283886916096
862.0,0.08996813584831506
863.0,0.09029874488384881
864.0,0.0904150347961508
865.0,0.09069260238183086
866.0,0.09102338116968442
867.0,0.09140946140159364
868.0,0.09179446289264455
869.0,0.09202111506713215
870.0,0.09214779045487069
871.0,0.09231893017771513
872.0,0.09259726632765086
873.0,0.09275571971034408
874.0,0.09308027612350946
875.0,0.0934612076064656
876.0,0.09371812630499753
877.0,0.09405976463248257
878.0,0.09432189720312997
879.0,0.09449837188213693
880.0,0.09471072916896958
881.0,0.09516416704273245
882.0,0.0955881828942188
883.0,0.09586715967322727
884.0,0.09608588055413556
885.0,0.09625439633231866
886.0,0.09648233146748522
887.0,0.09684718583461172
888.0,0.09735265178433096
889.0,0.0977055848501021
890.0,0.097915687772248
891.0,0.09811123122514165
892.0,0.09851326059777953
893.0,0.09863618822214958
894.0,0.09886230033532949
895.0,0.09955660255062362
896.0,0.09998597243276801
897.0,0.10021651779496242
898.0,0.10043031300450474
899.0,0.10078138734278609
900.0,0.1009094204450863
901.0,0.10116168074145401
902.0,0.10163005239518251
903.0,0.102164568477624
904.0,0.10254979870645085
905.0,0.10279773999899329
906.0,0.10292691287357122
907.0,0.1029664744230675
908.0,0.10330978545059692
909.0,0.10391632279018925
910.0,0.1044677420099968
911.0,0.10443498586823247
912.0,0.10476254746457965
913.0,0.10534489149232494
914.0,0.10583148700629591
915.0,0.10587110188183306
916.0,0.10662383515639452
917.0,0.10743205529397201
918.0,0.10754745296720342
919.0,0.1073388855995326
920.0,0.10769270303911854
921.0,0.10827340936529078
922.0,0.10855102184317787
923.0,0.10905113675460423
924.0,0.10949333749104002
925.0,0.10987199388434184
926.0,0.110295637802192
927.0,0.11078340392843332
928.0,0.11113878831976164
929.0,0.11130630657176137
930.0,0.11143426997040833
931.0,0.11221255664250526
932.0,0.11294836279243352
933.0,0.11316691733023854
934.0,0.11282253147231001
935.0,0.11290146220310564
936.0,0.11344651692927332
937.0,0.11412898322923658
938.0,0.11450434650078578
939.0,0.11533569999625587
940.0,0.11581295687259838
941.0,0.1157694425416235
942.0,0.11591755130721079
943.0,0.11675555657432185
944.0,0.11738307380031669
945.0,0.11762983231935557
946.0,0.11838235979660942
947.0,0.11853319166858747
948.0,0.11865283452450526
949.0,0.11899210236555469
950.0,0.11900503749880718
951.0,0.11955760762999082
952.0,0.12013572848163827
953.0,0.12035560808174389
954.0,0.12048657714378277
955.0,0.1211828734563404
956.0,0.12156299419309634
957.0,0.12138933677741327
958.0,0.12203313429294435
959.0,0.12258146437250049
960.0,0.1228413399903316
961.0,0.12308984221037673
962.0,0.12409990944930074
963.0,0.12480194736514608
964.0,0.12512369950825664
965.0,0.12541480471548178
966.0,0.126285251446805
967.0,0.12631922398951204
968.0,0.12641186986536204
969.0,0.12714167409463734
970.0,0.12731661271572234
971.0,0.12726396512184643
972.0,0.12750582208578698
973.0,0.12819223592378126
974.0,0.12864525767766527
975.0,0.129372676215529
976.0,0.12936712792952323
977.0,0.12872185231180203
978.0,0.13013638313612572
979.0,0.1307344054238038
980.0,0.13143180267538543
981.0,0.1327831017799863
982.0,0.13304013057926234
983.0,0.1327451114526998
984.0,0.13203051566676816
985.0,0.13157822056135668
986.0,0.13290194167756872
987.0,0.13424619516857828
988.0,0.13523017969797935
989.0,0.13575098703780486
990.0,0.1357303090680948
991.0,0.13564300448762528
992.0,0.1358994940154011
993.0,0.13660769677947399
994.0,0.13746306891111298
995.0,0.13779221980805137
996.0,0.1385068464097933
997.0,0.13947084218801856
998.0,0.13921047267444545
999.0,0.13962764341956213
1000.0,0.1402638141816557
1001.0,0.14697765343631833
1002.0,0.14546200891153133
1003.0,0.14602227119143937
1004.0,0.1478569127666275
1005.0,0.147658574716083
1006.0,0.14877590330048784
1007.0,0.14810463649824676
1008.0,0.14912531684232178
1009.0,0.15121255981597911
1010.0,0.1495795737686191
1011.0,0.14936635304638796
1012.0,0.150500139239762
1013.0,0.1493674390979046
1014.0,0.14986964782379625
1015.0,0.15498666513780465
1016.0,0.15554275540928209
1017.0,0.15330770109609157
1018.0,0.15155338886732161
1019.0,0.15136705689691476
1020.0,0.15120235449103023
1021.0,0.15319277741941528
1022.0,0.15575396574334444
1023.0,0.15618847851805964
1024.0,0.15585501173444694
1025.0,0.1567225160174794
1026.0,0.15743764345233
1027.0,0.15798631834908863
1028.0,0.15991592969349194
1029.0,0.16085040006278126
1030.0,0.16089824392291088
1031.0,0.16004473533974894
1032.0,0.16094686499305957
1033.0,0.16132865723077797
1034.0,0.16021673876124032
1035.0,0.16104346192024052
1036.0,0.16225264434930453
1037.0,0.162826589567376
1038.0,0.16453006729975153
1039.0,0.1664382905695475
1040.0,0.1668770388084579
1041.0,0.16612478865809238
1042.0,0.16619875190334302
1043.0,0.16638818135134148
1044.0,0.16616209053741945
1045.0,0.1674545477856042
1046.0,0.16991033105653722
1047.0,0.16980888278788014
1048.0,0.16976944123191445
1049.0,0.16989019331829455
1050.0,0.16857079465027427
1051.0,0.16902238110892262
1052.0,0.17055442775074875
1053.0,0.17123911737741015
1054.0,0.1720334831960146
1055.0,0.17217212894418715
1056.0,0.17204891100495634
1057.0,0.17092694297668232
1058.0,0.1707654172534647
1059.0,0.17223142162056174
1060.0,0.17363758348528174
1061.0,0.17505441577977404
1062.0,0.1771019346204553
1063.0,0.17726757791144318
1064.0,0.1764633462438997
1065.0,0.17683329670879422
1066.0,0.1769618927115232
1067.0,0.17833464479493485
1068.0,0.17953448588979043
1069.0,0.17884905173219923
1070.0,0.17826306247597973
1071.0,0.1781857427722171
1072.0,0.17708243752994401
1073.0,0.177404462359508
1074.0,0.17970539134116292
1075.0,0.18181872359381843
1076.0,0.1832838139368403
1077.0,0.18472904172590424
1078.0,0.18488248025603582
1079.0,0.1836850309948088
1080.0,0.18357434136988968
1081.0,0.1835380698005886
1082.0,0.182801511459538
1083.0,0.18350251988420382
1084.0,0.18441855777841762
1085.0,0.1851387851413207
1086.0,0.1859881355814303
1087.0,0.18748228932392794
1088.0,0.1892858260946756
1089.0,0.19029245859101596
1090.0,0.19105928092435062
1091.0,0.19239867274385092
1092.0,0.19306645775137068
1093.0,0.19287556119492869
1094.0,0.1928651812296779
1095.0,0.19238807470983485
1096.0,0.19235963873605105
1097.0,0.193091601536267
1098.0,0.19406428687582084
1099.0,0.19507454777355743
1100.0,0.19688268908830017
1101.0,0.19739589137503147
1102.0,0.19726824071437807
1103.0,0.19739012833856032
1104.0,0.19727452953173355
1105.0,0.1976811241698975
1106.0,0.19873987606264712
1107.0,0.19962191949365363
1108.0,0.20034843515460093
1109.0,0.20087198734310516
1110.0,0.20127557786198394
1111.0,0.20145843097703117
1112.0,0.20150263076365207
1113.0,0.20086645550414917
1114.0,0.2014280738455245
1115.0,0.20251567430769435
1116.0,0.20317135707496753
1117.0,0.20464545279101273
1118.0,0.2053370211126618
1119.0,0.20511077437304712
1120.0,0.20540462110744523
1121.0,0.20610275800755473
1122.0,0.20620747351991875
1123.0,0.20659809174279312
1124.0,0.20725145456977548
1125.0,0.20778627201696181
1126.0,0.20911853667015243
1127.0,0.2100418244367655
1128.0,0.21092840169374233
1129.0,0.2116723893513202
1130.0,0.21208723611397973
1131.0,0.21291320099345215
1132.0,0.21434183240128862
1133.0,0.2152031492707504
1134.0,0.2162446101499741
1135.0,0.21632559721114164
1136.0,0.21662543417630276
1137.0,0.21741375267094784
1138.0,0.21750813742206965
1139.0,0.2180345178735795
1140.0,0.21887254463435377
1141.0,0.21875951489899456
1142.0,0.21922027834964164
1143.0,0.22063769025410712
1144.0,0.22113516399894845
1145.0,0.22097644921355977
1146.0,0.22126398424365662
1147.0,0.22101874594038304
1148.0,0.22165777708354178
1149.0,0.22302006386165868
1150.0,0.2241298067360732
1151.0,0.2255970232024804
1152.0,0.22684455625250252
1153.0,0.22742989415847467
1154.0,0.2282866697486263
1155.0,0.22876674225978544
1156.0,0.2288504944516487
1157.0,0.22917130652536044
1158.0,0.22928467186623133
1159.0,0.2296649165844558
1160.0,0.23029001535028906
1161.0,0.2308989291296982
1162.0,0.23151099758976498
1163.0,0.23216332709485554
1164.0,0.23286384984557906
1165.0,0.2336104971569533
1166.0,0.23452966509623308
1167.0,0.23529418860719098
1168.0,0.23588781781653476
1169.0,0.2369276328548942
1170.0,0.2373841380594
1171.0,0.23797805984651133
1172.0,0.23856078496430702
1173.0,0.23909290261639154
1174.0,0.23943732669369258
1175.0,0.23964935951104044
1176.0,0.24004357040633528
1177.0,0.2401897491665001
1178.0,0.24081076331537746
1179.0,0.24218972167448358
1180.0,0.2429091362251372
1181.0,0.24358572425456168
1182.0,0.2439525864769323
1183.0,0.24416372010331852
1184.0,0.24421057541628877
1185.0,0.24480944890716325
1186.0,0.24607810896897458
1187.0,0.24697900641713172
1188.0,0.24815295578002364
1189.0,0.24894125663797603
1190.0,0.24938155322480218
1191.0,0.24998326505172283
1192.0,0.2505069081599941
1193.0,0.25109304214350503
1194.0,0.25192903438185993
1195.0,0.25248566183312543
1196.0,0.25266638695763866
1197.0,0.2531768945228398
1198.0,0.25381978952307177
1199.0,0.25426393374335166
1200.0,0.25492042466377024
1201.0,0.25581456935596464
1202.0,0.25634608647922413
1203.0,0.2566529120908557
1204.0,0.257117022184939
1205.0,0.25763787961431
1206.0,0.25805471105208544
1207.0,0.25833798156866217
1208.0,0.25880891113112336
1209.0,0.25931327174836966
1210.0,0.25975407728428884
1211.0,0.2602491996697627
1212.0,0.2608775092618668
1213.0,0.2614674212296314
1214.0,0.2621028590905644
1215.0,0.26292025610705416
1216.0,0.26377456065481236
1217.0,0.2644200031673442
1218.0,0.26485833187117924
1219.0,0.265569265757715
1220.0,0.26631898354930084
1221.0,0.2671747654096046
1222.0,0.26833462670261266
1223.0,0.26914208068954065
1224.0,0.26983319913326403
1225.0,0.2703974734800135
1226.0,0.2706144269239118
1227.0,0.27118100618984026
1228.0,0.27181951020677936
1229.0,0.2725758474569806
1230.0,0.2735486495382554
1231.0,0.27444111790990916
1232.0,0.2755307955251119
1233.0,0.2762702485495802
1234.0,0.27679992563350075
1235.0,0.2779333500802381
1236.0,0.2787528558781626
1237.0,0.2794866464202998
1238.0,0.28020916851787564
1239.0,0.2812402665928405
1240.0,0.2814947276532859
1241.0,0.2809449780441657
1242.0,0.28127982952854447
1243.0,0.28156972672819236
1244.0,0.2819729986144231
1245.0,0.283205591770049
1246.0,0.28387267726909043
1247.0,0.28377283578971196
1248.0,0.28424293009873786
1249.0,0.2847999927813439
1250.0,0.28568510003419667
1251.0,0.2870351898060869
1252.0,0.2885473852985078
1253.0,0.28962140665787417
1254.0,0.2907360628868447
1255.0,0.29159157042562306
1256.0,0.29202258713187246
1257.0,0.2926976777481385
1258.0,0.29348736718690377
1259.0,0.2940489971183692
1260.0,0.29443108150183805
1261.0,0.29494937350419764
1262.0,0.29536326613847275
1263.0,0.295896927883736
1264.0,0.29659007936160114
1265.0,0.29719535939648994
1266.0,0.2975958787457861
1267.0,0.298350435491568
1268.0,0.29949084681116983
1269.0,0.30041254890104535
1270.0,0.3010471010365055
1271.0,0.3017012373028657
1272.0,0.3022368140740121
1273.0,0.3022417577774937
1274.0,0.3027973141361806
1275.0,0.3036419704679614
1276.0,0.30448623049330753
1277.0,0.30560337142113236
1278.0,0.30634319898633855
1279.0,0.30710313464225747
1280.0,0.3076635916750081
1281.0,0.30759195166867703
1282.0,0.30811546024606384
1283.0,0.3089461333161628
1284.0,0.30967881535023356
1285.0,0.31087499071395946
1286.0,0.31167547316227806
1287.0,0.31177987158650894
1288.0,0.31252201603890517
1289.0,0.3132677333253266
1290.0,0.3141202312249808
1291.0,0.3147360126176283
1292.0,0.3155306297020911
1293.0,0.31613129618534663
1294.0,0.3163996791150306
1295.0,0.3167888121234716
1296.0,0.31726627131897656
1297.0,0.3177257707753068
1298.0,0.3179219333082138
1299.0,0.31845396537805126
1300.0,0.31923332430989987
1301.0,0.3200003739970543
1302.0,0.32102220859413916
1303.0,0.32183928066592704
1304.0,0.3224508459501267
1305.0,0.32327195664958547
1306.0,0.3241454196625245
1307.0,0.3249965492643762
1308.0,0.32587739359306306
1309.0,0.3269404724207095
1310.0,0.3278502615941654
1311.0,0.32868050243260116
1312.0,0.3294513120161624
1313.0,0.3303518264042377
1314.0,0.33086938044530295
1315.0,0.33093932467636034
1316.0,0.33139966462371157
1317.0,0.33178190686694553
1318.0,0.332315997285825
1319.0,0.3331068254149317
1320.0,0.3338739970299095
1321.0,0.3348235719110452
1322.0,0.33547810498655756
1323.0,0.3357676528498998
1324.0,0.33653297579907265
1325.0,0.33734071110407715
1326.0,0.3381866738864275
1327.0,0.3392091555414683
1328.0,0.3408855747296788
1329.0,0.34171266631441954
1330.0,0.34213839431842796
1331.0,0.34274323270227164
1332.0,0.34311767781958785
1333.0,0.34360363414463724
1334.0,0.344275625439876
1335.0,0.3446655788565101
1336.0,0.34461086192661533
1337.0,0.3451300281238692
1338.0,0.34571489808010536
1339.0,0.3465015067743828
1340.0,0.34783920849908745
1341.0,0.34895868382257905
1342.0,0.3500901732237551
1343.0,0.35115007297983086
1344.0,0.35241474611802087
1345.0,0.3532555499066643
1346.0,0.3538836571413501
1347.0,0.3543174107813276
1348.0,0.35456315412528866
1349.0,0.35418144171181165
1350.0,0.354777259887453
1351.0,0.3557509159256062
1352.0,0.35644718919417284
1353.0,0.35764315562222526
1354.0,0.35831525435006023
1355.0,0.3582578226402338
1356.0,0.3589174511783228
1357.0,0.359954824291751
1358.0,0.3607475052692518
1359.0,0.3617065275884953
1360.0,0.3625709495127657
1361.0,0.36325353256237686
1362.0,0.3640106151370306
1363.0,0.36505971923314817
1364.0,0.3657113345191762
1365.0,0.36580060738243797
1366.0,0.3663252100622764
1367.0,0.3668256599113709
1368.0,0.3674542685701632
1369.0,0.36831489032013043
1370.0,0.36974076422836144
1371.0,0.37060169591076497
1372.0,0.3713782647544243
1373.0,0.37191495892336685
1374.0,0.37207783163338026
1375.0,0.37253947837828877
1376.0,0.37284174966563816
1377.0,0.37352640302995654
1378.0,0.37459790825201467
1379.0,0.37545705604000584
1380.0,0.37647569815296256
1381.0,0.3772878075620063
1382.0,0.3778992851491763
1383.0,0.3785963533183163
1384.0,0.37918664469277785
1385.0,0.3799100555471687
1386.0,0.38085608991965664
1387.0,0.38155979393749423
1388.0,0.38210736477422436
1389.0,0.3827729484982213
1390.0,0.38344973901107116
1391.0,0.38386831980877884
1392.0,0.3847059770502615
1393.0,0.3859148883164598
1394.0,0.38670801321429826
1395.0,0.38750780154619346
1396.0,0.38821568403838247
1397.0,0.3886624878367255
1398.0,0.3892367203037093
1399.0,0.38981491821428715
1400.0,0.3905094406339671
1401.0,0.3913056270474116
1402.0,0.39192999128940065
1403.0,0.39267979728469066
1404.0,0.3931924356894039
1405.0,0.3932633411618324
1406.0,0.39372746325347
1407.0,0.39443746874574165
1408.0,0.3949220627097366
1409.0,0.3952751078727605
1410.0,0.39590605531082773
1411.0,0.3966242815339962
1412.0,0.3972365654263174
1413.0,0.39791517857287356
1414.0,0.3988629710659405
1415.0,0.39955437039151154
1416.0,0.3999767642230764
1417.0,0.4006825973898804
1418.0,0.4016624917607317
1419.0,0.40222820204037435
1420.0,0.4026203454570226
1421.0,0.40317420208713084
1422.0,0.40347722296923755
1423.0,0.40415896172582105
1424.0,0.4052087803581051
1425.0,0.4060018786221523
1426.0,0.4069503363053195
1427.0,0.40756765117571175
1428.0,0.4078635962928847
1429.0,0.4083497358001082
1430.0,0.4086647003912855
1431.0,0.4091851342430389
1432.0,0.4099917653812549
1433.0,0.4105852344600137
1434.0,0.4110875931853438
1435.0,0.41166749873660335
1436.0,0.41201223979675955
1437.0,0.41271478690671337
1438.0,0.41360948231389694
1439.0,0.4147854466805244
1440.0,0.41573609668897854
1441.0,0.41649550919335593
1442.0,0.417428114095337
1443.0,0.41784441682814777
1444.0,0.4184167371920142
1445.0,0.41907975760355143
1446.0,0.4196372579982561
1447.0,0.4198536597484858
1448.0,0.4205780915170661
1449.0,0.4216361624555383
1450.0,0.42242232107230737
1451.0,0.42344360198549036
1452.0,0.4241083389107527
1453.0,0.4243780613936323
1454.0,0.4249078260522904
1455.0,0.42521413112780904
1456.0,0.42596488128912396
1457.0,0.427075677352909
1458.0,0.4280557403863046
1459.0,0.4293048109119158
1460.0,0.43039134101582355
1461.0,0.43147147441579997
1462.0,0.4323488419282605
1463.0,0.4331392386128181
1464.0,0.4338240152622713
1465.0,0.4340054025933084
1466.0,0.4346048496619083
1467.0,0.4354069567156153
1468.0,0.4362955716705972
1469.0,0.4371943623334823
1470.0,0.43799334076749513
1471.0,0.4386230986926853
1472.0,0.43893585861209994
1473.0,0.4394845744557523
1474.0,0.4400823173465039
1475.0,0.44068890742064837
1476.0,0.44125419012706535
1477.0,0.44199413754918
1478.0,0.442921802286006
1479.0,0.44358681613577816
1480.0,0.444227306633119
1481.0,0.4449256119286146
1482.0,0.44537828360838017
1483.0,0.44612884455378293
1484.0,0.44725205026410253
1485.0,0.4480280310025034
1486.0,0.44869581582884704
1487.0,0.44942870119490486
1488.0,0.4499158306602816
1489.0,0.4506933556187755
1490.0,0.4518613136796001
1491.0,0.4526827579109345
1492.0,0.4535007862587954
1493.0,0.45417881364791796
1494.0,0.45443361431331847
1495.0,0.4549747541058
1496.0,0.4555498714024819
1497.0,0.4562868506379933
1498.0,0.4574064865577053
1499.0,0.458256102633571
1500.0,0.4591295487686006
1501.0,0.4597801034895636
1502.0,0.4604504155225725
1503.0,0.46097227179009764
1504.0,0.4617665984760954
1505.0,0.4627951390348723
1506.0,0.46362360604844816
1507.0,0.4644487248529007
1508.0,0.4652991199828958
1509.0,0.46611683074310745
1510.0,0.46680534645711647
1511.0,0.4674407923139378
1512.0,0.4681868172635809
1513.0,0.46878933429426534
1514.0,0.46962646181429607
1515.0,0.4708146106538639
1516.0,0.47168481590414296
1517.0,0.47250174194755273
1518.0,0.4732208076949483
1519.0,0.4737837282618147
1520.0,0.4742930021240336
1521.0,0.47457792062740234
1522.0,0.4751881834448529
1523.0,0.47584395955913
1524.0,0.47660670225307267
1525.0,0.4776617438233531
1526.0,0.4786117922867677
1527.0,0.4795939596408953
1528.0,0.48048158411604286
1529.0,0.4813842368251609
1530.0,0.4822064356765132
1531.0,0.4828276400682352
1532.0,0.4835752157330393
1533.0,0.4843319030700961
1534.0,0.4851662011234616
1535.0,0.48620751836687753
1536.0,0.48705162858203016
1537.0,0.48780952945105227
1538.0,0.4885316896300512
1539.0,0.4892870317345866
1540.0,0.4902476359387576
1541.0,0.49108493191331726
1542.0,0.49206746383116634
1543.0,0.49293301640931536
1544.0,0.4935818249380903
1545.0,0.4945263903456629
1546.0,0.4957549437033058
1547.0,0.49659400888301514
1548.0,0.4973900331026089
1549.0,0.49808228153591844
1550.0,0.4984369109289857
1551.0,0.4991128622998627
1552.0,0.499890280707262
1553.0,0.5006930872992722
1554.0,0.5017612906010139
1555.0,0.5023961555337056
1556.0,0.502823204403942
1557.0,0.5033699155468021
1558.0,0.503589225495247
1559.0,0.5041842839780585
1560.0,0.5050759562658823
1561.0,0.5058828047360844
1562.0,0.5067879989937734
1563.0,0.5076432479130213
1564.0,0.5085989140103088
1565.0,0.5093596592735844
1566.0,0.5099692811746013
1567.0,0.5106441764801942
1568.0,0.5112877915543762
1569.0,0.5118329710957829
1570.0,0.5122110019024881
1571.0,0.5128797945187397
1572.0,0.5136660801236984
1573.0,0.5143446392144051
1574.0,0.5152384230290598
1575.0,0.5160026072715117
1576.0,0.5165247482049601
1577.0,0.5171418646701581
1578.0,0.5179405738692335
1579.0,0.5185450447262666
1580.0,0.5188858121781631
1581.0,0.5194231988251587
1582.0,0.5198231392316872
1583.0,0.5205038213669586
1584.0,0.5215516659449001
1585.0,0.5225111372351128
1586.0,0.5237677761619897
1587.0,0.524720417179476
1588.0,0.5252890746231715
1589.0,0.5260984432832139
1590.0,0.5269393956868222
1591.0,0.5276135784665671
1592.0,0.5286882150170932
1593.0,0.530219395238891
1594.0,0.5311202122780205
1595.0,0.5319140048258543
1596.0,0.5326748405414722
1597.0,0.5330535061086714
1598.0,0.5338048814879742
1599.0,0.5347958944775635
1600.0,0.5355975443353904
1601.0,0.5363854233104184
1602.0,0.5371380798586318
1603.0,0.5377216253777318
1604.0,0.5386655708669952
1605.0,0.5398925130767906
1606.0,0.5407112238837218
1607.0,0.5416400219959149
1608.0,0.5422723644080045
1609.0,0.5422633580252962
1610.0,0.5429775731616074
1611.0,0.5440941421292775
1612.0,0.5448463819595645
1613.0,0.5457085822007742
1614.0,0.5465123327047722
1615.0,0.5470972649005448
1616.0,0.5476989250676412
1617.0,0.5484818804623143
1618.0,0.5490302118491059
1619.0,0.5491962853961385
1620.0,0.5497096048437045
1621.0,0.5502664480044259
1622.0,0.5510199279109754
1623.0,0.5519211955574533
1624.0,0.5529673015699459
1625.0,0.5544332571788144
1626.0,0.5554282610876587
1627.0,0.5564336101392591
1628.0,0.5571764548816756
1629.0,0.5572167717957199
1630.0,0.5579554132232007
1631.0,0.5590750498913903
1632.0,0.5599281561630929
1633.0,0.561099104587112
1634.0,0.5619431652125876
1635.0,0.5623505748705236
1636.0,0.5629415470346563
1637.0,0.5634909568872045
1638.0,0.5641577548041529
1639.0,0.5649234677748056
1640.0,0.5656323438878236
1641.0,0.5664606490769142
1642.0,0.5671705919357358
1643.0,0.5677388210989479
1644.0,0.5683447746763951
1645.0,0.5689439446726462
1646.0,0.5695485358758031
1647.0,0.5701019012405267
1648.0,0.5707495371293843
1649.0,0.5714009058345816
1650.0,0.5721181400268305
1651.0,0.5729498284968569
1652.0,0.5737586888657715
1653.0,0.5748519851926485
1654.0,0.5754687676684569
1655.0,0.5757271485483844
1656.0,0.5761639662692077
1657.0,0.5762923053495668
1658.0,0.5765796695812034
1659.0,0.5770493985215783
1660.0,0.5775985915720934
1661.0,0.5781245695801417
1662.0,0.5788242523438675
1663.0,0.5798311448128761
1664.0,0.580623886879742
1665.0,0.5814583905043336
1666.0,0.5821110707594027
1667.0,0.5826022013194408
1668.0,0.5831160140669971
1669.0,0.5834419049115704
1670.0,0.5839594335994979
1671.0,0.5844995815958139
1672.0,0.5851393072627056
1673.0,0.5856902596879844
1674.0,0.5866790460396728
1675.0,0.588261246284834
1676.0,0.5893747342338023
1677.0,0.5905532527542303
1678.0,0.5917068688713859
1679.0,0.5925542813853938
1680.0,0.5934330152599229
1681.0,0.5944907654202973
1682.0,0.5953705399072386
1683.0,0.5959008106821754
1684.0,0.5966237934650906
1685.0,0.5975093465428495
1686.0,0.5983266442780998
1687.0,0.5989747077653197
1688.0,0.5998906213885504
1689.0,0.6011211609510768
1690.0,0.6020866118559536
1691.0,0.6030685752833935
1692.0,0.6040413875960235
1693.0,0.6047049449828055
1694.0,0.6055005178754533
1695.0,0.606529230038511
1696.0,0.6074449945340638
1697.0,0.608472335025696
1698.0,0.6091804210945717
1699.0,0.6094878654127621
1700.0,0.6101679927225745
1701.0,0.6105926914005945
1702.0,0.6114118808904281
1703.0,0.612844823984088
1704.0,0.6140300525469884
1705.0,0.6153231487103616
1706.0,0.6165349337657683
1707.0,0.6179436648450151
1708.0,0.6188203435941637
1709.0,0.6193411203259076
1710.0,0.6198778119958807
1711.0,0.6197798654472729
1712.0,0.6201327803077502
1713.0,0.6207110116275545
1714.0,0.6212598241658266
1715.0,0.6220951367129706
1716.0,0.6227471115722485
1717.0,0.6232147491309132
1718.0,0.6239634357168249
1719.0,0.6249006159362817
1720.0,0.6256020723994186
1721.0,0.6262639584789184
1722.0,0.6270825212637419
1723.0,0.6280375351460402
1724.0,0.6285514826198406
1725.0,0.6288922942516799
1726.0,0.6294118908763515
1727.0,0.6294401863808029
1728.0,0.6299007027023938
1729.0,0.6309170509446184
1730.0,0.6317321410521463
1731.0,0.6325411218904299
1732.0,0.6333567657032628
1733.0,0.634249883830751
1734.0,0.6350249995803005
1735.0,0.6357502862186358
1736.0,0.6363762035609398
1737.0,0.6369814248899406
1738.0,0.6373202338460261
1739.0,0.6373643905414932
1740.0,0.637603445272419
1741.0,0.6377416280834306
1742.0,0.6381108270384432
1743.0,0.638648174489211
1744.0,0.6392619813276742
1745.0,0.6399566920737614
1746.0,0.6406508606892548
1747.0,0.641591811676276
1748.0,0.6421278552988556
1749.0,0.6424345938631721
1750.0,0.6428141793897767
1751.0,0.6428089996108441
1752.0,0.6434678716073929
1753.0,0.6445094969070332
1754.0,0.6457978966679321
1755.0,0.6470787507276636
1756.0,0.6476512300940861
1757.0,0.648263362377941
1758.0,0.6492641284774773
1759.0,0.6499953572997682
1760.0,0.6510560947677083
1761.0,0.6521080244609458
1762.0,0.6524674060406308
1763.0,0.6531284473537649
1764.0,0.6533853946924416
1765.0,0.6533050053569176
1766.0,0.6537062335744369
1767.0,0.6538744251370836
1768.0,0.6547285276641186
1769.0,0.6559719995622905
1770.0,0.656423774085916
1771.0,0.6566599165505301
1772.0,0.6568715789271163
1773.0,0.6573340265227442
1774.0,0.6580388671186905
1775.0,0.6593648233037906
1776.0,0.6607054259066804
1777.0,0.6612915327683577
1778.0,0.6621227445899253
1779.0,0.6628924398146139
1780.0,0.6633631994579178
1781.0,0.663882822409804
1782.0,0.6645471835096961
1783.0,0.6650105526776453
1784.0,0.6656264584525127
1785.0,0.6667273864794275
1786.0,0.6678648703919197
1787.0,0.669084696874436
1788.0,0.6699952704880815
1789.0,0.6708991231587034
1790.0,0.6713809481073518
1791.0,0.6723510179829355
1792.0,0.6739377760078252
1793.0,0.6748449220258719
1794.0,0.6756716266985463
1795.0,0.6764363258116952
1796.0,0.6767189743645973
1797.0,0.677327602504294
1798.0,0.6781512529977235
1799.0,0.6786918296803586
1800.0,0.6791305822988207
1801.0,0.6787049826428451
1802.0,0.6792503130161002
1803.0,0.681838100579824
1804.0,0.6830983963840658
1805.0,0.6836729557672186
1806.0,0.6841862014042719
1807.0,0.6848043220488823
1808.0,0.6851173179580267
1809.0,0.6840519438534006
1810.0,0.6844122378607688
1811.0,0.6856129992674863
1812.0,0.6869933247875013
1813.0,0.6876780164657444
1814.0,0.6886809741846901
1815.0,0.6894745601945237
1816.0,0.6898963387349234
1817.0,0.6902790465101725
1818.0,0.6903039654330085
1819.0,0.6909769176674032
1820.0,0.6921387884915958
1821.0,0.6926462218796993
1822.0,0.6925817725032843
1823.0,0.6940127889444955
1824.0,0.6954824234300201
1825.0,0.6960672449867223
1826.0,0.6970158679086276
1827.0,0.6987669514793705
1828.0,0.7001696545468808
1829.0,0.7008409260674655
1830.0,0.7019391183763728
1831.0,0.7038466782393298
1832.0,0.705299438759928
1833.0,0.7058548058453903
1834.0,0.7066579196117161
1835.0,0.7071014213815425
1836.0,0.7071400317344386
1837.0,0.7073479861094134
1838.0,0.7070772671309933
1839.0,0.7073486247895342
1840.0,0.7077654682923065
1841.0,0.7082969345909739
1842.0,0.7091933657560907
1843.0,0.7111001298330886
1844.0,0.7116616792854378
1845.0,0.7119391398463984
1846.0,0.7128769627943672
1847.0,0.713403157839319
1848.0,0.7146460272407141
1849.0,0.7172849751914881
1850.0,0.7185555361181235
1851.0,0.7196577081061933
1852.0,0.7203873258356989
1853.0,0.7194165234153427
1854.0,0.7195069386795323
1855.0,0.7201872054336684
1856.0,0.7202001973409029
1857.0,0.7208982440926216
1858.0,0.7226452149770204
1859.0,0.7237182812107558
1860.0,0.7245869103721873
1861.0,0.7257026361679805
1862.0,0.7265699516039608
1863.0,0.7264903762222723
1864.0,0.7265615445773469
1865.0,0.727220144397084
1866.0,0.7271695225183219
1867.0,0.727417826218788
1868.0,0.7280368417717255
1869.0,0.7288956597942802
1870.0,0.729453916809747
1871.0,0.7302557755479016
1872.0,0.7314294100320424
1873.0,0.7311316151506208
1874.0,0.7295781825492381
1875.0,0.7289590984182258
1876.0,0.7280063149161546
1877.0,0.7276830981732734
1878.0,0.7280425184063746
1879.0,0.7282774778097433
1880.0,0.7285671715968753
1881.0,0.7287743761131312
1882.0,0.7290754171695302
1883.0,0.729698726828398
1884.0,0.7292897880632893
1885.0,0.7293992814040497
1886.0,0.729664729664484
1887.0,0.7293509552058893
1888.0,0.7295872729139559
1889.0,0.7284225079409572
1890.0,0.7269326953687624
1891.0,0.7244460419430354
1892.0,0.7228297065440656
1893.0,0.721284405241253
1894.0,0.7199344870516253
1895.0,0.718921974640587
1896.0,0.7174809931954556
1897.0,0.7163889963603611
1898.0,0.7154259918298461
1899.0,0.7143057280299212
1900.0,0.7129263442295074
1901.0,0.7112037092393869
1902.0,0.708520858460083
1903.0,0.7063724600080491
1904.0,0.7047754008041967
1905.0,0.7032242052740632
1906.0,0.7028292588020805
1907.0,0.7023864479713431
1908.0,0.7012256267172119
1909.0,0.7013510119816202
1910.0,0.7012037385656339
1911.0,0.6996406837686067
1912.0,0.6992553817623764
1913.0,0.6989822596910186
1914.0,0.6987776732414385
1915.0,0.6976248756051759
1916.0,0.6978172540332628
1917.0,0.6982185997140579
1918.0,0.6988242557447656
1919.0,0.7004827336580622
1920.0,0.7011102171630024
1921.0,0.7018425434695539
1922.0,0.7028266590107226
1923.0,0.703010793062052
1924.0,0.703825220272626
1925.0,0.7055695303943407
1926.0,0.7069310456970822
1927.0,0.7070882426636237
1928.0,0.7080904032484413
1929.0,0.7088261810900203
1930.0,0.7090779681027107
1931.0,0.7094288944168768
1932.0,0.7104669807161911
1933.0,0.7119112860521501
1934.0,0.7130570903399641
1935.0,0.7148761162898112
1936.0,0.7153096177240956
1937.0,0.7158970192555167
1938.0,0.7154345300377595
1939.0,0.7166448045376214
1940.0,0.7179406557912815
1941.0,0.7199588909828442
1942.0,0.7219377053220528
1943.0,0.7232359985576483
1944.0,0.724322765776848
1945.0,0.7250467492149228
1946.0,0.7263300206608311
1947.0,0.7272763164457807
1948.0,0.7283064617578736
1949.0,0.7293976612229329
1950.0,0.7306989070191349
1951.0,0.731165644847918
1952.0,0.7317702473405462
1953.0,0.7323674875548303
1954.0,0.7330747405128412
1955.0,0.7338811919054866
1956.0,0.7345350838016689
1957.0,0.7357285736863168
1958.0,0.736166225564169
1959.0,0.7371393553749385
1960.0,0.7389503141458525
1961.0,0.7405090172326452
1962.0,0.7418443017157886
1963.0,0.7436336220614451
1964.0,0.7454307423193246
1965.0,0.746210142751568
1966.0,0.7469441537408299
1967.0,0.7473844503287782
1968.0,0.7481930064272901
1969.0,0.7484742934332266
1970.0,0.7491846664466064
1971.0,0.7505470162996047
1972.0,0.7515928449140593
1973.0,0.7529292309721983
1974.0,0.7539469648459584
1975.0,0.7545787947097653
1976.0,0.7554846722086527
1977.0,0.7564989660271684
1978.0,0.7569621567634517
1979.0,0.7583813634785168
1980.0,0.7593579577039099
1981.0,0.7599928298277395
1982.0,0.7617280572461067
1983.0,0.7639787809373807
1984.0,0.7655469354872019
1985.0,0.7668968691323658
1986.0,0.768295039747109
1987.0,0.7693858776932274
1988.0,0.7696631131259376
1989.0,0.7705708439981173
1990.0,0.7716273981339549
1991.0,0.772311737607459
1992.0,0.7728414550190178
1993.0,0.7733464343200533
1994.0,0.7744000030947913
1995.0,0.7751666596498873
1996.0,0.7765097593466248
1997.0,0.779030453755007
1998.0,0.7800598294986575
1999.0,0.7808249460435055
2000.0,0.7817436644092153
2001.0,0.7819684377466392
2002.0,0.7816767507458521
2003.0,0.7830797242293922
2004.0,0.7835615199761472
2005.0,0.7844462567941245
2006.0,0.7863755433361228
2007.0,0.7873795239630562
2008.0,0.7883060017412052
2009.0,0.7898213758838347
2010.0,0.791640361010116
2011.0,0.7929101533998746
2012.0,0.7948555706950817
2013.0,0.7956591346522698
2014.0,0.7954076868372267
2015.0,0.7951605762190979
2016.0,0.7950579988966396
2017.0,0.7965346413302414
2018.0,0.7993897527234902
2019.0,0.8016562895975676
2020.0,0.8034954438994829
2021.0,0.8057270625608186
2022.0,0.8061838172421458
2023.0,0.8058087083357883
2024.0,0.8063935596046705
2025.0,0.8067190292896526
2026.0,0.807513376557133
2027.0,0.8093522991122907
2028.0,0.8109393369848451
2029.0,0.8124778560692161
2030.0,0.8143283777574154
2031.0,0.8162070077891725
2032.0,0.8171818724872955
2033.0,0.8185172294908739
2034.0,0.8184016545988199
2035.0,0.817305131067413
2036.0,0.8170276866926394
2037.0,0.816504001028518
2038.0,0.8150309024121
2039.0,0.8150618728474249
2040.0,0.8159101934184612
2041.0,0.8168065168026685
2042.0,0.818243408154914
2043.0,0.819885049541842
2044.0,0.822301580061187
2045.0,0.823787404482739
2046.0,0.8256496847211824
2047.0,0.8280824545551537
2048.0,0.8283163500399383
2049.0,0.8290839598040848
2050.0,0.8305830478553736
2051.0,0.8310088883812617
2052.0,0.831518298071465
2053.0,0.8324232519935851
2054.0,0.8333100329600037
2055.0,0.8333681273493235
2056.0,0.8339954989788643
2057.0,0.8358168056032071
2058.0,0.8365533088028927
2059.0,0.8363016420992807
2060.0,0.8368744828705874
2061.0,0.8374642111911216
2062.0,0.8381068796544764
2063.0,0.8389603681119926
2064.0,0.8398211884641242
2065.0,0.8407727721821266
2066.0,0.8408619851007408
2067.0,0.8409919235977188
2068.0,0.840803218456663
2069.0,0.8410196416151358
2070.0,0.8409722176836822
2071.0,0.8415693499170923
2072.0,0.8430861058032613
2073.0,0.8439038148015794
2074.0,0.8447672556461566
2075.0,0.8450772851499575
2076.0,0.8451221618233573
2077.0,0.8458273295259408
2078.0,0.8473529807544878
2079.0,0.8487791851416757
2080.0,0.8499663656420913
2081.0,0.8509444837230528
2082.0,0.8515468840345813
2083.0,0.8510606629739609
2084.0,0.8516583386119896
2085.0,0.8525478251526727
2086.0,0.8535372803011114
2087.0,0.8549655072411289
2088.0,0.8562679059307197
2089.0,0.8578288020413825
2090.0,0.859096857228372
2091.0,0.8597300699026924
2092.0,0.860604595428903
2093.0,0.8612273628187315
2094.0,0.8616061650740157
2095.0,0.862799302438743
2096.0,0.8639503031321808
2097.0,0.8646826385376197
2098.0,0.8652392818427352
2099.0,0.8661718524434113
2100.0,0.8670307303331997
2101.0,0.8676105242978558
2102.0,0.8682172932151889
2103.0,0.8685649213081278
2104.0,0.8682992971146528
2105.0,0.8686504721786447
2106.0,0.8692326673756322
2107.0,0.8702863063058783
2108.0,0.8707495058091138
2109.0,0.8711469300939141
2110.0,0.8713375231547373
2111.0,0.8721361784640494
2112.0,0.8742818851512869
2113.0,0.8756198738170156
2114.0,0.8769799035504403
2115.0,0.878968415981928
2116.0,0.8798124307523838
2117.0,0.879674802178941
2118.0,0.8803744368752445
2119.0,0.881032700794623
2120.0,0.8811020623057011
2121.0,0.8817530628447314
2122.0,0.8812979759727508
2123.0,0.8788831411789298
2124.0,0.8782098095835359
2125.0,0.8780489007865808
2126.0,0.8771680531211032
2127.0,0.8785839790817749
2128.0,0.8806254769289892
2129.0,0.8823813394697151
2130.0,0.8858472951578785
2131.0,0.8878882147793096
2132.0,0.8888413507491172
2133.0,0.8897493920609095
2134.0,0.8893472737973009
2135.0,0.8897426951467962
2136.0,0.8906243183843547
2137.0,0.891053751617368
2138.0,0.891588928483893
2139.0,0.8921003503629831
2140.0,0.8923304997470175
2141.0,0.8925479737267903
2142.0,0.8927227772719972
2143.0,0.8928864983072957
2144.0,0.893550507766426
2145.0,0.8931975034841452
2146.0,0.8933748777397076
2147.0,0.8929264375501036
2148.0,0.8930083534749712
2149.0,0.8928736880201232
2150.0,0.8918263538748626
2151.0,0.8926432985059856
2152.0,0.8921399347396836
2153.0,0.8903534687278475
2154.0,0.8895312496712029
2155.0,0.8881278835058787
2156.0,0.8882368859499492
2157.0,0.8897123108603877
2158.0,0.8907791458836309
2159.0,0.8932226304100458
2160.0,0.8944725570086896
2161.0,0.894743054418734
2162.0,0.8953639561689412
2163.0,0.8962576433998605
2164.0,0.8963857644575852
2165.0,0.8951998439060419
2166.0,0.8953246420008614
2167.0,0.8946072197652041
2168.0,0.8936480490469076
2169.0,0.8936258094712025
2170.0,0.8936863452745554
2171.0,0.8938615464580749
2172.0,0.8937636433431881
2173.0,0.8944619135949547
2174.0,0.8954491231549638
2175.0,0.8967055488072209
2176.0,0.899374512177522
2177.0,0.9000922035572994
2178.0,0.9000298540116304
2179.0,0.9007248417737405
2180.0,0.9004094469377328
2181.0,0.9006021625650243
2182.0,0.9020364894134347
2183.0,0.9026323888602593
2184.0,0.9025033297528092
2185.0,0.9023344051428089
2186.0,0.9024939918252538
2187.0,0.9024702130979486
2188.0,0.9036460993883598
2189.0,0.9034658780152914
2190.0,0.9017899387677687
2191.0,0.9025271474135477
2192.0,0.9007954981443356
2193.0,0.8997409698462757
2194.0,0.8992512652095667
2195.0,0.8985174285440214
2196.0,0.8990576271874935
2197.0,0.9013006812515658
2198.0,0.90186361529716
2199.0,0.9030991916982465
2200.0,0.903714292817778
2201.0,0.9028169412217861
2202.0,0.9029360779014954
2203.0,0.9033162111541703
2204.0,0.9039920201109447
2205.0,0.9048034125853921
2206.0,0.9058698867867094
2207.0,0.906612681188184
2208.0,0.9088453356662486
2209.0,0.9103963838902736
2210.0,0.909483968038201
2211.0,0.9096434047804591
2212.0,0.9091798607458175
2213.0,0.9091371464219247
2214.0,0.9105835411184796
2215.0,0.9122566099420584
2216.0,0.9125977865209597
2217.0,0.9127810607581998
2218.0,0.912374110386266
2219.0,0.9122463847535152
2220.0,0.9109953679427507
2221.0,0.9125259308482927
2222.0,0.916753017630086
2223.0,0.9178667192223369
2224.0,0.9193840587599454
2225.0,0.9192514079260437
2226.0,0.9149243182053538
2227.0,0.9139380833208277
2228.0,0.9146802393639565
2229.0,0.9150092410233087
2230.0,0.9171383002410833
2231.0,0.9173771893976697
2232.0,0.9158472389508586
2233.0,0.9152802825258438
2234.0,0.9149466208937224
2235.0,0.9167617355357885
2236.0,0.9215420212409074
2237.0,0.9240874687667829
2238.0,0.9263847804079474
2239.0,0.9275226846853915
2240.0,0.9261204055158689
2241.0,0.9254274695424326
2242.0,0.9248217401545483
2243.0,0.9254518250908528
2244.0,0.9272490474069524
2245.0,0.9290789963118555
2246.0,0.9287786175893987
2247.0,0.9264173074502965
2248.0,0.9253761092476401
2249.0,0.9230725024101444
2250.0,0.9224976364495461
2251.0,0.9229288441287616
2252.0,0.9241473929354673
2253.0,0.9274127592974902
2254.0,0.928445032358816
2255.0,0.9291710900522223
2256.0,0.9306509246813885
2257.0,0.9312056708414599
2258.0,0.9304819790447701
2259.0,0.9311763624463097
2260.0,0.9305992400259439
2261.0,0.9268913613199383
2262.0,0.9245459291193459
2263.0,0.9255203141373411
2264.0,0.924311576095109
2265.0,0.9260933020965403
2266.0,0.9285845621031457
2267.0,0.9281828329556597
2268.0,0.9312561542905604
2269.0,0.9336199726502856
2270.0,0.9345668669254887
2271.0,0.9399958378572849
2272.0,0.9420402462637295
2273.0,0.9424511811926098
2274.0,0.9447450880506385
2275.0,0.942995965472655
2276.0,0.9407440889034896
2277.0,0.9393320476066148
2278.0,0.9371272328077672
2279.0,0.936271376514171
2280.0,0.936972436575619
2281.0,0.9367418590241167
2282.0,0.9366231944982745
2283.0,0.9365726964555567
2284.0,0.9358527923575078
2285.0,0.936175249156258
2286.0,0.9373424449130467
2287.0,0.9392220574603317
2288.0,0.94135866351146
2289.0,0.9440570745719141
2290.0,0.9492236065113827
2291.0,0.9505804901219035
2292.0,0.9505784763949254
2293.0,0.9501064598213205
2294.0,0.9450080037181237
2295.0,0.9455886758194203
2296.0,0.9495266149525586
2297.0,0.9525430452228929
2298.0,0.9577675706793602
2299.0,0.957777906455624
2300.0,0.954569033430088
2301.0,0.9522193444374225
2302.0,0.9515783124175365
2303.0,0.9519562134772844
2304.0,0.9507048440068359
2305.0,0.9509533408563503
2306.0,0.9468169546262314
2307.0,0.9444265167097791
2308.0,0.9481486656618884
2309.0,0.9478947003586055
2310.0,0.9507712764537115
2311.0,0.9545200412017663
2312.0,0.954348573392027
2313.0,0.9576477154765659
2314.0,0.9593309550021922
2315.0,0.9592828260501591
2316.0,0.9564806826895337
2317.0,0.94940929213171
2318.0,0.9465159069534298
2319.0,0.9447165297453259
2320.0,0.9443751874930237
2321.0,0.9484561650240318
2322.0,0.94973025353539
2323.0,0.9507185074823281
2324.0,0.9498935176316375
2325.0,0.9439994785869995
2326.0,0.9462982777106224
2327.0,0.9527213134018532
2328.0,0.9584354901413773
2329.0,0.9719602209484379
2330.0,0.9757804275956944
2331.0,0.9718870372139622
2332.0,0.9716610803680925
2333.0,0.9710716046833415
2334.0,0.9696751097061356
2335.0,0.9681220482935831
2336.0,0.9667395885356221
2337.0,0.9618336926620588
2338.0,0.9595763639313629
2339.0,0.9617393000962325
2340.0,0.9619368019756538
2341.0,0.9618008786437796
2342.0,0.9606785822984283
2343.0,0.9556724683717235
2344.0,0.9538933269276973
2345.0,0.9547892858270696
2346.0,0.9552073997641051
2347.0,0.9546774471625202
2348.0,0.9619152146656559
2349.0,0.966905766682011
2350.0,0.9666602624569179
2351.0,0.9736705828523904
2352.0,0.9741599862125452
2353.0,0.9682697720808496
2354.0,0.9693160343597839
2355.0,0.9677833199723183
2356.0,0.9669455447361048
2357.0,0.9707718782547805
2358.0,0.9713474271694759
2359.0,0.9710282492766298
2360.0,0.9686232277203003
2361.0,0.9642833186498675
2362.0,0.9590674005244406
2363.0,0.9516709737110822
2364.0,0.9482334868101265
2365.0,0.9432604480982412
2366.0,0.9435388654975569
2367.0,0.9519901959517229
2368.0,0.951730758216894
2369.0,0.9551035232073308
2370.0,0.9578306285913182
2371.0,0.9528909583356887
2372.0,0.9561729877794538
2373.0,0.9600065878089047
2374.0,0.9630703529782553
2375.0,0.9651400585481502
2376.0,0.9617856705987307
2377.0,0.9624700570159515
2378.0,0.9621793031830014
2379.0,0.9598341315756133
2380.0,0.9617807770025508
2381.0,0.9600944087735939
2382.0,0.9584117085095196
2383.0,0.9682034096428089
2384.0,0.9751341652026196
2385.0,0.9745383012372646
2386.0,0.9774021718311299
2387.0,0.977295464897284
2388.0,0.9751115694383856
2389.0,0.9725899080479663
2390.0,0.9658994743936558
2391.0,0.9511997860142655
2392.0,0.9399530802871273
2393.0,0.9439564952930104
2394.0,0.9471784583553057
2395.0,0.9550638091564658
2396.0,0.9611744541965956
2397.0,0.9483043490681717
2398.0,0.945392395780077
2399.0,0.950221639126287
2400.0,0.9517816326304125
2401.0,0.9670156744748833
2402.0,0.9748866422176419
2403.0,0.9697096932028284
2404.0,0.9669065629943391
2405.0,0.9535103379774367
2406.0,0.9482566390738127
2407.0,0.9520934827407748
2408.0,0.9470565068943151
2409.0,0.9549402037456526
2410.0,0.9684307416303962
2411.0,0.981075196919833
2412.0,0.9956838408263294
2413.0,0.9999253501176306
2414.0,0.996546957981179
2415.0,0.9947864497248506
2416.0,0.993234899982033
2417.0,0.9961857473667403
2418.0,0.9997475622894557
2419.0,0.9899316237441437
2420.0,0.9845529478094791
2421.0,0.9791547338251655
2422.0,0.972310144920444
2423.0,0.9730418147375315
2424.0,0.9633913135636109
2425.0,0.9458894455110467
2426.0,0.9400946498622736
2427.0,0.9489621603948003
2428.0,0.9573911608231118
2429.0,0.9573407640264041
2430.0,0.9555439860221443
2431.0,0.9491441418473087
2432.0,0.9399140488701255
2433.0,0.947271367861169
2434.0,0.9543337114600016
2435.0,0.9449813684177719
2436.0,0.945984263792184
2437.0,0.9518397032824808
2438.0,0.9534813710781631
2439.0,0.9522850634171296
2440.0,0.9485160874344132
2441.0,0.9594163994056198
2442.0,0.961878406769373
2443.0,0.9594672129473603
2444.0,0.9655750531725774
2445.0,0.9466810920001935
2446.0,0.9270335155289827
2447.0,0.9308866835984596
2448.0,0.9331690425450093
2449.0,0.9363701424656494
2450.0,0.9491750862559655
2451.0,0.9508040960330786
2452.0,0.931103954586459
2453.0,0.9110991478016689
2454.0,0.9116297430878637
2455.0,0.9324093546452472
2456.0,0.946682196850741
2457.0,0.962071864531272
2458.0,0.9598220930677437
2459.0,0.9232781985606665
2460.0,0.9048170346373511
2461.0,0.8910257024605198
2462.0,0.9016884331694403
2463.0,0.9083759548481113
2464.0,0.9097487057768093
2465.0,0.938351616783754
2466.0,0.9107968035927932
2467.0,0.8972896859602342
2468.0,0.913180603149706
2469.0,0.9049633978958525
2470.0,0.9082878524036138
2471.0,0.9151308455072652
2472.0,0.9212711258637243
2473.0,0.9321459130215723
2474.0,0.9359602058303866
2475.0,0.9392801802974224
2476.0,0.9405124288467624
2477.0,0.9230580576646772
2478.0,0.9274081467024816
2479.0,0.9453493825519202
2480.0,0.9602761391710944
2481.0,0.9861395597589342
2482.0,1.004681702758624
2483.0,1.0297527491994165
2484.0,1.0375784488574502
2485.0,1.0414629511991405
2486.0,1.0290890833435598
2487.0,0.9804248229329846
2488.0,0.9540900754473413
2489.0,0.9229877141431635
2490.0,0.9152280461501273
2491.0,0.9387843697321916
2492.0,0.9515589644829124
2493.0,0.9728947646609135
2494.0,0.9908563348157448
2495.0,0.9953368601085125
2496.0,1.0014434715278098
2497.0,1.0174443804189046
2498.0,1.0160838740135572
2499.0,1.0094400896023576
2500.0,0.9625243306745891
